!
19 217 143 108 737 
19 217
143 217
108 143
737 19
21 139 284 232 549 
21 139
284 21
232 21
549 139
769 
151 222 196 612 678 544 351 332 263 469 747 505 364 748 109 80 774 84 768 761 436 135 
151 222
196 151
612 151
678 612
544 612
351 612
332 678
263 151
469 222
747 263
505 332
364 469
748 747
109 364
80 364
774 747
84 364
768 263
761 351
436 774
135 747
266 618 79 39 163 44 683 
266 618
79 266
39 618
163 618
44 163
683 163
434 449 10 77 
434 449
10 449
77 434
709 
182 582 
182 582
524 631 316 63 343 50 
524 631
316 524
63 524
343 631
50 524
36 87 26 483 57 267 233 464 174 779 677 
36 87
26 36
483 26
57 36
267 483
233 36
464 36
174 483
779 267
677 174
31 658 695 235 70 531 685 8 
31 658
695 658
235 31
70 235
531 695
685 70
8 685
380 417 481 728 
380 417
481 380
728 380
696 
220 619 239 641 405 212 534 17 472 708 500 529 459 
220 619
239 619
641 239
405 619
212 239
534 212
17 212
472 17
708 405
500 641
529 472
459 500
430 651 
430 651
67 131 444 328 
67 131
444 131
328 444
643 
669 743 749 
669 743
749 669
140 184 102 88 697 595 604 176 250 714 406 541 22 415 518 786 53 545 
140 184
102 140
88 184
697 140
595 140
604 595
176 184
250 102
714 250
406 102
541 250
22 250
415 604
518 250
786 102
53 541
545 22
497 
292 509 
292 509
59 202 693 123 646 562 663 605 259 665 560 172 199 679 314 256 587 43 287 371 755 9 197 270 2 626 515 159 
59 202
693 202
123 693
646 123
562 202
663 646
605 123
259 202
665 202
560 605
172 663
199 663
679 665
314 172
256 562
587 314
43 172
287 663
371 560
755 587
9 665
197 371
270 665
2 605
626 371
515 755
159 199
68 388 686 571 507 
68 388
686 68
571 68
507 686
118 251 520 723 318 501 
118 251
520 251
723 118
318 520
501 318
302 648 
302 648
105 335 726 741 101 596 47 312 56 64 175 211 556 664 784 532 12 427 551 215 311 125 85 670 41 
105 335
726 105
741 105
101 105
596 335
47 741
312 101
56 47
64 105
175 47
211 64
556 596
664 556
784 101
532 47
12 556
427 596
551 64
215 12
311 784
125 556
85 427
670 56
41 670
309 794 514 
309 794
514 794
574 719 368 704 455 762 676 
574 719
368 719
704 719
455 368
762 704
676 762
425 568 557 787 
425 568
557 568
787 568
226 585 764 
226 585
764 226
33 348 435 
33 348
435 33
452 578 138 54 565 
452 578
138 452
54 138
565 138
372 398 300 661 103 40 535 214 313 141 561 255 117 526 
372 398
300 372
661 300
103 661
40 661
535 661
214 40
313 103
141 535
561 313
255 535
117 214
526 255
546 681 246 599 
546 681
246 546
599 681
194 707 403 
194 707
403 707
94 323 731 471 781 600 554 611 218 111 277 
94 323
731 94
471 323
781 471
600 471
554 94
611 600
218 781
111 611
277 94
245 649 705 722 564 475 724 237 537 387 48 736 638 438 
245 649
705 649
722 245
564 705
475 245
724 245
237 564
537 564
387 724
48 475
736 245
638 387
438 724
244 687 
244 687
72 639 
72 639
35 133 715 750 392 437 288 310 630 407 
35 133
715 133
750 133
392 35
437 750
288 750
310 35
630 715
407 630
14 622 129 115 
14 622
129 622
115 129
454 
82 280 187 424 
82 280
187 280
424 280
613 771 691 128 412 688 447 178 206 511 294 632 260 366 205 399 428 465 653 65 127 190 362 
613 771
691 613
128 771
412 771
688 771
447 412
178 691
206 412
511 178
294 688
632 688
260 447
366 260
205 511
399 178
428 294
465 632
653 399
65 511
127 447
190 65
362 428
120 778 548 461 720 15 209 107 411 
120 778
548 778
461 778
720 548
15 120
209 461
107 15
411 15
126 365 742 757 336 325 440 181 268 625 513 572 463 203 799 
126 365
742 365
757 742
336 365
325 365
440 757
181 757
268 742
625 757
513 625
572 325
463 572
203 440
799 513
675 717 216 367 756 
675 717
216 717
367 216
756 367
124 223 37 490 180 207 516 547 792 432 519 132 570 739 
124 223
37 223
490 124
180 37
207 124
516 124
547 490
792 516
432 124
519 490
132 792
570 516
739 490
16 716 788 498 52 418 734 243 
16 716
788 16
498 16
52 788
418 498
734 498
243 498
473 637 614 
473 637
614 473
307 494 446 397 191 607 374 468 381 5 297 617 474 71 156 785 558 
307 494
446 494
397 446
191 494
607 191
374 607
468 397
381 374
5 307
297 374
617 5
474 397
71 5
156 191
785 397
558 474
219 552 0 770 224 278 306 240 
219 552
0 552
770 219
224 0
278 224
306 278
240 224
208 413 602 706 97 
208 413
602 413
706 208
97 706
356 429 776 576 154 655 533 324 337 
356 429
776 429
576 356
154 429
655 776
533 356
324 533
337 776
275 484 241 510 580 
275 484
241 484
510 484
580 484
147 540 158 682 566 170 91 608 
147 540
158 147
682 147
566 158
170 158
91 682
608 682
146 508 55 
146 508
55 508
445 
89 383 583 
89 383
583 383
27 493 798 1 480 538 
27 493
798 27
1 27
480 27
538 27
419 
247 702 73 257 666 193 361 
247 702
73 247
257 73
666 247
193 257
361 666
334 550 23 100 773 32 488 
334 550
23 550
100 23
773 550
32 550
488 550
453 782 303 169 
453 782
303 453
169 453
282 373 264 
282 373
264 282
671 690 777 248 352 462 396 
671 690
777 690
248 690
352 777
462 777
396 462
395 
379 
458 482 603 
458 482
603 482
315 662 451 674 
315 662
451 315
674 315
414 476 295 98 113 296 485 713 227 51 166 279 20 504 
414 476
295 476
98 414
113 414
296 414
485 476
713 295
227 485
51 713
166 113
279 166
20 485
504 713
290 
42 229 780 18 700 386 569 400 6 376 359 689 173 271 320 75 25 319 164 
42 229
780 42
18 229
700 780
386 780
569 780
400 18
6 386
376 569
359 6
689 6
173 376
271 173
320 376
75 376
25 75
319 400
164 42
150 656 738 58 402 420 701 579 654 525 375 349 539 142 744 86 161 698 
150 656
738 656
58 150
402 58
420 656
701 402
579 656
654 701
525 738
375 420
349 738
539 654
142 349
744 349
86 142
161 539
698 86
502 592 409 238 155 
502 592
409 502
238 502
155 592
228 745 29 377 338 
228 745
29 745
377 228
338 228
186 385 491 758 168 165 457 153 422 735 171 162 276 
186 385
491 186
758 491
168 758
165 758
457 385
153 385
422 758
735 422
171 735
162 165
276 758
258 
460 586 
460 586
198 521 633 763 4 657 
198 521
633 198
763 198
4 633
657 521
673 783 145 759 725 252 195 408 740 
673 783
145 783
759 783
725 783
252 673
195 759
408 673
740 252
601 636 304 344 3 559 
601 636
304 636
344 601
3 601
559 3
221 
305 797 635 390 326 581 78 448 116 
305 797
635 797
390 797
326 305
581 797
78 797
448 581
116 78
262 752 789 393 185 341 298 179 112 230 234 253 157 330 378 119 81 358 24 421 
262 752
789 752
393 789
185 262
341 752
298 185
179 393
112 298
230 298
234 789
253 230
157 234
330 157
378 789
119 234
81 378
358 378
24 330
421 358
188 
152 
74 416 299 346 357 389 621 699 
74 416
299 416
346 74
357 299
389 74
621 299
699 389
204 394 167 684 285 183 317 470 577 340 503 591 272 62 13 659 83 593 
204 394
167 394
684 167
285 684
183 285
317 167
470 204
577 167
340 204
503 684
591 577
272 167
62 183
13 340
659 591
83 340
593 470
69 478 489 667 703 530 542 765 718 527 45 225 327 254 
69 478
489 478
667 478
703 489
530 489
542 489
765 667
718 765
527 703
45 718
225 542
327 225
254 718
433 668 160 353 134 301 753 200 
433 668
160 433
353 668
134 160
301 353
753 301
200 753
442 712 96 201 38 
442 712
96 712
201 442
38 712
308 495 293 492 680 754 
308 495
293 495
492 308
680 495
754 293
590 597 331 423 628 553 466 
590 597
331 597
423 597
628 597
553 590
466 628
426 528 
426 528
486 711 104 624 487 793 441 49 450 517 
486 711
104 486
624 711
487 711
793 487
441 711
49 486
450 486
517 487
236 391 467 339 594 439 11 
236 391
467 391
339 236
594 236
439 339
11 391
606 694 523 588 121 729 732 598 321 479 189 
606 694
523 606
588 694
121 694
729 588
732 121
598 732
321 606
479 321
189 523
192 213 274 
192 213
274 192
342 382 751 
342 382
751 342
149 289 512 130 616 522 95 652 620 410 584 640 34 775 384 273 110 644 369 790 660 760 796 
149 289
512 289
130 149
616 512
522 616
95 149
652 616
620 616
410 512
584 410
640 95
34 149
775 34
384 652
273 410
110 652
644 273
369 522
790 110
660 110
760 522
796 790
354 555 
354 555
443 692 269 573 
443 692
269 443
573 269
93 766 61 355 210 650 
93 766
61 93
355 93
210 766
650 61
261 634 401 30 727 231 496 281 589 
261 634
401 634
30 261
727 30
231 401
496 30
281 496
589 727
137 499 66 
137 499
66 137
265 647 
265 647
645 772 
645 772
99 
90 575 60 710 543 283 730 629 506 249 363 360 431 28 404 791 610 721 795 642 347 114 291 563 333 
90 575
60 575
710 90
543 90
283 90
730 90
629 710
506 60
249 730
363 249
360 249
431 506
28 629
404 249
791 360
610 710
721 506
795 629
642 791
347 610
114 721
291 114
563 791
333 721
136 456 567 350 106 746 76 733 329 7 177 148 623 536 
136 456
567 136
350 456
106 456
746 106
76 746
733 746
329 106
7 136
177 746
148 746
623 567
536 106
122 627 322 
122 627
322 627
242 477 370 767 92 144 46 286 345 672 615 609 
242 477
370 242
767 242
92 242
144 477
46 370
286 144
345 370
672 370
615 46
609 286
