!
675 717 756 216 292 
675 717
756 675
216 717
292 756
308 495 293 754 492 
308 495
293 308
754 293
492 754
706 
613 771 691 128 447 688 412 294 511 206 178 632 159 366 399 205 428 465 260 127 190 362 
613 771
691 613
128 771
447 613
688 771
412 613
294 771
511 771
206 511
178 613
632 691
159 632
366 771
399 691
205 399
428 159
465 691
260 366
127 260
190 205
362 428
57 353 301 677 164 16 52 
57 353
301 57
677 57
164 57
16 301
52 16
139 538 27 21 
139 538
27 538
21 139
704 
354 535 
354 535
219 770 552 0 224 278 
219 770
552 219
0 552
224 0
278 224
73 257 702 247 565 193 65 361 138 666 221 
73 257
702 73
247 702
565 257
193 73
65 702
361 193
138 257
666 702
221 138
61 93 766 650 355 210 444 72 
61 93
766 93
650 93
355 93
210 93
444 766
72 93
38 794 514 309 
38 794
514 38
309 38
653 
86 235 698 357 70 31 621 658 299 161 8 773 695 
86 235
698 235
357 86
70 357
31 235
621 86
658 235
299 658
161 86
8 161
773 8
695 698
345 672 
345 672
491 542 168 422 
491 542
168 491
422 491
639 
344 636 450 
344 636
450 636
126 365 742 325 336 757 625 268 181 440 513 463 572 608 799 383 203 89 
126 365
742 365
325 365
336 365
757 742
625 757
268 742
181 742
440 625
513 440
463 268
572 463
608 572
799 513
383 608
203 799
89 383
609 
192 614 
192 614
59 202 693 646 123 562 172 605 663 256 560 259 665 287 314 587 43 199 371 197 755 679 9 2 515 148 270 76 
59 202
693 59
646 59
123 59
562 202
172 59
605 202
663 59
256 693
560 256
259 59
665 693
287 59
314 59
587 314
43 587
199 59
371 560
197 371
755 665
679 755
9 197
2 693
515 679
148 515
270 9
76 148
573 581 448 78 497 
573 581
448 573
78 448
497 78
236 467 439 339 265 594 
236 467
439 467
339 439
265 339
594 467
188 571 
188 571
90 575 60 710 543 431 730 506 283 249 360 363 629 28 404 347 791 114 642 610 795 271 173 721 563 
90 575
60 575
710 575
543 575
431 60
730 90
506 60
283 575
249 575
360 249
363 360
629 575
28 629
404 90
347 90
791 90
114 575
642 575
610 90
795 610
271 90
173 271
721 506
563 90
234 424 316 
234 424
316 424
266 618 39 163 586 171 44 
266 618
39 618
163 618
586 266
171 266
44 618
246 528 328 426 
246 528
328 528
426 528
302 648 787 
302 648
787 302
79 153 460 
79 153
460 79
269 692 734 443 709 
269 692
734 269
443 692
709 269
94 323 471 781 600 731 611 218 104 557 277 759 111 290 
94 323
471 94
781 323
600 94
731 94
611 323
218 471
104 218
557 94
277 94
759 471
111 94
290 759
425 568 304 264 
425 568
304 425
264 568
122 627 585 
122 627
585 627
35 133 715 437 392 750 310 488 288 630 407 
35 133
715 35
437 133
392 133
750 133
310 35
488 35
288 133
630 715
407 630
147 540 158 682 566 170 91 687 177 746 244 583 329 430 
147 540
158 147
682 147
566 158
170 158
91 682
687 170
177 540
746 177
244 687
583 746
329 583
430 329
454 788 
454 788
306 403 
306 403
220 619 239 641 500 459 769 578 452 720 
220 619
239 619
641 239
500 641
459 500
769 459
578 220
452 578
720 452
134 160 707 194 
134 160
707 134
194 707
536 
83 647 340 82 
83 647
340 83
82 647
151 222 196 678 612 544 469 351 332 263 748 747 505 80 774 364 768 109 84 436 761 135 780 
151 222
196 151
678 151
612 678
544 151
469 151
351 151
332 151
263 222
748 196
747 263
505 151
80 222
774 196
364 80
768 196
109 364
84 768
436 774
761 436
135 196
780 135
673 783 145 725 252 195 554 367 517 
673 783
145 783
725 673
252 673
195 673
554 783
367 673
517 673
150 656 738 58 402 420 579 701 654 539 375 525 349 744 142 
150 656
738 656
58 150
402 58
420 656
579 656
701 579
654 701
539 654
375 539
525 375
349 525
744 349
142 744
144 187 280 286 696 
144 187
280 187
286 187
696 187
143 217 496 108 19 281 637 473 589 727 30 737 155 213 
143 217
496 217
108 143
19 217
281 143
637 143
473 143
589 143
727 589
30 727
737 217
155 737
213 155
358 421 378 81 55 146 508 379 
358 421
378 421
81 421
55 421
146 378
508 358
379 358
368 455 574 
368 455
574 368
729 777 690 671 588 352 462 523 606 107 248 553 396 189 694 548 479 
729 777
690 777
671 690
588 729
352 777
462 729
523 729
606 523
107 729
248 690
553 729
396 553
189 396
694 729
548 777
479 729
413 602 208 751 342 453 382 728 
413 602
208 413
751 413
342 751
453 413
382 413
728 413
401 634 261 231 131 
401 634
261 634
231 401
131 231
331 423 590 597 628 395 631 466 524 
331 423
590 423
597 590
628 331
395 628
631 423
466 590
524 631
201 442 712 680 419 
201 442
712 442
680 201
419 680
418 464 753 200 243 233 498 716 
418 464
753 418
200 464
243 464
233 464
498 418
716 753
4 97 645 
4 97
645 97
380 
458 482 603 
458 482
603 482
242 370 767 477 46 92 
242 370
767 242
477 370
46 767
92 370
333 
162 758 165 241 14 327 276 
162 758
165 758
241 758
14 162
327 758
276 758
121 732 598 388 343 68 685 
121 732
598 121
388 732
343 598
68 388
685 68
599 681 546 99 
599 681
546 681
99 681
115 683 593 
115 683
593 115
11 749 318 520 251 118 391 
11 749
318 749
520 11
251 11
118 11
391 749
284 
258 
227 485 20 
227 485
20 485
434 481 449 417 
434 481
449 434
417 481
124 223 37 490 180 516 519 207 547 432 132 739 792 570 
124 223
37 223
490 124
180 37
516 223
519 124
207 124
547 124
432 124
132 180
739 432
792 132
570 124
226 
285 684 183 394 204 167 317 503 62 470 591 480 577 615 1 272 13 659 798 
285 684
183 285
394 684
204 394
167 285
317 684
503 285
62 183
470 684
591 684
480 62
577 591
615 183
1 615
272 577
13 183
659 272
798 480
140 184 595 88 102 697 714 604 176 415 250 406 518 541 786 22 48 655 
140 184
595 184
88 184
102 140
697 184
714 140
604 184
176 184
415 184
250 140
406 140
518 140
541 140
786 140
22 140
48 22
655 48
322 669 501 764 743 
322 669
501 669
764 322
743 322
502 592 526 409 255 
502 592
526 502
409 592
255 526
393 752 789 262 179 185 341 112 298 119 582 50 253 
393 752
789 393
262 752
179 393
185 752
341 789
112 393
298 112
119 789
582 789
50 393
253 752
129 
33 274 
33 274
305 797 390 279 635 326 
305 797
390 797
279 305
635 797
326 305
456 567 136 350 733 623 106 651 7 
456 567
136 456
350 136
733 456
623 567
106 456
651 106
7 567
275 484 510 580 735 622 
275 484
510 484
580 484
735 484
622 275
116 
26 483 267 87 36 174 433 779 668 
26 483
267 483
87 26
36 87
174 483
433 483
779 483
668 267
446 494 307 397 191 468 607 5 474 381 374 156 555 740 785 238 558 408 152 617 
446 494
307 446
397 494
191 446
468 446
607 307
5 494
474 446
381 607
374 381
156 474
555 446
740 446
785 494
238 446
558 446
408 558
152 408
617 307
96 
67 
228 745 29 676 338 626 762 377 
228 745
29 745
676 228
338 228
626 745
762 745
377 228
42 229 18 569 700 386 400 6 359 376 689 25 319 75 291 320 667 445 
42 229
18 229
569 229
700 18
386 42
400 18
6 386
359 6
376 400
689 359
25 376
319 18
75 25
291 689
320 75
667 319
445 18
504 713 295 51 457 414 166 476 98 113 387 296 385 186 
504 713
295 713
51 713
457 713
414 295
166 713
476 414
98 713
113 476
387 504
296 113
385 295
186 385
120 778 461 209 411 54 15 719 
120 778
461 778
209 461
411 778
54 461
15 411
719 54
182 240 24 330 157 
182 240
24 182
330 182
157 330
486 711 49 487 441 624 
486 711
49 486
487 711
441 711
624 486
451 499 137 315 662 66 674 
451 499
137 499
315 499
662 315
66 137
674 137
509 793 
509 793
429 776 356 545 53 576 324 533 337 154 
429 776
356 429
545 429
53 776
576 356
324 356
533 356
337 356
154 429
100 550 23 334 32 643 507 
100 550
23 550
334 23
32 550
643 100
507 550
69 478 489 703 530 765 527 718 225 254 45 
69 478
489 69
703 489
530 478
765 530
527 489
718 765
225 489
254 718
45 254
657 782 723 
657 782
723 657
232 549 493 
232 549
493 549
149 289 512 130 616 522 410 652 95 384 584 640 775 34 620 273 110 644 790 369 760 796 660 
149 289
512 149
130 149
616 289
522 616
410 512
652 522
95 512
384 410
584 512
640 95
775 289
34 775
620 512
273 584
110 512
644 273
790 110
369 620
760 369
796 790
660 512
77 772 
77 772
198 521 633 763 
198 521
633 198
763 633
313 561 117 435 348 141 
313 561
117 313
435 561
348 435
141 561
372 398 300 71 661 103 40 297 214 
372 398
300 398
71 372
661 398
103 661
40 103
297 398
214 300
63 230 686 
63 230
686 63
282 373 
282 373
169 303 
169 303
10 
105 335 741 726 101 312 596 56 47 64 175 532 551 784 85 664 12 556 211 125 41 215 427 670 311 
105 335
741 105
726 105
101 105
312 741
596 335
56 335
47 741
64 105
175 47
532 175
551 64
784 312
85 335
664 85
12 664
556 12
211 532
125 556
41 741
215 125
427 215
670 41
311 784
321 389 472 529 531 699 212 17 534 74 346 405 416 708 
321 389
472 389
529 389
531 389
699 389
212 472
17 472
534 472
74 321
346 74
405 472
416 346
708 472
3 559 601 
3 559
601 559
649 705 245 564 237 722 724 475 736 537 638 438 
649 705
245 649
564 705
237 564
722 649
724 722
475 245
736 649
537 649
638 475
438 537
