? 3 315 662 451 
? 3 261 634 231 
? 3 434 481 547 
? 3 419 680 514 
? 3 67 131 536 
? 3 580 593 275 
? 3 344 787 264 
? 3 72 639 599 
? 3 10 623 338 
? 3 192 473 3 
? 3 462 777 248 
? 3 348 737 496 
? 3 282 373 290 
? 3 306 403 333 
!
485 527 491 422 581 
485 527
491 485
422 491
581 485
370 615 46 345 563 
370 615
46 615
345 615
563 370
760 
204 394 167 285 684 183 317 577 470 272 503 340 591 62 115 13 480 484 764 743 647 510 
204 394
167 204
285 167
684 285
183 285
317 285
577 684
470 167
272 317
503 684
340 183
591 577
62 503
115 272
13 183
480 183
484 591
764 340
743 764
647 340
510 484
93 355 61 766 650 426 444 
93 355
61 93
766 93
650 766
426 93
444 650
695 708 405 534 
695 708
405 708
534 405
709 
173 291 
173 291
372 398 300 71 141 214 
372 398
300 372
71 398
141 398
214 300
165 758 241 225 276 162 14 327 542 168 129 
165 758
241 758
225 758
276 758
162 276
14 276
327 225
542 225
168 165
129 276
589 727 637 30 143 281 108 217 
589 727
637 589
30 727
143 589
281 589
108 589
217 143
657 782 169 521 
657 782
169 657
521 169
706 
654 701 539 420 402 579 334 656 161 58 550 150 100 
654 701
539 654
420 701
402 701
579 420
334 654
656 402
161 420
58 656
550 334
150 656
100 550
299 732 
299 732
304 568 648 425 
304 568
648 568
425 304
683 
306 403 333 
7022 6237
126 365 742 325 336 181 757 268 625 513 463 440 572 203 383 608 799 430 
126 365
742 365
325 365
336 365
181 126
757 742
268 742
625 757
513 625
463 325
440 757
572 463
203 757
383 572
608 383
799 625
430 268
570 
258 666 
258 666
59 202 123 562 646 663 693 560 605 665 172 259 679 199 256 43 314 587 755 371 9 244 2 197 287 626 228 159 
59 202
123 59
562 59
646 59
663 646
693 59
560 562
605 123
665 693
172 663
259 172
679 202
199 663
256 560
43 679
314 172
587 314
755 587
371 605
9 665
244 314
2 605
197 371
287 244
626 560
228 197
159 199
92 139 477 672 21 
92 139
477 92
672 477
21 139
238 354 292 517 535 557 
238 354
292 238
517 238
535 238
557 354
25 271 
25 271
105 335 726 741 101 312 596 56 47 532 64 670 211 784 85 556 551 12 664 401 328 175 215 427 125 
105 335
726 105
741 105
101 741
312 741
596 335
56 101
47 741
532 47
64 726
670 312
211 64
784 101
85 101
556 596
551 64
12 596
664 596
401 12
328 47
175 47
215 401
427 556
125 556
282 373 290 
8074 6949
8 685 388 507 188 773 571 
8 685
388 685
507 8
188 507
773 188
571 188
380 417 739 449 
380 417
739 417
449 380
348 737 496 
9543 1386
462 777 248 
8068 5988
269 692 443 573 734 
269 692
443 692
573 692
734 443
86 235 142 744 698 349 525 70 31 357 375 738 658 621 
86 235
142 86
744 86
698 235
349 86
525 142
70 349
31 235
357 70
375 744
738 525
658 31
621 70
155 213 274 19 
155 213
274 155
19 155
192 473 3 
327 7735
319 667 478 69 530 765 489 232 718 703 45 
319 667
478 319
69 478
530 69
765 667
489 478
232 765
718 765
703 489
45 718
267 483 26 87 174 36 677 668 353 433 779 57 164 84 
267 483
26 483
87 483
174 267
36 87
677 483
668 267
353 483
433 668
779 433
57 36
164 677
84 677
359 707 
359 707
324 337 
324 337
124 223 37 207 490 432 180 516 792 519 
124 223
37 223
207 124
490 124
432 124
180 37
516 223
792 516
519 124
574 719 368 704 
574 719
368 719
704 574
545 
99 681 132 546 
99 681
132 99
546 681
613 771 691 128 412 688 447 178 206 632 511 294 366 465 399 205 428 260 65 127 190 362 653 
613 771
691 771
128 613
412 613
688 128
447 613
178 613
206 412
632 688
511 178
294 128
366 128
465 632
399 632
205 511
428 294
260 366
65 205
127 260
190 65
362 428
653 465
41 754 293 492 495 246 302 308 528 
41 754
293 41
492 754
495 293
246 754
302 293
308 495
528 246
548 778 120 720 461 209 769 352 107 500 15 411 671 641 690 
548 778
120 778
720 548
461 778
209 461
769 548
352 548
107 352
500 769
15 778
411 15
671 15
641 769
690 671
675 717 736 367 216 
675 717
736 717
367 675
216 675
42 229 780 700 18 386 135 569 400 436 6 320 689 376 
42 229
780 42
700 229
18 229
386 780
135 229
569 229
400 18
436 780
6 436
320 569
689 6
376 569
145 673 783 759 725 252 195 408 
145 673
783 673
759 783
725 145
252 673
195 759
408 673
10 623 338 
6895 335
262 752 393 789 341 112 298 185 230 179 119 316 378 234 582 157 358 
262 752
393 752
789 752
341 752
112 752
298 112
185 341
230 298
179 393
119 393
316 112
378 119
234 119
582 378
157 378
358 378
429 776 356 655 533 53 154 576 
429 776
356 429
655 429
533 776
53 776
154 429
576 356
200 464 233 243 498 
200 464
233 464
243 200
498 243
144 187 280 286 609 696 242 767 82 
144 187
280 187
286 187
609 187
696 187
242 144
767 242
82 280
322 669 122 627 585 
322 669
122 322
627 122
585 122
313 561 117 661 103 435 40 33 
313 561
117 313
661 313
103 661
435 561
40 661
33 435
72 639 599 
5346 2079
458 
344 787 264 
6865 4998
153 586 171 735 460 415 
153 586
171 586
735 171
460 586
415 460
455 
633 763 97 198 4 453 208 
633 763
97 633
198 633
4 633
453 97
208 97
27 493 254 1 538 798 549 
27 493
254 493
1 27
538 27
798 27
549 27
310 686 488 32 
310 686
488 310
32 686
580 593 275 
6037 4014
486 711 104 624 441 49 793 
486 711
104 486
624 486
441 711
49 486
793 104
438 
379 
67 131 536 
3283 2922
134 160 761 194 
134 160
761 134
194 761
321 479 389 699 472 531 74 529 606 694 212 416 346 17 
321 479
389 479
699 321
472 389
531 389
74 321
529 389
606 321
694 606
212 389
416 74
346 416
17 212
377 
219 770 407 552 0 630 224 133 392 35 278 715 253 437 750 24 330 643 240 
219 770
407 770
552 770
0 552
630 407
224 0
133 630
392 630
35 133
278 224
715 133
253 630
437 133
750 437
24 0
330 24
643 750
240 330
446 494 307 191 397 468 607 474 740 374 5 381 785 297 152 617 558 555 
446 494
307 494
191 494
397 494
468 494
607 494
474 397
740 397
374 607
5 468
381 374
785 397
297 374
152 785
617 785
558 785
555 474
137 674 499 66 226 
137 674
499 137
66 137
226 674
29 676 762 77 745 
29 676
762 676
77 676
745 29
140 184 102 595 88 697 604 250 406 176 714 541 518 
140 184
102 140
595 140
88 140
697 595
604 88
250 595
406 102
176 184
714 595
541 250
518 250
309 
622 659 
622 659
342 382 751 602 413 728 
342 382
751 342
602 382
413 602
728 602
305 797 279 390 635 326 454 20 448 
305 797
279 305
390 797
635 797
326 797
454 305
20 279
448 797
38 712 442 201 794 96 
38 712
442 712
201 442
794 38
96 712
303 
459 578 452 54 220 138 239 565 619 
459 578
452 459
54 459
220 459
138 54
239 220
565 138
619 220
504 713 51 295 457 786 476 414 385 387 98 116 166 186 497 296 78 113 638 227 
504 713
51 504
295 713
457 504
786 504
476 295
414 476
385 51
387 504
98 414
116 414
166 414
186 385
497 98
296 476
78 497
113 476
638 387
227 476
284 
221 
16 716 788 301 753 52 418 445 
16 716
788 16
301 716
753 716
52 788
418 753
445 52
151 222 196 612 544 678 748 351 263 469 332 747 109 80 774 364 505 768 
151 222
196 222
612 151
544 151
678 612
748 151
351 612
263 222
469 196
332 678
747 263
109 469
80 469
774 747
364 80
505 469
768 263
147 682 158 540 566 170 89 687 177 746 329 148 733 583 
147 682
158 147
540 158
566 158
170 158
89 682
687 540
177 566
746 177
329 746
148 746
733 177
583 329
524 631 63 121 598 50 424 68 
524 631
63 524
121 631
598 121
50 524
424 50
68 598
311 601 559 636 450 
311 601
559 601
636 311
450 601
73 257 193 702 247 361 
73 257
193 73
702 73
247 702
361 257
11 520 251 749 118 501 723 
11 520
251 11
749 11
118 251
501 11
723 118
645 772 
645 772
456 567 136 515 350 270 106 7 76 651 
456 567
136 456
515 456
350 567
270 515
106 136
7 270
76 136
651 106
502 592 487 255 409 526 614 
502 592
487 502
255 502
409 502
526 255
614 592
245 649 705 564 475 722 724 237 48 537 22 
245 649
705 649
564 705
475 245
722 245
724 722
237 564
48 475
537 237
22 475
419 680 514 
2653 3183
434 481 547 
2189 9803
90 575 60 710 543 730 28 404 629 506 249 360 283 363 610 431 791 642 721 795 114 347 75 
90 575
60 575
710 90
543 90
730 90
28 710
404 575
629 710
506 60
249 404
360 249
283 629
363 360
610 629
431 506
791 360
642 791
721 543
795 629
114 721
347 610
75 347
182 508 
182 508
146 421 55 81 
146 421
55 421
81 421
163 618 44 39 266 79 
163 618
44 163
39 618
266 618
79 618
83 339 439 467 391 236 318 265 594 
83 339
439 339
467 339
391 467
236 439
318 391
265 318
594 439
261 634 231 
822 7420
156 756 
156 756
23 288 
23 288
210 
149 289 616 512 130 34 522 410 652 95 584 640 384 775 110 273 644 620 369 790 603 660 796 91 482 
149 289
616 149
512 149
130 149
34 149
522 616
410 512
652 522
95 512
584 512
640 95
384 584
775 522
110 652
273 95
644 273
620 652
369 522
790 110
603 790
660 110
796 790
91 34
482 796
590 597 423 331 628 466 395 396 553 189 343 523 588 729 
590 597
423 597
331 597
628 597
466 597
395 628
396 590
553 396
189 553
343 189
523 553
588 523
729 588
315 662 451 
6664 6067
94 323 781 731 600 471 611 218 509 277 554 111 
94 323
781 323
731 94
600 323
471 781
611 600
218 781
509 781
277 731
554 600
111 611
