!
247 702 73 193 666 
247 702
73 247
193 247
666 247
97 208 706 728 547 
97 208
706 208
728 208
547 208
694 
204 394 317 167 285 684 183 272 470 503 591 13 340 577 115 62 764 275 659 615 484 647 
204 394
317 204
167 394
285 204
684 394
183 204
272 394
470 204
503 394
591 394
13 204
340 204
577 204
115 204
62 204
764 394
275 394
659 204
615 204
484 204
647 204
407 770 219 552 278 306 63 
407 770
219 770
552 770
278 770
306 407
63 407
19 155 348 274 
19 155
348 19
274 19
631 
25 549 
25 549
27 493 798 1 480 538 
27 493
798 27
1 27
480 27
538 27
220 619 239 708 695 405 459 452 578 352 346 
220 619
239 619
708 619
695 619
405 619
459 220
452 220
578 220
352 220
346 619
441 711 486 624 487 450 793 509 
441 711
486 711
624 711
487 711
450 441
793 711
509 711
434 739 481 449 
434 739
481 434
449 434
626 
124 223 37 490 207 180 519 516 792 417 132 432 451 
124 223
37 223
490 124
207 124
180 223
519 223
516 223
792 223
417 124
132 223
432 124
451 223
99 639 
99 639
134 160 16 291 
134 160
16 134
291 134
603 
344 636 787 
344 636
787 344
140 184 595 88 697 604 176 250 714 406 541 415 22 518 655 153 586 79 
140 184
595 184
88 184
697 140
604 184
176 184
250 140
714 184
406 140
541 140
415 184
22 140
518 140
655 184
153 140
586 140
79 184
570 
4 645 
4 645
105 335 726 741 101 312 596 47 532 56 64 784 556 175 211 427 215 634 401 41 12 125 551 85 311 670 664 492 
105 335
726 335
741 105
101 105
312 335
596 335
47 105
532 105
56 335
64 335
784 105
556 335
175 105
211 335
427 335
215 335
634 335
401 335
41 105
12 105
125 335
551 105
85 105
311 105
670 105
664 335
492 335
372 398 300 141 409 
372 398
300 398
141 398
409 398
729 777 588 462 523 189 
729 777
588 729
462 729
523 729
189 729
66 499 
66 499
90 575 60 710 543 730 506 249 283 360 431 629 28 404 363 791 347 721 610 795 642 563 75 114 21 
90 575
60 90
710 90
543 90
730 575
506 575
249 575
283 90
360 90
431 575
629 90
28 575
404 575
363 575
791 575
347 575
721 575
610 575
795 90
642 90
563 575
75 90
114 90
21 90
78 448 573 
78 448
573 448
14 542 622 254 491 45 718 
14 542
622 14
254 14
491 542
45 14
718 14
286 609 696 345 
286 609
696 609
345 286
139 284 232 
139 284
232 139
580 593 735 
580 593
735 580
675 717 216 756 367 
675 717
216 675
756 675
367 675
245 649 705 564 722 237 724 475 48 438 736 324 545 429 
245 649
705 245
564 649
722 245
237 649
724 245
475 245
48 245
438 245
736 649
324 245
545 245
429 245
39 266 171 460 
39 266
171 266
460 39
226 585 627 
226 585
627 585
136 456 567 350 329 515 270 746 733 148 106 
136 456
567 456
350 456
329 456
515 456
270 456
746 456
733 456
148 456
106 456
548 778 120 461 720 769 209 15 107 500 411 690 641 671 
548 778
120 778
461 778
720 778
769 548
209 778
15 778
107 548
500 548
411 778
690 548
641 548
671 778
33 737 
33 737
337 576 
337 576
165 758 276 241 162 327 225 129 510 422 
165 758
276 758
241 758
162 758
327 758
225 758
129 758
510 758
422 758
513 799 231 67 
513 799
231 799
67 799
537 
444 766 61 131 
444 766
61 766
131 766
613 771 691 128 412 688 178 447 206 294 632 511 366 159 205 399 465 428 190 127 65 653 760 
613 771
691 771
128 613
412 613
688 771
178 613
447 613
206 613
294 771
632 613
511 613
366 613
159 613
205 771
399 771
465 771
428 771
190 613
127 613
65 613
653 613
760 613
188 507 571 32 773 68 685 8 388 
188 507
571 188
32 188
773 507
68 188
685 188
8 188
388 188
589 637 727 281 143 30 473 108 217 192 3 559 496 213 614 
589 637
727 589
281 589
143 589
30 589
473 637
108 637
217 589
192 589
3 589
559 637
496 589
213 637
614 637
198 521 633 303 169 
198 521
633 198
303 521
169 521
262 752 393 789 185 298 112 341 253 230 179 582 378 316 
262 752
393 752
789 752
185 752
298 752
112 262
341 262
253 752
230 262
179 752
582 752
378 752
316 262
319 478 69 667 489 530 703 765 
319 478
69 478
667 478
489 478
530 478
703 478
765 319
282 373 264 
282 373
264 373
94 323 471 731 218 781 600 111 611 277 557 104 195 554 759 290 354 
94 323
471 323
731 323
218 323
781 323
600 323
111 94
611 323
277 94
557 323
104 323
195 323
554 94
759 94
290 94
354 94
50 424 280 234 119 524 82 395 
50 424
280 424
234 50
119 50
524 424
82 424
395 424
57 301 353 164 445 
57 301
353 57
164 57
445 301
26 483 267 36 87 433 668 677 779 
26 483
267 483
36 26
87 483
433 483
668 483
677 483
779 483
574 719 361 704 258 
574 719
361 719
704 574
258 574
590 597 331 423 628 466 396 553 
590 597
331 597
423 590
628 597
466 597
396 597
553 590
536 583 383 
536 583
383 583
403 
599 681 546 
599 681
546 681
453 782 763 657 413 602 
453 782
763 453
657 453
413 453
602 453
380 
242 370 477 767 46 92 672 
242 370
477 242
767 242
46 370
92 370
672 370
11 251 520 118 501 322 723 
11 251
520 11
118 251
501 11
322 11
723 251
356 776 154 533 
356 776
154 776
533 776
328 426 210 
328 426
210 328
255 526 238 502 535 592 292 
255 526
238 526
502 526
535 526
592 255
292 255
333 
299 
9 10 623 
9 10
623 9
355 650 651 93 
355 650
651 355
93 355
305 797 390 279 454 326 581 20 635 485 116 788 527 52 
305 797
390 797
279 797
454 305
326 305
581 797
20 305
635 305
485 305
116 797
788 305
527 305
52 305
261 
446 494 307 397 191 468 607 374 474 381 740 617 785 252 5 297 71 558 152 
446 494
307 494
397 494
191 494
468 446
607 494
374 494
474 494
381 446
740 494
617 494
785 446
252 446
5 446
297 494
71 494
558 446
152 494
151 222 196 678 612 544 332 351 469 364 505 80 109 84 761 194 707 174 
151 222
196 222
678 151
612 151
544 222
332 222
351 151
469 222
364 222
505 151
80 222
109 151
84 222
761 151
194 151
707 222
174 222
96 712 38 442 514 
96 712
38 96
442 712
514 712
673 783 145 725 53 
673 783
145 673
725 673
53 783
539 654 701 402 420 161 334 579 550 656 23 58 100 
539 654
701 654
402 654
420 539
161 539
334 654
579 654
550 539
656 654
23 654
58 654
100 539
248 
669 743 
669 743
244 362 482 177 458 608 
244 362
482 244
177 244
458 362
608 244
24 182 330 146 240 157 224 508 0 
24 182
330 182
146 182
240 182
157 182
224 24
508 182
0 24
228 676 745 762 29 338 
228 676
745 228
762 676
29 676
338 228
227 
158 540 147 566 170 682 687 91 89 
158 540
147 158
566 158
170 158
682 540
687 158
91 540
89 540
42 229 780 18 747 774 135 386 700 436 400 569 263 768 6 748 376 689 359 271 
42 229
780 42
18 229
747 42
774 42
135 42
386 42
700 229
436 42
400 42
569 42
263 42
768 229
6 42
748 42
376 229
689 42
359 229
271 229
168 
150 
200 464 233 753 418 243 498 716 
200 464
233 464
753 464
418 200
243 200
498 200
716 464
504 713 51 414 457 166 786 295 638 476 387 385 98 186 113 497 296 102 
504 713
51 713
414 713
457 713
166 713
786 504
295 713
638 504
476 713
387 504
385 713
98 713
186 713
113 713
497 504
296 713
102 504
365 742 126 757 625 268 325 181 336 440 203 572 430 463 
365 742
126 365
757 742
625 365
268 742
325 742
181 742
336 365
440 742
203 365
572 365
430 742
463 742
313 561 661 117 435 103 40 214 
313 561
661 561
117 313
435 561
103 313
40 313
214 313
443 692 269 734 709 
443 692
269 692
734 443
709 692
121 732 598 416 343 606 
121 732
598 121
416 732
343 121
606 121
54 138 565 221 257 455 368 
54 138
565 138
221 54
257 138
455 54
368 54
156 408 
156 408
339 439 83 467 318 236 391 749 265 594 
339 439
83 439
467 439
318 339
236 339
391 439
749 339
265 339
594 439
358 421 55 81 379 187 144 
358 421
55 358
81 421
379 358
187 421
144 421
321 389 479 472 529 531 699 212 74 17 534 
321 389
479 389
472 389
529 389
531 321
699 321
212 389
74 321
17 389
534 389
309 794 137 
309 794
137 794
377 772 77 
377 772
77 772
149 289 512 410 130 616 652 95 34 522 584 620 384 640 273 110 644 775 790 369 660 796 260 
149 289
512 149
410 149
130 149
616 289
652 149
95 149
34 289
522 289
584 149
620 149
384 289
640 149
273 149
110 149
644 149
775 289
790 289
369 289
660 149
796 149
260 149
72 528 
72 528
44 163 618 683 
44 163
618 163
683 44
304 568 425 49 648 601 
304 568
425 304
49 304
648 568
601 304
308 495 293 680 754 201 302 246 419 
308 495
293 308
680 308
754 495
201 308
302 495
246 495
419 308
315 662 674 
315 662
674 662
517 555 
517 555
173 320 
173 320
122 
59 202 693 123 562 663 646 605 43 172 665 256 560 259 199 314 587 197 371 755 287 679 76 2 7 
59 202
693 59
123 59
562 59
663 202
646 59
605 59
43 202
172 59
665 202
256 59
560 202
259 59
199 59
314 59
587 202
197 202
371 202
755 202
287 202
679 202
76 59
2 59
7 59
86 235 698 744 142 349 525 357 70 31 375 621 738 658 
86 235
698 235
744 86
142 235
349 86
525 86
357 235
70 235
31 235
375 86
621 235
738 86
658 235
342 751 382 
342 751
382 751
35 133 437 392 715 750 288 488 643 630 310 686 
35 133
437 133
392 35
715 35
750 133
288 133
488 35
643 133
630 35
310 35
686 35
