!
316 427 696 750 323 303 663 570 589 152 553 687 598 312 2 653 75 481 131 509 493 328 545 752 471 322 369 58 748 620 704 680 473 
316 427
696 427
750 696
323 750
303 323
663 303
570 696
589 663
152 303
553 589
687 589
598 570
312 553
2 312
653 312
75 312
481 653
131 653
509 75
493 131
328 481
545 75
752 509
471 75
322 481
369 545
58 481
748 545
620 509
704 620
680 509
473 748
405 795 744 308 59 615 
405 795
744 795
308 405
59 308
615 308
489 682 446 725 698 153 184 191 445 631 712 749 625 221 400 732 604 626 449 590 276 601 188 346 
489 682
446 682
725 489
698 682
153 682
184 725
191 682
445 698
631 725
712 153
749 725
625 191
221 625
400 153
732 153
604 725
626 400
449 604
590 604
276 604
601 725
188 626
346 698
684 721 376 210 397 67 145 418 511 611 656 490 280 579 203 650 197 268 55 112 73 349 531 433 467 557 
684 721
376 684
210 684
397 684
67 376
145 397
418 376
511 684
611 376
656 145
490 611
280 611
579 210
203 376
650 280
197 579
268 397
55 280
112 268
73 210
349 579
531 349
433 418
467 112
557 531
208 283 37 475 689 93 472 736 439 4 574 654 41 216 722 245 315 343 85 530 259 556 168 588 84 544 258 582 16 40 319 7 389 43 
208 283
37 283
475 283
689 475
93 475
472 689
736 208
439 472
4 93
574 736
654 93
41 472
216 439
722 439
245 439
315 574
343 41
85 574
530 343
259 245
556 439
168 530
588 722
84 85
544 85
258 544
582 544
16 574
40 168
319 259
7 588
389 7
43 588
1 700 648 
1 700
648 700
10 388 669 676 263 129 269 20 563 226 391 434 305 155 329 378 715 616 643 64 
10 388
669 10
676 388
263 388
129 10
269 10
20 269
563 129
226 263
391 269
434 563
305 434
155 263
329 20
378 155
715 434
616 155
643 434
64 329
150 773 25 455 224 623 758 742 460 415 95 157 487 592 564 609 351 
150 773
25 150
455 150
224 150
623 25
758 224
742 758
460 150
415 455
95 742
157 742
487 157
592 157
564 157
609 157
351 564
29 314 105 344 42 326 554 469 367 683 621 250 44 659 209 772 666 412 542 402 401 90 525 753 709 
29 314
105 314
344 314
42 314
326 314
554 344
469 105
367 42
683 105
621 105
250 367
44 250
659 250
209 44
772 44
666 367
412 666
542 44
402 412
401 402
90 209
525 772
753 772
709 753
76 79 587 679 429 606 512 381 352 498 
76 79
587 76
679 587
429 679
606 429
512 76
381 512
352 381
498 679
35 313 27 134 559 
35 313
27 35
134 27
559 134
386 770 537 140 91 189 672 442 136 
386 770
537 770
140 537
91 386
189 140
672 537
442 672
136 442
729 747 406 571 560 199 731 354 605 
729 747
406 747
571 406
560 729
199 729
731 729
354 199
605 560
194 438 301 733 325 431 358 374 426 675 50 713 285 535 600 71 667 154 
194 438
301 194
733 194
325 733
431 301
358 194
374 358
426 431
675 194
50 325
713 431
285 374
535 733
600 733
71 50
667 194
154 358
287 499 408 470 15 552 789 710 174 794 120 
287 499
408 499
470 408
15 499
552 15
789 15
710 499
174 499
794 408
120 408
161 612 70 254 39 292 610 703 181 536 393 125 48 413 416 130 505 118 92 788 576 286 119 21 82 403 166 366 233 739 435 
161 612
70 612
254 612
39 161
292 70
610 70
703 610
181 39
536 181
393 181
125 181
48 254
413 610
416 254
130 181
505 610
118 610
92 118
788 393
576 610
286 70
119 118
21 416
82 416
403 788
166 416
366 92
233 403
739 119
435 166
407 550 207 142 277 686 363 65 297 357 
407 550
207 550
142 207
277 550
686 207
363 407
65 686
297 686
357 363
304 468 187 685 
304 468
187 468
685 187
139 423 482 495 549 135 
139 423
482 423
495 482
549 495
135 549
117 726 218 
117 726
218 726
32 420 450 496 227 
32 420
450 420
496 32
227 32
317 655 222 243 180 627 266 264 267 232 339 293 158 714 
317 655
222 317
243 317
180 655
627 222
266 627
264 180
267 264
232 267
339 264
293 267
158 339
714 293
97 697 270 565 253 411 634 
97 697
270 97
565 97
253 270
411 253
634 411
428 660 671 66 172 114 617 670 769 594 639 298 727 370 151 
428 660
671 428
66 428
172 660
114 660
617 428
670 671
769 428
594 428
639 172
298 617
727 671
370 172
151 66
123 638 382 195 288 761 533 618 
123 638
382 638
195 638
288 123
761 195
533 761
618 761
17 539 201 572 176 206 724 619 699 547 757 508 115 596 532 390 122 701 307 760 13 141 18 764 275 
17 539
201 17
572 17
176 539
206 17
724 539
619 17
699 17
547 572
757 539
508 699
115 539
596 619
532 724
390 17
122 115
701 115
307 390
760 307
13 115
141 13
18 532
764 724
275 760
350 781 3 179 520 124 214 567 568 774 0 798 63 755 162 265 597 688 241 54 103 260 57 644 331 529 171 510 491 99 681 746 252 459 251 743 694 791 215 562 673 96 662 463 441 690 740 108 613 421 500 30 782 534 633 248 220 409 602 190 336 786 737 414 
350 781
3 350
179 350
520 781
124 350
214 3
567 781
568 781
774 3
0 350
798 214
63 0
755 567
162 520
265 567
597 214
688 179
241 179
54 214
103 798
260 103
57 260
644 567
331 350
529 644
171 798
510 241
491 798
99 241
681 103
746 644
252 681
459 162
251 241
743 265
694 688
791 57
215 251
562 57
673 529
96 265
662 743
463 694
441 171
690 215
740 529
108 673
613 662
421 562
500 694
30 613
782 681
534 215
633 441
248 743
220 248
409 463
602 633
190 54
336 491
786 409
737 336
414 215
68 257 
68 257
461 492 200 566 362 132 294 
461 492
200 461
566 461
362 461
132 362
294 132
228 356 284 34 603 334 614 345 
228 356
284 228
34 356
603 284
334 34
614 228
345 603
645 751 780 211 255 517 741 318 607 192 695 379 327 
645 751
780 751
211 780
255 751
517 211
741 517
318 645
607 255
192 211
695 318
379 695
327 318
464 561 392 706 447 
464 561
392 561
706 464
447 706
89 436 419 754 272 116 360 454 417 296 765 425 395 383 661 730 387 
89 436
419 436
754 436
272 436
116 436
360 436
454 272
417 89
296 417
765 754
425 436
395 89
383 417
661 436
730 436
387 272
657 734 
657 734
256 720 137 785 146 310 790 204 193 225 138 716 640 
256 720
137 720
785 256
146 720
310 146
790 720
204 310
193 137
225 310
138 193
716 193
640 310
693 762 479 213 583 622 80 371 717 515 738 646 144 635 524 483 573 711 126 465 702 246 175 506 
693 762
479 693
213 479
583 479
622 583
80 583
371 80
717 80
515 717
738 80
646 515
144 646
635 762
524 144
483 738
573 646
711 635
126 635
465 635
702 711
246 635
175 646
506 711
335 580 342 448 555 271 677 83 262 302 787 231 169 652 359 548 497 24 341 81 396 443 719 373 384 167 458 477 202 456 332 
335 580
342 580
448 580
555 448
271 335
677 335
83 271
262 448
302 580
787 83
231 677
169 231
652 169
359 231
548 169
497 548
24 169
341 231
81 231
396 81
443 359
719 81
373 652
384 373
167 359
458 497
477 443
202 373
456 477
332 719
236 641 766 309 784 599 707 624 
236 641
766 236
309 236
784 641
599 766
707 784
624 766
160 437 793 338 324 691 502 282 127 311 205 212 424 337 486 51 551 558 674 100 759 290 527 665 8 61 173 485 543 223 353 9 5 121 484 593 247 217 476 372 244 299 778 45 102 595 239 106 235 503 143 692 799 183 585 504 
160 437
793 160
338 437
324 437
691 160
502 437
282 437
127 160
311 793
205 691
212 502
424 437
337 212
486 691
51 793
551 437
558 486
674 424
100 691
759 486
290 337
527 212
665 311
8 212
61 674
173 61
485 551
543 100
223 558
353 8
9 527
5 311
121 674
484 121
593 5
247 9
217 486
476 8
372 61
244 593
299 527
778 299
45 476
102 353
595 476
239 9
106 239
235 476
503 244
143 5
692 372
799 223
183 372
585 239
504 527
6 637 522 519 78 237 186 289 630 462 185 649 177 
6 637
522 6
519 522
78 6
237 522
186 637
289 78
630 78
462 237
185 186
649 630
177 237
72 355 242 466 60 128 234 49 546 514 
72 355
242 355
466 72
60 242
128 242
234 60
49 242
546 128
514 128
38 148 705 88 480 178 516 591 31 796 101 584 792 53 19 86 575 
38 148
705 148
88 38
480 148
178 148
516 88
591 516
31 516
796 178
101 31
584 31
792 796
53 796
19 53
86 101
575 792
133 569 109 528 149 578 581 182 279 708 488 249 523 763 756 87 779 28 474 768 410 507 56 94 147 723 432 340 104 501 440 541 36 636 306 33 
133 569
109 569
528 133
149 109
578 149
581 569
182 133
279 133
708 578
488 133
249 581
523 279
763 569
756 133
87 708
779 708
28 708
474 708
768 756
410 87
507 523
56 28
94 756
147 507
723 410
432 87
340 768
104 28
501 410
440 340
541 474
36 432
636 779
306 523
33 541
368 453 347 273 12 11 718 291 728 69 365 518 494 430 330 513 776 230 320 14 238 664 300 577 444 229 74 398 47 771 394 651 668 452 
368 453
347 453
273 368
12 453
11 453
718 368
291 453
728 12
69 718
365 69
518 291
494 69
430 69
330 69
513 291
776 518
230 776
320 518
14 776
238 513
664 365
300 238
577 12
444 664
229 664
74 664
398 238
47 398
771 776
394 444
651 229
668 444
452 664
26 385 364 647 538 775 196 
26 385
364 385
647 26
538 364
775 538
196 647
404 797 540 399 110 
404 797
540 404
399 797
110 540
46 107 451 375 586 361 219 62 198 159 165 658 735 281 170 278 348 274 261 629 777 23 642 113 521 678 457 111 422 156 767 380 295 478 745 321 52 77 333 377 164 783 
46 107
451 46
375 107
586 375
361 46
219 361
62 586
198 219
159 219
165 62
658 198
735 586
281 159
170 219
278 219
348 375
274 361
261 165
629 62
777 261
23 62
642 375
113 642
521 113
678 170
457 629
111 777
422 629
156 165
767 156
380 113
295 198
478 156
745 170
321 745
52 159
77 745
333 380
377 113
164 77
783 678
526 608 632 98 163 22 628 240 
526 608
632 608
98 526
163 632
22 526
628 632
240 632
