!
368 453 347 273 11 12 718 291 69 365 728 518 430 494 330 320 513 230 14 776 664 444 238 577 74 229 771 300 47 398 394 651 668 
368 453
347 453
273 368
11 368
12 453
718 368
291 368
69 453
365 368
728 368
518 368
430 368
494 368
330 368
320 368
513 368
230 453
14 368
776 368
664 453
444 453
238 368
577 453
74 453
229 453
771 453
300 453
47 368
398 368
394 368
651 453
668 453
72 355 466 60 242 234 
72 355
466 355
60 72
242 72
234 72
80 371 738 717 515 144 483 479 213 646 524 693 415 573 792 18 532 175 50 575 460 600 455 705 
80 371
738 80
717 80
515 371
144 80
483 371
479 371
213 371
646 80
524 371
693 80
415 80
573 80
792 371
18 80
532 371
175 80
50 371
575 371
460 371
600 371
455 371
705 80
17 539 176 201 572 206 724 619 699 701 547 508 115 122 760 757 390 596 622 762 583 275 307 141 711 13 
17 539
176 539
201 539
572 539
206 539
724 539
619 17
699 539
701 17
547 17
508 17
115 539
122 539
760 17
757 539
390 17
596 539
622 17
762 17
583 17
275 539
307 17
141 539
711 539
13 17
161 612 70 254 292 39 610 703 181 416 48 393 413 536 130 125 21 505 118 92 788 119 576 82 286 403 166 233 461 435 200 366 709 482 
161 612
70 612
254 612
292 612
39 161
610 612
703 612
181 161
416 612
48 612
393 161
413 161
536 612
130 161
125 161
21 612
505 612
118 612
92 612
788 161
119 161
576 612
82 612
286 161
403 612
166 612
233 161
461 161
435 612
200 161
366 612
709 161
482 612
154 657 710 
154 657
710 657
10 129 563 669 434 391 226 643 378 632 163 615 240 628 304 308 608 132 468 34 
10 129
563 129
669 129
434 129
391 129
226 10
643 129
378 10
632 129
163 129
615 10
240 129
628 129
304 10
308 10
608 129
132 129
468 129
34 129
246 465 635 516 584 126 506 702 544 764 88 101 796 285 245 374 535 
246 465
635 246
516 246
584 246
126 246
506 246
702 246
544 465
764 465
88 465
101 465
796 246
285 465
245 246
374 246
535 246
44 772 250 753 209 542 659 554 739 525 469 45 367 621 683 309 105 235 183 42 692 344 641 666 326 
44 772
250 44
753 44
209 772
542 44
659 44
554 44
739 772
525 44
469 44
45 772
367 44
621 44
683 772
309 44
105 44
235 772
183 772
42 772
692 44
344 772
641 772
666 772
326 44
194 301 438 325 667 733 426 71 675 431 
194 301
438 194
325 194
667 194
733 194
426 301
71 194
675 194
431 301
196 730 68 661 716 
196 730
68 730
661 730
716 196
25 150 224 773 713 623 758 95 742 
25 150
224 25
773 150
713 25
623 150
758 25
95 25
742 25
207 293 142 719 550 686 277 477 456 
207 293
142 207
719 207
550 207
686 207
277 207
477 207
456 207
574 736 85 16 530 40 315 38 168 178 343 480 84 472 41 148 439 53 
574 736
85 574
16 736
530 736
40 736
315 574
38 574
168 574
178 736
343 736
480 736
84 574
472 736
41 736
148 574
439 736
53 736
256 720 137 146 225 310 785 204 193 138 647 
256 720
137 720
146 256
225 256
310 256
785 256
204 256
193 720
138 720
647 256
335 580 448 342 555 43 677 271 633 262 588 302 787 336 83 7 231 24 169 443 737 652 602 389 359 722 497 341 81 548 216 
335 580
448 335
342 335
555 335
43 580
677 335
271 580
633 580
262 335
588 580
302 335
787 580
336 580
83 580
7 580
231 335
24 335
169 335
443 335
737 335
652 335
602 580
389 580
359 335
722 335
497 335
341 335
81 335
548 335
216 580
519 522 6 237 49 177 462 78 649 289 
519 522
6 522
237 519
49 522
177 522
462 522
78 519
649 522
289 519
128 637 26 630 
128 637
26 637
630 637
379 695 35 607 27 327 
379 695
35 695
607 379
27 379
327 379
167 363 360 
167 363
360 363
172 639 65 346 407 
172 639
65 639
346 172
407 172
158 339 276 604 264 590 267 232 601 449 725 631 188 712 
158 339
276 158
604 158
264 339
590 339
267 339
232 158
601 158
449 158
725 158
631 158
188 158
712 158
670 671 594 114 151 769 297 
670 671
594 670
114 671
151 671
769 670
297 671
729 747 571 406 199 560 546 395 354 296 731 514 186 185 417 
729 747
571 747
406 747
199 747
560 729
546 747
395 729
354 747
296 729
731 729
514 747
186 729
185 729
417 729
223 799 157 592 609 351 218 117 
223 799
157 799
592 799
609 799
351 799
218 799
117 799
220 248 447 257 392 613 30 561 616 685 64 108 294 614 329 155 599 20 404 676 263 388 791 334 269 
220 248
447 248
257 220
392 248
613 248
30 248
561 248
616 248
685 220
64 220
108 220
294 248
614 248
329 248
155 248
599 220
20 248
404 220
676 248
263 248
388 248
791 220
334 248
269 248
133 569 109 528 149 581 578 279 708 182 249 488 87 474 523 763 756 28 779 768 410 432 723 56 94 147 541 340 396 636 86 654 507 36 501 37 306 440 93 317 66 33 222 104 660 180 655 627 298 332 475 370 283 689 617 208 266 243 582 4 428 591 258 31 
133 569
109 569
528 569
149 569
581 569
578 569
279 133
708 569
182 133
249 133
488 569
87 569
474 569
523 133
763 133
756 133
28 569
779 133
768 569
410 133
432 569
723 569
56 133
94 133
147 569
541 569
340 133
396 569
636 133
86 133
654 569
507 133
36 569
501 133
37 569
306 133
440 569
93 569
317 133
66 133
33 569
222 133
104 569
660 569
180 133
655 133
627 133
298 569
332 569
475 133
370 569
283 569
689 569
617 569
208 569
266 133
243 569
582 133
4 569
428 569
591 133
258 569
31 133
411 565 
411 565
15 552 789 358 564 399 726 
15 552
789 15
358 552
564 552
399 552
726 552
228 356 345 362 284 492 566 540 
228 356
345 356
362 356
284 356
492 228
566 356
540 228
272 454 436 754 116 419 786 425 765 387 89 500 640 
272 454
436 272
754 272
116 272
419 272
786 454
425 272
765 272
387 272
89 272
500 454
640 454
110 421 120 543 797 
110 421
120 110
543 110
797 110
531 638 123 195 288 349 557 761 533 618 775 625 270 221 697 97 112 
531 638
123 638
195 638
288 531
349 531
557 531
761 638
533 638
618 638
775 531
625 531
270 638
221 531
697 638
97 638
112 531
192 313 
192 313
140 189 537 414 386 672 770 690 91 136 442 251 534 
140 189
537 140
414 189
386 189
672 140
770 140
690 189
91 189
136 189
442 189
251 140
534 189
376 684 721 210 611 203 67 418 280 145 656 511 490 579 197 397 650 55 382 433 467 790 268 73 
376 684
721 684
210 376
611 684
203 684
67 684
418 376
280 376
145 684
656 684
511 684
490 684
579 684
197 376
397 376
650 684
55 376
382 684
433 376
467 376
790 376
268 684
73 376
239 585 79 381 76 587 106 353 700 504 595 512 135 679 352 429 706 495 498 1 778 102 549 90 673 606 464 740 648 624 766 
239 585
79 585
381 239
76 585
587 585
106 585
353 585
700 585
504 239
595 239
512 239
135 239
679 585
352 239
429 585
706 585
495 239
498 239
1 239
778 239
102 239
549 585
90 239
673 585
606 585
464 585
740 585
648 239
624 585
766 585
645 751 741 211 318 517 780 255 
645 751
741 751
211 751
318 645
517 645
780 751
255 645
46 107 451 375 586 278 62 219 735 658 361 198 170 348 165 274 281 23 159 261 457 777 422 642 629 295 156 678 111 380 767 478 113 52 521 745 377 77 164 333 134 321 783 187 59 98 715 405 744 452 634 305 559 526 795 22 
46 107
451 46
375 107
586 107
278 46
62 107
219 46
735 46
658 46
361 107
198 46
170 46
348 107
165 107
274 107
281 107
23 107
159 46
261 46
457 107
777 107
422 107
642 46
629 107
295 46
156 107
678 46
111 46
380 107
767 107
478 107
113 107
52 46
521 46
745 107
377 107
77 46
164 46
333 107
134 46
321 46
783 46
187 107
59 107
98 107
715 107
405 46
744 46
452 46
634 46
305 46
559 107
526 107
795 46
22 107
446 682 489 698 184 153 749 732 445 400 626 714 727 
446 682
489 446
698 682
184 682
153 682
749 446
732 682
445 446
400 446
626 682
714 682
727 682
408 470 499 794 450 287 496 319 227 32 
408 470
499 408
794 408
450 408
287 470
496 408
319 470
227 408
32 408
29 314 121 401 412 402 139 423 236 5 707 784 503 143 217 603 487 
29 314
121 29
401 29
412 314
402 314
139 314
423 314
236 314
5 29
707 314
784 314
503 29
143 29
217 29
603 314
487 29
160 437 691 793 324 502 311 424 337 205 51 338 173 290 212 282 485 486 759 127 558 674 527 61 8 100 551 665 9 247 476 593 372 244 299 484 
160 437
691 160
793 437
324 160
502 437
311 160
424 437
337 437
205 160
51 437
338 437
173 160
290 437
212 437
282 437
485 160
486 160
759 160
127 160
558 437
674 160
527 160
61 160
8 437
100 437
551 437
665 160
9 437
247 160
476 437
593 437
372 437
244 437
299 437
484 437
316 427 696 570 323 750 303 152 663 589 687 553 598 312 653 2 131 493 509 481 75 752 545 328 369 680 473 748 322 620 58 471 704 191 
316 427
696 427
570 427
323 427
750 316
303 316
152 316
663 427
589 427
687 427
553 427
598 427
312 427
653 427
2 427
131 427
493 427
509 427
481 427
75 427
752 427
545 427
328 316
369 427
680 316
473 427
748 427
322 427
620 427
58 316
471 427
704 427
191 427
373 384 202 409 357 458 253 
373 384
202 373
409 373
357 384
458 384
253 384
364 538 385 605 383 
364 538
385 364
605 364
383 364
350 781 3 520 124 0 179 567 774 214 568 162 63 798 265 755 241 688 103 260 597 644 529 54 99 459 57 681 746 491 463 215 331 510 743 694 96 662 562 441 252 171 
350 781
3 350
520 350
124 350
0 781
179 781
567 781
774 781
214 781
568 781
162 781
63 350
798 781
265 781
755 781
241 350
688 350
103 781
260 781
597 350
644 781
529 781
54 781
99 781
459 781
57 781
681 781
746 350
491 350
463 350
215 350
331 781
510 350
743 781
694 781
96 350
662 350
562 781
441 350
252 781
171 781
259 556 420 174 190 19 782 734 
259 556
420 259
174 556
190 259
19 259
782 556
734 259
