? 11 139 402 423 435 401 542 709 739 753 641 309 
? 10 408 470 499 287 794 450 227 19 174 319 
? 10 207 550 142 407 293 456 363 671 617 727 
? 10 224 758 773 150 157 487 609 592 143 799 
? 9 436 454 419 272 89 765 754 116 360 
? 9 729 747 406 571 199 560 354 546 731 
? 8 561 624 614 392 236 356 228 334 
? 8 132 362 284 566 461 492 34 603 
? 8 259 556 245 343 496 53 420 41 
? 8 110 540 404 797 399 543 217 15 
? 7 296 417 647 385 26 364 605 
? 7 526 608 98 628 240 187 559 
? 7 172 639 370 298 584 202 357 
? 6 72 355 60 242 649 185 
? 6 27 327 634 744 405 411 
? 5 409 786 68 425 500 
? 5 5 244 503 223 351 
? 5 168 374 530 32 552 
? 5 196 640 383 395 661 
? 4 734 789 120 657 
? 3 218 726 710 
? 3 345 707 200 
!
335 580 448 342 43 555 262 271 787 336 588 83 7 302 231 169 652 167 359 443 389 722 497 373 548 216 384 24 719 472 190 458 439 
335 580
448 580
342 580
43 580
555 580
262 335
271 43
787 43
336 262
588 43
83 787
7 787
302 448
231 302
169 231
652 169
167 652
359 231
443 359
389 7
722 389
497 359
373 652
548 497
216 722
384 373
24 262
719 231
472 216
190 787
458 548
439 216
27 327 634 744 405 411 
5734 2953
29 314 344 105 42 326 183 683 554 484 372 469 367 621 692 250 44 772 666 659 209 235 412 525 
29 314
344 314
105 29
42 344
326 105
183 105
683 29
554 344
484 326
372 183
469 105
367 554
621 367
692 469
250 367
44 250
772 44
666 367
659 250
209 44
235 209
412 666
525 44
17 539 176 201 724 572 547 206 699 122 596 115 532 508 390 701 619 760 141 757 13 307 18 583 762 622 
17 539
176 539
201 17
724 176
572 539
547 17
206 724
699 572
122 539
596 17
115 539
532 724
508 699
390 201
701 115
619 539
760 701
141 176
757 141
13 115
307 760
18 724
583 115
762 390
622 583
160 437 793 691 324 338 424 205 311 502 665 551 51 337 212 558 282 759 486 290 173 127 674 485 527 8 121 61 100 247 476 593 9 45 
160 437
793 160
691 160
324 691
338 160
424 437
205 691
311 793
502 160
665 437
551 437
51 311
337 502
212 337
558 205
282 691
759 691
486 691
290 212
173 551
127 311
674 424
485 674
527 324
8 212
121 674
61 485
100 486
247 8
476 247
593 51
9 527
45 476
345 707 200 
286 7843
194 301 438 431 733 325 667 535 426 154 71 713 285 675 95 742 358 25 117 564 
194 301
438 194
431 301
733 194
325 194
667 301
535 438
426 431
154 194
71 325
713 431
285 325
675 431
95 713
742 95
358 154
25 431
117 426
564 426
531 638 123 195 288 557 349 761 533 775 697 270 112 97 565 630 467 
531 638
123 531
195 638
288 531
557 531
349 123
761 195
533 761
775 533
697 533
270 697
112 775
97 697
565 97
630 565
467 112
445 698 682 650 749 489 732 153 346 65 184 446 626 625 712 714 221 686 725 400 631 73 280 297 277 
445 698
682 445
650 698
749 698
489 682
732 445
153 732
346 445
65 346
184 489
446 682
626 184
625 749
712 489
714 732
221 625
686 714
725 489
400 626
631 725
73 650
280 650
297 714
277 714
224 758 773 150 157 487 609 592 143 799 
2082 4445
196 640 383 395 661 
5593 5044
729 747 406 571 199 560 354 546 731 
9699 7736
436 454 419 272 89 765 754 116 360 
8115 1224
256 720 433 137 310 146 785 193 204 225 138 790 716 418 253 203 477 730 
256 720
433 720
137 720
310 256
146 720
785 146
193 433
204 310
225 310
138 193
790 433
716 193
418 433
253 310
203 790
477 193
730 253
139 402 423 435 401 542 709 739 753 641 309 
6620 1963
239 585 79 504 106 381 353 595 587 512 700 76 299 135 352 549 679 706 429 599 102 778 1 495 648 498 606 90 766 464 447 
239 585
79 585
504 239
106 585
381 79
353 585
595 239
587 79
512 381
700 587
76 587
299 239
135 585
352 381
549 585
679 76
706 679
429 679
599 549
102 353
778 299
1 700
495 353
648 429
498 549
606 599
90 102
766 549
464 679
447 464
207 550 142 407 293 456 363 671 617 727 
9194 8013
734 789 120 657 
6403 1055
72 355 60 242 649 185 
4778 3717
218 726 710 
8502 4985
168 374 530 32 552 
4543 2854
158 339 276 590 264 604 267 232 449 601 594 769 670 188 
158 339
276 158
590 158
264 339
604 276
267 590
232 604
449 604
601 604
594 267
769 594
670 449
188 670
172 639 370 298 584 202 357 
9952 5449
155 616 378 226 257 308 64 220 615 329 294 333 685 59 468 
155 616
378 155
226 378
257 616
308 378
64 155
220 257
615 308
329 64
294 329
333 226
685 329
59 308
468 308
110 540 404 797 399 543 217 15 
1361 311
38 148 84 85 705 764 702 88 506 480 711 258 126 516 178 574 544 16 315 736 31 175 591 246 40 
38 148
84 148
85 38
705 38
764 148
702 764
88 148
506 764
480 148
711 506
258 88
126 764
516 506
178 705
574 85
544 258
16 178
315 574
736 574
31 544
175 178
591 506
246 516
40 16
133 569 109 149 578 528 182 581 488 708 763 279 87 779 474 523 249 28 756 768 56 36 432 94 410 723 147 501 541 340 86 33 440 636 306 396 654 507 37 93 332 104 66 243 317 475 222 660 655 627 114 180 341 689 283 582 101 428 208 266 4 81 151 677 
133 569
109 133
149 133
578 109
528 578
182 133
581 149
488 569
708 578
763 133
279 182
87 569
779 149
474 578
523 279
249 523
28 474
756 279
768 182
56 28
36 87
432 87
94 756
410 763
723 410
147 523
501 410
541 474
340 768
86 94
33 474
440 768
636 779
306 523
396 541
654 723
507 147
37 340
93 654
332 541
104 33
66 541
243 636
317 147
475 93
222 147
660 636
655 317
627 306
114 660
180 317
341 33
689 475
283 475
582 440
101 582
428 660
208 283
266 306
4 475
81 341
151 428
677 36
50 421 
50 421
526 608 98 628 240 187 559 
8920 1866
259 556 245 343 496 53 420 41 
2059 8526
140 537 189 672 534 386 136 770 91 442 304 387 795 
140 537
189 140
672 537
534 140
386 537
136 672
770 386
91 386
442 136
304 136
387 386
795 136
5 244 503 223 351 
5454 5935
434 563 10 669 129 305 715 269 643 391 163 388 22 632 263 676 20 
434 563
10 563
669 563
129 669
305 434
715 563
269 669
643 563
391 129
163 643
388 269
22 434
632 643
263 388
676 388
20 676
186 538 
186 538
6 522 519 237 637 78 462 289 128 177 514 49 234 
6 522
519 522
237 522
637 6
78 6
462 237
289 522
128 522
177 237
514 519
49 177
234 522
213 479 693 80 371 515 717 738 275 144 483 573 646 524 415 792 635 575 465 460 600 623 455 796 
213 479
693 213
80 213
371 80
515 80
717 371
738 371
275 738
144 275
483 738
573 144
646 144
524 573
415 483
792 646
635 515
575 792
465 635
460 415
600 575
623 575
455 623
796 573
161 612 70 254 292 39 610 181 536 413 703 125 393 130 505 788 286 118 416 48 92 576 119 21 82 403 784 166 233 482 366 
161 612
70 612
254 612
292 612
39 292
610 70
181 39
536 181
413 610
703 610
125 536
393 39
130 181
505 610
788 393
286 610
118 610
416 610
48 505
92 118
576 610
119 125
21 576
82 48
403 393
784 92
166 48
233 403
482 166
366 92
132 362 284 566 461 492 34 603 
1851 5217
350 781 3 520 124 214 179 774 567 568 688 798 755 0 162 54 63 265 597 241 103 260 510 99 57 529 644 681 459 746 491 791 171 694 743 215 662 562 463 252 740 96 251 441 673 108 613 782 602 737 690 331 414 633 30 248 
350 781
3 350
520 350
124 3
214 781
179 350
774 781
567 774
568 3
688 350
798 214
755 567
0 214
162 520
54 798
63 214
265 567
597 798
241 520
103 214
260 103
510 241
99 688
57 260
529 265
644 529
681 103
459 520
746 265
491 63
791 57
171 597
694 99
743 162
215 241
662 743
562 260
463 694
252 681
740 529
96 662
251 215
441 597
673 529
108 673
613 662
782 681
602 252
737 491
690 241
331 737
414 215
633 602
30 613
248 743
645 751 211 741 255 517 607 318 192 695 379 35 313 
645 751
211 751
741 645
255 645
517 645
607 645
318 607
192 517
695 607
379 607
35 318
313 318
408 470 499 287 794 450 227 19 174 319 
1771 1786
376 684 721 67 210 611 656 397 145 511 579 490 55 618 197 382 268 
376 684
721 684
67 684
210 721
611 721
656 721
397 376
145 721
511 67
579 611
490 210
55 611
618 145
197 579
382 579
268 145
368 453 347 11 273 718 69 330 12 291 518 513 320 365 430 728 494 14 776 577 230 238 664 771 444 74 300 398 47 229 466 668 651 780 452 394 
368 453
347 453
11 368
273 368
718 11
69 718
330 69
12 347
291 273
518 273
513 291
320 518
365 347
430 69
728 347
494 718
14 518
776 14
577 728
230 14
238 513
664 365
771 776
444 664
74 444
300 238
398 238
47 398
229 664
466 771
668 229
651 664
780 577
452 668
394 668
316 427 696 570 750 323 152 663 303 589 687 553 598 312 653 2 493 481 75 131 752 509 545 328 680 369 748 58 322 473 620 471 704 191 
316 427
696 427
570 696
750 570
323 427
152 323
663 152
303 152
589 303
687 589
553 589
598 687
312 553
653 312
2 312
493 653
481 653
75 312
131 481
752 75
509 752
545 2
328 481
680 509
369 545
748 545
58 328
322 328
473 748
620 509
471 75
704 620
191 748
296 417 647 385 26 364 605 
430 3936
409 786 68 425 500 
4016 8598
46 107 451 375 586 361 219 62 658 159 274 198 348 165 170 642 23 278 735 281 422 629 457 777 111 678 261 767 156 295 380 478 521 113 745 783 52 134 77 377 164 321 
46 107
451 107
375 107
586 107
361 46
219 451
62 586
658 219
159 219
274 107
198 219
348 375
165 586
170 219
642 107
23 375
278 219
735 62
281 451
422 165
629 62
457 735
777 586
111 777
678 170
261 777
767 261
156 261
295 642
380 642
478 156
521 380
113 380
745 658
783 170
52 170
134 111
77 745
377 113
164 77
321 77
561 624 614 392 236 356 228 334 
7666 5751
