!
335 580 448 342 555 43 677 262 271 737 336 588 787 633 83 24 7 389 169 231 652 302 359 443 602 167 548 722 497 81 216 384 373 
335 580
448 335
342 335
555 448
43 555
677 335
262 448
271 43
737 580
336 737
588 580
787 271
633 787
83 633
24 335
7 83
389 7
169 24
231 169
652 262
302 231
359 302
443 359
602 389
167 443
548 167
722 602
497 652
81 497
216 722
384 548
373 384
68 409 463 500 458 91 
68 409
463 409
500 409
458 409
91 68
645 751 517 780 607 211 318 741 255 192 35 379 313 695 27 327 546 72 355 406 571 60 234 354 
645 751
517 751
780 751
607 645
211 751
318 751
741 645
255 517
192 255
35 645
379 35
313 379
695 313
27 695
327 27
546 751
72 546
355 72
406 355
571 406
60 571
234 60
354 234
17 539 176 572 724 201 547 206 115 619 390 141 699 596 508 307 13 760 122 701 532 764 622 757 762 711 
17 539
176 539
572 539
724 176
201 539
547 17
206 176
115 17
619 176
390 17
141 724
699 206
596 539
508 699
307 17
13 141
760 307
122 17
701 13
532 176
764 532
622 701
757 122
762 622
711 764
368 453 347 273 718 11 728 291 518 12 69 330 494 430 513 365 320 14 776 230 577 74 664 238 444 229 771 300 398 47 668 651 466 394 
368 453
347 453
273 453
718 368
11 453
728 453
291 368
518 291
12 347
69 368
330 69
494 330
430 494
513 368
365 347
320 513
14 320
776 14
230 776
577 12
74 365
664 74
238 230
444 664
229 444
771 577
300 238
398 300
47 398
668 229
651 668
466 771
394 651
584 591 50 
584 591
50 591
213 479 693 583 80 371 717 738 515 275 144 646 483 524 573 635 792 415 465 575 
213 479
693 213
583 479
80 583
371 80
717 371
738 717
515 738
275 515
144 275
646 144
483 646
524 483
573 524
635 573
792 213
415 792
465 693
575 415
531 638 123 195 382 349 288 557 704 761 533 471 618 270 775 97 112 
531 638
123 638
195 638
382 531
349 531
288 349
557 531
704 531
761 638
533 761
471 531
618 531
270 618
775 270
97 775
112 97
38 148 84 705 85 506 702 18 480 88 516 574 178 258 315 736 16 126 796 246 31 175 40 101 168 
38 148
84 148
705 38
85 38
506 38
702 506
18 148
480 38
88 38
516 88
574 84
178 84
258 516
315 574
736 315
16 84
126 258
796 178
246 126
31 246
175 796
40 736
101 31
168 40
142 207 293 719 477 550 407 686 277 456 
142 207
293 207
719 207
477 142
550 293
407 477
686 293
277 207
456 550
34 362 228 345 334 
34 362
228 34
345 228
334 228
25 150 773 623 455 224 600 675 758 
25 150
773 150
623 25
455 150
224 25
600 25
675 25
758 773
729 747 199 560 383 395 731 411 360 
729 747
199 747
560 729
383 729
395 383
731 199
411 199
360 731
256 720 137 785 433 146 225 790 310 193 138 418 204 716 357 363 467 511 
256 720
137 720
785 720
433 720
146 720
225 720
790 720
310 137
193 720
138 193
418 720
204 310
716 137
357 716
363 256
467 204
511 720
194 301 431 325 438 535 358 426 733 667 713 
194 301
431 301
325 194
438 194
535 194
358 194
426 194
733 431
667 301
713 431
239 585 79 381 106 76 587 504 700 495 595 353 352 512 135 299 679 606 90 648 498 778 706 1 464 429 549 766 673 220 108 
239 585
79 585
381 239
106 239
76 585
587 76
504 239
700 239
495 585
595 585
353 239
352 585
512 585
135 79
299 239
679 79
606 679
90 239
648 79
498 90
778 239
706 606
1 778
464 706
429 464
549 429
766 549
673 1
220 648
108 673
408 470 499 287 420 120 227 496 174 552 
408 470
499 470
287 499
420 408
120 408
227 408
496 408
174 470
552 499
65 297 346 298 
65 297
346 65
298 297
15 789 399 657 110 734 
15 789
399 15
657 15
110 15
734 399
244 503 460 
244 503
460 503
136 442 304 468 615 
136 442
304 442
468 442
615 468
439 472 259 245 41 556 343 530 319 794 450 782 32 53 
439 472
259 439
245 439
41 245
556 259
343 556
530 259
319 259
794 319
450 794
782 450
32 259
53 343
177 242 49 462 565 697 534 
177 242
49 242
462 177
565 49
697 49
534 462
139 402 423 412 525 709 739 641 309 784 236 707 599 603 284 
139 402
423 139
412 402
525 412
709 525
739 709
641 739
309 641
784 309
236 784
707 236
599 707
603 599
284 603
157 799 487 592 223 742 609 143 
157 799
487 799
592 799
223 799
742 157
609 157
143 799
29 314 42 105 326 344 183 367 469 692 484 372 683 621 554 250 44 772 666 45 209 235 542 753 401 
29 314
42 314
105 314
326 105
344 42
183 29
367 344
469 42
692 29
484 29
372 484
683 372
621 367
554 469
250 621
44 250
772 44
666 772
45 683
209 45
235 209
542 666
753 235
401 554
133 569 109 528 149 578 279 581 182 708 488 763 87 249 474 779 56 523 28 756 768 410 340 86 94 507 723 147 33 636 432 440 396 501 654 541 306 93 66 36 317 37 655 475 332 617 341 222 660 243 627 283 370 151 180 582 208 266 4 104 428 114 689 544 
133 569
109 569
528 569
149 569
578 109
279 133
581 133
182 569
708 578
488 133
763 569
87 763
249 133
474 708
779 474
56 569
523 569
28 779
756 523
768 756
410 768
340 410
86 569
94 86
507 133
723 569
147 569
33 28
636 147
432 33
440 569
396 432
501 440
654 501
541 396
306 133
93 569
66 541
36 93
317 133
37 133
655 109
475 37
332 66
617 332
341 109
222 655
660 617
243 222
627 243
283 475
370 660
151 341
180 370
582 283
208 582
266 627
4 208
104 151
428 104
114 428
689 4
544 689
20 492 
20 492
116 754 387 786 765 272 661 
116 754
387 754
786 116
765 387
272 786
661 272
561 624 392 614 294 329 685 356 
561 624
392 561
614 561
294 561
329 294
685 329
356 685
632 643 608 163 628 434 563 240 391 669 129 566 132 
632 643
608 632
163 643
628 643
434 643
563 434
240 632
391 643
669 391
129 669
566 632
132 566
218 726 117 710 95 
218 726
117 726
710 726
95 117
155 616 613 30 378 263 388 96 226 676 447 257 10 64 269 308 248 
155 616
613 616
30 613
378 155
263 155
388 263
96 613
226 388
676 155
447 613
257 447
10 676
64 155
269 155
308 155
248 257
190 421 
190 421
158 339 264 267 232 769 594 670 727 639 172 671 714 
158 339
264 339
267 264
232 267
769 158
594 769
670 594
727 670
639 727
172 639
671 172
714 671
446 682 489 725 184 698 445 749 631 191 153 712 625 732 400 604 276 601 650 221 590 449 626 188 
446 682
489 446
725 489
184 489
698 682
445 698
749 682
631 489
191 682
153 184
712 446
625 446
732 153
400 631
604 400
276 604
601 276
650 625
221 650
590 601
449 590
626 732
188 626
316 427 696 663 570 323 750 303 589 152 687 553 2 598 312 653 481 493 509 328 545 75 752 131 680 369 58 473 748 322 620 
316 427
696 427
663 316
570 427
323 316
750 696
303 323
589 303
152 589
687 750
553 152
2 553
598 687
312 2
653 312
481 653
493 481
509 598
328 493
545 509
75 545
752 75
131 328
680 752
369 131
58 369
473 58
748 473
322 748
620 680
140 189 537 414 690 672 386 770 
140 189
537 140
414 140
690 189
672 537
386 672
770 386
46 107 451 375 586 62 658 219 274 735 198 170 361 23 629 261 278 281 348 777 642 159 457 422 165 678 295 767 156 113 111 380 478 321 333 745 77 521 377 52 559 783 305 164 134 452 187 744 715 98 59 634 22 405 526 795 
46 107
451 46
375 107
586 46
62 586
658 107
219 451
274 46
735 107
198 219
170 198
361 170
23 107
629 107
261 107
278 361
281 278
348 107
777 451
642 107
159 451
457 107
422 457
165 422
678 159
295 46
767 777
156 767
113 295
111 451
380 113
478 156
321 678
333 380
745 321
77 745
521 333
377 521
52 281
559 377
783 77
305 559
164 46
134 111
452 783
187 107
744 46
715 107
98 478
59 715
634 452
22 98
405 59
526 22
795 405
6 637 522 519 78 128 186 237 649 514 185 630 289 
6 637
522 6
519 522
78 6
128 6
186 637
237 522
649 6
514 637
185 637
630 522
289 522
640 730 253 196 425 202 647 419 454 436 
640 730
253 640
196 253
425 730
202 253
647 730
419 640
454 419
436 454
376 684 721 210 145 611 67 280 203 490 579 197 397 73 656 55 268 
376 684
721 684
210 684
145 721
611 210
67 684
280 684
203 376
490 376
579 721
197 579
397 145
73 376
656 197
55 73
268 397
160 437 502 793 324 282 338 691 311 665 127 51 759 424 337 212 205 61 558 486 8 674 485 527 100 290 173 551 217 247 121 593 5 102 476 9 
160 437
502 437
793 160
324 437
282 437
338 160
691 437
311 437
665 311
127 437
51 437
759 160
424 502
337 502
212 337
205 759
61 424
558 205
486 558
8 212
674 61
485 674
527 8
100 486
290 502
173 502
551 485
217 100
247 527
121 551
593 160
5 593
102 247
476 502
9 476
161 612 70 254 39 292 610 181 536 703 413 130 125 393 505 48 416 118 92 788 21 576 286 482 82 119 435 403 233 166 200 366 461 659 
161 612
70 612
254 612
39 161
292 70
610 70
181 39
536 292
703 610
413 703
130 181
125 536
393 130
505 413
48 505
416 48
118 125
92 118
788 393
21 70
576 92
286 70
482 21
82 482
119 576
435 82
403 788
233 403
166 435
200 233
366 119
461 200
659 166
19 374 154 285 351 564 71 
19 374
154 374
285 374
351 374
564 351
71 19
540 797 404 543 791 
540 797
404 540
543 540
791 404
350 781 3 124 520 214 179 0 63 162 774 567 798 568 755 597 265 241 103 688 644 260 529 510 681 99 57 746 491 459 743 740 54 171 331 252 251 562 215 441 694 662 
350 781
3 350
124 3
520 781
214 350
179 350
0 350
63 781
162 350
774 781
567 781
798 781
568 3
755 781
597 350
265 350
241 3
103 568
688 241
644 265
260 103
529 644
510 688
681 260
99 350
57 3
746 781
491 681
459 510
743 459
740 746
54 3
171 54
331 171
252 491
251 350
562 57
215 251
441 252
694 215
662 743
385 417 296 26 605 89 364 538 
385 417
296 417
26 385
605 417
89 417
364 385
538 364
