!
71 431 
71 431
34 303 158 258 113 
34 303
158 303
258 303
113 303
3 733 666 569 721 404 421 680 372 87 102 389 77 109 516 
3 733
666 733
569 3
721 733
404 3
421 3
680 733
372 3
87 733
102 733
389 733
77 3
109 3
516 3
143 467 
143 467
634 742 630 658 496 57 36 130 
634 742
630 634
658 634
496 634
57 634
36 634
130 742
32 523 780 22 434 541 611 475 149 715 132 699 526 68 203 776 455 696 140 318 324 99 753 37 
32 523
780 32
22 523
434 523
541 32
611 523
475 32
149 523
715 523
132 523
699 523
526 32
68 32
203 523
776 523
455 523
696 32
140 32
318 32
324 523
99 32
753 32
37 523
419 671 289 473 394 788 450 286 51 770 773 464 631 461 792 451 578 66 
419 671
289 419
473 419
394 671
788 671
450 419
286 419
51 419
770 419
773 671
464 671
631 419
461 671
792 671
451 671
578 419
66 419
576 641 30 459 737 360 493 170 476 114 598 724 316 519 408 154 520 195 754 531 110 589 
576 641
30 641
459 641
737 576
360 576
493 576
170 576
476 576
114 576
598 576
724 641
316 576
519 576
408 641
154 576
520 641
195 576
754 641
531 576
110 641
589 576
584 704 694 756 65 505 228 189 511 180 678 588 70 
584 704
694 584
756 584
65 584
505 584
228 584
189 704
511 584
180 584
678 584
588 584
70 584
386 794 84 619 433 649 456 337 90 536 617 782 273 
386 794
84 794
619 386
433 386
649 794
456 386
337 794
90 386
536 794
617 794
782 794
273 794
79 705 141 217 633 559 361 181 714 707 660 
79 705
141 705
217 705
633 79
559 705
361 705
181 79
714 705
707 705
660 705
93 430 62 108 604 354 651 627 545 772 457 175 218 656 165 740 449 
93 430
62 430
108 430
604 430
354 93
651 93
627 430
545 430
772 430
457 93
175 93
218 93
656 430
165 93
740 430
449 93
124 624 661 125 221 662 47 231 532 216 646 741 397 
124 624
661 124
125 624
221 624
662 624
47 124
231 624
532 624
216 124
646 624
741 124
397 624
478 491 54 790 695 548 150 620 206 329 23 472 422 317 652 582 539 227 498 755 20 312 133 
478 491
54 478
790 491
695 478
548 491
150 478
620 491
206 478
329 491
23 478
472 491
422 491
317 478
652 491
582 491
539 491
227 491
498 491
755 491
20 491
312 491
133 478
346 622 262 17 766 266 432 226 155 784 749 688 4 8 730 308 614 482 538 46 160 543 146 481 439 587 385 276 
346 622
262 346
17 346
766 346
266 346
432 346
226 346
155 346
784 346
749 622
688 622
4 346
8 622
730 622
308 346
614 346
482 346
538 346
46 346
160 346
543 346
146 346
481 346
439 622
587 622
385 346
276 346
42 558 586 225 
42 558
586 558
225 42
470 574 275 192 760 
470 574
275 574
192 470
760 470
115 606 581 492 436 182 363 566 650 771 527 191 152 428 116 50 
115 606
581 606
492 606
436 115
182 115
363 606
566 606
650 115
771 606
527 606
191 115
152 606
428 606
116 115
50 115
350 767 778 351 
350 767
778 350
351 350
156 623 683 580 319 676 
156 623
683 156
580 156
319 156
676 156
427 681 368 717 748 343 530 474 465 595 384 16 18 167 144 83 0 76 237 399 201 732 
427 681
368 681
717 681
748 681
343 427
530 681
474 427
465 681
595 681
384 427
16 427
18 427
167 427
144 681
83 427
0 681
76 427
237 427
399 427
201 681
732 427
128 499 783 563 487 664 743 540 14 257 489 562 383 444 67 781 786 572 365 564 208 315 518 370 547 610 454 235 58 357 568 599 248 72 643 480 441 411 686 
128 499
783 128
563 499
487 499
664 499
743 128
540 499
14 499
257 128
489 128
562 128
383 128
444 499
67 128
781 499
786 128
572 499
365 499
564 128
208 499
315 499
518 499
370 128
547 499
610 128
454 128
235 499
58 499
357 499
568 128
599 128
248 499
72 499
643 128
480 499
441 128
411 499
686 128
252 549 210 60 168 601 336 89 729 277 486 43 121 347 392 565 490 716 657 12 529 381 603 364 453 159 521 690 557 750 10 524 556 282 744 751 74 723 423 120 
252 549
210 252
60 549
168 549
601 549
336 549
89 252
729 252
277 549
486 252
43 252
121 549
347 549
392 252
565 549
490 549
716 549
657 252
12 549
529 252
381 252
603 252
364 252
453 549
159 549
521 549
690 549
557 549
750 549
10 252
524 252
556 549
282 549
744 549
751 252
74 549
723 252
423 549
120 252
250 613 796 698 502 280 86 205 176 594 736 300 735 466 
250 613
796 613
698 613
502 613
280 250
86 250
205 250
176 613
594 613
736 250
300 250
735 250
466 613
314 693 98 382 25 349 48 440 789 608 665 745 393 570 166 233 126 758 292 222 55 5 395 64 376 362 344 61 609 573 137 186 223 264 509 11 674 479 59 534 791 327 647 94 471 259 420 485 56 785 135 644 768 272 26 52 196 414 597 387 188 339 45 429 628 214 731 345 448 129 722 142 640 304 764 290 375 193 402 326 379 667 585 401 353 204 177 7 169 377 797 88 261 287 251 147 508 590 207 663 247 294 69 438 551 331 163 285 494 528 407 659 691 738 53 739 302 591 245 692 215 700 171 388 2 447 443 253 725 
314 693
98 693
382 693
25 314
349 314
48 693
440 314
789 314
608 693
665 693
745 693
393 314
570 693
166 693
233 693
126 693
758 693
292 693
222 693
55 693
5 693
395 693
64 693
376 693
362 693
344 693
61 693
609 693
573 314
137 693
186 693
223 314
264 693
509 314
11 314
674 693
479 693
59 314
534 693
791 314
327 693
647 693
94 314
471 693
259 314
420 314
485 314
56 693
785 314
135 693
644 693
768 693
272 693
26 693
52 693
196 693
414 314
597 693
387 693
188 693
339 314
45 693
429 693
628 693
214 314
731 693
345 693
448 314
129 693
722 693
142 693
640 693
304 314
764 693
290 314
375 314
193 314
402 693
326 314
379 693
667 693
585 693
401 693
353 693
204 693
177 693
7 314
169 314
377 693
797 693
88 314
261 693
287 693
251 693
147 314
508 693
590 314
207 693
663 693
247 693
294 693
69 693
438 693
551 693
331 314
163 693
285 693
494 693
528 693
407 693
659 693
691 693
738 314
53 693
739 693
302 693
591 314
245 314
692 693
215 314
700 314
171 693
388 314
2 314
447 314
443 693
253 693
725 693
330 779 75 416 484 507 701 460 
330 779
75 330
416 779
484 330
507 330
701 779
460 779
80 621 190 645 602 309 
80 621
190 621
645 621
602 80
309 621
311 708 668 
311 708
668 311
230 567 199 340 31 373 283 21 501 799 111 552 710 219 242 642 575 607 747 335 73 39 483 380 352 27 49 653 
230 567
199 230
340 230
31 230
373 567
283 567
21 567
501 567
799 230
111 567
552 567
710 567
219 567
242 230
642 230
575 230
607 230
747 230
335 230
73 567
39 230
483 230
380 230
352 567
27 230
49 230
653 230
244 685 323 446 81 265 40 
244 685
323 685
446 685
81 244
265 685
40 685
654 761 
654 761
183 209 
183 209
321 632 504 82 269 305 522 793 506 398 332 
321 632
504 632
82 632
269 321
305 321
522 321
793 321
506 321
398 321
332 321
9 91 635 513 703 
9 91
635 91
513 91
703 91
117 374 618 596 342 301 734 718 544 600 477 
117 374
618 117
596 117
342 374
301 374
734 117
718 374
544 117
600 374
477 117
426 757 278 263 702 236 593 512 161 153 648 555 139 542 356 550 445 
426 757
278 757
263 426
702 757
236 426
593 757
512 757
161 426
153 426
648 426
555 757
139 757
542 757
356 426
550 757
445 426
24 78 249 164 367 174 403 122 123 338 378 288 500 224 6 560 713 495 629 254 679 97 639 136 13 369 220 415 118 200 577 525 306 284 571 418 334 
24 78
249 24
164 78
367 24
174 78
403 78
122 24
123 24
338 24
378 24
288 24
500 24
224 24
6 24
560 78
713 24
495 24
629 24
254 78
679 78
97 24
639 24
136 24
13 24
369 78
220 24
415 78
118 24
200 24
577 24
525 24
306 78
284 78
571 24
418 78
334 24
706 795 105 112 371 15 106 515 299 409 396 488 234 655 328 366 726 119 19 424 96 697 255 151 682 
706 795
105 795
112 795
371 795
15 795
106 706
515 795
299 795
409 706
396 795
488 706
234 795
655 706
328 795
366 795
726 795
119 795
19 795
424 795
96 795
697 795
255 706
151 795
682 706
359 765 178 229 240 711 157 162 719 179 134 92 187 
359 765
178 359
229 359
240 765
711 359
157 359
162 765
719 359
179 765
134 765
92 765
187 765
198 752 194 281 358 425 638 
198 752
194 752
281 752
358 198
425 752
638 198
406 746 173 
406 746
173 406
145 777 211 267 412 41 510 390 355 437 33 
145 777
211 145
267 777
412 145
41 145
510 145
390 145
355 777
437 145
33 145
103 615 293 185 291 172 612 537 197 348 759 672 85 148 517 
103 615
293 103
185 615
291 103
172 615
612 103
537 103
197 103
348 615
759 103
672 615
85 103
148 615
517 103
673 787 625 533 104 763 270 712 546 38 101 
673 787
625 787
533 787
104 673
763 787
270 787
712 787
546 787
38 787
101 673
333 720 405 452 616 320 391 400 670 
333 720
405 720
452 333
616 720
320 720
391 720
400 720
670 333
138 709 463 469 689 
138 709
463 138
469 138
689 709
298 
100 554 435 417 592 296 95 212 1 775 458 127 798 675 497 514 462 553 243 29 268 
100 554
435 100
417 100
592 554
296 554
95 554
212 554
1 554
775 554
458 554
127 554
798 554
675 100
497 100
514 554
462 554
553 554
243 554
29 100
268 554
239 341 605 769 727 583 626 677 279 325 35 687 636 
239 341
605 239
769 341
727 341
583 239
626 341
677 341
279 341
325 341
35 341
687 341
636 239
63 246 535 184 213 468 503 271 313 637 
63 246
535 246
184 246
213 246
468 63
503 246
271 63
313 63
637 246
274 774 579 
274 774
579 774
131 728 256 238 410 232 44 413 561 295 297 307 28 202 107 669 322 310 260 241 762 684 442 
131 728
256 131
238 131
410 728
232 728
44 131
413 131
561 131
295 131
297 131
307 131
28 728
202 131
107 728
669 131
322 728
310 131
260 131
241 131
762 728
684 728
442 728
