!
26 553 
26 553
477 734 156 544 683 
477 734
156 477
544 734
683 156
103 615 185 612 672 2 197 85 759 148 517 447 390 294 494 
103 615
185 103
612 615
672 615
2 615
197 612
85 612
759 85
148 672
517 85
447 148
390 148
294 447
494 294
79 351 
79 351
211 777 267 412 327 644 708 29 
211 777
267 211
412 777
327 211
644 327
708 412
29 708
706 795 105 106 371 515 112 299 15 409 234 488 396 19 366 328 726 655 119 424 96 231 697 66 
706 795
105 795
106 706
371 105
515 371
112 371
299 106
15 105
409 112
234 105
488 409
396 299
19 106
366 19
328 366
726 299
655 488
119 234
424 366
96 234
231 488
697 231
66 726
419 473 671 289 450 51 770 394 578 464 286 788 461 71 773 631 239 727 
419 473
671 419
289 671
450 473
51 473
770 289
394 671
578 473
464 671
286 671
788 770
461 671
71 450
773 286
631 419
239 770
727 461
478 491 54 695 790 150 206 23 548 317 329 422 620 539 472 652 227 582 498 755 133 20 
478 491
54 478
695 478
790 491
150 790
206 54
23 54
548 790
317 478
329 790
422 329
620 790
539 150
472 539
652 539
227 329
582 539
498 23
755 206
133 755
20 422
7 353 377 339 401 597 628 407 471 534 725 437 479 
7 353
377 7
339 353
401 7
597 377
628 597
407 401
471 597
534 471
725 407
437 725
479 471
139 542 550 626 512 151 255 605 341 579 774 778 761 
139 542
550 139
626 550
512 139
151 512
255 626
605 626
341 255
579 605
774 579
778 579
761 579
405 720 33 355 268 616 798 127 442 400 1 
405 720
33 405
355 720
268 720
616 268
798 268
127 798
442 616
400 616
1 798
115 606 581 363 182 436 492 46 566 538 385 481 771 650 527 191 482 
115 606
581 606
363 606
182 606
436 182
492 182
46 115
566 436
538 46
385 46
481 182
771 363
650 363
527 436
191 527
482 46
250 613 161 502 445 205 555 176 236 702 682 153 593 
250 613
161 250
502 250
445 250
205 445
555 161
176 613
236 555
702 555
682 205
153 161
593 702
230 567 199 501 340 31 373 21 710 283 747 552 799 111 39 607 575 642 242 219 335 380 352 
230 567
199 230
501 567
340 567
31 230
373 340
21 199
710 567
283 373
747 31
552 501
799 31
111 373
39 199
607 39
575 747
642 575
242 642
219 552
335 642
380 642
352 552
24 78 367 174 164 403 123 122 338 500 288 378 629 224 495 713 679 369 639 6 415 136 254 118 220 306 13 577 
24 78
367 24
174 78
164 24
403 174
123 367
122 367
338 367
500 122
288 367
378 122
629 378
224 338
495 338
713 500
679 174
369 679
639 288
6 713
415 629
136 224
254 369
118 639
220 136
306 713
13 629
577 220
194 198 152 337 
194 198
152 194
337 152
113 173 258 740 225 
113 173
258 173
740 173
225 173
417 435 312 100 775 554 212 592 497 296 675 95 458 348 514 333 
417 435
312 435
100 312
775 417
554 100
212 417
592 554
497 100
296 592
675 497
95 296
458 592
348 775
514 458
333 514
313 637 311 372 
313 637
311 313
372 637
180 668 200 334 243 670 
180 668
200 668
334 668
243 180
670 334
576 641 30 459 737 724 114 493 476 360 170 598 531 316 110 519 408 195 154 520 754 589 
576 641
30 641
459 641
737 30
724 459
114 737
493 459
476 737
360 476
170 459
598 493
531 476
316 493
110 170
519 316
408 724
195 360
154 316
520 316
754 531
589 598
427 681 530 717 474 343 368 748 465 384 595 144 167 16 18 83 0 76 201 237 399 356 732 240 263 278 134 711 274 654 431 648 757 426 359 765 687 178 677 
427 681
530 681
717 427
474 427
343 427
368 681
748 530
465 748
384 530
595 748
144 717
167 144
16 343
18 343
83 18
0 595
76 16
201 384
237 18
399 237
356 201
732 167
240 76
263 384
278 384
134 76
711 76
274 16
654 0
431 732
648 263
757 278
426 757
359 240
765 359
687 654
178 240
677 687
314 693 98 382 349 789 25 440 665 608 393 48 745 166 233 570 126 758 222 292 55 5 395 64 344 61 609 376 94 362 11 264 186 223 137 59 674 573 791 509 
314 693
98 693
382 98
349 382
789 349
25 382
440 98
665 25
608 382
393 608
48 665
745 48
166 608
233 440
570 233
126 608
758 665
222 166
292 222
55 745
5 758
395 222
64 55
344 166
61 344
609 61
376 55
94 61
362 233
11 395
264 362
186 395
223 264
137 186
59 64
674 609
573 223
791 137
509 573
386 794 543 160 619 84 308 433 146 649 276 456 116 439 
386 794
543 794
160 543
619 386
84 386
308 160
433 619
146 308
649 146
276 146
456 84
116 649
439 146
252 549 210 168 601 336 729 60 277 89 121 486 565 43 392 490 716 347 453 657 364 529 603 12 521 159 381 10 690 750 557 282 524 556 744 74 423 120 751 723 467 370 67 568 235 786 599 503 441 783 610 743 463 689 58 563 709 128 460 257 184 315 383 213 138 499 535 686 487 664 489 781 246 75 14 507 63 469 540 468 779 330 547 516 484 701 416 102 365 562 389 760 357 444 480 208 680 192 87 564 271 572 248 454 418 643 284 518 660 560 143 470 411 421 109 666 733 72 97 569 3 588 721 249 574 404 101 559 714 
252 549
210 252
168 252
601 549
336 601
729 336
60 601
277 601
89 60
121 277
486 168
565 277
43 89
392 486
490 565
716 565
347 601
453 716
657 453
364 392
529 364
603 529
12 716
521 716
159 43
381 159
10 529
690 159
750 521
557 521
282 557
524 603
556 10
744 524
74 282
423 557
120 282
751 690
723 556
467 723
370 750
67 370
568 467
235 67
786 67
599 786
503 235
441 503
783 67
610 568
743 783
463 610
689 723
58 610
563 783
709 463
128 783
460 463
257 743
184 503
315 610
383 257
213 184
138 463
499 128
535 213
686 535
487 499
664 499
489 257
781 610
246 535
75 460
14 487
507 75
63 686
469 138
540 499
468 246
779 75
330 779
547 781
516 246
484 330
701 484
416 484
102 516
365 14
562 540
389 102
760 547
357 547
444 365
480 760
208 562
680 389
192 760
87 468
564 444
271 102
572 564
248 208
454 444
418 760
643 444
284 480
518 454
660 416
560 248
143 418
470 701
411 365
421 271
109 421
666 421
733 666
72 562
97 411
569 421
3 733
588 411
721 3
249 72
574 470
404 721
101 192
559 660
714 574
504 632 82 269 522 793 506 496 
504 632
82 504
269 504
522 269
793 522
506 793
496 506
9 91 676 703 513 635 
9 91
676 9
703 91
513 703
635 513
319 746 81 
319 746
81 319
88 585 590 285 764 69 171 245 207 196 443 510 52 731 287 177 169 797 215 291 537 172 145 253 41 293 163 551 
88 585
590 585
285 88
764 88
69 88
171 285
245 590
207 285
196 764
443 245
510 171
52 196
731 196
287 207
177 287
169 287
797 177
215 287
291 215
537 291
172 215
145 443
253 172
41 510
293 291
163 287
551 163
80 621 190 645 57 602 658 
80 621
190 80
645 621
57 80
602 80
658 57
209 483 
209 483
428 586 
428 586
181 361 707 217 705 275 187 141 179 162 633 
181 361
707 181
217 181
705 217
275 361
187 275
141 705
179 187
162 179
633 141
40 323 446 244 685 
40 323
446 323
244 446
685 244
259 485 420 448 375 251 290 261 147 388 752 
259 485
420 259
448 420
375 448
251 375
290 251
261 290
147 251
388 251
752 388
93 108 430 62 354 604 651 627 772 545 175 656 218 457 183 165 449 
93 108
430 108
62 430
354 93
604 62
651 108
627 430
772 354
545 354
175 627
656 430
218 175
457 218
183 62
165 175
449 175
131 728 256 691 739 238 232 410 44 302 413 438 561 295 260 297 28 307 640 669 310 107 241 202 331 663 528 322 684 142 345 762 320 429 391 580 452 
131 728
256 131
691 728
739 728
238 691
232 256
410 256
44 256
302 739
413 238
438 728
561 44
295 561
260 413
297 260
28 410
307 238
640 438
669 297
310 297
107 28
241 561
202 669
331 307
663 331
528 302
322 295
684 28
142 663
345 640
762 297
320 28
429 345
391 322
580 307
452 322
32 523 434 525 780 22 541 611 475 699 715 132 776 149 526 68 324 203 140 99 318 455 696 753 571 
32 523
434 523
525 523
780 32
22 523
541 780
611 523
475 32
699 611
715 525
132 611
776 611
149 22
526 475
68 526
324 776
203 68
140 132
99 149
318 203
455 318
696 68
753 68
571 526
584 704 77 694 756 65 505 189 462 228 70 511 678 
584 704
77 584
694 584
756 584
65 694
505 65
189 704
462 756
228 694
70 228
511 70
678 65
692 738 281 591 265 406 425 
692 738
281 738
591 738
265 692
406 265
425 281
157 719 92 
157 719
92 719
558 653 42 130 36 49 587 27 398 730 742 
558 653
42 653
130 558
36 130
49 130
587 42
27 587
398 36
730 27
742 398
346 622 766 262 17 226 432 266 749 784 155 4 688 8 614 
346 622
766 346
262 766
17 262
226 346
432 17
266 622
749 226
784 226
155 766
4 266
688 4
8 749
614 17
301 342 600 718 374 117 596 636 35 618 623 
301 342
600 342
718 301
374 301
117 374
596 117
636 600
35 636
618 117
623 618
673 787 533 104 763 270 712 546 767 
673 787
533 787
104 533
763 104
270 787
712 270
546 270
767 673
630 634 332 309 73 
630 634
332 630
309 332
73 634
229 
188 387 129 272 214 768 647 304 785 414 667 402 135 379 193 508 56 204 722 45 659 
188 387
129 387
272 387
214 188
768 272
647 387
304 387
785 129
414 647
667 129
402 214
135 647
379 402
193 667
508 402
56 135
204 379
722 56
45 304
659 402
298 638 90 273 536 700 358 53 617 782 247 326 50 
298 638
90 298
273 90
536 90
700 638
358 273
53 700
617 273
782 617
247 700
326 247
50 617
583 792 769 279 37 350 325 451 38 625 
583 792
769 792
279 792
37 279
350 37
325 769
451 37
38 37
625 38
34 303 158 
34 303
158 303
124 624 661 125 532 221 662 47 300 216 646 741 735 397 698 305 86 321 466 594 280 796 736 
124 624
661 124
125 661
532 124
221 624
662 532
47 624
300 221
216 125
646 125
741 125
735 661
397 300
698 300
305 532
86 300
321 741
466 321
594 466
280 698
796 698
736 86
