? 15 260 310 762 202 297 477 669 734 413 156 238 623 683 307 232 
? 15 313 637 311 372 189 29 675 708 553 497 704 462 77 584 756 
? 14 294 494 551 377 163 353 447 401 725 148 2 253 390 672 
? 13 360 476 114 531 195 737 754 30 598 576 641 589 493 
? 13 316 520 519 154 356 170 459 110 201 144 431 724 408 
? 13 122 123 164 367 338 525 224 306 495 136 200 220 369 
? 13 216 646 735 125 466 321 594 741 661 632 504 124 624 
? 13 115 606 581 363 46 538 385 482 784 226 749 155 432 
? 11 530 681 748 717 368 465 595 384 167 0 83 
? 11 301 342 600 324 374 776 140 611 117 596 132 
? 11 345 429 640 479 628 438 471 597 691 331 131 
? 11 351 761 778 579 774 270 625 654 38 350 767 
? 11 65 505 694 180 678 668 228 577 511 243 334 
? 10 259 420 509 485 573 223 264 45 362 261 
? 9 160 543 308 433 614 619 17 262 766 
? 8 185 612 103 615 348 197 172 215 
? 8 318 455 203 699 696 68 241 618 
? 7 522 793 742 398 634 305 630 
? 7 346 622 21 283 49 340 111 
? 6 1 95 296 592 127 554 
? 6 312 435 417 100 212 775 
? 5 36 130 710 658 269 
? 5 149 715 22 434 99 
? 5 635 670 513 400 91 
? 5 532 662 47 506 221 
? 4 268 458 514 798 
? 4 82 176 796 409 
? 3 70 588 97 
? 3 9 676 753 
? 3 37 451 703 
!
355 745 
355 745
532 662 47 506 221 
47 506
532 662
662 221
662 47
313 637 311 372 189 29 675 708 553 497 704 462 77 584 756 
704 584
29 675
462 756
637 372
704 77
189 675
553 462
313 372
584 756
311 708
29 553
637 311
313 189
29 497
57 62 
57 62
318 455 203 699 696 68 241 618 
318 699
696 68
318 455
699 68
699 241
318 203
455 618
468 516 102 63 686 389 246 271 535 87 213 666 680 184 733 421 569 3 109 441 503 404 721 411 
468 516
102 468
63 516
686 63
389 102
246 686
271 102
535 246
87 271
213 535
666 389
680 389
184 213
733 666
421 87
569 421
3 733
109 421
441 184
503 441
404 3
721 404
411 680
359 765 229 711 178 240 157 399 76 237 18 134 92 16 343 274 474 427 
359 765
229 765
711 359
178 359
240 711
157 178
399 711
76 240
237 399
18 237
134 76
92 157
16 76
343 16
274 134
474 343
427 474
28 107 684 320 322 452 405 410 302 528 33 391 720 437 333 739 407 44 295 728 442 616 
28 107
684 107
320 684
322 28
452 322
405 320
410 322
302 684
528 302
33 405
391 452
720 405
437 33
333 720
739 302
407 437
44 410
295 44
728 739
442 295
616 452
115 606 581 363 46 538 385 482 784 226 749 155 432 
784 749
46 482
115 581
115 606
46 538
538 784
385 482
226 432
226 749
606 363
606 46
226 155
216 646 735 125 466 321 594 741 661 632 504 124 624 
661 624
124 624
321 594
466 632
735 466
321 632
735 504
125 661
646 466
646 125
125 741
216 735
65 505 694 180 678 668 228 577 511 243 334 
694 678
65 505
180 668
694 577
228 511
668 334
65 694
505 511
180 678
243 334
225 586 209 73 352 113 552 740 428 219 656 771 483 650 39 545 501 
225 586
209 586
73 225
352 73
113 225
552 73
740 209
428 113
219 352
656 740
771 428
483 428
650 771
39 483
545 656
501 219
122 123 164 367 338 525 224 306 495 136 200 220 369 
338 224
338 495
122 123
123 367
136 200
495 136
136 220
164 306
164 367
525 306
306 369
367 224
380 575 27 799 730 747 335 642 242 587 4 688 31 42 266 653 199 607 230 8 373 567 558 
380 575
27 380
799 575
730 380
747 799
335 730
642 27
242 642
587 642
4 730
688 4
31 747
42 242
266 688
653 42
199 31
607 199
230 199
8 607
373 31
567 230
558 653
236 512 555 445 702 151 205 161 757 682 426 278 736 697 86 250 593 263 280 397 648 231 488 153 613 300 502 698 
236 512
555 236
445 236
702 555
151 445
205 445
161 555
757 702
682 445
426 757
278 757
736 682
697 736
86 736
250 555
593 702
263 593
280 250
397 86
648 593
231 397
488 697
153 593
613 280
300 397
502 250
698 280
82 176 796 409 
82 176
176 796
796 409
635 670 513 400 91 
513 91
635 91
670 400
635 400
145 777 211 267 412 443 245 41 171 510 759 517 85 537 291 293 
145 777
211 777
267 211
412 145
443 145
245 443
41 412
171 245
510 171
759 41
517 759
85 517
537 759
291 537
293 291
268 458 514 798 
458 514
458 798
268 514
312 435 417 100 212 775 
312 435
312 417
417 212
312 100
417 775
478 491 54 790 695 206 150 329 548 620 23 472 422 317 652 539 582 227 498 20 133 755 
478 491
54 478
790 491
695 54
206 54
150 790
329 790
548 329
620 150
23 206
472 150
422 329
317 206
652 422
539 472
582 652
227 548
498 23
20 582
133 317
755 133
239 341 770 66 788 394 671 255 289 419 726 605 461 631 773 473 769 464 792 450 396 286 727 626 51 299 583 279 550 139 655 677 578 542 687 636 325 71 35 
239 341
770 239
66 341
788 770
394 788
671 788
255 66
289 671
419 289
726 66
605 341
461 671
631 419
773 461
473 419
769 773
464 461
792 769
450 473
396 726
286 464
727 792
626 255
51 450
299 396
583 727
279 583
550 626
139 550
655 255
677 139
578 51
542 139
687 677
636 631
325 769
71 636
35 636
273 536 90 782 617 298 358 638 456 50 337 700 649 194 116 53 152 198 247 191 388 84 326 527 752 375 436 566 146 251 147 481 182 439 492 448 794 276 290 386 
273 536
90 273
782 273
617 782
298 90
358 782
638 298
456 90
50 617
337 50
700 638
649 617
194 358
116 649
53 700
152 194
198 194
247 700
191 152
388 198
84 456
326 247
527 152
752 198
375 326
436 191
566 436
146 116
251 388
147 251
481 146
182 566
439 481
492 436
448 375
794 84
276 481
290 251
386 794
294 494 551 377 163 353 447 401 725 148 2 253 390 672 
494 551
447 390
2 253
551 163
148 390
353 401
494 401
148 672
163 672
377 353
725 148
294 551
163 2
460 709 138 463 507 75 469 689 779 58 330 484 467 416 723 568 610 701 744 781 524 315 556 10 660 470 381 760 192 603 547 529 364 159 751 480 143 574 690 418 559 563 284 217 707 357 714 392 43 101 181 361 783 248 633 560 128 208 499 347 453 89 282 487 657 705 104 486 562 141 79 121 716 60 743 168 540 664 74 277 275 533 120 521 679 252 601 549 565 763 557 67 14 750 370 210 187 72 12 786 673 179 257 336 729 712 490 423 489 572 162 787 235 564 383 174 403 254 78 518 249 444 599 546 719 365 24 454 643 
460 709
138 709
463 138
507 709
75 507
469 138
689 460
779 507
58 463
330 779
484 330
467 463
416 484
723 467
568 58
610 58
701 416
744 723
781 58
524 744
315 781
556 723
10 556
660 701
470 701
381 524
760 781
192 760
603 381
547 760
529 10
364 529
159 603
751 159
480 760
143 192
574 470
690 751
418 143
559 574
563 751
284 418
217 559
707 574
357 480
714 707
392 364
43 603
101 192
181 707
361 714
783 563
248 357
633 101
560 248
128 783
208 248
499 128
347 43
453 347
89 43
282 453
487 499
657 453
705 633
104 101
486 392
562 208
141 705
79 705
121 347
716 657
60 89
743 783
168 486
540 487
664 487
74 282
277 60
275 361
533 104
120 74
521 716
679 104
252 168
601 277
549 252
565 121
763 533
557 521
67 120
14 664
750 557
370 120
210 252
187 275
72 562
12 750
786 67
673 533
179 187
257 743
336 601
729 336
712 763
490 565
423 370
489 257
572 562
162 179
787 673
235 786
564 572
383 257
174 72
403 174
254 673
78 174
518 564
249 78
444 518
599 235
546 712
719 162
365 444
24 78
454 518
643 454
185 612 103 615 348 197 172 215 
185 103
172 215
612 615
185 615
612 172
103 197
185 348
1 95 296 592 127 554 
1 554
1 592
296 592
1 95
296 127
37 451 703 
37 451
37 703
166 393 126 608 222 292 395 789 665 349 382 758 344 609 570 25 48 98 61 440 5 233 137 186 11 693 314 791 
166 393
126 166
608 166
222 393
292 222
395 292
789 608
665 789
349 789
382 349
758 665
344 126
609 344
570 608
25 665
48 665
98 349
61 344
440 570
5 758
233 440
137 609
186 137
11 292
693 98
314 693
791 11
346 622 21 283 49 340 111 
346 622
283 111
49 111
340 111
21 283
622 283
304 591 
304 591
256 561 
256 561
351 761 778 579 774 270 625 654 38 350 767 
761 270
351 774
351 778
350 767
38 350
774 654
579 654
778 270
761 625
625 38
149 715 22 434 99 
715 22
149 22
715 99
22 434
345 429 640 479 628 438 471 597 691 331 131 
345 429
640 479
345 628
429 479
438 691
438 331
471 597
628 471
345 691
438 131
13 415 780 118 629 475 6 526 500 639 378 541 713 32 571 288 523 
13 415
780 13
118 415
629 13
475 415
6 629
526 475
500 629
639 118
378 500
541 475
713 6
32 780
571 639
288 378
523 32
328 366 19 424 309 106 449 165 602 15 175 795 105 772 234 706 218 119 627 621 371 80 112 190 93 515 604 651 430 96 108 496 354 718 457 645 332 
328 366
19 366
424 19
309 424
106 328
449 309
165 309
602 424
15 106
175 165
795 106
105 795
772 175
234 15
706 795
218 772
119 234
627 449
621 602
371 105
80 621
112 371
190 80
93 218
515 112
604 93
651 93
430 604
96 371
108 93
496 119
354 108
718 218
457 718
645 621
332 496
40 323 406 685 265 81 446 244 319 746 34 692 544 183 303 580 659 258 173 158 281 425 508 193 738 
40 323
406 323
685 40
265 406
81 685
446 685
244 685
319 406
746 319
34 446
692 265
544 319
183 81
303 34
580 319
659 746
258 244
173 258
158 303
281 692
425 158
508 659
193 508
738 692
316 520 519 154 356 170 459 110 201 144 431 724 408 
316 154
316 520
724 408
170 459
520 519
520 201
154 110
356 201
144 431
201 144
170 408
316 459
522 793 742 398 634 305 630 
742 398
522 742
793 398
742 634
634 630
305 630
9 676 753 
9 676
676 753
301 342 600 324 374 776 140 611 117 596 132 
301 342
324 140
374 140
776 611
374 596
342 600
301 776
301 324
374 117
611 132
260 310 762 202 297 477 669 734 413 156 238 623 683 307 232 
477 734
260 669
156 623
260 762
297 669
238 307
623 683
297 413
413 307
202 477
310 734
202 623
762 202
238 232
530 681 748 717 368 465 595 384 167 0 83 
681 368
681 465
717 368
530 368
595 0
681 748
748 595
748 384
167 83
530 167
160 543 308 433 614 619 17 262 766 
160 543
160 614
17 262
308 17
308 766
160 433
160 308
433 619
36 130 710 658 269 
36 130
36 710
710 658
130 269
732 
52 196 731 764 177 59 585 64 207 797 169 88 69 287 376 285 55 339 590 534 7 
52 196
731 196
764 52
177 731
59 52
585 764
64 59
207 177
797 177
169 797
88 585
69 207
287 797
376 64
285 88
55 376
339 169
590 585
534 339
7 339
360 476 114 531 195 737 754 30 598 576 641 589 493 
476 737
114 195
360 737
476 576
754 598
754 589
589 493
114 598
114 531
576 641
30 641
476 114
259 420 509 485 573 223 264 45 362 261 
259 223
259 485
420 485
509 223
420 264
509 573
264 45
45 261
264 362
70 588 97 
588 97
70 97
94 647 135 414 674 56 214 785 188 26 387 402 272 722 129 379 204 142 327 644 667 768 663 
94 647
135 647
414 135
674 94
56 135
214 414
785 94
188 785
26 56
387 188
402 214
272 387
722 26
129 188
379 402
204 379
142 722
327 26
644 327
667 129
768 272
663 142
