? 15 330 779 75 507 484 416 701 709 138 689 460 469 470 463 660 
? 15 182 566 436 492 606 581 115 439 191 527 152 116 146 363 50 
? 14 125 661 124 624 646 216 532 741 735 221 662 321 466 594 
? 13 250 613 796 280 502 698 176 445 86 736 300 754 397 
? 13 289 473 419 671 450 51 788 286 394 770 461 464 578 
? 13 673 787 533 104 625 270 763 712 546 38 767 325 633 
? 13 37 350 451 99 279 583 773 727 792 769 778 605 600 
? 13 228 511 694 577 505 65 411 70 588 180 584 77 704 
? 11 217 559 181 714 707 705 361 574 141 79 101 
? 11 157 178 240 359 765 229 134 719 92 711 179 
? 11 333 720 514 355 458 437 616 268 725 400 91 
? 11 543 794 386 84 433 619 649 456 782 536 337 
? 11 239 341 66 631 636 677 71 687 35 579 774 
? 10 301 342 718 374 140 596 117 618 772 455 
? 9 298 638 273 90 358 617 194 198 752 
? 8 522 742 634 398 793 630 269 506 
? 8 40 323 265 406 81 685 446 244 
? 7 36 130 558 587 658 57 305 
? 7 504 632 82 332 496 431 80 
? 6 246 535 686 184 213 503 
? 6 34 425 303 158 281 258 
? 5 668 678 334 635 243 
? 5 428 771 650 225 113 
? 5 192 418 143 275 467 
? 5 209 586 645 173 621 
? 4 189 462 756 311 
? 4 319 544 746 203 
? 3 162 187 351 
? 3 676 703 753 
? 3 385 483 190 
!
309 761 
309 761
209 586 645 173 621 
6140 1658
182 566 436 492 606 581 115 439 191 527 152 116 146 363 50 
6995 162
441 680 
441 680
40 323 265 406 81 685 446 244 
579 5497
24 78 249 164 367 174 403 122 123 338 288 495 224 679 639 220 97 254 118 369 136 284 200 571 
24 78
249 24
164 24
367 24
174 78
403 24
122 367
123 122
338 249
288 122
495 338
224 495
679 403
639 288
220 495
97 495
254 679
118 639
369 254
136 220
284 679
200 136
571 639
426 757 702 263 236 512 593 648 161 555 542 356 153 550 139 205 626 654 
426 757
702 426
263 757
236 426
512 236
593 263
648 263
161 702
555 702
542 512
356 648
153 648
550 542
139 542
205 512
626 550
654 542
530 681 427 717 748 474 368 343 465 595 384 201 16 167 144 0 18 83 76 274 399 278 
530 681
427 530
717 427
748 681
474 681
368 681
343 427
465 748
595 748
384 368
201 384
16 343
167 717
144 167
0 595
18 343
83 18
76 16
274 16
399 18
278 384
228 511 694 577 505 65 411 70 588 180 584 77 704 
6264 8726
37 350 451 99 279 583 773 727 792 769 778 605 600 
9477 8104
239 341 66 631 636 677 71 687 35 579 774 
6714 9682
62 430 108 93 545 604 354 656 627 651 218 740 183 175 165 449 457 
62 430
108 430
93 430
545 62
604 62
354 108
656 545
627 430
651 93
218 430
740 656
183 656
175 218
165 175
449 165
457 218
673 787 533 104 625 270 763 712 546 38 767 325 633 
823 3421
478 491 54 206 790 695 548 150 620 329 23 422 652 472 582 317 539 227 498 435 133 20 755 
478 491
54 491
206 491
790 491
695 54
548 790
150 790
620 150
329 790
23 54
422 329
652 422
472 422
582 422
317 54
539 582
227 422
498 23
435 539
133 317
20 422
755 133
706 795 105 515 371 106 112 15 299 396 234 409 328 655 726 366 488 424 19 119 255 96 697 231 47 151 682 602 
706 795
105 795
515 706
371 105
106 105
112 371
15 105
299 106
396 299
234 105
409 112
328 299
655 706
726 299
366 328
488 515
424 366
19 366
119 234
255 655
96 371
697 488
231 697
47 96
151 655
682 231
602 424
319 544 746 203 
7055 2339
192 418 143 275 467 
8504 8299
100 554 312 417 592 212 95 1 775 296 127 675 497 553 798 29 
100 554
312 100
417 312
592 554
212 554
95 592
1 592
775 212
296 592
127 1
675 95
497 675
553 675
798 127
29 675
189 462 756 311 
9078 6106
34 425 303 158 281 258 
5027 5161
145 777 211 267 412 41 759 517 85 537 291 293 197 103 615 172 612 185 348 672 148 390 
145 777
211 777
267 777
412 777
41 412
759 41
517 759
85 517
537 759
291 537
293 291
197 85
103 293
615 103
172 615
612 103
185 103
348 197
672 172
148 672
390 148
128 499 783 487 563 664 540 14 743 257 120 67 562 489 383 547 444 365 786 208 315 518 564 572 610 235 454 58 568 357 599 781 643 248 72 560 480 760 389 
128 499
783 128
487 499
563 783
664 128
540 499
14 664
743 783
257 743
120 743
67 120
562 540
489 14
383 257
547 499
444 14
365 444
786 67
208 547
315 547
518 540
564 518
572 564
610 315
235 786
454 444
58 610
568 610
357 208
599 235
781 315
643 454
248 208
72 208
560 248
480 547
760 480
389 257
252 549 210 60 601 168 729 336 486 277 89 121 43 392 565 347 490 716 364 12 529 657 603 381 521 159 453 690 750 557 10 524 744 556 282 423 74 751 723 370 
252 549
210 252
60 252
601 60
168 210
729 601
336 729
486 168
277 601
89 277
121 277
43 89
392 486
565 277
347 277
490 565
716 347
364 392
12 490
529 364
657 716
603 529
381 603
521 716
159 381
453 657
690 159
750 521
557 521
10 529
524 381
744 524
556 10
282 557
423 557
74 282
751 690
723 744
370 282
125 661 124 624 646 216 532 741 735 221 662 321 466 594 
7260 3663
314 693 98 382 25 789 349 440 608 665 166 233 48 745 393 570 758 126 222 55 5 362 395 64 376 292 61 609 344 11 137 264 573 186 223 791 59 674 509 94 534 785 647 327 479 259 471 485 52 644 135 56 26 420 45 768 196 387 272 414 188 429 597 339 628 214 129 345 448 731 722 375 401 764 142 193 402 304 290 261 353 177 7 667 379 585 640 204 326 377 797 590 88 169 207 287 508 285 251 663 247 438 551 331 494 659 163 69 294 407 147 738 528 739 53 591 253 302 692 447 245 171 2 215 388 700 691 510 443 
314 693
98 693
382 98
25 382
789 98
349 98
440 789
608 382
665 25
166 608
233 440
48 665
745 48
393 166
570 233
758 665
126 608
222 126
55 745
5 758
362 440
395 222
64 55
376 55
292 395
61 126
609 61
344 609
11 222
137 609
264 362
573 264
186 137
223 264
791 137
59 376
674 61
509 573
94 674
534 5
785 94
647 674
327 186
479 791
259 509
471 791
485 259
52 64
644 327
135 647
56 135
26 56
420 259
45 485
768 45
196 52
387 785
272 387
414 135
188 387
429 644
597 471
339 597
628 471
214 647
129 188
345 429
448 485
731 196
722 26
375 448
401 628
764 196
142 722
193 129
402 414
304 768
290 45
261 304
353 401
177 731
7 353
667 129
379 402
585 764
640 429
204 379
326 375
377 353
797 177
590 764
88 585
169 177
207 177
287 177
508 379
285 88
251 290
663 142
247 326
438 663
551 7
331 663
494 7
659 508
163 494
69 207
294 551
407 401
147 251
738 261
528 345
739 438
53 247
591 738
253 163
302 528
692 738
447 494
245 585
171 88
2 163
215 253
388 147
700 247
691 438
510 171
443 245
522 742 634 398 793 630 269 506 
3002 6128
246 535 686 184 213 503 
9245 3136
385 483 190 
2977 1588
230 567 199 340 31 373 21 501 552 283 799 747 111 39 607 710 219 242 73 575 642 352 380 49 653 42 335 27 
230 567
199 230
340 567
31 567
373 340
21 230
501 567
552 501
283 340
799 31
747 31
111 373
39 199
607 39
710 340
219 552
242 31
73 552
575 242
642 242
352 73
380 642
49 283
653 242
42 242
335 380
27 575
504 632 82 332 496 431 80 
8404 4181
237 732 
237 732
513 670 
513 670
543 794 386 84 433 619 649 456 782 536 337 
5457 4663
428 771 650 225 113 
9983 9344
333 720 514 355 458 437 616 268 725 400 91 
5833 96
421 569 109 3 666 87 733 271 372 721 404 102 516 468 637 313 63 
421 569
109 421
3 569
666 3
87 421
733 3
271 109
372 569
721 3
404 666
102 87
516 102
468 102
637 372
313 372
63 516
131 728 256 232 238 410 44 413 561 297 295 260 307 28 669 684 241 107 322 762 310 320 156 202 442 391 9 580 734 452 623 683 696 318 405 477 33 
131 728
256 728
232 256
238 131
410 728
44 256
413 238
561 44
297 413
295 44
260 297
307 238
28 410
669 297
684 28
241 561
107 28
322 28
762 260
310 297
320 28
156 260
202 260
442 44
391 322
9 295
580 669
734 310
452 322
623 156
683 623
696 241
318 623
405 452
477 734
33 405
32 523 22 780 525 434 6 713 541 13 475 611 715 306 415 149 526 629 132 699 500 776 324 378 68 
32 523
22 523
780 32
525 523
434 523
6 32
713 6
541 780
13 6
475 780
611 434
715 22
306 525
415 13
149 715
526 13
629 713
132 611
699 611
500 629
776 715
324 611
378 629
68 541
289 473 419 671 450 51 788 286 394 770 461 464 578 
9393 7245
36 130 558 587 658 57 305 
318 4967
676 703 753 
73 4062
157 178 240 359 765 229 134 719 92 711 179 
2135 8931
330 779 75 507 484 416 701 709 138 689 460 469 470 463 660 
4748 6277
217 559 181 714 707 705 361 574 141 79 101 
332 1147
298 638 273 90 358 617 194 198 752 
359 2112
668 678 334 635 243 
8564 7752
708 
576 641 30 459 737 476 360 114 724 598 493 170 519 316 154 195 520 408 110 531 589 
576 641
30 641
459 576
737 576
476 737
360 476
114 476
724 459
598 476
493 30
170 459
519 493
316 519
154 316
195 476
520 519
408 724
110 154
531 195
589 598
250 613 796 280 502 698 176 445 86 736 300 754 397 
8753 7873
301 342 718 374 140 596 117 618 772 455 
811 8581
162 187 351 
6363 9892
346 622 17 266 262 432 766 226 155 749 784 688 4 8 730 308 614 276 482 46 160 538 481 
346 622
17 346
266 622
262 17
432 17
766 17
226 432
155 226
749 226
784 226
688 266
4 266
8 266
730 4
308 432
614 262
276 308
482 8
46 482
160 308
538 46
481 276
