!
757 
741 
401 737 8 16 500 215 412 386 
401 737
8 401
16 737
500 16
215 500
412 401
386 8
316 745 590 180 778 
316 745
590 745
180 316
778 316
320 372 586 138 
320 372
586 320
138 586
466 756 346 
466 756
346 466
50 260 497 603 370 
50 260
497 50
603 260
370 497
184 762 298 341 231 193 13 
184 762
298 762
341 762
231 341
193 762
13 762
152 692 731 302 695 471 606 62 
152 692
731 692
302 152
695 152
471 692
606 152
62 152
42 623 
42 623
147 630 307 538 591 570 273 683 
147 630
307 630
538 147
591 147
570 630
273 147
683 147
772 779 93 362 552 503 132 511 394 
772 779
93 779
362 772
552 779
503 552
132 93
511 772
394 772
449 621 239 
449 621
239 621
738 
444 506 55 
444 506
55 444
216 669 382 
216 669
382 216
112 758 566 437 405 
112 758
566 758
437 758
405 112
732 
724 
701 
652 794 729 379 
652 794
729 652
379 794
217 641 577 326 446 381 
217 641
577 641
326 217
446 641
381 446
488 708 441 374 
488 708
441 488
374 708
219 452 
219 452
682 
61 543 761 226 48 407 
61 543
761 543
226 61
48 226
407 48
331 414 357 561 347 300 383 166 126 33 790 
331 414
357 331
561 414
347 357
300 414
383 414
166 347
126 383
33 414
790 414
218 750 
218 750
439 547 
439 547
39 493 703 759 565 789 
39 493
703 39
759 493
565 759
789 703
415 468 537 155 736 245 330 91 306 
415 468
537 468
155 415
736 468
245 736
330 415
91 468
306 415
769 770 111 288 
769 770
111 769
288 770
292 303 134 707 79 73 438 775 
292 303
134 303
707 134
79 134
73 292
438 303
775 438
162 340 549 585 
162 340
549 340
585 162
181 595 423 344 220 608 477 
181 595
423 595
344 181
220 344
608 423
477 608
145 427 698 798 235 574 
145 427
698 427
798 698
235 427
574 235
37 156 717 
37 156
717 37
46 667 693 249 121 185 403 242 3 287 214 342 265 71 600 560 171 243 553 507 748 612 751 105 255 315 642 
46 667
693 46
249 667
121 667
185 667
403 185
242 667
3 242
287 667
214 287
342 46
265 46
71 667
600 46
560 600
171 693
243 171
553 560
507 243
748 507
612 748
751 553
105 612
255 751
315 105
642 315
201 688 59 
201 688
59 688
490 719 
490 719
617 739 154 521 199 76 
617 739
154 739
521 617
199 154
76 521
97 424 
97 424
106 583 520 705 712 722 579 256 
106 583
520 106
705 106
712 520
722 583
579 722
256 106
645 
597 610 782 270 128 80 628 241 395 196 700 536 594 
597 610
782 597
270 597
128 610
80 610
628 610
241 628
395 610
196 395
700 782
536 597
594 536
250 499 518 135 660 275 440 654 304 44 461 728 743 632 655 528 333 534 389 163 82 72 257 150 
250 499
518 250
135 250
660 499
275 499
440 250
654 440
304 654
44 250
461 518
728 44
743 728
632 461
655 518
528 743
333 632
534 528
389 333
163 534
82 389
72 163
257 72
150 499
206 210 767 713 100 482 777 110 107 352 760 774 297 619 
206 210
767 206
713 767
100 206
482 767
777 482
110 777
107 767
352 107
760 110
774 352
297 774
619 297
295 555 618 484 186 582 780 266 356 309 658 177 640 426 308 508 
295 555
618 295
484 618
186 555
582 555
780 618
266 582
356 780
309 266
658 356
177 658
640 177
426 640
308 295
508 308
598 
204 332 601 
204 332
601 332
17 711 207 457 
17 711
207 17
457 711
109 611 221 
109 611
221 109
592 
354 668 753 
354 668
753 668
691 797 296 355 
691 797
296 691
355 296
524 557 460 5 675 236 203 173 367 443 6 
524 557
460 524
5 557
675 5
236 675
203 236
173 524
367 557
443 557
6 460
268 615 416 197 
268 615
416 268
197 268
562 
313 391 716 136 
313 391
716 313
136 391
470 604 
470 604
43 251 38 103 
43 251
38 43
103 251
192 359 472 429 752 276 513 541 319 715 
192 359
472 192
429 192
752 359
276 359
513 359
541 359
319 192
715 359
361 371 532 40 791 784 
361 371
532 361
40 532
791 361
784 791
69 70 
69 70
123 677 237 19 
123 677
237 123
19 677
535 726 
535 726
53 653 
53 653
322 400 390 167 141 
322 400
390 322
167 322
141 167
602 799 29 496 182 176 387 
602 799
29 602
496 29
182 496
176 182
387 176
294 709 587 158 406 
294 709
587 709
158 294
406 294
556 
351 396 430 768 202 131 
351 396
430 396
768 396
202 351
131 396
527 
77 475 723 773 733 419 689 539 
77 475
723 475
773 723
733 773
419 723
689 419
539 689
7 360 283 
7 360
283 360
544 584 685 92 
544 584
685 584
92 544
502 
125 776 
125 776
339 408 
339 408
464 515 272 421 75 247 
464 515
272 464
421 464
75 515
247 464
442 684 108 686 310 259 781 285 431 644 714 
442 684
108 442
686 684
310 442
259 684
781 442
285 781
431 108
644 108
714 285
160 420 253 328 
160 420
253 160
328 160
501 
194 432 489 
194 432
489 432
4 223 735 262 469 519 697 263 312 766 68 364 269 690 
4 223
735 223
262 735
469 4
519 735
697 735
263 4
312 697
766 312
68 766
364 519
269 68
690 269
130 785 523 20 115 417 41 246 631 212 670 392 198 
130 785
523 785
20 130
115 130
417 785
41 523
246 130
631 246
212 785
670 130
392 670
198 130
498 
481 
56 575 545 267 334 529 157 64 516 546 596 172 626 418 366 455 99 
56 575
545 56
267 56
334 545
529 334
157 545
64 575
516 157
546 516
596 546
172 64
626 56
418 596
366 626
455 366
99 529
393 787 
393 787
282 305 
282 305
451 
345 486 550 624 338 796 83 747 620 514 388 643 24 49 495 411 492 222 205 
345 486
550 486
624 345
338 624
796 550
83 338
747 345
620 747
514 620
388 514
643 796
24 643
49 486
495 345
411 24
492 495
222 550
205 222
636 763 174 673 47 188 248 
636 763
174 636
673 636
47 174
188 174
248 47
57 788 580 666 548 142 476 447 517 187 
57 788
580 788
666 580
548 788
142 580
476 580
447 548
517 476
187 142
1 681 
1 681
435 
540 563 88 
540 563
88 540
410 
101 730 589 225 607 462 453 635 87 436 211 542 377 793 578 240 795 373 63 680 402 704 409 734 279 65 
101 730
589 730
225 101
607 101
462 589
453 589
635 453
87 462
436 607
211 635
542 436
377 211
793 377
578 542
240 578
795 240
373 101
63 373
680 63
402 680
704 793
409 402
734 409
279 101
65 704
380 
60 510 710 365 369 74 
60 510
710 60
365 510
369 365
74 710
264 465 725 649 568 293 742 
264 465
725 465
649 264
568 465
293 725
742 264
289 504 
289 504
232 363 179 616 771 571 699 
232 363
179 232
616 179
771 232
571 179
699 363
665 687 467 
665 687
467 665
663 792 755 783 139 254 299 86 
663 792
755 663
783 755
139 792
254 755
299 792
86 755
10 445 144 102 
10 445
144 10
102 10
168 258 605 646 28 291 27 78 224 
168 258
605 258
646 168
28 646
291 28
27 291
78 605
224 78
137 480 
137 480
335 679 
335 679
175 183 
175 183
122 323 118 
122 323
118 323
11 551 422 
11 551
422 11
350 
153 637 
153 637
473 702 
473 702
329 
22 569 67 353 
22 569
67 22
353 569
348 599 90 494 
348 599
90 348
494 90
633 718 564 588 581 454 657 567 434 
633 718
564 718
588 718
581 564
454 633
657 633
567 718
434 581
170 286 
170 286
278 554 209 104 234 
278 554
209 554
104 278
234 278
26 448 9 
26 448
9 26
18 327 613 754 
18 327
613 18
754 327
593 647 487 244 96 661 671 656 
593 647
487 647
244 647
96 487
661 593
671 647
656 487
0 349 119 277 200 676 85 89 764 558 522 648 
0 349
119 349
277 349
200 0
676 200
85 0
89 119
764 89
558 119
522 0
648 0
290 
284 
161 609 
161 609
271 
230 572 474 385 325 413 375 213 148 433 
230 572
474 230
385 572
325 385
413 474
375 413
213 375
148 213
433 148
479 629 
479 629
227 399 512 
227 399
512 227
178 
94 189 146 
94 189
146 94
376 664 317 51 195 15 639 321 463 228 35 384 425 12 
376 664
317 664
51 376
195 51
15 317
639 376
321 317
463 639
228 376
35 15
384 376
425 384
12 35
21 397 
21 397
81 190 274 638 34 672 696 533 458 786 140 25 238 149 
81 190
274 81
638 190
34 274
672 638
696 672
533 274
458 533
786 458
140 786
25 140
238 25
149 190
36 706 98 622 404 674 378 
36 706
98 36
622 706
404 706
674 706
378 98
66 627 318 650 31 30 
66 627
318 627
650 66
31 318
30 318
151 
143 
531 749 124 164 358 368 
531 749
124 749
164 124
358 531
368 358
2 525 159 337 694 
2 525
159 2
337 159
694 525
23 169 573 721 526 485 428 483 
23 169
573 23
721 23
526 721
485 526
428 573
483 485
127 
120 
116 505 
116 505
233 559 
233 559
114 
113 
95 
58 
456 744 746 740 
456 744
746 456
740 746
32 
84 324 54 491 208 311 459 252 343 765 
84 324
54 84
491 54
208 324
311 84
459 54
252 324
343 252
765 343
398 576 614 662 
398 576
614 398
662 576
229 530 727 
229 530
727 229
14 
52 261 191 634 336 450 
52 261
191 261
634 52
336 634
450 191
314 659 281 
314 659
281 659
45 301 129 
45 301
129 301
165 509 651 133 478 117 720 625 280 678 
165 509
651 165
133 165
478 509
117 651
720 478
625 651
280 117
678 165
