!
771 
750 
579 722 106 583 705 14 520 22 
579 722
106 722
583 722
705 579
14 579
520 722
22 579
137 778 316 480 180 
137 778
316 778
480 778
180 137
18 327 754 234 
18 327
754 327
234 327
335 662 679 
335 662
679 662
540 563 144 445 10 
540 563
144 563
445 563
10 563
191 261 450 691 797 296 313 
191 261
450 191
691 191
797 191
296 261
313 191
636 763 174 673 47 188 439 248 
636 763
174 763
673 763
47 636
188 636
439 763
248 636
151 551 
151 551
663 792 783 755 299 254 139 86 
663 792
783 663
755 663
299 792
254 792
139 792
86 663
202 690 351 366 227 40 399 430 532 
202 690
351 690
366 690
227 202
40 690
399 202
430 202
532 690
479 590 382 
479 590
382 479
702 
361 371 455 
361 371
455 361
162 340 549 
162 340
549 340
148 512 791 784 433 
148 512
791 512
784 512
433 512
701 
682 
669 
769 770 288 111 
769 770
288 770
111 770
488 708 441 273 374 32 
488 708
441 488
273 488
374 708
32 488
59 90 494 435 
59 90
494 59
435 90
131 396 
131 396
653 
322 390 400 167 237 141 
322 390
400 322
167 390
237 390
141 322
415 468 537 155 245 736 765 330 21 91 306 
415 468
537 468
155 415
245 468
736 468
765 415
330 415
21 468
91 468
306 415
127 573 
127 573
489 699 
489 699
152 692 731 606 695 471 
152 692
731 692
606 152
695 152
471 692
619 737 401 8 16 337 500 386 159 
619 737
401 737
8 737
16 737
337 619
500 737
386 737
159 619
592 746 391 136 
592 746
391 592
136 592
331 357 414 347 166 561 383 300 
331 357
414 331
347 357
166 331
561 331
383 331
300 331
129 301 45 290 
129 301
45 301
290 129
60 510 710 365 74 369 522 
60 510
710 60
365 510
74 60
369 60
522 510
38 574 43 103 251 790 
38 574
43 574
103 574
251 574
790 574
116 505 648 
116 505
648 116
81 190 274 638 34 672 492 696 495 140 458 205 533 786 25 238 149 719 490 656 729 747 95 173 6 388 613 
81 190
274 81
638 190
34 81
672 190
492 190
696 190
495 81
140 81
458 81
205 81
533 190
786 190
25 190
238 190
149 190
719 81
490 190
656 190
729 81
747 81
95 190
173 190
6 81
388 190
613 190
715 761 738 
715 761
738 761
601 683 
601 683
2 525 694 120 175 221 
2 525
694 525
120 2
175 2
221 525
558 677 
558 677
293 725 465 264 568 649 19 742 
293 725
465 725
264 725
568 725
649 293
19 725
742 293
642 
597 610 270 782 128 80 628 395 241 257 196 163 700 
597 610
270 597
782 597
128 610
80 610
628 610
395 610
241 610
257 597
196 610
163 597
700 597
101 730 589 225 462 607 635 453 87 211 436 542 377 793 240 578 373 795 63 680 409 734 704 402 
101 730
589 730
225 101
462 730
607 730
635 730
453 730
87 730
211 730
436 101
542 730
377 101
793 730
240 101
578 101
373 101
795 101
63 101
680 101
409 730
734 730
704 730
402 101
442 684 686 259 310 108 431 285 326 781 798 644 714 428 
442 684
686 684
259 684
310 442
108 684
431 442
285 442
326 684
781 684
798 684
644 684
714 442
428 442
46 667 693 121 249 185 3 403 242 287 214 342 265 71 553 600 
46 667
693 667
121 667
249 667
185 667
3 46
403 46
242 667
287 46
214 46
342 46
265 667
71 46
553 46
600 667
621 
53 422 11 
53 422
11 422
122 323 118 449 
122 323
118 323
449 323
62 569 67 
62 569
67 569
594 
218 239 776 
218 239
776 239
466 756 346 354 
466 756
346 466
354 756
262 735 223 4 519 697 766 312 68 263 269 
262 735
223 735
4 735
519 735
697 262
766 262
312 262
68 735
263 735
269 735
379 794 282 768 
379 794
282 379
768 379
591 
314 659 281 123 
314 659
281 659
123 659
69 70 
69 70
447 502 451 504 
447 502
451 502
504 502
168 258 605 646 28 78 291 224 671 305 
168 258
605 168
646 168
28 168
78 168
291 258
224 168
671 168
305 168
145 427 698 764 235 33 
145 427
698 427
764 427
235 427
33 427
470 604 
470 604
456 744 585 740 
456 744
585 744
740 456
1 380 
1 380
655 757 
655 757
36 98 378 404 688 
36 98
378 98
404 36
688 36
772 779 552 511 362 538 570 
772 779
552 779
511 779
362 772
538 772
570 779
181 595 423 608 220 
181 595
423 181
608 595
220 181
556 
72 534 536 599 348 7 
72 534
536 534
599 72
348 72
7 534
544 
0 349 277 119 676 200 85 89 
0 349
277 349
119 349
676 0
200 349
85 0
89 349
232 363 616 
232 363
616 232
446 641 577 217 
446 641
577 641
217 641
528 
339 408 
339 408
560 751 
560 751
66 318 31 627 650 30 
66 318
31 318
627 66
650 66
30 318
524 557 460 5 236 675 367 393 787 741 394 
524 557
460 524
5 557
236 524
675 557
367 557
393 524
787 524
741 524
394 557
42 703 789 493 
42 703
789 703
493 703
501 
194 432 565 
194 432
565 432
130 785 115 20 523 417 41 631 246 212 670 392 198 749 
130 785
115 130
20 130
523 785
417 785
41 785
631 130
246 130
212 785
670 130
392 130
198 130
749 785
206 210 767 482 713 100 777 110 107 352 760 297 774 
206 210
767 210
482 206
713 210
100 206
777 206
110 206
107 206
352 210
760 206
297 210
774 210
498 
481 
376 664 317 51 195 639 15 321 384 463 35 228 12 182 425 29 176 
376 664
317 664
51 664
195 664
639 376
15 664
321 376
384 376
463 376
35 664
228 664
12 664
182 664
425 376
29 664
176 664
535 726 
535 726
527 629 
527 629
477 
295 555 618 484 186 266 582 356 780 309 177 658 640 308 426 452 508 219 434 
295 555
618 295
484 295
186 555
266 555
582 555
356 555
780 295
309 295
177 295
658 295
640 295
308 295
426 295
452 295
508 295
219 295
434 295
226 407 48 146 543 61 94 
226 407
48 407
146 407
543 226
61 226
94 407
57 788 580 666 548 142 476 517 547 187 
57 788
580 788
666 788
548 57
142 57
476 788
517 57
547 788
187 57
150 598 
150 598
410 
13 278 209 
13 278
209 278
360 
345 486 624 550 338 796 83 620 514 49 24 643 411 222 96 307 724 132 503 203 443 93 178 147 630 487 
345 486
624 345
550 486
338 345
796 486
83 345
620 345
514 345
49 486
24 486
643 486
411 345
222 486
96 345
307 486
724 345
132 345
503 345
203 345
443 345
93 486
178 486
147 486
630 486
487 486
350 
539 689 457 711 17 207 
539 689
457 539
711 689
17 689
207 539
617 739 154 521 76 199 554 
617 739
154 617
521 617
76 617
199 617
554 617
156 712 
156 712
84 324 54 491 311 252 343 
84 324
54 324
491 324
311 84
252 324
343 84
229 727 530 
229 727
530 229
231 341 184 762 193 298 104 678 
231 341
184 341
762 341
193 341
298 341
104 231
678 341
587 709 158 294 
587 709
158 709
294 709
292 303 707 134 73 79 438 775 355 
292 303
707 303
134 303
73 292
79 292
438 303
775 303
355 303
364 469 
364 469
233 559 
233 559
668 753 
668 753
398 614 576 
398 614
576 398
268 615 416 
268 615
416 268
344 
256 473 
256 473
39 759 
39 759
328 
105 315 507 562 
105 315
507 315
562 105
464 515 421 272 
464 515
421 464
272 464
192 472 359 429 752 276 513 541 319 
192 472
359 192
429 192
752 192
276 192
513 192
541 192
319 472
161 609 
161 609
370 497 397 50 467 
370 497
397 370
50 497
467 370
197 611 109 
197 611
109 611
82 389 333 247 
82 389
333 82
247 82
230 572 474 385 325 413 375 213 
230 572
474 230
385 572
325 230
413 230
375 230
213 230
165 509 133 651 478 280 625 117 720 279 444 506 
165 509
133 165
651 165
478 165
280 509
625 165
117 165
720 165
279 165
444 165
506 165
289 
284 
153 637 
153 637
271 
633 718 564 588 454 581 657 567 27 302 
633 718
564 718
588 718
454 633
581 718
657 633
567 718
27 633
302 633
37 717 
37 717
26 448 9 
26 448
9 26
255 
665 687 216 
665 687
216 687
250 499 518 135 275 660 654 440 304 461 44 728 743 632 
250 499
518 250
135 250
275 499
660 250
654 250
440 499
304 499
461 250
44 250
728 250
743 499
632 499
92 716 
92 716
56 575 545 267 529 334 64 157 596 516 172 418 546 626 
56 575
545 56
267 56
529 56
334 56
64 575
157 56
596 56
516 56
172 56
418 56
546 575
626 575
170 674 622 286 706 201 283 
170 674
622 674
286 170
706 674
201 170
283 170
77 475 723 419 773 733 
77 475
723 475
419 77
773 475
733 77
189 
183 
112 566 758 405 732 745 
112 566
758 112
405 566
732 566
745 566
243 748 171 612 623 
243 748
171 243
612 243
623 748
593 647 244 661 412 215 114 652 
593 647
244 593
661 593
412 647
215 593
114 593
652 647
143 
126 
179 571 
179 571
329 406 
329 406
125 
113 
102 
99 
320 372 586 138 
320 372
586 320
138 320
75 
602 799 496 387 603 65 645 459 208 260 
602 799
496 602
387 602
603 602
65 602
645 602
459 799
208 602
260 799
160 353 420 253 
160 353
420 353
253 160
88 204 332 
88 204
332 204
55 
124 531 164 358 368 437 
124 531
164 531
358 531
368 531
437 124
424 685 584 
424 685
584 685
381 681 97 
381 681
97 381
483 485 721 58 336 526 634 169 52 23 
483 485
721 483
58 485
336 485
526 483
634 485
169 485
52 485
23 485
