? 14 12 35 182 15 176 603 317 51 734 195 321 387 664 376 
? 14 208 459 54 324 645 84 384 491 463 639 425 155 252 311 
? 14 81 190 274 638 34 672 696 492 205 495 786 140 533 458 
? 14 772 779 93 552 362 511 132 503 49 538 394 620 630 332 
? 13 61 543 715 761 513 752 226 48 407 146 359 299 738 
? 13 602 799 29 228 496 704 65 377 793 260 211 453 50 
? 12 447 502 548 451 623 788 57 666 504 289 42 423 
? 11 236 675 173 5 6 203 443 460 557 524 388 
? 11 202 690 312 766 68 351 227 399 40 697 269 
? 11 784 791 727 229 433 361 371 530 512 413 213 
? 10 56 575 545 267 334 64 529 157 596 516 
? 10 106 583 520 722 712 579 256 14 705 37 
? 10 105 315 507 562 642 284 122 759 493 323 
? 10 101 730 589 462 635 87 409 370 497 397 
? 10 250 499 518 135 275 660 654 440 304 44 
? 9 477 608 789 595 181 565 703 489 220 
? 9 464 515 272 421 75 247 290 74 129 
? 9 288 699 770 111 769 363 232 194 432 
? 9 293 725 465 264 306 568 19 649 742 
? 8 96 222 487 643 647 490 656 593 
? 8 314 659 167 400 141 322 390 281 
? 8 345 486 550 624 338 796 83 747 
? 8 292 303 707 134 73 79 438 775 
? 8 72 536 534 163 599 348 728 7 
? 8 366 455 626 532 430 396 418 546 
? 8 456 744 740 143 585 746 350 592 
? 8 636 763 673 174 47 248 439 188 
? 8 160 353 420 253 328 62 569 471 
? 7 206 210 767 713 482 100 777 
? 7 60 710 510 369 365 637 522 
? 7 17 711 207 457 86 755 783 
? 7 127 428 573 161 714 781 23 
? 7 43 251 790 103 574 38 126 
? 7 66 627 318 31 650 30 237 
? 7 4 223 735 262 519 469 263 
? 6 159 337 2 175 187 525 
? 6 171 612 243 748 39 580 
? 6 123 677 558 481 330 119 
? 6 192 472 429 276 319 541 
? 6 331 357 414 347 561 166 
? 6 158 294 709 406 587 329 
? 6 184 762 298 193 13 678 
? 6 10 445 144 102 204 563 
? 6 597 610 128 270 782 80 
? 6 82 389 333 632 461 380 
? 6 77 475 723 254 773 419 
? 6 221 498 694 109 611 197 
? 5 381 446 97 681 153 
? 5 633 718 564 588 454 
? 5 138 339 586 408 679 
? 5 21 91 736 245 468 
? 5 379 794 652 282 768 
? 5 0 349 277 676 85 
? 5 335 662 576 398 614 
? 4 424 685 584 544 
? 4 663 792 139 733 
? 4 466 756 354 346 
? 4 26 448 701 136 
? 4 619 737 297 401 
? 4 24 411 661 178 
? 4 170 674 622 286 
? 4 230 572 474 385 
? 4 162 340 549 501 
? 4 336 634 58 52 
? 4 528 743 257 700 
? 4 59 90 494 688 
? 4 278 554 209 199 
? 4 483 485 721 526 
? 4 539 689 653 422 
? 4 147 307 591 570 
? 4 617 739 154 521 
? 4 191 261 450 691 
? 4 246 670 198 367 
? 3 476 547 517 
? 3 36 706 98 
? 3 25 729 238 
? 3 215 500 16 
? 3 320 372 95 
? 3 395 628 196 
? 3 18 327 613 
? 3 28 646 291 
? 3 33 300 609 
? 3 488 708 273 
? 3 449 621 118 
? 3 92 716 313 
? 3 268 615 416 
? 3 606 695 67 
? 3 168 605 78 
? 3 352 774 412 
? 3 218 239 750 
? 3 152 692 302 
? 3 415 537 765 
? 3 8 386 114 
? 3 45 301 374 
!
797 
754 
160 353 420 253 328 62 569 471 
160 420
160 62
160 353
62 569
420 253
353 328
420 471
335 662 576 398 614 
576 614
398 614
335 576
335 662
246 670 198 367 
246 670
670 198
198 367
45 301 374 
45 301
45 374
0 349 277 676 85 
0 676
0 349
349 277
0 85
4 223 735 262 519 469 263 
4 223
735 262
4 735
735 519
4 469
223 263
636 763 673 174 47 248 439 188 
47 248
763 174
636 763
174 188
636 673
763 47
439 188
601 683 
601 683
456 744 740 143 585 746 350 592 
456 744
740 592
740 746
143 350
744 585
456 746
744 143
293 725 465 264 306 568 19 649 742 
293 465
465 264
725 465
649 742
264 649
568 742
725 306
293 19
8 386 114 
8 386
8 114
751 
415 537 765 
415 537
415 765
152 692 302 
152 692
152 302
379 794 652 282 768 
379 652
652 282
794 652
282 768
724 
717 
682 
191 261 450 691 
191 261
191 450
450 691
221 498 694 109 611 197 
221 109
221 498
109 611
221 197
694 109
617 739 154 521 
617 739
617 154
739 521
404 435 
404 435
657 
77 475 723 254 773 419 
77 723
475 723
475 254
475 419
77 773
784 791 727 229 433 361 371 530 512 413 213 
229 530
784 791
791 433
361 371
512 213
727 229
433 371
727 361
413 213
791 213
344 731 
344 731
69 70 
69 70
82 389 333 632 461 380 
389 632
82 333
333 632
632 461
389 380
288 699 770 111 769 363 232 194 432 
194 432
288 699
770 769
363 232
699 111
699 770
288 232
769 432
147 307 591 570 
147 307
147 570
147 591
366 455 626 532 430 396 418 546 
418 546
430 396
366 455
366 626
455 532
626 430
455 418
539 689 653 422 
653 422
539 689
689 653
66 627 318 31 650 30 237 
627 31
66 627
31 650
627 318
318 30
66 237
597 610 128 270 782 80 
597 610
597 270
270 782
610 80
610 128
218 239 750 
218 239
218 750
117 279 280 651 63 240 55 542 795 680 509 165 436 607 625 271 373 478 133 113 578 231 225 341 758 437 720 
117 279
280 117
651 280
63 279
240 117
55 280
542 240
795 63
680 240
509 651
165 509
436 542
607 436
625 55
271 680
373 680
478 509
133 165
113 55
578 373
231 625
225 607
341 231
758 113
437 113
720 478
352 774 412 
352 774
352 412
296 355 
296 355
10 445 144 102 204 563 
10 445
445 102
144 102
10 204
10 563
53 151 
53 151
72 536 534 163 599 348 728 7 
536 534
534 163
599 348
163 728
72 536
72 599
534 7
648 
602 799 29 228 496 704 65 377 793 260 211 453 50 
29 228
602 799
65 793
704 377
211 453
602 29
377 453
29 496
704 65
260 50
260 211
496 704
484 618 295 555 186 780 356 582 266 658 177 309 640 426 308 452 508 219 172 434 131 567 581 258 
484 618
295 484
555 295
186 555
780 618
356 780
582 555
266 186
658 356
177 658
309 582
640 177
426 640
308 780
452 426
508 308
219 658
172 308
434 582
131 172
567 582
581 434
258 567
772 779 93 552 362 511 132 503 49 538 394 620 630 332 
772 779
93 49
538 630
93 503
503 630
132 620
362 511
552 503
779 552
511 332
49 620
772 362
772 394
46 667 693 249 121 3 185 242 403 287 214 265 342 560 71 553 
46 667
693 667
249 46
121 249
3 693
185 3
242 3
403 185
287 403
214 287
265 287
342 185
560 265
71 342
553 265
594 
168 605 78 
168 605
168 78
483 485 721 526 
483 485
483 721
721 526
606 695 67 
606 695
606 67
540 
268 615 416 
268 615
268 416
278 554 209 199 
554 199
209 199
278 554
202 690 312 766 68 351 227 399 40 697 269 
227 399
399 697
202 766
68 269
312 227
766 227
312 40
766 269
202 690
690 351
59 90 494 688 
59 494
59 688
59 90
514 
528 743 257 700 
528 743
528 257
257 700
470 604 
470 604
336 634 58 52 
336 634
634 52
336 58
250 499 518 135 275 660 654 440 304 44 
250 499
660 654
440 304
654 440
135 44
250 518
250 660
275 660
499 135
184 762 298 193 13 678 
184 762
193 678
184 298
298 678
762 13
671 719 
671 719
162 340 549 501 
340 549
162 340
162 501
535 726 
535 726
107 760 
107 760
21 91 736 245 468 
21 91
91 736
21 468
736 245
43 251 790 103 574 38 126 
790 126
574 38
43 103
251 103
251 574
43 790
138 339 586 408 679 
339 586
138 339
138 408
408 679
410 
158 294 709 406 587 329 
294 709
294 587
406 329
158 587
158 406
391 
292 303 707 134 73 79 438 775 
292 303
303 134
707 134
707 438
134 79
292 73
438 775
92 716 313 
92 313
92 716
230 572 474 385 
230 572
230 474
572 385
383 
99 325 
99 325
89 764 
89 764
331 357 414 347 561 166 
331 414
331 357
347 166
357 166
414 561
236 675 173 5 6 203 443 460 557 524 388 
5 203
557 524
236 675
675 203
173 6
5 388
675 460
460 524
236 443
236 6
170 674 622 286 
674 286
170 286
674 622
378 
449 621 118 
449 621
621 118
81 190 274 638 34 672 696 492 205 495 786 140 533 458 
274 34
81 190
492 495
638 672
81 274
672 696
696 140
786 140
786 458
190 638
205 533
274 205
205 495
61 543 715 761 513 752 226 48 407 146 359 299 738 
543 715
226 407
61 715
48 407
61 761
513 752
543 513
752 359
513 226
407 146
299 738
761 738
375 
364 
124 531 749 164 41 417 787 358 523 368 392 234 104 631 20 393 741 
124 531
749 124
164 124
41 749
417 41
787 417
358 164
523 41
368 164
392 787
234 358
104 368
631 392
20 631
393 787
741 393
655 757 
655 757
150 598 
150 598
360 
644 798 259 145 686 108 698 427 684 442 559 577 326 217 285 431 310 200 641 
644 798
259 644
145 798
686 259
108 686
698 145
427 145
684 686
442 684
559 798
577 559
326 259
217 577
285 326
431 108
310 442
200 698
641 217
127 428 573 161 714 781 23 
127 428
573 23
714 781
573 714
127 573
428 161
101 730 589 462 635 87 409 370 497 397 
101 730
462 87
589 462
370 497
730 589
409 497
370 397
635 409
730 635
616 771 
616 771
343 
488 708 273 
488 708
488 273
305 
590 732 745 405 479 316 566 112 556 382 180 137 629 778 216 480 687 402 527 115 669 130 785 665 467 212 
590 732
745 732
405 732
479 405
316 745
566 745
112 566
556 405
382 479
180 316
137 316
629 382
778 137
216 180
480 180
687 180
402 778
527 629
115 556
669 216
130 115
785 130
665 687
467 665
212 785
241 
192 472 429 276 319 541 
192 472
472 429
276 541
429 319
429 276
17 711 207 457 86 755 783 
755 783
17 86
17 711
86 783
711 457
711 207
201 283 
201 283
60 710 510 369 365 637 522 
60 710
60 510
369 365
510 365
710 637
510 522
33 300 609 
300 609
33 300
345 486 550 624 338 796 83 747 
345 486
550 796
624 338
338 83
345 338
486 550
345 747
24 411 661 178 
24 411
411 178
24 661
464 515 272 421 75 247 290 74 129 
464 515
515 272
464 75
272 129
272 247
75 74
290 129
464 421
473 702 
473 702
179 571 
179 571
255 600 
255 600
28 646 291 
28 646
646 291
18 327 613 
18 327
327 613
235 
11 551 
11 551
125 776 
125 776
233 
619 737 297 401 
619 297
619 737
297 401
26 448 701 136 
448 701
26 136
26 448
477 608 789 595 181 565 703 489 220 
477 608
789 703
181 220
595 181
477 789
565 703
477 595
608 489
668 753 
668 753
633 718 564 588 454 
718 564
633 718
633 454
564 588
395 628 196 
628 196
395 628
466 756 354 346 
466 756
466 354
466 346
314 659 167 400 141 322 390 281 
167 400
400 322
314 400
659 167
167 390
314 141
659 281
447 502 548 451 623 788 57 666 504 289 42 423 
447 502
788 57
623 42
447 548
504 289
788 666
548 57
451 504
623 666
42 423
502 451
183 
169 
32 441 
32 441
156 
105 315 507 562 642 284 122 759 493 323 
105 315
284 759
122 323
105 562
315 642
105 507
562 122
507 493
759 493
224 244 
224 244
320 372 95 
320 372
320 95
149 
215 500 16 
215 500
500 16
208 459 54 324 645 84 384 491 463 639 425 155 252 311 
208 459
54 324
324 84
645 384
54 491
645 463
384 639
208 384
491 252
639 425
84 311
155 252
459 324
444 506 
444 506
12 35 182 15 176 603 317 51 734 195 321 387 664 376 
15 51
664 376
182 176
35 176
12 35
51 195
317 664
12 51
15 664
35 603
317 321
176 734
176 387
206 210 767 713 482 100 777 
206 210
210 767
206 100
100 777
767 482
210 713
123 677 558 481 330 119 
481 330
558 119
123 677
677 558
123 330
148 
142 
171 612 243 748 39 580 
612 748
243 748
171 243
243 39
612 580
381 446 97 681 153 
381 97
446 97
681 153
446 153
96 222 487 643 647 490 656 593 
647 593
96 487
490 656
96 490
222 487
487 593
222 643
120 
110 
116 505 
116 505
94 189 
94 189
88 
76 
27 
22 
663 792 139 733 
663 792
139 733
663 139
9 
106 583 520 722 712 579 256 14 705 37 
722 579
106 583
520 712
256 14
583 520
106 705
256 705
106 579
520 37
424 685 584 544 
424 685
584 544
424 584
25 729 238 
25 729
25 238
1 
159 337 2 175 187 525 
159 337
2 525
175 187
2 187
159 2
36 706 98 
36 706
36 98
476 547 517 
547 517
476 517
56 575 545 267 334 64 529 157 596 516 
56 575
157 596
56 545
334 157
575 267
545 334
575 64
334 529
157 516
