? 14 442 684 686 108 259 310 285 781 431 644 714 326 798 428 
? 14 101 730 589 225 607 462 635 453 87 436 211 542 377 793 
? 14 376 664 317 195 15 321 639 51 463 384 35 12 228 182 
? 14 617 739 319 154 678 429 193 298 276 521 199 541 762 76 
? 13 206 210 767 713 100 482 110 107 777 352 760 297 774 
? 13 597 610 128 782 270 80 628 395 241 257 196 700 163 
? 12 165 509 133 651 478 720 280 63 625 117 279 795 
? 11 262 735 223 4 519 697 312 766 469 68 227 
? 11 130 785 20 115 417 523 41 631 212 246 670 
? 11 192 472 359 752 513 715 543 61 761 226 146 
? 10 772 779 93 552 362 132 538 394 511 570 
? 10 663 792 783 755 254 139 299 86 535 733 
? 10 170 674 286 622 201 706 47 283 36 688 
? 10 524 557 460 5 675 236 203 367 443 724 
? 10 331 357 414 166 561 347 383 300 568 742 
? 9 633 718 564 454 657 27 302 504 152 
? 9 415 468 537 155 245 736 765 330 21 
? 9 57 788 580 666 548 142 476 447 502 
? 9 602 799 29 496 425 387 176 704 65 
? 8 230 572 474 385 325 413 213 156 
? 8 636 763 673 174 248 188 439 751 
? 8 106 583 520 722 712 256 579 705 
? 8 531 749 124 164 787 368 358 392 
? 8 2 525 159 187 337 175 694 120 
? 8 292 303 134 707 73 79 438 775 
? 8 23 169 573 721 485 526 483 127 
? 8 477 608 423 595 789 565 181 489 
? 8 0 349 119 277 85 676 200 89 
? 7 84 324 54 311 491 208 459 
? 7 593 647 487 244 661 671 224 
? 7 401 737 619 8 16 500 412 
? 7 348 599 594 534 536 72 90 
? 7 456 744 143 740 746 585 350 
? 7 784 791 727 229 433 361 530 
? 7 191 261 52 450 336 634 691 
? 6 465 725 293 264 306 649 
? 6 137 778 402 316 480 373 
? 6 31 318 66 650 627 30 
? 6 231 341 184 104 13 278 
? 6 39 493 703 612 42 759 
? 6 77 475 723 419 773 689 
? 6 112 566 758 745 405 590 
? 6 43 790 126 103 251 574 
? 6 82 389 333 247 290 272 
? 6 145 427 698 764 235 33 
? 6 160 420 353 62 253 471 
? 6 147 630 591 683 332 273 
? 5 207 711 17 457 539 
? 5 50 260 409 603 497 
? 5 10 445 144 102 563 
? 5 232 363 616 179 571 
? 5 398 614 576 69 335 
? 5 148 512 151 551 532 
? 5 449 621 118 323 218 
? 4 271 680 240 578 
? 4 197 611 416 268 
? 4 322 400 141 167 
? 4 769 770 288 111 
? 4 138 586 320 372 
? 4 577 641 217 446 
? 4 105 315 507 562 
? 4 393 741 234 327 
? 4 7 360 494 59 
? 4 74 75 710 60 
? 4 202 690 269 339 
? 4 441 488 708 32 
? 4 464 515 421 129 
? 4 587 709 158 294 
? 4 94 189 726 407 
? 4 314 659 281 390 
? 4 424 685 584 97 
? 4 45 301 374 369 
? 4 466 756 354 346 
? 3 92 716 313 
? 3 422 653 11 
? 3 22 569 67 
? 3 113 437 55 
? 3 116 505 648 
? 3 162 340 549 
? 3 194 432 284 
? 3 98 378 255 
? 3 109 498 221 
? 3 364 679 662 
? 3 123 677 237 
? 3 26 448 9 
? 3 382 629 527 
? 3 652 794 282 
? 3 91 370 397 
? 3 517 547 623 
? 3 88 204 540 
? 3 233 559 153 
? 3 692 731 695 
? 3 28 646 291 
? 3 209 554 70 
!
797 
771 
0 349 119 277 85 676 200 89 
6167 9772
449 621 118 323 218 
6121 6127
466 756 354 346 
3659 5395
209 554 70 
7046 336
148 512 151 551 532 
2937 3678
191 261 52 450 336 634 691 
1016 5187
477 608 423 595 789 565 181 489 
9875 6819
328 702 
328 702
23 169 573 721 485 526 483 127 
9970 7363
602 799 29 496 425 387 176 704 65 
744 5361
28 646 291 
6915 582
748 
692 731 695 
2741 1703
233 559 153 
2903 3480
398 614 576 69 335 
9966 5407
738 
734 
699 
45 301 374 369 
7499 3396
147 630 591 683 332 273 
2158 5281
424 685 584 97 
2107 4326
18 754 
18 754
682 
160 420 353 62 253 471 
6921 9073
192 472 359 752 513 715 543 61 761 226 146 
4867 2542
379 768 
379 768
78 305 
78 305
145 427 698 764 235 33 
9206 3755
57 788 580 666 548 142 476 447 502 
9415 7175
314 659 281 390 
6202 7906
292 303 134 707 73 79 438 775 
4653 716
94 189 726 407 
5530 422
784 791 727 229 433 361 530 
8963 760
82 389 333 247 290 272 
3224 444
88 204 540 
8039 7898
81 190 274 638 34 672 696 495 458 786 492 205 140 533 149 238 25 656 719 490 747 729 173 6 95 514 613 
81 190
274 81
638 190
34 274
672 638
696 672
495 34
458 81
786 696
492 34
205 495
140 786
533 205
149 672
238 140
25 140
656 533
719 458
490 656
747 492
729 25
173 34
6 173
95 672
514 747
613 149
517 547 623 
903 9343
296 355 
296 355
43 790 126 103 251 574 
4263 4751
263 410 
263 410
2 525 159 187 337 175 694 120 
394 592
645 
597 610 128 782 270 80 628 395 241 257 196 700 163 
6179 2705
295 555 618 484 186 582 266 780 309 177 356 658 640 452 426 219 434 131 567 258 581 605 588 168 
295 555
618 295
484 295
186 555
582 295
266 186
780 618
309 582
177 618
356 780
658 177
640 177
452 640
426 452
219 658
434 582
131 266
567 434
258 567
581 434
605 258
588 567
168 258
617 739 319 154 678 429 193 298 276 521 199 541 762 76 
952 1089
250 499 135 518 275 660 654 440 304 44 743 461 728 632 655 528 
250 499
135 250
518 250
275 499
660 275
654 660
440 660
304 440
44 135
743 44
461 304
728 135
632 304
655 461
528 743
642 
91 370 397 
6351 9490
587 709 158 294 
5668 65
652 794 282 
6861 8407
606 
382 629 527 
2438 7589
464 515 421 129 
934 175
130 785 20 115 417 523 41 631 212 246 670 
5802 9521
441 488 708 32 
1913 9497
601 
202 690 269 339 
678 9747
701 757 
701 757
74 75 710 60 
7898 4469
331 357 414 166 561 347 383 300 568 742 
5076 358
112 566 758 745 405 590 
7228 3462
470 604 
470 604
7 360 494 59 
3726 9682
180 732 
180 732
252 343 
252 343
232 363 616 179 571 
5357 4126
456 744 143 740 746 585 350 
9350 4808
10 445 144 102 563 
1893 2113
598 
77 475 723 419 773 689 
6788 9480
592 
531 749 124 164 787 368 358 392 
8155 5047
26 448 9 
2343 2548
393 741 234 327 
1877 8174
558 
1 637 
1 637
329 406 
329 406
39 493 703 612 42 759 
9690 8848
262 735 223 4 519 697 312 766 469 68 227 
4904 5963
105 315 507 562 
766 7449
556 
123 677 237 
3306 966
376 664 317 195 15 321 639 51 463 384 35 12 228 182 
4229 1115
206 210 767 713 100 482 110 107 777 352 760 297 774 
658 3914
544 
522 
345 486 550 624 338 796 83 620 24 49 388 643 96 222 307 411 503 
345 486
550 486
624 345
338 624
796 550
83 338
620 624
24 796
49 83
388 620
643 24
96 643
222 96
307 83
411 24
503 307
136 391 
136 391
668 753 
668 753
501 
46 667 693 249 121 185 3 403 242 287 214 560 265 342 71 600 171 553 243 
46 667
693 667
249 667
121 693
185 693
3 185
403 185
242 3
287 403
214 287
560 287
265 560
342 185
71 342
600 214
171 342
553 265
243 171
348 599 594 534 536 72 90 
1171 4003
524 557 460 5 675 236 203 367 443 724 
6859 7974
37 717 
37 717
481 
364 679 662 
1391 819
479 
56 575 545 267 334 64 596 529 157 516 546 418 172 626 455 366 99 40 308 508 371 375 430 399 351 396 
56 575
545 56
267 575
334 545
64 575
596 334
529 334
157 596
516 157
546 157
418 516
172 64
626 64
455 626
366 626
99 529
40 455
308 172
508 308
371 40
375 418
430 455
399 40
351 430
396 351
467 
231 341 184 104 13 278 
2783 2445
401 737 619 8 16 500 412 
4070 5963
239 750 
239 750
593 647 487 244 661 671 224 
7590 4505
109 498 221 
7470 2903
106 583 520 722 712 256 579 705 
9689 6166
577 641 217 446 
9931 4695
415 468 537 155 245 736 765 330 21 
5581 8575
114 215 
114 215
161 609 
161 609
150 615 
150 615
98 378 255 
1763 142
194 432 284 
303 9533
451 
381 681 
381 681
444 506 
444 506
435 
138 586 320 372 
6353 5725
769 770 288 111 
2164 6710
633 718 564 454 657 27 302 504 152 
6548 0
14 473 
14 473
50 260 409 603 497 
3687 8462
162 340 549 
3578 8631
322 400 141 167 
9687 2998
636 763 673 174 248 188 439 751 
118 9205
165 509 133 651 478 720 280 63 625 117 279 795 
490 9151
408 
404 
216 669 
216 669
386 
170 674 286 622 201 706 47 283 36 688 
9408 2029
665 687 
665 687
116 505 648 
585 2313
380 
113 437 55 
7337 7338
101 730 589 225 607 462 635 453 87 436 211 542 377 793 
4378 6821
220 344 
220 344
442 684 686 108 259 310 285 781 431 644 714 326 798 428 
917 1308
84 324 54 311 491 208 459 
2798 8229
31 318 66 650 627 30 
7797 1275
289 
198 
137 778 402 316 480 373 
4728 8458
207 711 17 457 539 
3447 3726
230 572 474 385 325 413 213 156 
5144 1726
183 
178 
365 510 
365 510
125 776 
125 776
122 
58 
53 
48 
197 611 416 268 
2633 4886
38 
663 792 783 755 254 139 299 86 535 733 
8995 894
271 680 240 578 
7023 3081
22 569 67 
9263 9204
19 
465 725 293 264 306 649 
8943 804
422 653 11 
7751 6951
92 716 313 
4268 3053
772 779 93 552 362 132 538 394 511 570 
9614 9981
