? 14 442 684 108 686 310 259 285 781 644 431 326 714 798 428 
? 14 250 499 518 135 275 660 654 304 440 44 461 728 632 743 
? 14 12 35 182 15 603 176 51 317 321 195 734 387 664 376 
? 14 206 210 767 713 482 100 110 777 107 352 760 774 297 598 
? 13 4 223 735 262 519 469 697 263 766 312 269 364 68 
? 13 165 509 133 651 478 63 625 280 720 117 341 279 506 
? 12 524 557 460 236 5 675 173 367 670 392 631 246 
? 11 130 785 115 20 523 41 417 212 198 556 749 
? 11 184 762 231 298 193 13 104 554 678 278 209 
? 11 168 258 567 605 588 646 28 454 718 564 633 
? 10 772 779 362 511 552 538 394 570 332 88 
? 10 106 583 520 712 722 256 579 14 37 705 
? 10 597 610 270 782 128 80 628 395 241 257 
? 10 230 572 474 385 325 413 213 148 717 433 
? 10 415 468 537 155 736 245 330 21 765 91 
? 9 602 799 29 228 496 425 639 384 463 
? 9 755 783 86 663 254 792 738 77 711 
? 9 82 389 247 333 290 464 655 421 515 
? 9 0 349 119 277 676 85 200 89 764 
? 8 22 569 62 67 353 328 471 420 
? 8 39 493 703 565 789 759 42 243 
? 8 57 788 580 666 142 548 476 447 
? 8 292 303 134 707 79 73 775 438 
? 8 191 261 52 450 336 634 691 58 
? 8 18 327 754 393 741 398 358 234 
? 8 192 472 359 429 752 276 513 319 
? 8 617 739 154 521 76 199 541 444 
? 8 401 737 619 8 16 500 386 215 
? 7 124 531 164 368 787 113 437 
? 7 23 169 573 721 485 483 526 
? 7 465 725 264 293 306 742 649 
? 7 202 690 227 372 532 586 320 
? 7 636 763 673 174 47 188 439 
? 7 129 301 45 272 75 369 74 
? 7 112 566 758 732 745 405 590 
? 6 784 791 727 229 530 512 
? 6 105 315 507 562 642 284 
? 6 593 647 244 487 661 224 
? 6 2 525 159 337 120 694 
? 6 379 794 652 282 768 305 
? 6 769 770 111 288 699 194 
? 6 314 659 167 400 141 322 
? 6 84 324 54 491 311 208 
? 6 477 608 423 181 595 432 
? 6 36 706 98 622 378 674 
? 6 66 627 318 31 650 30 
? 6 10 144 445 281 102 204 
? 5 43 790 126 251 38 
? 5 226 407 48 61 146 
? 5 60 510 710 365 522 
? 5 26 448 136 544 701 
? 5 145 427 698 235 161 
? 5 348 599 536 72 594 
? 5 434 581 606 152 302 
? 4 137 778 402 480 
? 4 299 535 726 346 
? 4 92 716 313 391 
? 4 331 357 414 561 
? 4 467 665 687 397 
? 4 294 709 587 158 
? 4 59 90 494 688 
? 4 94 189 614 69 
? 4 166 347 568 343 
? 4 162 340 549 585 
? 4 97 381 153 681 
? 4 103 574 558 383 
? 4 218 239 750 776 
? 4 268 615 416 150 
? 4 539 689 457 419 
? 4 517 547 751 498 
? 4 17 207 475 723 
? 4 122 323 118 449 
? 4 488 708 273 441 
? 3 422 653 11 
? 3 370 497 50 
? 3 540 563 669 
? 3 232 363 179 
? 3 335 662 576 
? 3 217 641 577 
? 3 592 746 740 
? 3 175 187 183 
? 3 616 771 682 
? 3 466 756 733 
? 3 456 744 143 
? 3 424 685 584 
? 3 271 680 373 
? 3 382 629 479 
? 3 123 677 237 
? 3 543 715 761 
? 3 33 609 300 
? 3 7 360 283 
? 3 65 704 260 
? 3 138 339 408 
? 3 160 253 344 
!
797 
773 
401 737 619 8 16 500 386 215 
737 619
401 737
8 386
500 215
16 500
401 8
737 16
434 581 606 152 302 
434 581
152 302
434 606
581 302
488 708 273 441 
488 708
273 441
488 441
160 253 344 
160 253
253 344
348 599 536 72 594 
348 599
536 72
599 72
599 594
112 566 758 732 745 405 590 
112 566
745 590
566 745
112 405
732 590
112 758
617 739 154 521 76 199 541 444 
617 739
154 541
521 444
521 76
617 154
739 521
617 199
125 621 
125 621
192 472 359 429 752 276 513 319 
192 472
192 359
752 513
472 429
359 752
429 319
359 276
0 349 119 277 676 85 200 89 764 
0 676
277 764
0 349
349 119
676 200
89 764
349 277
0 85
138 339 408 
138 339
138 408
695 
65 704 260 
65 704
704 260
7 360 283 
7 360
360 283
145 427 698 235 161 
145 427
145 698
427 235
235 161
679 
648 
645 
122 323 118 449 
122 323
118 449
323 118
10 144 445 281 102 204 
144 281
10 445
445 102
281 102
10 204
17 207 475 723 
475 723
17 207
17 475
404 435 
404 435
571 
66 627 318 31 650 30 
627 31
66 627
31 650
627 318
318 30
168 258 567 605 588 646 28 454 718 564 633 
168 258
718 564
258 605
718 633
567 588
646 28
454 633
258 567
168 28
646 454
53 151 
53 151
601 683 
601 683
36 706 98 622 378 674 
98 378
36 706
36 98
622 674
36 622
82 389 247 333 290 464 655 421 515 
464 515
82 333
389 247
82 389
464 421
247 515
247 290
389 655
517 547 751 498 
517 547
547 751
547 498
18 327 754 393 741 398 358 234 
358 234
18 327
393 741
18 741
393 234
18 754
754 398
539 689 457 419 
689 419
539 457
539 689
129 301 45 272 75 369 74 
301 45
129 272
129 301
75 74
369 74
272 75
477 608 423 181 595 432 
477 608
477 423
181 595
423 595
608 432
33 609 300 
609 300
33 300
56 575 545 267 334 529 516 157 596 64 172 418 626 546 366 455 508 308 99 40 430 371 375 399 396 351 361 
56 575
545 56
267 56
334 56
529 334
516 56
157 334
596 334
64 575
172 64
418 516
626 64
546 157
366 626
455 626
508 172
308 508
99 529
40 455
430 626
371 40
375 516
399 40
396 430
351 396
361 371
543 715 761 
543 715
715 761
1 637 
1 637
84 324 54 491 311 208 
324 54
84 324
54 491
84 311
324 208
470 604 
470 604
191 261 52 450 336 634 691 58 
336 634
191 634
191 52
261 52
336 58
191 450
450 691
551 
165 509 133 651 478 63 625 280 720 117 341 279 506 
165 509
720 506
509 651
117 279
280 279
478 720
63 279
651 117
133 341
509 133
651 625
165 478
345 486 550 624 338 796 83 620 643 49 24 411 388 222 96 307 443 93 503 724 132 203 178 630 
345 486
550 486
624 345
338 624
796 550
83 338
620 624
643 796
49 83
24 643
411 24
388 624
222 643
96 222
307 83
443 388
93 49
503 307
724 620
132 724
203 443
178 411
630 307
206 210 767 713 482 100 110 777 107 352 760 774 297 598 
482 110
352 774
206 210
713 107
210 767
206 100
100 777
767 482
210 713
774 297
713 760
760 598
107 297
295 555 618 186 484 582 266 780 356 309 177 658 640 452 426 219 
295 555
618 555
186 555
484 555
582 555
266 186
780 618
356 780
309 266
177 618
658 356
640 177
452 177
426 177
219 658
528 
123 677 237 
677 237
123 237
268 615 416 150 
268 150
268 615
268 416
382 629 479 
382 629
382 479
527 
271 680 373 
680 373
271 373
218 239 750 776 
218 239
218 750
239 776
184 762 231 298 193 13 104 554 678 278 209 
184 762
13 278
104 278
13 554
193 678
762 231
184 298
298 678
554 209
762 278
103 574 558 383 
103 574
103 558
103 383
501 
97 381 153 681 
97 381
153 681
381 153
329 406 
329 406
162 340 549 585 
340 549
162 340
162 585
415 468 537 155 736 245 330 21 765 91 
415 537
468 537
537 155
155 765
21 91
736 91
468 21
736 245
330 21
314 659 167 400 141 322 
167 400
400 322
314 400
659 167
314 141
9 757 
9 757
166 347 568 343 
166 568
166 347
347 343
147 591 
147 591
451 502 
451 502
26 448 136 544 701 
448 701
26 136
26 544
448 544
636 763 673 174 47 188 439 
763 174
636 763
174 188
636 673
763 47
188 439
60 510 710 365 522 
60 710
60 510
510 365
510 522
489 
769 770 111 288 699 194 
288 699
769 770
111 699
770 699
769 194
481 
292 303 134 707 79 73 775 438 
292 303
303 134
134 707
707 438
134 79
292 73
775 438
424 685 584 
424 685
424 584
94 189 614 69 
94 189
614 69
94 69
459 
180 316 
180 316
248 255 
248 255
379 794 652 282 768 305 
379 652
282 305
652 282
794 652
282 768
130 785 115 20 523 41 417 212 198 556 749 
523 417
41 212
130 115
130 785
785 523
115 20
785 41
212 749
20 198
115 556
59 90 494 688 
59 494
59 688
59 90
446 
456 744 143 
456 744
744 143
12 35 182 15 603 176 51 317 321 195 734 387 664 376 
15 51
664 376
182 176
35 176
12 35
51 195
317 664
12 51
15 664
35 603
317 321
176 734
176 387
4 223 735 262 519 469 697 263 766 312 269 364 68 
4 223
269 68
735 262
4 735
697 312
766 312
469 364
519 766
519 269
735 519
4 469
223 263
412 
409 
101 730 589 225 462 607 453 635 87 436 211 377 542 578 240 793 795 
101 730
589 730
225 101
462 589
607 101
453 589
635 453
87 462
436 607
211 453
377 453
542 607
578 436
240 542
793 453
795 607
473 702 
473 702
78 671 
78 671
390 
46 667 693 249 121 3 185 403 242 287 214 265 342 553 71 171 560 600 612 
46 667
693 667
249 46
121 667
3 667
185 3
403 185
242 3
287 403
214 287
265 287
342 185
553 265
71 342
171 342
560 265
600 214
612 342
202 690 227 372 532 586 320 
372 320
586 320
202 227
202 690
227 532
690 372
230 572 474 385 325 413 213 148 717 433 
213 148
230 572
230 474
474 413
413 213
325 717
572 385
385 325
148 433
354 668 
354 668
380 
466 756 733 
466 756
466 733
374 
81 190 274 638 34 672 205 492 533 786 495 696 140 458 149 238 25 656 719 490 729 613 747 514 95 6 
81 190
274 81
638 190
34 274
672 638
205 274
492 34
533 205
786 81
495 34
696 672
140 786
458 786
149 672
238 140
25 140
656 533
719 458
490 656
729 25
613 149
747 495
514 747
95 149
6 514
355 
2 525 159 337 120 694 
159 337
2 525
525 120
525 694
2 159
465 725 264 293 306 742 649 
465 293
465 264
465 725
742 649
264 649
725 306
350 700 
350 700
23 169 573 721 485 483 526 
23 573
23 169
485 483
721 483
721 526
573 721
616 771 682 
616 771
771 682
57 788 580 666 142 548 476 447 
57 788
788 580
548 447
580 666
580 476
57 548
142 476
294 709 587 158 
294 709
294 587
587 158
755 783 86 663 254 792 738 77 711 
663 792
755 783
783 254
783 86
86 711
755 792
254 77
755 738
410 753 
410 753
504 657 
504 657
233 559 
233 559
175 187 183 
175 187
175 183
592 746 740 
592 740
746 740
296 
163 534 
163 534
623 748 
623 748
289 
467 665 687 397 
467 397
467 687
467 665
331 357 414 561 
331 414
331 357
414 561
602 799 29 228 496 425 639 384 463 
29 228
602 799
602 29
639 384
384 463
29 496
425 639
228 425
197 611 
197 611
226 407 48 61 146 
226 407
407 48
226 61
407 146
217 641 577 
641 577
217 577
92 716 313 391 
313 391
92 313
92 716
39 493 703 565 789 759 42 243 
39 703
703 789
789 42
42 243
39 493
703 565
565 759
524 557 460 236 5 675 173 367 670 392 631 246 
631 246
524 557
236 675
670 246
460 675
5 675
524 460
392 631
236 173
557 367
557 670
252 
220 
116 505 
116 505
216 
597 610 270 782 128 80 628 395 241 257 
128 628
597 610
597 270
270 782
128 395
80 241
610 80
782 257
628 241
114 291 
114 291
335 662 576 
335 576
335 662
196 
232 363 179 
232 363
363 179
250 499 518 135 275 660 654 304 440 44 461 728 632 743 
250 499
135 743
660 654
304 440
44 743
654 440
304 632
44 728
250 518
461 632
250 660
275 660
499 135
201 286 
201 286
442 684 108 686 310 259 285 781 644 431 326 714 798 428 
108 686
684 686
442 684
644 798
285 326
285 781
781 714
259 326
442 310
108 798
310 431
686 259
310 428
124 531 164 368 787 113 437 
124 531
531 164
164 368
113 437
531 787
124 437
593 647 244 487 661 224 
593 647
647 244
244 224
593 487
593 661
170 
156 
105 315 507 562 642 284 
105 315
105 562
315 642
105 507
507 284
43 790 126 251 38 
790 126
251 38
43 38
43 790
22 569 62 67 353 328 471 420 
22 569
353 420
62 420
569 62
569 67
353 328
471 420
139 
131 
109 221 
109 221
692 731 
692 731
127 
70 
55 
32 
299 535 726 346 
726 346
299 535
535 346
27 
106 583 520 712 722 256 579 14 37 705 
722 579
106 583
520 712
256 14
583 520
106 705
256 705
106 579
520 37
137 778 402 480 
137 778
402 480
778 402
540 563 669 
540 563
540 669
19 
784 791 727 229 530 512 
229 530
784 791
727 229
784 727
791 512
370 497 50 
497 50
370 497
422 653 11 
422 653
422 11
772 779 362 511 552 538 394 570 332 88 
772 779
511 88
362 511
779 552
538 570
332 88
552 538
570 332
772 394
