!
117 666 
117 666
248 758 566 512 
248 758
566 248
512 248
20 171 782 
20 171
782 20
788 
454 564 692 536 29 186 205 637 
454 564
692 454
536 454
29 454
186 564
205 692
637 564
785 
107 312 524 
107 312
524 107
42 582 514 
42 582
514 582
403 728 665 
403 728
665 403
301 685 407 540 787 695 273 789 735 673 513 795 596 501 607 733 
301 685
407 685
540 685
787 407
695 685
273 407
789 787
735 301
673 407
513 685
795 673
596 301
501 301
607 301
733 789
753 761 486 694 8 
753 761
486 761
694 761
8 761
6 141 768 32 487 154 793 515 779 
6 141
768 6
32 141
487 6
154 6
793 141
515 141
779 768
704 
702 
166 382 308 31 365 357 394 329 262 53 
166 382
308 382
31 166
365 166
357 382
394 382
329 166
262 329
53 382
700 
321 678 
321 678
668 
145 743 671 77 
145 743
671 743
77 671
170 584 538 71 560 677 
170 584
538 584
71 170
560 584
677 584
46 47 142 679 346 254 798 169 
46 47
142 46
679 46
346 46
254 46
798 47
169 46
614 
608 
88 285 72 313 720 116 577 
88 285
72 285
313 88
720 88
116 88
577 116
21 396 104 
21 396
104 21
295 791 401 555 492 363 597 216 19 
295 791
401 791
555 791
492 295
363 401
597 791
216 295
19 791
472 616 340 56 
472 616
340 616
56 472
535 
507 
230 717 641 318 737 299 701 138 341 211 326 113 74 756 
230 717
641 717
318 230
737 717
299 230
701 641
138 701
341 299
211 230
326 138
113 326
74 717
756 74
165 257 9 520 741 87 224 
165 257
9 257
520 257
741 165
87 257
224 9
95 495 333 409 
95 495
333 495
409 495
203 474 12 137 361 
203 474
12 203
137 203
361 137
605 638 290 792 126 
605 638
290 638
792 290
126 605
268 352 259 529 122 123 755 
268 352
259 268
529 352
122 259
123 268
755 122
106 199 349 364 781 460 748 415 343 143 786 580 432 621 
106 199
349 199
364 106
781 349
460 106
748 199
415 199
343 349
143 343
786 415
580 781
432 580
621 786
147 180 307 
147 180
307 180
163 482 590 
163 482
590 163
356 747 
356 747
68 434 287 
68 434
287 68
348 764 282 93 730 601 646 522 436 
348 764
282 348
93 282
730 348
601 348
646 601
522 764
436 282
164 595 158 617 40 
164 595
158 595
617 595
40 164
130 576 523 648 762 774 61 
130 576
523 130
648 576
762 648
774 523
61 762
505 
151 467 
151 467
245 293 249 284 54 416 4 167 217 337 75 683 110 525 794 468 418 770 65 427 618 393 593 565 168 716 148 187 
245 293
249 293
284 249
54 293
416 293
4 249
167 245
217 249
337 293
75 217
683 245
110 75
525 4
794 249
468 794
418 110
770 293
65 293
427 468
618 525
393 418
593 65
565 427
168 593
716 393
148 249
187 148
410 
366 759 534 689 776 528 323 92 288 696 585 462 719 
366 759
534 759
689 759
776 366
528 366
323 534
92 759
288 366
696 534
585 759
462 323
719 366
125 742 424 181 477 214 
125 742
424 742
181 125
477 125
214 742
355 725 504 193 684 543 600 
355 725
504 355
193 725
684 725
543 504
600 684
443 463 44 399 177 
443 463
44 443
399 463
177 443
38 221 120 322 119 718 539 350 559 303 579 682 78 498 
38 221
120 221
322 38
119 38
718 120
539 38
350 718
559 38
303 559
579 350
682 303
78 579
498 78
402 
239 286 506 459 571 707 664 
239 286
506 286
459 506
571 239
707 506
664 239
228 554 244 483 400 516 319 
228 554
244 228
483 228
400 554
516 400
319 228
132 455 760 261 45 420 100 612 588 
132 455
760 455
261 760
45 261
420 132
100 455
612 455
588 132
397 
129 426 591 408 626 360 603 
129 426
591 129
408 129
626 426
360 129
603 426
390 
134 209 342 398 102 421 645 647 195 578 34 414 304 96 473 50 769 392 49 260 452 258 
134 209
342 209
398 209
102 398
421 342
645 102
647 421
195 342
578 645
34 195
414 342
304 578
96 342
473 96
50 647
769 50
392 304
49 414
260 769
452 34
258 452
82 710 
82 710
70 799 548 
70 799
548 799
619 709 278 
619 709
278 619
450 489 198 15 500 
450 489
198 450
15 489
500 450
610 731 256 277 453 715 314 531 635 265 185 712 723 561 
610 731
256 610
277 731
453 256
715 277
314 610
531 731
635 256
265 635
185 731
712 265
723 731
561 731
383 
274 297 25 653 
274 297
25 274
653 297
242 335 215 446 553 493 496 35 745 362 
242 335
215 335
446 242
553 335
493 242
496 335
35 242
745 335
362 745
250 479 152 
250 479
152 250
81 726 336 
81 726
336 726
94 276 532 575 623 711 690 27 669 655 562 
94 276
532 94
575 532
623 276
711 532
690 94
27 94
669 94
655 711
562 532
30 581 663 
30 581
663 30
128 598 708 225 210 238 
128 598
708 598
225 598
210 128
238 128
439 766 302 422 481 37 178 627 628 316 370 140 771 465 
439 766
302 766
422 766
481 422
37 439
178 766
627 178
628 302
316 302
370 439
140 439
771 302
465 140
103 413 699 310 292 691 387 41 218 568 162 763 
103 413
699 413
310 413
292 413
691 699
387 699
41 413
218 103
568 387
162 568
763 691
433 491 746 
433 491
746 433
207 510 563 
207 510
563 510
172 196 150 642 182 226 
172 196
150 196
642 150
182 642
226 196
381 
190 223 208 772 632 234 
190 223
208 223
772 190
632 772
234 190
530 661 757 243 526 133 
530 661
757 661
243 530
526 530
133 530
39 435 440 
39 435
440 39
114 149 780 
114 149
780 149
0 724 156 519 345 347 773 734 517 406 212 
0 724
156 0
519 724
345 724
347 724
773 156
734 0
517 773
406 0
212 0
101 442 372 23 
101 442
372 442
23 101
368 
497 672 291 2 136 509 651 471 236 62 33 369 188 175 542 604 179 573 662 395 583 
497 672
291 497
2 497
136 497
509 136
651 509
471 291
236 651
62 471
33 62
369 236
188 369
175 188
542 175
604 33
179 604
573 179
662 573
395 542
583 662
311 
306 
275 305 546 457 271 
275 305
546 275
457 305
271 275
494 541 67 
494 541
67 541
300 
630 706 1 644 739 687 752 674 412 330 681 705 220 
630 706
1 630
644 1
739 706
687 706
752 1
674 1
412 752
330 412
681 706
705 1
220 674
176 425 79 192 
176 425
79 176
192 425
374 659 703 
374 659
703 659
97 294 444 620 325 327 246 775 237 159 386 160 784 270 698 589 767 59 475 
97 294
444 294
620 97
325 444
327 97
246 97
775 444
237 775
159 325
386 444
160 444
784 97
270 237
698 270
589 97
767 698
59 97
475 386
7 751 385 502 43 298 
7 751
385 7
502 7
43 7
298 385
411 636 675 202 3 255 90 144 206 537 654 697 109 629 736 667 
411 636
675 411
202 411
3 411
255 411
90 255
144 411
206 411
537 675
654 411
697 636
109 411
629 109
736 636
667 736
58 367 204 380 602 14 447 5 625 652 11 235 76 544 10 389 
58 367
204 367
380 58
602 204
14 58
447 367
5 602
625 447
652 5
11 625
235 11
76 652
544 76
10 544
389 235
264 
233 
213 
146 490 754 241 253 267 797 430 503 161 
146 490
754 490
241 146
253 146
267 490
797 146
430 146
503 490
161 146
64 686 518 231 
64 686
518 686
231 686
85 545 
85 545
272 714 69 594 721 391 197 48 13 331 633 419 16 511 727 351 
272 714
69 714
594 714
721 69
391 721
197 714
48 391
13 69
331 272
633 272
419 714
16 69
511 48
727 13
351 16
377 499 139 611 283 155 417 572 371 
377 499
139 499
611 377
283 611
155 499
417 377
572 499
371 139
334 344 60 219 643 567 423 437 466 
334 344
60 334
219 344
643 334
567 334
423 334
437 334
466 334
131 451 458 
131 451
458 131
550 783 111 375 464 556 640 66 680 353 456 127 587 317 252 17 740 404 569 309 
550 783
111 550
375 550
464 375
556 464
640 111
66 783
680 783
353 680
456 550
127 783
587 127
317 783
252 550
17 783
740 550
404 640
569 740
309 569
52 266 
52 266
279 722 
279 722
354 622 99 320 83 227 449 552 359 263 296 744 484 384 658 51 
354 622
99 354
320 99
83 622
227 99
449 354
552 354
359 354
263 354
296 227
744 622
484 354
384 622
658 354
51 296
184 
289 438 639 557 84 634 281 750 
289 438
639 289
557 438
84 639
634 438
281 639
750 634
135 
36 558 
36 558
105 480 55 527 378 108 796 174 476 
105 480
55 480
527 480
378 480
108 480
796 480
174 480
476 480
200 222 533 441 
200 222
533 200
441 200
606 609 24 650 469 89 631 729 26 777 574 738 660 22 379 445 269 547 448 478 324 18 173 508 778 713 431 121 485 
606 609
24 606
650 609
469 24
89 606
631 609
729 631
26 609
777 606
574 606
738 469
660 606
22 660
379 609
445 609
269 738
547 606
448 609
478 448
324 269
18 606
173 609
508 173
778 609
713 778
431 324
121 606
485 121
376 405 
376 405
676 790 328 428 189 358 657 315 732 157 280 470 332 649 86 28 201 551 229 549 624 153 570 765 693 521 
676 790
328 676
428 790
189 676
358 676
657 358
315 676
732 328
157 328
280 790
470 328
332 790
649 732
86 328
28 676
201 86
551 28
229 551
549 790
624 157
153 549
570 153
765 328
693 676
521 693
118 
91 124 586 232 194 251 
91 124
586 124
232 124
194 124
251 124
112 
388 688 615 429 461 338 339 247 183 592 63 599 191 
388 688
615 688
429 388
461 688
338 388
339 615
247 688
183 688
592 688
63 615
599 615
191 339
98 
73 488 
73 488
57 
656 670 749 373 80 240 
656 670
749 656
373 656
80 656
240 670
115 613 
115 613
