? 10 366 759 534 92 323 673 528 689 462 789 
? 10 518 686 64 231 25 346 653 254 46 374 
? 10 228 554 483 516 244 400 618 98 168 707 
? 9 268 352 123 529 266 52 624 560 368 
? 9 0 724 156 347 734 519 212 345 773 
? 9 348 764 282 601 93 730 522 646 39 
? 9 146 490 241 754 267 338 690 562 797 
? 9 130 576 762 648 523 61 341 774 142 
? 9 362 749 670 373 240 745 500 171 782 
? 9 129 591 426 408 70 626 81 306 360 
? 8 6 141 719 32 154 793 288 487 
? 8 450 489 15 174 496 198 553 378 
? 8 31 166 382 365 104 262 308 357 
? 7 289 639 438 634 557 281 569 
? 7 7 502 751 385 43 100 147 
? 7 474 664 203 12 312 571 137 
? 7 164 727 158 633 771 9 617 
? 7 484 658 399 463 44 21 396 
? 7 530 661 757 424 150 742 125 
? 7 261 760 455 45 132 394 565 
? 7 116 313 577 88 193 271 184 
? 6 371 632 283 772 521 467 
? 6 454 692 536 29 205 629 
? 6 459 506 257 286 165 239 
? 6 161 548 763 799 603 233 
? 6 753 761 486 8 694 619 
? 6 597 791 295 363 40 555 
? 6 55 105 480 185 796 476 
? 6 76 625 10 447 5 544 
? 6 14 602 652 11 235 583 
? 5 17 149 114 668 780 
? 5 200 222 441 582 402 
? 5 504 725 355 543 85 
? 5 74 750 36 274 309 
? 5 190 223 115 785 590 
? 5 95 495 333 287 68 
? 5 279 768 779 659 297 
? 4 72 285 512 720 
? 4 182 642 196 172 
? 4 49 473 96 414 
? 4 275 546 457 580 
? 4 671 741 77 224 
? 4 667 736 16 361 
? 4 435 684 440 600 
? 4 63 616 472 126 
? 4 47 608 798 679 
? 3 131 452 451 
? 3 170 584 71 
? 3 101 538 442 
? 3 152 250 208 
? 3 145 743 19 
? 3 53 82 588 
? 3 163 482 234 
? 3 329 390 710 
? 3 703 722 700 
? 3 687 739 311 
? 3 425 682 488 
? 3 210 746 238 
? 3 133 243 681 
? 3 57 406 20 
? 3 492 563 728 
? 3 195 342 134 
? 3 494 541 67 
? 3 479 709 278 
? 3 180 298 187 
? 3 405 776 735 
!
356 666 
356 666
47 608 798 679 
47 608
608 679
798 679
405 776 735 
776 735
405 776
788 
31 166 382 365 104 262 308 357 
31 365
382 308
365 262
31 166
166 104
166 357
308 357
769 
180 298 187 
298 187
180 298
479 709 278 
709 278
479 709
494 541 67 
541 67
494 67
272 714 69 107 721 197 331 48 594 13 391 524 595 419 351 511 
272 714
69 272
107 272
721 107
197 714
331 721
48 721
594 714
13 272
391 48
524 197
595 13
419 594
351 594
511 48
279 768 779 659 297 
779 659
768 297
279 768
279 779
129 591 426 408 70 626 81 306 360 
129 426
591 408
591 81
426 81
626 306
129 360
129 626
408 70
704 
702 
228 554 483 516 244 400 618 98 168 707 
554 244
516 707
228 554
228 98
618 98
516 244
400 707
483 516
483 168
696 
213 507 
213 507
665 
63 616 472 126 
63 126
616 126
63 472
14 602 652 11 235 583 
14 602
14 235
11 583
602 583
652 11
450 489 15 174 496 198 553 378 
450 496
15 198
489 174
489 496
450 15
450 553
489 378
614 
612 
116 313 577 88 193 271 184 
116 577
88 271
116 313
313 88
313 193
577 184
195 342 134 
195 134
195 342
362 749 670 373 240 745 500 171 782 
500 782
749 373
362 373
373 745
749 670
745 782
745 171
670 240
435 684 440 600 
435 684
435 600
684 440
585 
579 
439 766 302 422 481 37 370 178 627 465 628 140 112 316 
439 766
302 766
422 766
481 422
37 439
370 439
178 37
627 37
465 370
628 422
140 37
112 627
316 481
261 760 455 45 132 394 565 
455 132
261 45
45 565
760 132
760 394
261 760
667 736 16 361 
667 736
667 361
16 361
95 495 333 287 68 
495 68
95 68
95 287
495 333
190 223 115 785 590 
190 223
115 785
115 590
190 115
530 661 757 424 150 742 125 
742 125
424 742
530 757
530 661
530 424
424 150
97 294 444 325 159 160 775 246 420 784 386 589 475 59 
97 294
444 97
325 444
159 325
160 444
775 444
246 444
420 294
784 325
386 420
589 420
475 386
59 784
492 563 728 
492 563
563 728
57 406 20 
57 406
406 20
376 403 
376 403
133 243 681 
243 681
133 243
130 576 762 648 523 61 341 774 142 
61 142
648 341
576 523
762 648
576 648
130 523
762 142
576 774
74 750 36 274 309 
74 750
74 36
750 274
274 309
484 658 399 463 44 21 396 
484 399
484 21
484 463
658 44
658 463
399 396
572 
34 258 
34 258
676 790 189 328 428 358 280 677 657 372 732 765 470 157 86 315 201 28 570 649 551 151 332 383 153 549 693 229 
676 790
189 790
328 676
428 790
358 790
280 358
677 790
657 280
372 428
732 328
765 732
470 328
157 328
86 328
315 428
201 470
28 732
570 358
649 732
551 358
151 551
332 315
383 332
153 28
549 358
693 657
229 657
558 
388 688 429 79 615 461 183 339 592 191 247 176 599 
388 688
429 688
79 688
615 688
461 615
183 688
339 615
592 688
191 339
247 339
176 191
599 429
76 625 10 447 5 544 
10 5
76 5
76 625
625 447
76 544
164 727 158 633 771 9 617 
164 727
727 633
633 617
164 9
727 158
164 771
504 725 355 543 85 
725 543
725 355
725 85
504 543
644 752 1 630 674 412 220 706 566 248 758 214 705 330 
644 752
1 644
630 1
674 1
412 752
220 644
706 630
566 752
248 644
758 248
214 412
705 630
330 214
535 
474 664 203 12 312 571 137 
12 312
664 12
474 12
474 203
664 571
474 137
7 502 751 385 43 100 147 
7 751
7 502
385 43
502 100
43 147
751 385
146 490 241 754 267 338 690 562 797 
754 267
490 267
146 490
146 797
241 562
146 562
267 338
754 690
520 
289 639 438 634 557 281 569 
639 634
639 438
289 569
557 281
289 557
438 569
517 
245 293 249 4 416 284 683 217 54 110 525 716 393 468 337 167 75 418 794 770 593 148 
245 293
249 293
4 249
416 245
284 4
683 245
217 249
54 284
110 416
525 284
716 683
393 683
468 217
337 468
167 716
75 110
418 167
794 468
770 4
593 683
148 468
73 503 
73 503
210 746 238 
210 238
210 746
425 682 488 
682 488
425 682
200 222 441 582 402 
222 441
200 441
200 582
200 402
91 270 698 124 327 586 251 232 767 620 30 581 663 237 
91 270
698 91
124 91
327 698
586 124
251 91
232 124
767 124
620 91
30 251
581 251
663 581
237 327
505 
671 741 77 224 
741 77
671 741
671 224
518 686 64 231 25 346 653 254 46 374 
254 46
64 231
686 25
64 46
64 346
653 374
518 231
518 686
518 653
687 739 311 
739 311
687 739
703 722 700 
703 722
703 700
94 532 498 276 575 568 623 655 711 27 669 
94 532
498 532
276 94
575 94
568 94
623 276
655 532
711 655
27 498
669 94
329 390 710 
329 390
329 710
55 105 480 185 796 476 
105 480
55 105
55 185
55 796
105 476
301 685 407 540 695 273 787 596 795 513 264 501 733 607 
301 685
407 685
540 685
695 301
273 407
787 407
596 540
795 301
513 695
264 301
501 540
733 787
607 513
38 221 120 322 119 718 539 303 559 350 192 78 
38 221
120 221
322 38
119 221
718 120
539 119
303 119
559 303
350 539
192 303
78 559
163 482 234 
482 234
163 482
53 82 588 
53 588
82 588
597 791 295 363 40 555 
791 295
597 40
597 295
295 555
791 363
458 
753 761 486 8 694 619 
761 486
8 694
753 486
761 8
8 619
161 548 763 799 603 233 
161 799
548 603
799 233
548 799
161 763
145 743 19 
145 743
743 19
152 250 208 
250 208
152 250
103 413 292 691 699 41 310 387 218 300 162 
103 413
292 103
691 413
699 413
41 413
310 413
387 691
218 310
300 699
162 387
275 546 457 580 
275 546
275 457
546 580
436 
304 578 645 647 102 260 398 708 50 186 598 637 564 225 209 135 128 491 392 421 433 
304 578
645 578
647 304
102 645
260 304
398 102
708 304
50 647
186 708
598 708
637 186
564 186
225 598
209 398
135 50
128 598
491 50
392 102
421 50
433 491
427 
381 
17 149 114 668 780 
149 780
17 780
17 114
17 668
101 538 442 
538 442
101 538
340 
318 717 230 737 641 701 299 756 138 326 113 169 211 
318 717
230 717
737 230
641 230
701 641
299 230
756 717
138 701
326 138
113 138
169 138
211 299
49 473 96 414 
49 473
49 96
49 414
170 584 71 
170 584
584 71
550 783 111 464 556 640 375 456 680 587 117 252 317 66 397 747 353 404 127 
550 783
111 783
464 111
556 464
640 783
375 111
456 550
680 456
587 464
117 783
252 464
317 783
66 317
397 66
747 464
353 317
404 375
127 404
459 506 257 286 165 239 
506 257
257 165
459 286
459 239
506 286
493 792 638 290 242 430 605 80 446 118 155 656 335 56 215 253 
493 792
638 493
290 638
242 493
430 792
605 638
80 290
446 242
118 430
155 118
656 638
335 242
56 656
215 335
253 430
106 199 349 364 460 781 143 343 748 621 786 305 432 510 415 545 
106 199
349 199
364 199
460 106
781 349
143 106
343 364
748 349
621 343
786 621
305 460
432 781
510 349
415 786
545 460
336 
307 
207 
366 759 534 92 323 673 528 689 462 789 
673 689
366 759
759 528
92 689
366 92
673 462
759 534
92 789
323 528
182 642 196 172 
642 172
182 196
196 172
409 434 
409 434
610 731 256 453 277 715 635 314 265 712 561 531 723 527 108 514 
610 731
256 610
453 256
277 453
715 277
635 731
314 610
265 314
712 635
561 731
531 256
723 265
527 715
108 527
514 277
348 764 282 601 93 730 522 646 39 
348 730
764 282
348 39
764 93
601 646
93 730
348 646
282 522
0 724 156 347 734 519 212 345 773 
519 345
347 345
212 773
0 156
0 724
156 519
724 773
156 734
131 452 451 
452 451
131 452
334 344 643 567 423 60 219 437 122 377 466 755 499 611 259 417 533 321 678 139 
334 344
643 334
567 334
423 344
60 334
219 423
437 60
122 344
377 60
466 643
755 423
499 377
611 499
259 122
417 60
533 417
321 533
678 755
139 611
216 401 
216 401
226 526 
226 526
354 622 320 99 552 227 359 83 263 296 449 384 744 51 443 177 
354 622
320 622
99 320
552 354
227 320
359 354
83 552
263 552
296 359
449 99
384 320
744 83
51 296
443 320
177 296
181 
6 141 719 32 154 793 288 487 
32 793
719 793
6 288
141 719
154 288
6 141
6 487
87 
194 477 
194 477
268 352 123 529 266 52 624 560 368 
352 266
624 368
52 368
266 624
352 529
268 123
52 560
268 624
72 285 512 720 
72 512
72 285
285 720
606 609 24 650 469 89 631 26 729 660 738 574 379 445 777 22 448 410 547 269 478 173 485 508 431 778 121 713 324 
606 609
24 609
650 609
469 606
89 606
631 609
26 606
729 631
660 729
738 26
574 738
379 631
445 89
777 660
22 660
448 379
410 738
547 22
269 738
478 379
173 379
485 660
508 445
431 738
778 448
121 22
713 379
324 269
613 726 
613 726
291 497 672 136 2 651 509 471 369 236 62 175 18 188 542 33 604 179 573 395 662 389 204 58 380 367 
291 497
672 497
136 497
2 672
651 136
509 136
471 509
369 136
236 509
62 509
175 369
18 175
188 175
542 188
33 236
604 175
179 604
573 604
395 542
662 179
389 604
204 188
58 204
380 58
367 58
84 
454 692 536 29 205 629 
454 536
454 692
205 629
692 29
536 205
42 
411 636 675 202 255 90 537 206 3 144 654 697 109 
411 636
675 411
202 411
255 636
90 255
537 636
206 675
3 202
144 90
654 202
697 206
109 255
35 
515 740 
515 740
23 
371 632 283 772 521 467 
283 772
371 632
632 772
283 521
371 467
65 319 
65 319
