? 10 348 764 436 730 522 601 282 93 39 440 
? 10 295 492 791 368 401 363 555 597 19 216 
? 10 162 568 387 691 669 763 711 300 161 548 
? 9 362 749 782 56 171 656 670 35 745 
? 9 521 772 229 693 190 657 785 151 280 
? 9 245 293 54 416 4 249 284 337 217 
? 9 550 783 111 640 375 556 464 587 680 
? 9 68 95 434 400 495 287 508 516 333 
? 9 411 636 675 202 537 255 109 90 3 
? 9 323 462 534 696 759 92 101 689 23 
? 8 327 767 270 698 91 246 620 237 
? 8 390 588 329 104 21 262 53 31 
? 8 606 609 650 24 469 89 26 631 
? 7 236 369 33 175 18 62 509 
? 7 61 762 211 648 576 341 142 
? 7 173 778 389 379 448 573 478 
? 7 497 672 291 2 136 651 471 
? 7 20 500 446 553 489 242 198 
? 7 83 744 552 263 226 51 739 
? 7 1 705 644 674 630 535 706 
? 7 504 725 355 59 543 85 193 
? 6 608 679 798 47 46 49 
? 6 166 365 382 308 357 589 
? 6 180 770 43 147 385 298 
? 6 77 671 145 741 224 743 
? 6 29 692 454 206 205 536 
? 6 472 616 240 373 126 80 
? 6 468 794 148 187 100 502 
? 6 71 665 403 170 728 584 
? 6 709 780 668 250 149 114 
? 5 165 257 459 9 506 
? 5 248 758 220 752 566 
? 5 439 766 178 37 627 
? 5 12 203 474 361 664 
? 5 16 594 419 351 197 
? 5 201 470 677 372 538 
? 5 97 294 325 160 784 
? 4 96 414 195 473 
? 4 121 547 22 777 
? 4 131 452 34 702 
? 4 179 604 713 662 
? 4 25 558 231 36 
? 4 667 736 144 524 
? 4 253 430 118 241 
? 4 103 413 310 218 
? 4 315 428 332 189 
? 3 208 233 70 
? 3 493 792 638 
? 3 252 356 747 
? 3 214 412 330 
? 3 660 729 485 
? 3 239 286 571 
? 3 184 285 512 
? 3 251 581 30 
? 3 163 482 590 
? 3 119 539 350 
? 3 410 431 324 
? 3 290 605 797 
? 3 38 221 120 
? 3 395 542 188 
? 3 523 774 130 
? 3 87 707 107 
? 3 207 510 563 
? 3 116 313 577 
? 3 600 684 612 
? 3 629 697 704 
!
84 353 
84 353
315 428 332 189 
428 189
315 428
315 332
629 697 704 
697 704
629 697
718 
606 609 650 24 469 89 26 631 
606 469
606 609
26 631
24 89
24 469
609 650
650 631
663 
600 684 612 
600 612
600 684
116 313 577 
116 577
116 313
207 510 563 
510 563
207 563
433 491 135 769 501 50 260 540 746 647 225 695 596 258 301 598 
433 491
135 491
769 491
501 433
50 769
260 135
540 501
746 501
647 50
225 260
695 746
596 540
258 50
301 596
598 225
97 294 325 160 784 
97 294
325 160
97 160
325 784
323 462 534 696 759 92 101 689 23 
92 689
534 696
462 689
759 689
534 759
323 759
323 101
696 23
646 
628 
162 568 387 691 669 763 711 300 161 548 
568 387
691 711
387 691
162 669
300 161
711 548
568 669
387 161
162 763
618 
117 666 
117 666
611 
103 413 310 218 
103 413
310 218
103 310
709 780 668 250 149 114 
780 149
709 149
709 114
668 250
780 668
390 588 329 104 21 262 53 31 
262 31
588 104
104 262
588 329
588 53
21 262
390 21
583 
546 
504 725 355 59 543 85 193 
725 543
543 193
725 355
504 59
59 543
725 85
87 707 107 
87 707
87 107
411 636 675 202 537 255 109 90 3 
636 537
636 675
411 537
537 90
202 3
411 3
255 90
109 90
253 430 118 241 
430 118
430 241
253 118
529 
456 
304 578 645 102 398 708 186 564 209 392 637 128 421 134 
304 578
645 578
102 645
398 102
708 304
186 708
564 186
209 398
392 564
637 186
128 708
421 209
134 209
1 705 644 674 630 535 706 
705 674
630 706
1 706
1 644
535 706
705 644
667 736 144 524 
667 736
736 524
144 524
201 470 677 372 538 
470 372
201 470
201 538
677 372
16 594 419 351 197 
594 419
16 351
594 351
594 197
83 744 552 263 226 51 739 
83 552
83 744
744 263
744 226
552 51
226 739
407 795 685 787 273 735 789 264 776 673 585 513 700 607 
407 795
685 795
787 407
273 407
735 787
789 787
264 789
776 735
673 776
585 776
513 685
700 273
607 513
523 774 130 
523 130
523 774
395 542 188 
395 542
542 188
40 771 
40 771
38 221 120 
221 120
38 221
68 95 434 400 495 287 508 516 333 
95 400
68 400
68 495
95 508
68 516
434 508
95 287
495 333
12 203 474 361 664 
203 361
12 664
12 474
474 361
20 500 446 553 489 242 198 
20 242
446 242
500 198
20 500
500 489
20 553
445 
88 720 
88 720
222 533 200 321 643 417 60 441 402 567 215 334 437 423 466 453 678 219 582 755 344 256 610 635 496 377 335 153 
222 533
200 533
321 222
643 321
417 200
60 417
441 200
402 200
567 643
215 441
334 567
437 60
423 643
466 423
453 402
678 321
219 423
582 453
755 678
344 219
256 453
610 256
635 610
496 582
377 437
335 215
153 344
435 
443 484 658 44 463 399 177 227 396 622 354 359 296 
443 484
658 484
44 658
463 44
399 44
177 443
227 484
396 399
622 227
354 622
359 354
296 359
71 665 403 170 728 584 
71 665
403 584
403 170
71 403
728 584
497 672 291 2 136 651 471 
497 2
497 672
291 2
2 136
136 651
291 471
439 766 178 37 627 
439 766
439 37
37 627
439 178
281 569 309 317 557 66 740 639 289 397 438 634 274 750 
281 569
309 281
317 309
557 281
66 317
740 66
639 557
289 639
397 740
438 639
634 438
274 634
750 634
418 
173 778 389 379 448 573 478 
389 573
173 389
173 379
173 778
379 478
778 448
61 762 211 648 576 341 142 
61 142
648 341
211 576
762 648
211 648
762 142
550 783 111 640 375 556 464 587 680 
550 783
640 464
783 111
640 587
556 464
111 375
111 464
550 680
409 
236 369 33 175 18 62 509 
33 175
369 175
369 62
236 369
236 509
33 18
405 
467 626 726 306 115 81 129 632 591 408 426 139 283 371 603 613 336 499 155 360 572 223 
467 626
726 467
306 626
115 467
81 726
129 306
632 115
591 306
408 129
426 408
139 632
283 139
371 283
603 591
613 115
336 613
499 139
155 129
360 408
572 155
223 336
67 541 
67 541
290 605 797 
290 797
290 605
410 431 324 
431 324
410 431
248 758 220 752 566 
248 566
220 752
248 752
758 752
694 761 486 753 41 8 479 619 292 278 152 788 699 799 
694 761
486 761
753 761
41 753
8 694
479 8
619 8
292 41
278 479
152 479
788 152
699 41
799 699
376 
25 558 231 36 
25 558
558 36
25 231
295 492 791 368 401 363 555 597 19 216 
295 216
295 19
791 19
401 363
597 216
555 216
492 555
791 401
368 363
119 539 350 
539 350
119 350
163 482 590 
163 482
482 590
55 527 796 108 105 185 514 42 72 505 15 
55 527
796 527
108 527
105 108
185 55
514 185
42 514
72 105
505 72
15 514
251 581 30 
251 581
251 30
468 794 148 187 100 502 
148 187
148 100
100 502
468 794
794 187
65 168 593 98 244 319 228 483 683 520 554 525 393 307 
65 168
593 168
98 65
244 98
319 98
228 244
483 228
683 593
520 319
554 483
525 98
393 683
307 554
265 314 712 457 531 561 731 275 723 271 715 277 
265 314
712 314
457 314
531 265
561 531
731 531
275 457
723 561
271 275
715 731
277 731
184 285 512 
184 512
285 512
239 286 571 
239 571
239 286
472 616 240 373 126 80 
616 240
240 126
472 126
616 373
373 80
370 
29 692 454 206 205 536 
206 536
454 206
692 454
29 692
205 536
77 671 145 741 224 743 
77 741
671 741
77 145
671 224
145 743
660 729 485 
660 729
660 485
214 412 330 
214 330
214 412
659 722 703 374 518 686 458 653 64 451 254 
659 722
703 722
374 703
518 374
686 518
458 374
653 686
64 518
451 458
254 64
179 604 713 662 
604 713
179 662
713 662
342 
649 732 765 28 570 259 157 624 328 358 122 676 86 549 790 268 52 560 551 266 352 
649 732
765 732
28 732
570 28
259 765
157 765
624 157
328 157
358 570
122 259
676 328
86 328
549 570
790 676
268 259
52 268
560 624
551 549
266 52
352 268
322 
312 
165 257 459 9 506 
257 506
165 257
459 506
165 9
252 356 747 
252 356
252 747
269 
641 717 737 318 230 701 299 138 756 326 113 169 346 
641 717
737 717
318 641
230 641
701 737
299 230
138 701
756 701
326 138
113 138
169 113
346 169
131 452 34 702 
131 452
34 702
131 702
493 792 638 
493 792
493 638
719 793 141 515 288 6 614 32 487 279 404 154 768 779 297 127 733 528 366 
719 793
141 793
515 719
288 515
6 141
614 6
32 141
487 614
279 32
404 288
154 404
768 487
779 32
297 487
127 404
733 279
528 733
366 528
180 770 43 147 385 298 
180 147
770 298
43 385
43 147
43 298
0 724 156 212 347 734 517 519 773 345 174 406 476 378 450 480 
0 724
156 724
212 0
347 724
734 212
517 156
519 347
773 517
345 519
174 734
406 519
476 773
378 174
450 174
480 378
199 364 106 349 343 781 748 415 460 580 143 545 786 305 432 621 
199 364
106 199
349 364
343 364
781 349
748 781
415 343
460 106
580 781
143 106
545 460
786 415
305 460
432 580
621 786
238 
234 
210 
348 764 436 730 522 601 282 93 39 440 
348 730
436 601
764 282
348 39
764 93
730 93
348 436
522 282
93 440
121 547 22 777 
121 547
121 22
22 777
7 751 
7 751
447 625 76 652 5 11 544 10 602 14 654 380 58 204 367 137 
447 625
76 625
652 447
5 652
11 652
544 76
10 76
602 5
14 602
654 10
380 602
58 380
204 58
367 204
137 544
245 293 54 416 4 249 284 337 217 
245 293
4 284
54 416
416 217
54 249
249 337
54 4
293 4
521 772 229 693 190 657 785 151 280 
693 190
229 151
772 229
521 280
772 693
772 280
229 657
190 785
208 233 70 
233 70
208 233
13 595 158 727 633 164 316 617 302 69 511 272 331 481 391 721 422 48 714 381 
13 595
158 13
727 595
633 727
164 727
316 164
617 158
302 316
69 633
511 633
272 69
331 69
481 302
391 511
721 391
422 481
48 391
714 272
381 481
167 716 
167 716
235 494 
235 494
132 475 455 386 565 760 261 45 775 427 394 420 75 110 159 444 
132 475
455 132
386 475
565 386
760 455
261 760
45 261
775 386
427 565
394 760
420 775
75 427
110 75
159 386
444 159
123 
327 767 270 698 91 246 620 237 
327 698
698 91
270 91
767 246
327 237
767 237
270 620
112 
383 442 
383 442
362 749 782 56 171 656 670 35 745 
749 656
56 656
56 670
362 56
749 35
749 745
782 745
171 745
96 414 195 473 
96 414
96 473
195 473
429 599 183 488 192 682 388 176 688 615 503 267 338 425 73 461 213 63 339 592 191 754 79 559 303 507 247 146 340 
429 599
183 429
488 599
192 488
682 192
388 183
176 599
688 388
615 688
503 429
267 503
338 503
425 176
73 338
461 688
213 73
63 461
339 615
592 213
191 339
754 267
79 63
559 682
303 559
507 592
247 79
146 754
340 191
681 687 
681 687
181 661 757 530 477 424 642 133 243 150 526 125 194 710 232 196 742 182 172 449 99 311 586 320 124 384 
181 661
757 661
530 181
477 661
424 530
642 530
133 424
243 424
150 642
526 642
125 133
194 477
710 194
232 194
196 150
742 125
182 196
172 196
449 642
99 449
311 243
586 710
320 99
124 586
384 320
82 
166 365 382 308 357 589 
382 308
166 365
382 589
166 357
308 357
74 
562 690 498 623 532 78 575 94 276 27 579 655 490 
562 690
498 562
623 498
532 690
78 690
575 532
94 575
276 623
27 532
579 276
655 27
490 27
57 
140 465 
140 465
17 
608 679 798 47 46 49 
608 47
679 49
47 46
608 49
798 49
574 738 
574 738
