? 10 656 749 670 362 745 240 472 35 782 80 
? 10 289 438 639 557 569 634 84 309 750 74 
? 10 268 352 259 529 123 755 52 266 122 560 
? 9 493 792 638 605 290 242 126 446 335 
? 9 308 382 166 357 365 420 31 760 394 
? 9 0 724 345 156 347 519 773 734 517 
? 9 128 598 225 186 708 210 260 238 746 
? 9 454 564 29 692 536 392 697 637 704 
? 9 388 688 461 615 63 191 429 339 176 
? 9 190 521 772 726 223 613 590 482 234 
? 8 366 759 534 323 689 528 696 673 
? 8 6 141 719 32 768 487 288 793 
? 8 228 554 483 244 618 516 400 707 
? 7 200 533 222 643 321 215 402 
? 7 125 742 330 424 133 530 243 
? 7 262 399 44 588 21 104 463 
? 7 129 426 408 591 603 548 360 
? 7 150 196 642 172 182 661 757 
? 7 130 576 762 648 61 341 523 
? 7 295 791 363 555 401 597 492 
? 7 132 455 261 45 187 612 100 
? 6 30 251 193 116 577 581 
? 6 450 489 174 500 15 553 
? 6 55 527 480 378 185 105 
? 6 170 584 665 538 71 403 
? 6 43 385 7 147 180 298 
? 6 355 725 504 543 85 600 
? 6 257 459 165 506 9 520 
? 6 198 496 42 514 20 441 
? 6 219 344 423 567 466 678 
? 5 88 285 313 720 72 
? 5 131 452 374 451 458 
? 5 230 299 641 142 211 
? 5 267 503 146 682 338 
? 5 95 495 68 434 333 
? 5 46 47 254 608 702 
? 5 124 586 91 710 232 
? 4 224 741 77 671 
? 4 241 797 754 253 
? 4 70 208 81 336 
? 4 8 619 761 694 
? 4 13 164 617 158 
? 4 433 491 50 501 
? 4 118 430 155 592 
? 4 667 736 524 144 
? 4 79 616 247 340 
? 3 405 465 376 
? 3 329 390 82 
? 3 101 442 92 
? 3 659 779 279 
? 3 502 751 770 
? 3 239 571 87 
? 3 389 494 778 
? 3 114 709 278 
? 3 703 722 700 
? 3 275 546 271 
? 3 152 753 479 
? 3 57 406 373 
? 3 679 798 774 
? 3 23 666 356 
? 3 780 788 250 
? 3 64 653 614 
? 3 274 740 297 
? 3 184 512 681 
? 3 425 488 192 
? 3 409 541 287 
!
457 723 
457 723
79 616 247 340 
2575 7659
409 541 287 
165 459
785 
228 554 483 244 618 516 400 707 
9479 7371
735 
425 488 192 
9525 4092
184 512 681 
1650 3134
274 740 297 
3518 8374
644 752 1 630 412 566 674 705 706 220 214 248 535 687 758 505 
644 752
1 644
630 1
412 752
566 412
674 1
705 644
706 1
220 674
214 412
248 752
535 412
687 706
758 248
505 752
124 586 91 710 232 
3943 3325
190 521 772 726 223 613 590 482 234 
890 8187
728 
669 
268 352 259 529 123 755 52 266 122 560 
1010 1785
663 
511 633 
511 633
607 
667 736 524 144 
3411 8835
219 344 423 567 466 678 
1455 9639
6 141 719 32 768 487 288 793 
8327 854
585 
583 
132 455 261 45 187 612 100 
7396 6409
64 653 614 
7486 6126
388 688 461 615 63 191 429 339 176 
9794 2710
118 430 155 592 
1597 4635
545 
515 
411 636 675 202 255 90 537 206 3 654 10 629 109 205 
411 636
675 411
202 411
255 636
90 255
537 90
206 675
3 206
654 636
10 654
629 90
109 255
205 3
295 791 363 555 401 597 492 
3247 4436
433 491 50 501 
6177 8225
46 47 254 608 702 
2965 9300
95 495 68 434 333 
4633 4355
130 576 762 648 61 341 523 
7023 6165
348 764 282 730 646 93 601 436 435 684 440 748 39 743 
348 764
282 348
730 348
646 764
93 282
601 646
436 348
435 282
684 93
440 93
748 440
39 440
743 646
780 788 250 
8870 3938
23 666 356 
8491 3241
149 668 
149 668
679 798 774 
4938 7983
454 564 29 692 536 392 697 637 704 
9413 3566
267 503 146 682 338 
4437 9762
150 196 642 172 182 661 757 
2340 8164
507 
194 477 
194 477
676 790 328 428 189 358 315 677 280 657 732 157 470 372 86 332 570 624 649 28 765 551 151 383 201 229 693 153 
676 790
328 676
428 676
189 676
358 676
315 790
677 790
280 358
657 280
732 328
157 328
470 328
372 315
86 157
332 428
570 358
624 157
649 732
28 358
765 732
551 358
151 551
383 372
201 470
229 657
693 229
153 551
476 
256 731 610 277 453 715 635 314 265 712 582 531 561 
256 731
610 731
277 731
453 256
715 731
635 256
314 256
265 635
712 635
582 453
531 635
561 265
198 496 42 514 20 441 
6841 9864
129 426 408 591 603 548 360 
8035 4068
230 299 641 142 211 
8332 6747
106 199 349 364 781 460 580 343 305 621 786 143 415 432 
106 199
349 199
364 349
781 349
460 106
580 781
343 199
305 460
621 343
786 621
143 305
415 786
432 580
462 
262 399 44 588 21 104 463 
58 986
125 742 330 424 133 530 243 
8252 6192
128 598 225 186 708 210 260 238 746 
1831 138
396 
200 533 222 643 321 215 402 
4680 1040
381 
550 783 111 375 640 464 587 556 117 456 680 353 404 252 317 397 66 747 17 127 281 154 
550 783
111 550
375 550
640 783
464 111
587 464
556 464
117 111
456 550
680 456
353 680
404 587
252 464
317 353
397 317
66 317
747 252
17 680
127 404
281 317
154 404
311 739 
311 739
57 406 373 
3831 7292
152 753 479 
7157 2195
131 452 374 451 458 
2238 241
439 766 302 422 481 37 178 627 140 628 316 771 112 370 
439 766
302 766
422 766
481 422
37 439
178 439
627 37
140 37
628 422
316 302
771 766
112 627
370 37
368 
13 164 617 158 
2859 2382
289 438 639 557 569 634 84 309 750 74 
9181 5118
275 546 271 
3800 8097
703 722 700 
55 3647
120 221 38 718 119 322 539 559 350 303 579 
120 221
38 221
718 120
119 221
322 38
539 119
559 322
350 119
303 559
579 559
114 709 278 
8292 8787
257 459 165 506 9 520 
5250 1022
301 685 407 540 273 695 787 596 795 513 776 789 264 733 
301 685
407 685
540 685
273 685
695 301
787 407
596 407
795 540
513 695
776 301
789 787
264 685
733 787
272 714 197 69 331 594 391 721 727 48 595 107 
272 714
197 714
69 714
331 714
594 714
391 69
721 391
727 331
48 391
595 727
107 714
389 494 778 
4434 7355
239 571 87 
1659 9066
355 725 504 543 85 600 
2130 9072
361 
43 385 7 147 180 298 
7166 9790
170 584 665 538 71 403 
5575 9264
502 751 770 
175 5504
659 779 279 
5466 5911
351 474 664 12 203 16 137 419 67 312 286 
351 474
664 351
12 474
203 664
16 351
137 12
419 351
67 664
312 664
286 664
8 619 761 694 
793 624
307 
497 672 136 291 2 651 236 509 62 369 175 18 33 188 604 542 179 380 395 662 573 
497 672
136 672
291 672
2 497
651 136
236 497
509 136
62 136
369 236
175 236
18 62
33 236
188 175
604 175
542 188
179 542
380 179
395 604
662 395
573 179
306 
233 
88 285 313 720 72 
5830 7397
101 442 92 
3091 3381
216 
204 367 58 14 602 5 652 447 625 76 235 11 544 
204 367
58 367
14 204
602 58
5 58
652 204
447 5
625 447
76 625
235 76
11 447
544 11
70 208 81 336 
8882 6769
329 390 82 
3861 858
97 294 444 620 325 767 386 775 246 327 784 237 270 159 589 698 160 59 475 
97 294
444 294
620 97
325 444
767 97
386 294
775 97
246 97
327 767
784 325
237 294
270 327
159 325
589 237
698 327
160 159
59 784
475 386
55 527 480 378 185 105 
241 7345
377 499 139 611 60 572 437 417 467 371 283 334 115 626 632 549 
377 499
139 499
611 139
60 499
572 499
437 60
417 60
467 499
371 139
283 371
334 60
115 371
626 139
632 371
549 334
138 326 701 231 756 558 25 686 346 36 518 717 318 737 169 113 
138 326
701 138
231 326
756 326
558 326
25 326
686 231
346 138
36 701
518 686
717 701
318 717
737 701
169 346
113 318
212 
207 
181 
656 749 670 362 745 240 472 35 782 80 
9623 6314
241 797 754 253 
9650 1688
258 769 
258 769
103 413 699 691 292 41 387 310 218 486 300 763 568 799 276 575 
103 413
699 413
691 413
292 413
41 103
387 699
310 413
218 310
486 41
300 387
763 387
568 387
799 699
276 568
575 568
0 724 345 156 347 519 773 734 517 
6779 1671
308 382 166 357 365 420 31 760 394 
5083 8310
405 465 376 
7598 8406
354 622 99 83 320 359 227 263 552 296 384 744 51 449 658 226 177 526 443 484 
354 622
99 622
83 354
320 99
359 622
227 354
263 83
552 83
296 359
384 622
744 552
51 552
449 99
658 320
226 552
177 296
526 226
443 658
484 443
65 319 
65 319
19 40 
19 40
134 209 398 342 645 421 102 647 578 304 195 96 473 135 414 34 
134 209
398 209
342 209
645 209
421 342
102 398
647 421
578 102
304 578
195 421
96 195
473 96
135 304
414 421
34 421
171 
366 759 534 323 689 528 696 673 
480 2401
163 
183 599 
183 599
493 792 638 605 290 242 126 446 335 
7506 689
224 741 77 671 
248 8685
606 609 469 24 650 89 631 729 777 26 660 574 445 738 379 22 269 478 324 448 547 173 410 121 485 508 431 471 713 
606 609
469 606
24 606
650 606
89 609
631 609
729 631
777 609
26 89
660 631
574 24
445 631
738 89
379 631
22 660
269 738
478 445
324 269
448 445
547 22
173 379
410 738
121 547
485 660
508 445
431 738
471 121
713 485
108 796 
108 796
245 293 249 4 284 54 683 416 337 217 110 393 525 167 716 794 418 98 75 468 593 565 168 522 148 427 
245 293
249 245
4 249
284 4
54 293
683 245
416 293
337 245
217 249
110 217
393 683
525 4
167 683
716 683
794 249
418 167
98 245
75 110
468 794
593 683
565 110
168 593
522 393
148 794
427 110
145 
450 489 174 500 15 553 
9201 7424
56 
94 532 623 498 162 27 655 711 161 490 690 562 78 
94 532
623 532
498 623
162 94
27 532
655 532
711 27
161 94
490 27
690 498
562 532
78 27
53 
510 563 
510 563
49 
30 251 193 116 577 581 
5332 9409
73 213 
73 213
