!
151 467 
151 467
659 703 374 451 
659 703
374 703
451 703
562 579 507 
562 579
507 562
776 
289 438 639 557 84 569 634 309 
289 438
639 438
557 438
84 289
569 438
634 438
309 438
726 
9 257 492 
9 257
492 9
548 763 161 
548 763
161 548
235 494 541 
235 494
541 494
610 731 256 715 453 277 635 314 265 712 531 185 723 402 198 561 
610 731
256 731
715 731
453 610
277 731
635 610
314 731
265 731
712 610
531 731
185 610
723 610
402 610
198 610
561 610
191 340 247 472 616 
191 340
247 340
472 191
616 191
355 725 59 504 193 684 85 546 440 
355 725
59 725
504 355
193 725
684 355
85 725
546 355
440 355
704 
608 
38 221 120 322 119 718 350 559 303 539 
38 221
120 221
322 38
119 221
718 221
350 221
559 38
303 221
539 221
607 
518 722 
518 722
563 
383 677 403 252 
383 677
403 677
252 383
8 619 668 761 479 694 
8 619
668 619
761 8
479 8
694 8
366 759 534 689 528 673 323 585 
366 759
534 759
689 366
528 759
673 759
323 759
585 759
510 
458 
661 757 530 181 642 424 243 
661 757
530 661
181 661
642 661
424 661
243 661
115 613 163 
115 613
163 613
334 344 28 643 60 567 423 549 153 
334 344
28 344
643 334
60 334
567 334
423 334
549 344
153 334
192 488 213 63 
192 488
213 488
63 488
441 
430 
493 792 638 605 290 242 656 80 126 155 572 118 335 35 
493 792
638 493
605 792
290 792
242 493
656 493
80 792
126 792
155 792
572 493
118 792
335 493
35 792
388 688 599 461 503 79 592 
388 688
599 688
461 688
503 388
79 688
592 688
34 195 414 96 
34 195
414 195
96 195
450 489 15 553 496 
450 489
15 489
553 489
496 489
230 641 737 169 74 
230 641
737 641
169 230
74 641
55 480 105 527 378 796 174 
55 480
105 55
527 55
378 480
796 480
174 480
141 719 6 32 515 614 154 653 779 279 288 793 768 733 
141 719
6 141
32 141
515 141
614 141
154 141
653 141
779 141
279 141
288 141
793 141
768 141
733 719
376 405 170 
376 405
170 376
590 785 482 
590 785
482 590
356 666 
356 666
435 600 39 
435 600
39 435
31 166 357 104 262 588 390 329 21 
31 166
357 166
104 31
262 31
588 31
390 31
329 31
21 31
200 533 222 215 417 
200 533
222 533
215 200
417 200
377 499 437 611 139 283 371 
377 499
437 377
611 499
139 499
283 499
371 499
410 
333 478 
333 478
497 672 291 136 2 651 509 62 236 369 18 33 188 175 604 179 542 395 573 662 380 367 58 204 389 14 602 583 
497 672
291 497
136 672
2 672
651 672
509 497
62 497
236 497
369 672
18 497
33 497
188 497
175 497
604 497
179 497
542 497
395 497
573 672
662 672
380 672
367 672
58 672
204 672
389 497
14 497
602 672
583 497
373 
411 636 675 202 255 90 537 3 206 629 109 654 144 
411 636
675 411
202 411
255 636
90 411
537 411
3 411
206 411
629 636
109 411
654 636
144 636
228 554 244 319 98 520 
228 554
244 554
319 228
98 228
520 228
176 425 339 682 429 615 183 
176 425
339 176
682 176
429 176
615 425
183 176
442 538 584 92 23 
442 538
584 538
92 442
23 442
455 475 760 261 45 420 394 308 187 382 589 365 53 784 
455 475
760 455
261 455
45 475
420 455
394 475
308 475
187 455
382 455
589 475
365 455
53 475
784 455
368 
295 791 555 19 401 40 529 
295 791
555 791
19 791
401 791
40 791
529 295
129 591 426 626 408 81 360 
129 591
426 591
626 591
408 129
81 591
360 129
362 749 240 670 745 57 500 56 406 
362 749
240 749
670 749
745 362
57 362
500 362
56 362
406 749
342 
116 577 313 88 285 184 30 
116 577
313 116
88 116
285 577
184 577
30 116
321 
304 578 645 102 647 260 398 708 598 186 564 50 769 209 135 225 392 128 491 421 134 238 
304 578
645 304
102 304
647 304
260 578
398 578
708 304
598 578
186 304
564 578
50 304
769 578
209 578
135 578
225 304
392 578
128 304
491 578
421 578
134 578
238 304
306 603 
306 603
433 501 700 
433 501
700 433
278 709 250 
278 709
250 278
172 196 526 182 226 
172 196
526 196
182 196
226 196
130 576 762 648 523 61 211 774 341 299 142 679 47 46 
130 576
762 576
648 576
523 130
61 130
211 576
774 130
341 576
299 576
142 576
679 576
47 576
46 576
287 
70 208 233 799 
70 208
233 208
799 70
0 724 347 156 734 519 212 517 773 345 
0 724
347 724
156 724
734 0
519 0
212 0
517 724
773 0
345 0
271 275 720 
271 275
720 275
49 473 798 
49 473
798 49
351 474 203 594 664 12 312 107 137 361 16 
351 474
203 474
594 351
664 474
12 474
312 474
107 351
137 474
361 474
16 474
667 736 10 
667 736
10 736
11 544 652 447 625 76 
11 544
652 11
447 11
625 11
76 544
630 706 1 644 687 752 705 739 330 674 535 311 412 220 
630 706
1 630
644 630
687 630
752 630
705 630
739 706
330 630
674 630
535 630
311 630
412 630
220 630
91 698 124 327 586 251 232 710 194 543 663 581 
91 698
124 698
327 698
586 698
251 91
232 698
710 698
194 698
543 91
663 91
581 91
466 678 621 
466 678
621 678
197 524 419 
197 524
419 197
454 692 536 29 205 697 
454 692
536 454
29 692
205 454
697 454
266 
190 772 693 229 521 632 
190 772
693 772
229 772
521 190
632 772
125 742 133 681 477 150 
125 742
133 125
681 742
477 125
150 742
486 753 788 
486 753
788 753
216 560 363 
216 560
363 560
48 391 721 69 331 459 511 165 286 272 633 
48 391
721 48
69 391
331 48
459 48
511 48
165 48
286 48
272 391
633 391
274 750 487 297 
274 750
487 274
297 274
264 
550 783 111 556 375 464 117 680 456 66 587 640 317 747 404 127 353 17 281 740 397 
550 783
111 783
556 550
375 783
464 550
117 550
680 550
456 550
66 550
587 550
640 783
317 783
747 783
404 550
127 550
353 550
17 783
281 783
740 783
397 783
248 
234 
214 566 758 72 512 
214 566
758 566
72 566
512 214
114 780 149 
114 780
149 114
152 
94 532 568 575 498 623 276 387 162 711 655 27 78 
94 532
568 94
575 94
498 94
623 532
276 94
387 94
162 94
711 532
655 532
27 532
78 532
646 743 145 207 
646 743
145 743
207 646
210 617 637 
210 617
637 617
676 790 189 315 328 358 372 428 86 657 649 732 157 280 470 332 570 201 551 
676 790
189 790
315 790
328 676
358 790
372 790
428 676
86 790
657 790
649 790
732 676
157 676
280 790
470 676
332 790
570 676
201 790
551 790
239 571 506 707 87 409 
239 571
506 239
707 571
87 571
409 571
354 622 99 320 83 552 227 744 449 359 263 296 384 177 484 443 
354 622
99 622
320 622
83 354
552 354
227 354
744 622
449 622
359 354
263 622
296 354
384 354
177 354
484 622
443 354
294 444 97 325 620 159 386 246 775 237 767 565 160 612 132 270 
294 444
97 294
325 444
620 444
159 294
386 444
246 444
775 294
237 294
767 294
565 444
160 294
612 444
132 294
270 294
108 
101 
100 
146 490 754 241 253 338 267 690 669 797 
146 490
754 490
241 146
253 146
338 146
267 490
690 146
669 146
797 146
77 741 671 224 
77 741
671 741
224 77
223 336 
223 336
106 199 349 343 364 143 781 460 748 305 580 786 432 415 545 457 
106 199
349 199
343 199
364 106
143 199
781 106
460 106
748 106
305 106
580 106
786 199
432 199
415 199
545 106
457 199
103 413 292 699 310 691 218 300 41 
103 413
292 413
699 413
310 103
691 103
218 103
300 103
41 413
259 268 765 352 122 123 755 219 624 
259 268
765 259
352 268
122 259
123 268
755 268
219 259
624 259
131 452 258 
131 452
258 131
439 766 422 481 302 37 465 178 627 628 316 370 597 71 112 771 140 164 13 381 
439 766
422 766
481 766
302 766
37 439
465 439
178 766
627 439
628 766
316 766
370 439
597 766
71 439
112 766
771 766
140 439
164 766
13 766
381 766
20 446 
20 446
514 582 
514 582
138 326 701 686 231 756 558 25 36 113 346 318 64 254 717 702 
138 326
701 138
686 326
231 138
756 138
558 326
25 326
36 326
113 326
346 138
318 138
64 326
254 326
717 138
702 326
82 
348 764 282 601 522 93 436 730 
348 764
282 348
601 764
522 348
93 348
436 764
730 348
73 
476 505 
476 505
43 385 7 298 751 502 324 770 618 
43 385
7 385
298 385
751 385
502 385
324 385
770 385
618 385
595 727 158 714 
595 727
158 595
714 595
606 609 469 24 650 89 26 729 631 660 738 445 379 574 777 22 448 269 547 173 508 147 485 778 121 431 434 713 471 
606 609
469 606
24 606
650 606
89 609
26 606
729 609
631 609
660 606
738 609
445 609
379 609
574 606
777 606
22 606
448 606
269 609
547 606
173 609
508 609
147 606
485 609
778 609
121 606
431 609
434 609
713 606
471 606
171 782 
171 782
245 293 416 4 249 284 54 683 110 337 217 716 525 167 418 468 794 75 148 427 593 393 65 168 180 483 
245 293
416 293
4 293
249 293
284 293
54 245
683 245
110 245
337 293
217 293
716 293
525 293
167 245
418 293
468 293
794 293
75 293
148 293
427 293
593 245
393 245
65 245
168 245
180 293
483 245
67 
44 658 399 463 396 51 
44 658
399 658
463 658
396 658
51 44
52 
301 685 407 540 787 273 596 735 695 795 789 513 746 
301 685
407 685
540 685
787 685
273 301
596 685
735 685
695 301
795 301
789 685
513 301
746 301
42 
665 728 
665 728
5 
95 400 495 516 307 68 
95 400
495 95
516 400
307 400
68 400
462 696 
462 696
