!
617 706 319 642 333 567 684 368 287 
617 706
319 706
642 706
333 706
567 617
684 617
368 617
287 706
629 789 719 325 366 685 618 538 649 404 647 361 
629 789
719 789
325 789
366 629
685 789
618 629
538 629
649 789
404 629
647 789
361 789
62 272 155 101 245 59 555 
62 272
155 272
101 62
245 272
59 62
555 62
123 545 189 
123 545
189 123
784 
87 377 794 375 283 485 644 658 783 
87 377
794 87
375 377
283 87
485 377
644 87
658 377
783 377
88 743 585 341 19 315 
88 743
585 88
341 743
19 743
315 88
131 311 
131 311
274 700 77 336 
274 700
77 274
336 274
780 
306 495 
306 495
66 477 435 307 627 
66 477
435 66
307 477
627 66
757 
722 
662 
654 
589 653 
589 653
621 
219 742 475 
219 742
475 742
606 
327 678 501 
327 678
501 678
285 600 506 692 787 663 560 26 305 
285 600
506 285
692 285
787 600
663 285
560 600
26 600
305 600
241 577 97 171 798 113 628 437 148 142 773 32 573 
241 577
97 577
171 241
798 241
113 241
628 241
437 577
148 241
142 577
773 241
32 577
573 241
586 
463 494 777 317 493 491 351 499 119 409 
463 494
777 494
317 494
493 463
491 463
351 494
499 494
119 463
409 494
349 564 194 711 
349 564
194 564
711 349
554 
143 227 680 521 438 308 64 453 162 72 795 756 449 
143 227
680 227
521 143
438 143
308 227
64 227
453 143
162 143
72 227
795 227
756 227
449 143
9 488 103 84 63 4 
9 488
103 9
84 9
63 488
4 9
267 690 
267 690
761 774 515 328 43 429 376 
761 774
515 761
328 774
43 761
429 774
376 761
71 239 237 23 207 232 679 252 240 139 
71 239
237 71
23 239
207 239
232 71
679 239
252 239
240 71
139 71
511 797 
511 797
415 613 536 671 396 635 54 537 184 216 479 206 169 335 
415 613
536 613
671 415
396 415
635 613
54 613
537 613
184 415
216 613
479 613
206 415
169 415
335 613
338 550 619 
338 550
619 338
86 161 
86 161
421 447 497 
421 447
497 447
214 259 120 
214 259
120 259
609 737 167 
609 737
167 737
188 460 
188 460
34 222 
34 222
136 699 
136 699
290 686 
290 686
507 
116 782 
116 782
152 358 
152 358
122 199 345 736 8 528 574 631 125 723 
122 199
345 122
736 199
8 199
528 199
574 122
631 122
125 122
723 199
660 758 191 
660 758
191 758
612 693 2 47 
612 693
2 693
47 612
339 634 445 486 514 344 204 205 410 523 67 691 632 165 611 347 535 505 110 739 371 455 331 
339 634
445 634
486 339
514 339
344 634
204 634
205 634
410 634
523 634
67 339
691 339
632 339
165 339
611 339
347 339
535 339
505 634
110 339
739 634
371 339
455 634
331 634
363 590 
363 590
243 601 104 724 111 0 558 
243 601
104 243
724 243
111 243
0 243
558 243
476 
324 534 374 115 
324 534
374 534
115 324
181 356 44 346 332 260 209 117 547 637 384 408 198 659 156 
181 356
44 356
346 356
332 181
260 356
209 181
117 356
547 356
637 356
384 356
408 181
198 356
659 181
156 356
677 770 
677 770
362 509 542 195 357 745 
362 509
542 509
195 362
357 362
745 362
108 713 596 
108 713
596 108
82 174 
82 174
85 175 385 323 147 616 217 510 258 124 31 664 626 
85 175
385 85
323 85
147 175
616 175
217 85
510 175
258 85
124 85
31 175
664 85
626 85
144 648 289 
144 648
289 648
469 
30 579 321 399 759 
30 579
321 30
399 579
759 30
467 
464 
352 716 597 
352 716
597 352
403 640 788 
403 640
788 403
450 
92 587 
92 587
406 552 
406 552
715 793 279 767 288 457 
715 793
279 793
767 715
288 793
457 793
24 698 326 729 
24 698
326 24
729 24
13 468 721 725 70 407 99 231 541 688 
13 468
721 13
725 13
70 13
407 13
99 468
231 13
541 468
688 13
46 126 
46 126
275 766 
275 766
665 734 576 340 33 568 539 355 21 280 433 412 381 200 
665 734
576 734
340 734
33 665
568 665
539 665
355 665
21 734
280 734
433 734
412 665
381 665
200 665
330 779 
330 779
466 471 
466 471
310 641 772 322 17 89 581 230 614 482 
310 641
772 641
322 310
17 310
89 310
581 641
230 310
614 310
482 310
1 38 343 114 417 
1 38
343 38
114 38
417 38
440 
201 350 414 764 364 769 42 
201 350
414 201
764 201
364 201
769 350
42 201
146 762 669 386 709 
146 762
669 146
386 762
709 762
235 730 299 313 636 51 559 524 496 342 
235 730
299 235
313 730
636 730
51 235
559 730
524 730
496 235
342 235
254 424 727 
254 424
727 254
127 483 
127 483
436 
416 522 
416 522
40 291 529 68 425 166 
40 291
529 291
68 40
425 291
166 291
163 754 489 390 297 
163 754
489 754
390 754
297 163
229 513 
229 513
29 717 389 150 83 512 370 
29 717
389 717
150 29
83 717
512 717
370 29
353 
556 598 242 398 434 689 588 420 
556 598
242 598
398 556
434 598
689 556
588 598
420 556
183 379 265 282 439 261 733 100 646 666 
183 379
265 379
282 379
439 379
261 379
733 379
100 379
646 183
666 183
316 
57 418 639 620 561 707 
57 418
639 57
620 418
561 57
707 57
372 400 747 675 518 454 799 
372 400
747 400
675 400
518 372
454 400
799 400
249 599 592 218 638 55 
249 599
592 599
218 599
638 249
55 599
106 608 223 187 
106 608
223 106
187 106
451 676 251 318 432 301 458 575 10 56 334 69 203 98 607 
451 676
251 676
318 676
432 676
301 676
458 451
575 676
10 676
56 676
334 676
69 451
203 676
98 676
607 451
80 502 
80 502
250 633 446 276 
250 633
446 633
276 250
41 470 382 484 519 149 
41 470
382 41
484 41
519 41
149 41
91 752 12 
91 752
12 91
268 
105 295 7 314 765 224 740 771 220 
105 295
7 295
314 295
765 295
224 295
740 105
771 105
220 295
657 775 
657 775
138 508 153 
138 508
153 508
172 192 395 359 320 517 682 213 701 785 48 
172 192
395 192
359 172
320 192
517 172
682 192
213 192
701 192
785 172
48 192
546 551 298 
546 551
298 551
248 
427 738 202 238 170 
427 738
202 738
238 427
170 738
168 
133 423 164 480 712 
133 423
164 423
480 423
712 423
365 650 516 180 383 441 360 309 520 
365 650
516 365
180 650
383 365
441 365
360 365
309 650
520 650
158 
11 792 549 234 748 159 459 728 
11 792
549 11
234 792
748 11
159 11
459 792
728 792
392 625 670 132 591 553 
392 625
670 625
132 625
591 392
553 392
151 
580 683 624 
580 683
624 580
532 562 566 710 623 411 
532 562
566 532
710 532
623 562
411 562
296 755 27 263 584 735 37 672 193 6 504 473 563 137 578 177 35 492 292 
296 755
27 755
263 296
584 755
735 296
37 296
672 296
193 296
6 296
504 755
473 296
563 296
137 296
578 296
177 755
35 755
492 296
292 296
211 630 50 732 
211 630
50 211
732 211
257 674 78 448 215 570 462 196 208 185 746 
257 674
78 257
448 674
215 674
570 674
462 674
196 257
208 257
185 257
746 257
96 130 14 179 
96 130
14 130
179 130
286 394 731 380 262 651 569 269 697 121 604 373 190 
286 394
731 394
380 286
262 286
651 286
569 394
269 286
697 394
121 286
604 286
373 394
190 394
348 557 
348 557
128 
246 401 
246 401
53 530 781 228 760 
53 530
781 53
228 530
760 53
112 
481 778 3 622 668 266 
481 778
3 481
622 778
668 778
266 481
226 354 490 247 744 145 93 378 25 
226 354
490 354
247 226
744 226
145 354
93 226
378 226
25 226
178 294 
178 294
65 391 387 221 
65 391
387 65
221 391
22 430 73 750 544 36 
22 430
73 430
750 22
544 22
36 22
369 652 478 
369 652
478 652
277 643 571 
277 643
571 277
525 593 786 173 
525 593
786 593
173 525
60 157 776 
60 157
776 157
74 397 
74 397
182 281 705 
182 281
705 281
503 605 487 673 
503 605
487 503
673 605
645 661 45 94 284 726 465 741 255 264 388 329 256 75 718 293 456 763 474 49 337 461 681 
645 661
45 661
94 661
284 645
726 645
465 661
741 645
255 645
264 661
388 645
329 661
256 645
75 645
718 661
293 645
456 645
763 645
474 661
49 661
337 645
461 661
681 645
273 300 160 233 52 687 
273 300
160 273
233 273
52 273
687 273
102 
95 
452 796 210 791 367 426 312 702 304 79 271 16 402 696 244 405 141 790 443 610 413 135 656 543 422 
452 796
210 452
791 452
367 796
426 796
312 452
702 796
304 452
79 452
271 796
16 796
402 452
696 796
244 796
405 452
141 452
790 452
443 452
610 452
413 452
135 452
656 452
543 796
422 452
61 
109 594 186 595 302 582 527 
109 594
186 594
595 594
302 109
582 594
527 594
472 526 714 419 695 18 
472 526
714 526
419 526
695 472
18 472
58 
140 694 118 768 81 615 540 
140 694
118 140
768 140
81 140
615 140
540 694
28 
572 602 39 
572 602
39 602
107 703 
107 703
212 278 176 708 655 
212 278
176 278
708 212
655 212
154 442 
154 442
270 583 
270 583
548 720 498 90 704 444 
548 720
498 548
90 548
704 548
444 548
197 603 5 531 225 236 749 667 431 753 253 303 
197 603
5 197
531 603
225 197
236 197
749 197
667 603
431 603
753 603
253 197
303 603
20 
76 533 129 565 134 428 500 
76 533
129 533
565 533
134 533
428 76
500 533
393 751 
393 751
15 
