!
319 706 617 368 648 287 654 333 786 
319 706
617 319
368 319
648 706
287 319
654 319
333 706
786 319
629 789 719 203 685 404 716 366 325 390 182 647 
629 789
719 629
203 629
685 629
404 789
716 789
366 789
325 366
390 629
182 629
647 719
454 518 747 372 290 400 60 
454 518
747 454
372 747
290 454
400 747
60 518
361 649 261 
361 649
261 649
788 
71 239 237 240 23 232 496 207 229 
71 239
237 239
240 71
23 239
232 239
496 232
207 71
229 239
427 738 238 170 754 108 
427 738
238 427
170 427
754 170
108 238
621 699 
621 699
228 466 799 460 
228 466
799 228
460 799
784 
28 95 
28 95
398 598 242 42 434 
398 598
242 398
42 398
434 242
727 
722 
662 
627 
471 760 
471 760
619 
686 783 644 
686 783
644 686
552 
26 266 775 
26 266
775 26
201 517 350 172 764 701 414 359 364 
201 517
350 201
172 517
764 517
701 201
414 201
359 414
364 350
310 641 772 89 581 230 17 482 322 595 614 690 556 
310 641
772 310
89 641
581 641
230 310
17 772
482 772
322 230
595 322
614 482
690 17
556 641
478 
257 674 448 78 185 215 570 265 196 733 
257 674
448 674
78 448
185 257
215 674
570 674
265 448
196 265
733 257
47 640 769 268 
47 640
769 47
268 47
469 
143 227 680 521 72 438 162 64 308 453 248 449 369 
143 227
680 227
521 143
72 227
438 143
162 143
64 162
308 143
453 143
248 227
449 227
369 143
4 9 488 84 347 515 
4 9
488 9
84 9
347 4
515 9
538 623 
538 623
146 762 383 709 516 669 758 
146 762
383 762
709 762
516 383
669 146
758 762
87 377 794 213 283 682 395 375 320 192 
87 377
794 87
213 377
283 213
682 377
395 682
375 87
320 377
192 320
178 443 
178 443
8 736 528 199 122 554 345 723 145 125 138 194 583 349 
8 736
528 736
199 528
122 199
554 8
345 528
723 345
145 554
125 528
138 8
194 8
583 736
349 583
702 790 135 
702 790
135 702
513 770 
513 770
572 606 116 
572 606
116 572
14 179 667 
14 179
667 179
593 657 386 
593 657
386 593
58 107 
58 107
61 660 
61 660
401 752 
401 752
51 342 
51 342
446 
34 507 
34 507
393 653 
393 653
389 512 483 670 73 656 717 780 750 127 
389 512
483 389
670 389
73 512
656 512
717 389
780 512
750 512
127 389
46 678 782 
46 678
782 46
53 530 59 781 
53 530
59 530
781 53
296 755 263 27 584 37 735 672 193 473 6 504 578 137 35 492 292 274 700 177 563 631 508 
296 755
263 755
27 755
584 755
37 296
735 755
672 296
193 755
473 296
6 263
504 6
578 473
137 504
35 578
492 137
292 35
274 755
700 274
177 263
563 296
631 296
508 631
476 489 
476 489
31 509 542 362 745 711 195 
31 509
542 509
362 31
745 31
711 31
195 31
441 
298 574 288 276 
298 574
288 574
276 574
286 394 731 380 651 569 269 604 373 121 358 697 262 190 100 
286 394
731 286
380 286
651 394
569 731
269 394
604 394
373 394
121 569
358 286
697 121
262 731
190 394
100 394
3 728 
3 728
548 720 381 90 704 511 
548 720
381 720
90 720
704 720
511 720
360 387 180 
360 387
180 387
270 710 
270 710
451 676 318 251 432 301 10 458 334 575 56 69 163 
451 676
318 676
251 676
432 251
301 676
10 676
458 676
334 676
575 318
56 575
69 56
163 334
630 732 464 
630 732
464 630
363 
503 605 487 128 673 
503 605
487 605
128 487
673 605
357 
353 
309 663 191 
309 663
191 663
436 543 244 
436 543
244 543
327 
742 779 
742 779
421 586 
421 586
410 455 612 693 739 331 
410 455
612 410
693 455
739 410
331 455
81 429 63 219 
81 429
63 429
219 429
160 273 233 326 687 52 416 300 392 522 
160 273
233 273
326 160
687 160
52 273
416 273
300 233
392 233
522 300
424 659 
424 659
98 607 
98 607
665 734 576 433 21 568 340 539 33 280 355 412 498 19 
665 734
576 734
433 734
21 665
568 665
340 734
539 734
33 734
280 576
355 576
412 665
498 665
19 355
311 545 
311 545
167 254 
167 254
85 175 616 323 124 385 147 217 258 510 
85 175
616 85
323 175
124 175
385 124
147 616
217 85
258 85
510 147
328 761 774 540 43 
328 761
774 761
540 328
43 761
316 
129 428 599 533 76 565 218 
129 428
599 129
533 129
76 533
565 76
218 599
705 773 281 609 737 
705 773
281 773
609 281
737 773
235 730 299 636 313 525 55 173 559 365 
235 730
299 235
636 730
313 730
525 235
55 235
173 235
559 730
365 559
86 766 679 
86 766
679 86
520 650 
520 650
305 
348 557 
348 557
7 295 224 765 624 83 
7 295
224 295
765 7
624 7
83 295
580 785 683 420 588 
580 785
683 785
420 683
588 683
74 397 
74 397
573 579 113 30 571 277 399 
573 579
113 573
30 579
571 113
277 571
399 113
275 
22 99 430 527 544 729 24 186 
22 99
430 22
527 22
544 430
729 22
24 729
186 22
13 721 468 407 725 688 70 541 231 698 
13 721
468 13
407 721
725 13
688 725
70 468
541 13
231 541
698 70
267 
214 611 110 535 103 120 
214 611
110 611
535 110
103 214
120 103
549 792 11 159 756 748 795 
549 792
11 792
159 792
756 549
748 11
795 756
62 101 155 272 555 157 
62 101
155 62
272 155
555 101
157 101
29 740 92 370 
29 740
92 29
370 29
339 634 445 486 344 514 205 204 523 691 165 505 67 371 632 
339 634
445 634
486 339
344 339
514 344
205 634
204 205
523 339
691 339
165 691
505 634
67 634
371 634
632 339
202 713 
202 713
497 567 684 642 
497 567
684 567
642 497
106 187 608 223 315 615 
106 187
608 106
223 106
315 106
615 106
411 564 562 
411 564
562 564
259 
243 601 724 558 104 0 111 767 591 
243 601
724 243
558 724
104 724
0 724
111 0
767 111
591 558
82 440 
82 440
2 757 444 
2 757
444 2
463 494 317 777 493 119 422 499 491 220 409 
463 494
317 463
777 494
493 463
119 494
422 463
499 494
491 463
220 494
409 220
475 495 306 
475 495
306 495
222 
41 470 602 519 156 
41 470
602 41
519 602
156 470
221 
183 379 282 462 439 
183 379
282 379
462 379
439 462
150 771 109 302 36 594 582 314 105 
150 771
109 771
302 150
36 150
594 109
582 771
314 109
105 314
208 
48 423 133 485 712 164 480 336 
48 423
133 48
485 423
712 423
164 133
480 423
336 423
566 751 532 746 597 352 
566 751
532 566
746 751
597 566
352 597
188 
447 677 652 
447 677
652 447
88 585 200 391 65 341 
88 585
200 88
391 88
65 391
341 65
415 613 536 635 671 54 184 537 479 206 216 169 778 335 506 622 459 481 234 
415 613
536 415
635 415
671 635
54 671
184 415
537 415
479 613
206 415
216 613
169 415
778 415
335 536
506 613
622 536
459 335
481 622
234 459
321 759 501 442 
321 759
501 321
442 321
181 356 44 117 346 332 209 547 467 637 384 
181 356
44 181
117 181
346 356
332 181
209 44
547 209
467 181
637 356
384 547
303 418 18 123 
303 418
18 418
123 303
197 603 5 531 225 236 406 749 253 57 753 431 96 
197 603
5 197
531 5
225 197
236 225
406 197
749 5
253 603
57 253
753 57
431 603
96 431
168 689 
168 689
161 
115 324 
115 324
212 708 278 655 524 
212 708
278 708
655 212
524 212
154 
626 666 664 151 450 646 
626 666
664 626
151 666
450 666
646 664
241 577 97 798 171 142 628 148 437 
241 577
97 577
798 241
171 241
142 577
628 241
148 241
437 97
136 658 
136 658
249 592 638 675 
249 592
638 249
675 592
472 526 695 620 502 330 
472 526
695 526
620 472
502 695
330 472
382 590 176 
382 590
176 382
553 625 132 
553 625
132 625
596 618 152 297 
596 618
152 618
297 618
484 550 643 
484 550
643 484
189 376 
189 376
12 91 246 
12 91
246 91
68 144 166 338 
68 144
166 68
338 144
452 796 210 791 413 367 304 405 271 426 141 587 696 703 312 402 351 16 15 79 610 250 633 
452 796
210 452
791 796
413 791
367 452
304 210
405 452
271 304
426 796
141 271
587 452
696 796
703 452
312 452
402 141
351 402
16 796
15 351
79 796
610 796
250 796
633 250
374 561 534 639 707 130 
374 561
534 374
639 561
707 561
130 707
153 
149 
645 661 45 726 284 741 94 255 465 264 388 718 75 329 293 763 49 456 681 474 337 461 256 668 396 
645 661
45 661
726 645
284 645
741 645
94 45
255 45
465 645
264 45
388 264
718 465
75 645
329 255
293 329
763 75
49 388
456 763
681 94
474 456
337 293
461 474
256 337
668 256
396 461
131 
291 529 40 39 289 425 126 
291 529
40 291
39 529
289 39
425 529
126 529
279 793 715 457 551 546 
279 793
715 793
457 279
551 279
546 279
112 
139 343 260 198 38 114 417 
139 343
260 139
198 343
38 343
114 38
417 343
102 
1 174 252 
1 174
252 174
20 294 
20 294
66 435 403 307 477 
66 435
403 435
307 403
477 307
245 776 
245 776
134 500 
134 500
285 600 787 692 560 158 
285 600
787 600
692 600
560 600
158 600
226 354 25 744 247 50 93 490 378 589 408 211 
226 354
25 354
744 226
247 226
50 354
93 226
490 226
378 354
589 354
408 226
211 354
77 
118 768 140 80 419 694 714 
118 768
140 118
80 118
419 118
694 140
714 118
743 797 
743 797
32 
