? 9 29 717 389 83 150 512 656 740 105 
? 9 243 601 724 104 111 558 52 0 767 
? 9 517 701 201 172 350 359 364 764 375 
? 9 41 470 437 156 484 519 382 142 148 
? 9 87 794 704 283 401 518 644 548 454 
? 9 140 694 118 768 615 761 80 81 223 
? 8 337 668 778 622 3 481 748 169 
? 8 146 383 516 762 669 758 441 663 
? 7 472 526 419 620 714 695 502 
? 7 183 379 282 196 616 439 217 
? 7 22 430 527 582 36 302 544 
? 7 455 612 693 331 673 739 128 
? 7 392 625 300 233 273 591 553 
? 7 556 598 242 398 434 420 689 
? 7 186 594 109 771 595 314 224 
? 7 226 354 25 490 93 744 145 
? 7 211 464 114 630 732 247 378 
? 6 592 599 638 249 129 218 
? 6 139 343 260 38 417 82 
? 6 319 706 642 72 680 617 
? 6 155 272 62 336 101 245 
? 6 279 457 793 715 546 543 
? 6 360 565 533 428 76 180 
? 6 453 521 144 166 68 586 
? 6 96 561 374 639 130 707 
? 6 214 611 74 120 788 103 
? 6 278 708 212 524 348 176 
? 6 106 608 187 495 315 475 
? 6 7 295 690 624 267 91 
? 6 287 786 655 657 787 368 
? 6 42 414 769 477 627 168 
? 6 291 529 289 40 478 39 
? 5 253 303 418 18 57 
? 5 9 488 84 515 43 
? 5 250 633 426 276 722 
? 5 400 747 675 372 766 
? 5 487 503 605 371 2 
? 5 163 202 738 618 108 
? 5 628 798 609 705 167 
? 5 66 435 403 47 640 
? 5 88 200 585 743 391 
? 4 160 326 522 416 
? 4 53 555 59 530 
? 4 532 751 566 746 
? 4 567 684 447 338 
? 4 600 692 560 266 
? 4 683 785 192 580 
? 4 328 540 774 376 
? 4 324 534 61 14 
? 4 159 459 248 449 
? 4 51 342 770 86 
? 4 126 678 425 501 
? 4 55 229 95 173 
? 3 321 759 32 
? 3 294 765 246 
? 3 157 712 60 
? 3 311 341 545 
? 3 170 596 713 
? 3 238 427 489 
? 3 191 386 309 
? 3 497 648 369 
? 3 254 424 607 
? 3 397 720 90 
? 3 469 658 164 
? 3 98 281 538 
? 3 352 716 361 
? 3 46 602 550 
? 3 554 583 270 
? 3 781 799 290 
? 3 219 429 63 
? 3 698 729 132 
? 3 149 782 363 
? 3 123 330 507 
? 3 760 776 783 
? 3 182 737 727 
!
140 694 118 768 615 761 80 81 223 
768 615
118 80
140 694
140 80
761 223
140 768
694 223
80 81
463 494 493 317 777 491 499 409 422 220 119 178 
463 494
493 463
317 463
777 494
491 463
499 777
409 491
422 317
220 777
119 777
178 494
211 464 114 630 732 247 378 
630 378
247 378
732 378
464 114
211 464
211 630
182 737 727 
737 727
182 737
795 
87 794 704 283 401 518 644 548 454 
518 454
794 644
87 644
794 704
644 454
704 548
87 283
283 401
291 529 289 40 478 39 
529 289
291 39
291 529
291 40
478 39
654 775 
654 775
55 229 95 173 
229 95
55 173
229 173
780 
306 316 
306 316
88 200 585 743 391 
88 200
585 391
200 585
88 743
779 
742 
709 
699 
327 557 
327 557
686 
760 776 783 
776 783
760 776
662 
123 330 507 
330 507
123 330
41 470 437 156 484 519 382 142 148 
519 142
142 148
41 437
41 142
470 148
41 156
519 382
156 484
13 468 721 725 70 99 407 231 688 73 541 24 687 
13 468
721 13
725 13
70 468
99 468
407 721
231 468
688 725
73 99
541 407
24 688
687 725
660 
31 509 542 362 349 733 745 564 195 562 
31 509
542 509
362 509
349 542
733 509
745 509
564 349
195 362
562 509
126 678 425 501 
126 678
678 425
126 501
659 
113 171 573 241 577 579 69 773 571 97 30 277 399 
113 171
573 171
241 171
577 241
579 573
69 171
773 241
571 573
97 577
30 579
277 573
399 579
42 414 769 477 627 168 
42 477
42 769
414 477
769 627
414 168
194 623 
194 623
226 354 25 490 93 744 145 
25 490
226 744
93 744
354 744
354 145
226 490
213 682 48 377 485 320 423 480 395 133 
213 682
48 682
377 213
485 213
320 682
423 485
480 213
395 320
133 682
20 77 
20 77
181 356 346 44 332 117 209 408 637 547 198 590 384 50 
181 356
346 356
44 356
332 181
117 181
209 346
408 209
637 346
547 209
198 209
590 356
384 547
50 408
149 782 363 
149 363
149 782
440 677 
440 677
698 729 132 
729 132
698 132
219 429 63 
219 63
219 429
781 799 290 
781 799
781 290
112 115 
112 115
138 703 
138 703
188 252 
188 252
116 572 
116 572
652 
152 784 
152 784
588 621 
588 621
122 345 199 528 125 574 723 8 288 736 
122 345
199 122
528 345
125 528
574 122
723 125
8 199
288 345
736 8
554 583 270 
554 583
583 270
51 342 770 86 
51 770
51 86
342 86
296 755 27 263 584 735 672 193 6 137 35 37 700 473 563 504 578 177 274 492 292 508 631 
296 755
27 755
263 755
584 296
735 584
672 296
193 296
6 296
137 6
35 672
37 672
700 755
473 672
563 6
504 137
578 473
177 27
274 700
492 177
292 473
508 578
631 508
442 643 
442 643
186 594 109 771 595 314 224 
186 594
109 224
314 224
109 771
594 771
594 595
513 
159 459 248 449 
459 248
159 248
248 449
286 394 731 651 380 569 190 358 697 121 262 604 754 373 100 
286 394
731 286
651 394
380 394
569 394
190 394
358 394
697 569
121 569
262 731
604 380
754 651
373 697
100 697
460 466 
460 466
287 786 655 657 787 368 
287 786
287 657
657 787
786 368
287 655
46 602 550 
46 602
46 550
520 552 
520 552
626 666 664 258 385 124 323 450 551 151 85 711 646 
626 666
664 626
258 626
385 258
124 626
323 385
450 666
551 666
151 551
85 323
711 626
646 323
352 716 361 
352 716
716 361
471 
66 435 403 47 640 
66 435
47 640
435 47
403 47
467 
446 
98 281 538 
98 281
98 538
469 658 164 
469 164
658 164
444 
134 500 
134 500
107 298 
107 298
7 295 690 624 267 91 
295 267
624 91
7 267
7 624
7 690
324 534 61 14 
324 14
324 534
534 61
71 239 237 240 232 174 23 496 1 207 
71 239
237 71
240 239
232 237
174 239
23 71
496 232
1 23
207 174
275 511 
275 511
259 757 
259 757
537 671 635 613 415 54 536 184 216 479 285 506 206 26 
537 671
635 671
613 635
415 613
54 613
536 415
184 635
216 635
479 216
285 537
506 285
206 536
26 537
606 619 
606 619
158 305 
158 305
257 674 448 78 510 185 269 147 215 265 
257 674
448 674
78 257
510 257
185 674
269 674
147 510
215 674
265 448
628 798 609 705 167 
798 609
798 167
609 705
628 798
443 
556 598 242 398 434 420 689 
556 242
598 242
398 689
242 434
598 420
556 398
163 202 738 618 108 
202 738
163 618
163 738
618 108
310 641 772 89 322 482 614 17 581 230 
310 641
772 310
89 641
322 310
482 772
614 310
17 614
581 614
230 322
397 720 90 
720 90
397 720
261 462 
261 462
406 
179 667 
179 667
106 608 187 495 315 475 
106 475
315 475
187 495
106 608
106 187
487 503 605 371 2 
503 605
487 503
487 2
605 371
131 189 
131 189
392 625 300 233 273 591 553 
625 233
392 625
300 273
392 553
625 300
591 553
381 
146 383 516 762 669 758 441 663 
146 758
383 762
383 663
758 663
383 669
383 516
146 441
451 676 318 251 432 301 458 10 334 56 
451 676
318 451
251 676
432 676
301 676
458 432
10 458
334 301
56 10
357 
278 708 212 524 348 176 
708 212
278 708
708 524
278 348
524 176
455 612 693 331 673 739 128 
455 612
739 128
455 693
673 739
693 331
455 673
214 611 74 120 788 103 
611 103
214 611
611 74
120 103
214 788
328 540 774 376 
328 774
328 376
328 540
665 734 340 21 576 568 355 433 539 33 412 19 280 797 498 
665 734
340 734
21 665
576 340
568 665
355 734
433 734
539 734
33 576
412 568
19 21
280 19
797 665
498 33
161 679 
161 679
683 785 192 580 
683 192
683 785
785 580
96 561 374 639 130 707 
96 561
130 707
561 374
374 130
561 639
254 424 607 
254 424
254 607
353 
517 701 201 172 350 359 364 764 375 
701 364
172 359
701 201
517 172
201 350
517 201
517 764
172 375
589 653 
589 653
497 648 369 
497 369
497 648
235 730 299 313 636 559 650 365 525 222 593 
235 730
299 235
313 730
636 730
559 313
650 559
365 559
525 299
222 730
593 525
191 386 309 
386 309
191 309
297 
400 747 675 372 766 
747 766
675 766
400 675
400 372
228 
250 633 426 276 722 
250 276
633 276
276 722
633 426
243 601 724 104 111 558 52 0 767 
243 601
243 104
724 104
601 111
724 558
724 0
111 767
558 52
221 
337 668 778 622 3 481 748 169 
3 748
337 668
3 481
778 622
337 778
778 3
481 169
453 521 144 166 68 586 
453 166
166 68
453 521
521 586
144 68
208 
238 427 489 
238 427
427 489
360 565 533 428 76 180 
428 76
360 180
360 565
533 76
565 533
339 634 486 445 344 514 204 535 205 165 632 691 67 523 110 505 347 410 4 
339 634
486 339
445 339
344 445
514 344
204 486
535 486
205 204
165 514
632 514
691 632
67 344
523 634
110 204
505 691
347 344
410 445
4 165
600 692 560 266 
600 266
692 266
560 266
5 197 603 531 225 749 236 431 387 753 65 
5 197
603 197
531 197
225 197
749 5
236 603
431 603
387 749
753 603
65 749
567 684 447 338 
447 338
684 447
567 684
64 438 335 756 143 549 308 227 234 728 162 792 11 
64 438
335 438
756 438
143 64
549 756
308 438
227 143
234 549
728 438
162 143
792 549
11 549
102 175 
102 175
154 
393 597 
393 597
9 488 84 515 43 
84 515
488 84
9 84
488 43
153 
279 457 793 715 546 543 
793 715
279 546
279 715
793 543
279 457
29 717 389 83 150 512 656 740 105 
389 512
29 717
29 389
83 105
717 83
150 740
512 656
29 150
268 307 
268 307
532 751 566 746 
751 566
566 746
532 751
155 272 62 336 101 245 
272 62
155 336
336 245
155 101
155 62
170 596 713 
170 596
170 713
311 341 545 
311 545
311 341
53 555 59 530 
53 59
53 555
59 530
157 712 60 
157 712
157 60
12 752 
12 752
294 765 246 
294 765
294 246
160 326 522 416 
160 416
160 326
160 522
645 661 45 284 388 465 741 726 94 255 264 329 718 681 763 256 456 474 293 49 461 75 396 
645 661
45 661
284 645
388 661
465 645
741 465
726 465
94 741
255 45
264 388
329 465
718 465
681 255
763 255
256 726
456 718
474 763
293 681
49 264
461 763
75 718
396 474
319 706 642 72 680 617 
319 72
706 680
642 680
706 72
319 617
136 
127 
452 796 210 791 312 304 271 367 696 405 135 610 413 141 79 402 351 244 702 790 587 670 370 436 15 
452 796
210 796
791 452
312 791
304 791
271 304
367 452
696 210
405 452
135 452
610 312
413 405
141 271
79 141
402 79
351 413
244 796
702 402
790 304
587 610
670 271
370 402
436 452
15 367
92 
22 430 527 582 36 302 544 
582 36
527 36
22 527
22 430
582 302
430 544
139 343 260 38 417 82 
139 343
260 82
343 417
139 260
343 38
58 
183 379 282 196 616 439 217 
379 439
616 217
183 379
282 439
282 196
183 616
34 
321 759 32 
759 32
321 759
411 710 
411 710
253 303 418 18 57 
303 57
418 18
253 57
253 418
390 476 
390 476
483 750 
483 750
592 599 638 249 129 218 
592 129
599 249
592 599
592 218
599 638
629 789 719 366 404 203 325 649 647 575 570 685 
629 789
719 629
366 789
404 789
203 629
325 366
649 789
647 649
575 203
570 649
685 789
28 
472 526 419 620 714 695 502 
526 502
419 620
526 419
472 714
620 714
714 695
333 421 
333 421
16 
