? 9 393 653 751 566 597 532 744 490 589 
? 9 609 659 705 281 773 737 254 366 167 
? 9 13 721 70 688 725 780 231 729 541 
? 9 28 547 384 260 198 139 343 440 464 
? 9 454 518 275 747 280 290 686 400 794 
? 9 318 676 451 251 432 301 458 10 56 
? 8 102 733 510 147 710 175 411 616 
? 8 119 494 463 493 178 777 422 317 
? 7 517 701 364 201 359 350 375 
? 7 9 488 84 63 515 43 429 
? 7 76 134 533 428 766 500 565 
? 7 47 640 788 307 403 331 627 
? 7 121 462 569 269 439 697 731 
? 7 420 621 683 580 785 624 482 
? 7 12 91 294 765 20 220 499 
? 7 483 512 389 127 656 670 132 
? 7 329 465 293 456 741 75 718 
? 6 386 709 516 191 559 663 
? 6 552 749 387 5 441 520 
? 6 614 690 17 224 314 581 
? 6 14 115 324 179 61 669 
? 6 159 234 748 11 206 3 
? 6 415 613 536 396 671 635 
? 6 107 723 345 122 199 574 
? 6 327 519 602 116 484 41 
? 6 474 763 461 681 255 216 
? 6 8 736 292 554 193 145 
? 6 645 661 45 284 94 388 
? 6 556 598 434 242 398 588 
? 6 93 623 247 226 354 630 
? 6 171 727 399 113 277 241 
? 6 351 443 587 413 92 402 
? 5 287 657 654 786 560 
? 5 279 546 551 793 457 
? 5 243 601 104 724 111 
? 5 256 337 668 726 622 
? 5 230 322 595 594 109 
? 5 79 141 271 370 702 
? 5 363 590 156 782 470 
? 5 414 764 168 42 689 
? 5 149 442 148 142 437 
? 4 54 184 537 479 
? 4 263 755 27 296 
? 4 504 563 137 6 
? 4 524 655 525 353 
? 4 347 605 487 503 
? 4 250 633 244 696 
? 4 124 385 323 664 
? 4 539 568 315 340 
? 4 211 417 114 732 
? 4 455 612 410 693 
? 4 34 545 65 360 
? 4 495 608 106 187 
? 3 98 424 69 
? 3 235 730 299 
? 3 246 336 776 
? 3 85 217 258 
? 3 453 521 144 
? 3 62 272 471 
? 3 146 758 383 
? 3 310 641 772 
? 3 112 506 692 
? 3 481 778 264 
? 3 26 333 706 
? 3 153 276 58 
? 3 628 798 577 
? 3 180 365 650 
? 3 626 666 151 
? 3 7 267 295 
? 3 421 617 642 
? 3 158 787 600 
? 3 25 562 564 
? 3 436 703 543 
? 3 285 305 775 
? 3 586 648 319 
!
318 676 451 251 432 301 458 10 56 
458 10
676 251
318 56
251 432
676 451
251 56
10 56
432 301
647 716 361 404 649 352 746 685 570 789 719 538 
647 716
361 647
404 716
649 361
352 647
746 361
685 404
570 649
789 685
719 685
538 404
329 465 293 456 741 75 718 
465 718
293 456
741 75
329 718
293 718
465 741
586 648 319 
586 648
586 319
761 
454 518 275 747 280 290 686 400 794 
454 518
747 280
275 280
747 400
275 290
454 794
518 290
454 686
351 443 587 413 92 402 
443 587
443 413
413 402
351 443
92 402
409 491 
409 491
495 608 106 187 
495 187
608 106
106 187
735 
313 593 
313 593
149 442 148 142 437 
148 142
149 148
142 437
149 442
673 
662 
607 
572 
101 157 
101 157
548 
285 305 775 
305 775
285 775
523 
436 703 543 
436 543
703 543
28 547 384 260 198 139 343 440 464 
547 384
198 139
139 343
260 198
547 139
260 440
343 464
28 384
16 405 791 452 135 210 796 15 367 312 304 790 610 
16 405
791 405
452 405
135 405
210 452
796 210
15 210
367 15
312 791
304 452
790 304
610 312
435 
71 239 95 188 237 82 207 23 1 770 
71 239
95 71
188 71
237 95
82 95
207 188
23 82
1 188
770 237
34 545 65 360 
34 360
65 360
545 65
426 
472 526 330 695 502 620 419 18 714 123 253 303 418 
472 526
330 472
695 526
502 472
620 695
419 502
18 620
714 695
123 330
253 18
303 253
418 303
171 727 399 113 277 241 
171 241
171 113
727 277
171 727
399 113
100 238 
100 238
483 512 389 127 656 670 132 
512 389
483 127
483 389
656 670
512 656
656 132
176 348 677 447 278 154 557 567 708 368 
176 348
677 176
447 677
278 348
154 677
557 278
567 447
708 278
368 567
177 492 
177 492
225 431 707 236 96 561 667 639 197 531 603 130 406 753 
225 431
707 431
236 225
96 707
561 707
667 96
639 561
197 236
531 197
603 197
130 96
406 667
753 603
25 562 564 
25 562
25 564
374 534 
374 534
158 787 600 
787 600
158 787
421 617 642 
421 617
617 642
7 267 295 
267 295
7 267
288 298 
288 298
40 291 
40 291
326 522 
326 522
660 762 
660 762
382 
74 397 
74 397
261 262 
261 262
22 99 430 73 527 544 468 750 36 407 
22 99
430 99
73 430
527 430
544 73
468 99
750 544
36 544
407 468
626 666 151 
626 666
626 151
455 612 410 693 
455 612
455 693
410 693
401 682 658 48 213 485 320 423 192 395 133 712 699 377 469 283 480 783 136 164 172 752 644 
401 682
658 401
48 658
213 682
485 213
320 682
423 485
192 320
395 320
133 48
712 423
699 192
377 213
469 133
283 377
480 712
783 480
136 395
164 469
172 136
752 133
644 283
66 477 
66 477
12 91 294 765 20 220 499 
12 765
91 765
765 499
294 499
12 220
91 20
355 
211 417 114 732 
211 417
417 114
417 732
638 679 249 496 232 592 55 599 342 86 229 240 218 252 51 
638 679
249 679
496 638
232 496
592 249
55 496
599 592
342 232
86 599
229 342
240 232
218 86
252 240
51 342
173 513 
173 513
93 623 247 226 354 630 
354 630
247 226
226 630
93 226
93 623
180 365 650 
365 650
180 365
155 245 
155 245
33 498 381 511 433 316 720 704 734 90 665 797 576 
33 498
381 498
511 33
433 33
316 381
720 498
704 316
734 511
90 720
665 734
797 734
576 797
628 798 577 
628 577
798 577
349 
414 764 168 42 689 
414 764
764 42
42 689
414 168
334 
325 
153 276 58 
276 58
153 276
26 333 706 
333 706
26 706
309 
83 771 
83 771
194 378 
194 378
556 598 434 242 398 588 
556 242
598 242
556 588
434 242
398 588
539 568 315 340 
539 568
539 340
568 315
185 448 674 78 196 257 215 265 282 379 
185 448
674 185
78 674
196 185
257 78
215 196
265 196
282 265
379 282
629 784 
629 784
573 579 
573 579
88 200 585 221 311 743 412 341 391 21 19 507 131 189 
88 200
585 88
221 200
311 221
743 200
412 743
341 221
391 311
21 743
19 743
507 311
131 585
189 131
715 767 
715 767
67 344 
67 344
117 467 181 356 44 332 346 209 408 637 
117 467
181 117
356 181
44 356
332 467
346 44
209 44
408 209
637 346
363 590 156 782 470 
590 156
156 782
363 470
156 470
306 
420 621 683 580 785 624 482 
580 482
420 785
580 624
785 624
621 683
621 785
79 141 271 370 702 
370 702
79 141
141 271
79 702
392 553 625 300 558 233 591 446 273 160 
392 553
625 553
300 392
558 300
233 300
591 625
446 591
273 233
160 273
481 778 264 
481 778
778 264
357 450 
357 450
219 
274 700 
274 700
645 661 45 284 94 388 
645 661
94 388
45 388
661 45
284 94
230 322 595 594 109 
230 594
322 595
230 322
230 109
268 769 
268 769
121 462 569 269 439 697 731 
121 439
462 697
462 569
569 269
269 439
462 731
212 
119 494 463 493 178 777 422 317 
494 463
119 494
463 493
178 317
119 777
493 178
777 422
362 711 195 745 270 646 583 509 31 542 
362 711
195 362
745 711
270 195
646 745
583 270
509 745
31 509
542 509
208 
8 736 292 554 193 145 
8 736
8 292
736 554
292 145
292 193
47 640 788 307 403 331 627 
47 307
788 331
47 788
788 627
47 640
403 331
474 763 461 681 255 216 
474 763
681 255
474 461
461 216
763 255
124 385 323 664 
385 664
124 323
385 323
81 140 80 694 768 118 540 742 615 779 376 328 223 475 774 
81 140
80 140
694 80
768 81
118 768
540 694
742 80
615 742
779 81
376 118
328 540
223 615
475 742
774 328
416 687 
416 687
250 633 244 696 
250 633
244 696
250 244
327 519 602 116 484 41 
602 41
519 602
116 41
116 484
327 484
112 506 692 
506 692
112 692
186 
13 721 70 688 725 780 231 729 541 
13 231
70 725
721 725
725 541
13 725
13 688
688 780
688 729
105 740 
105 740
310 641 772 
641 772
310 641
138 578 631 508 672 473 125 528 584 35 37 
138 578
631 138
508 138
672 578
473 672
125 508
528 125
584 672
35 473
37 35
146 758 383 
146 758
758 383
183 
256 337 668 726 622 
256 726
337 668
256 622
337 622
182 
243 601 104 724 111 
243 601
243 104
104 724
601 111
609 659 705 281 773 737 254 366 167 
705 737
705 281
609 167
773 167
609 737
773 366
281 254
659 167
150 
102 733 510 147 710 175 411 616 
147 616
147 175
102 510
510 147
102 733
710 411
733 710
107 723 345 122 199 574 
122 199
345 199
723 122
122 574
107 345
129 
62 272 471 
62 272
62 471
415 613 536 396 671 635 
613 396
536 396
671 635
415 396
415 671
308 795 438 449 248 64 227 756 335 143 169 266 728 459 792 162 549 72 680 
308 795
438 795
449 308
248 308
64 438
227 449
756 64
335 438
143 227
169 335
266 248
728 169
459 728
792 756
162 64
549 792
72 266
680 227
347 605 487 503 
347 487
605 503
347 503
460 781 760 53 799 555 530 372 60 174 59 
460 781
760 781
53 460
799 781
555 53
530 555
372 799
60 760
174 799
59 530
524 655 525 353 
655 525
524 353
524 525
289 652 619 478 369 606 338 684 39 550 497 166 529 
289 652
619 652
478 289
369 652
606 289
338 619
684 338
39 606
550 606
497 619
166 369
529 478
222 636 
222 636
89 
0 722 
0 722
279 546 551 793 457 
279 546
551 793
279 793
279 457
87 
159 234 748 11 206 3 
159 234
234 748
748 3
159 11
234 206
393 653 751 566 597 532 744 490 589 
393 744
751 566
532 490
393 589
751 532
532 744
653 532
751 597
161 675 
161 675
504 563 137 6 
137 6
563 6
504 137
14 115 324 179 61 669 
115 669
14 324
179 61
324 61
115 179
453 521 144 
453 521
453 144
85 217 258 
85 217
85 258
263 755 27 296 
755 296
755 27
263 27
246 336 776 
246 776
246 336
24 698 
24 698
235 730 299 
235 730
730 299
54 184 537 479 
184 537
54 537
54 479
713 754 297 489 651 170 380 476 190 618 163 596 390 108 604 738 358 286 373 152 394 202 427 
713 754
297 754
489 754
651 489
170 489
380 651
476 297
190 651
618 476
163 476
596 380
390 618
108 170
604 190
738 170
358 604
286 358
373 108
152 390
394 604
202 163
427 738
614 690 17 224 314 581 
614 17
224 314
614 581
690 224
690 17
77 
68 
632 691 120 505 611 103 514 2 259 110 214 4 371 165 739 128 486 339 444 757 205 535 634 445 204 
632 691
120 632
505 691
611 505
103 120
514 632
2 103
259 120
110 611
214 611
4 2
371 514
165 371
739 505
128 4
486 739
339 739
444 259
757 103
205 486
535 205
634 339
445 634
204 205
57 
76 134 533 428 766 500 565 
76 428
134 500
134 766
428 766
76 533
533 565
552 749 387 5 441 520 
5 441
749 5
5 520
749 387
552 749
52 
9 488 84 63 515 43 429 
84 515
488 84
488 63
9 84
9 429
63 43
50 
98 424 69 
98 69
424 69
203 575 
203 575
287 657 654 786 560 
287 786
287 657
287 560
654 786
302 582 
302 582
228 466 
228 466
386 709 516 191 559 663 
709 559
516 559
386 663
516 663
709 191
321 759 501 30 97 126 571 678 643 32 425 46 
321 759
501 759
30 321
97 501
126 501
571 30
678 97
643 678
32 97
425 126
46 126
49 
517 701 364 201 359 350 375 
701 364
701 201
201 350
517 201
517 359
359 375
29 717 
29 717
38 
