!
471 637 569 350 585 699 385 720 572 336 724 149 456 70 31 465 512 14 177 138 83 136 654 21 178 331 515 784 511 169 127 673 225 85 8 432 86 460 558 409 34 158 534 260 789 630 716 360 765 564 771 82 390 773 441 367 305 613 278 737 64 25 282 379 642 497 690 562 445 674 347 45 10 123 443 109 622 334 528 440 369 228 13 246 151 289 316 318 373 106 496 615 105 252 121 575 63 523 134 658 9 561 15 329 125 596 517 359 52 303 16 489 546 99 80 604 594 434 774 276 617 618 255 69 632 93 189 763 196 468 795 126 263 68 212 614 680 280 166 375 197 586 75 451 267 427 423 641 161 262 508 609 727 91 285 738 426 570 279 766 437 230 185 566 518 310 473 142 148 502 762 559 629 343 395 449 462 791 168 219 325 352 639 664 697 621 89 505 627 520 539 770 326 163 361 538 277 638 670 764 298 107 101 672 202 222 271 346 357 264 484 689 493 560 363 153 187 193 595 454 322 746 92 715 1 314 655 547 742 257 482 543 353 723 0 439 394 238 58 659 721 294 297 139 645 500 321 184 750 466 386 61 162 112 254 39 194 36 323 739 342 388 631 155 229 167 550 557 96 384 551 581 60 47 695 702 381 793 612 408 719 542 221 12 541 355 780 231 165 438 611 758 308 19 204 164 651 776 341 700 332 507 563 734 351 754 201 281 401 741 455 599 117 317 160 668 293 307 26 633 272 338 607 104 710 412 383 393 598 477 232 790 17 527 66 590 181 38 358 6 356 354 740 470 97 759 450 268 665 646 147 464 206 150 656 290 711 46 120 320 302 143 480 40 5 794 348 704 417 108 313 398 208 491 237 565 392 414 587 785 747 514 28 703 603 98 653 32 299 425 453 536 649 119 111 242 485 574 81 578 722 140 619 779 244 483 540 467 605 592 213 635 349 53 374 182 736 176 159 270 251 782 777 591 686 506 752 691 327 152 24 584 526 249 479 421 431 775 725 556 57 714 548 328 404 521 362 84 588 295 205 368 608 643 490 448 377 681 601 709 210 433 650 535 42 693 135 227 296 399 291 545 144 579 769 273 666 531 593 67 7 582 405 705 624 422 223 744 475 76 253 283 701 170 306 687 65 781 768 198 300 207 240 694 419 209 312 234 113 524 757 243 411 634 339 330 366 661 403 389 459 567 707 250 74 372 154 799 573 387 132 679 533 128 410 552 732 309 662 62 130 371 18 525 660 692 41 501 749 678 600 516 424 532 172 286 102 667 495 786 192 324 755 778 555 677 233 33 180 504 626 340 447 269 256 708 199 87 195 51 141 446 457 215 239 486 430 418 733 216 671 510 478 79 259 2 90 792 344 335 420 174 583 43 796 44 78 370 625 245 380 783 402 129 669 767 684 191 436 730 602 474 529 435 188 133 415 241 492 683 56 577 183 713 761 481 275 676 118 589 122 29 636 146 623 797 50 406 301 54 226 48 530 315 735 95 416 157 731 652 319 236 400 688 772 458 647 620 284 304 211 657 72 235 760 258 266 553 706 644 748 220 576 743 261 49 499 537 788 131 103 333 729 718 124 115 616 396 696 137 444 88 648 71 30 685 100 37 55 597 756 376 663 554 77 753 248 580 337 472 397 218 22 110 364 292 571 20 751 175 487 407 544 311 288 522 35 452 365 171 217 549 787 628 27 461 488 442 503 682 798 717 173 463 712 145 745 214 726 494 247 59 186 265 728 200 179 156 224 4 640 413 698 203 274 606 378 509 3 382 498 610 675 114 23 94 428 476 287 429 513 190 73 469 519 345 116 11 568 391 
471 637
569 637
350 637
585 350
699 569
385 699
720 350
572 720
336 471
724 385
149 724
456 336
70 585
31 724
465 31
512 70
14 512
177 336
138 149
83 70
136 31
654 512
21 177
178 14
331 465
515 14
784 720
511 136
169 177
127 149
673 784
225 673
85 331
8 169
432 85
86 127
460 169
558 85
409 8
34 21
158 8
534 409
260 534
789 534
630 784
716 432
360 515
765 716
564 34
771 225
82 127
390 558
773 86
441 83
367 460
305 765
613 34
278 360
737 534
64 564
25 441
282 613
379 390
642 409
497 737
690 367
562 737
445 390
674 630
347 642
45 278
10 674
123 25
443 771
109 360
622 82
334 773
528 305
440 497
369 622
228 109
13 440
246 123
151 690
289 528
316 10
318 379
373 674
106 347
496 443
615 440
105 246
252 10
121 45
575 282
63 334
523 316
134 252
658 496
9 658
561 373
15 134
329 121
125 151
596 658
517 369
359 9
52 622
303 105
16 125
489 561
546 496
99 329
80 16
604 121
594 63
434 604
774 546
276 774
617 289
618 517
255 228
69 52
632 604
93 318
189 80
763 561
196 303
468 617
795 763
126 151
263 468
68 126
212 618
614 189
680 52
280 126
166 263
375 212
197 575
586 69
75 594
451 680
267 126
427 196
423 617
641 423
161 763
262 99
508 263
609 93
727 423
91 166
285 508
738 427
426 267
570 262
279 609
766 189
437 727
230 75
185 230
566 68
518 738
310 427
473 434
142 262
148 566
502 196
762 502
559 148
629 609
343 632
395 762
449 230
462 197
791 766
168 395
219 142
325 230
352 310
639 462
664 91
697 451
621 766
89 697
505 738
627 570
520 285
539 279
770 142
326 168
163 664
361 473
538 762
277 148
638 621
670 539
764 437
298 639
107 538
101 770
672 163
202 764
222 325
271 664
346 629
357 670
264 343
484 639
689 277
493 202
560 326
363 638
153 264
187 520
193 271
595 107
454 518
322 222
746 764
92 689
715 101
1 672
314 322
655 357
547 715
742 322
257 595
482 742
543 538
353 352
723 314
0 482
439 298
394 560
238 322
58 723
659 238
721 153
294 484
297 193
139 58
645 139
500 257
321 697
184 543
750 363
466 715
386 1
61 0
162 297
112 257
254 746
39 466
194 61
36 439
323 353
739 187
342 92
388 466
631 254
155 631
229 155
167 321
550 386
557 184
96 439
384 750
551 723
581 388
60 194
47 645
695 384
702 294
381 500
793 342
612 793
408 384
719 394
542 721
221 454
12 112
541 294
355 12
780 721
231 557
165 12
438 323
611 695
758 96
308 61
19 493
204 542
164 194
651 164
776 719
341 381
700 355
332 541
507 611
563 221
734 581
351 780
754 551
201 308
281 341
401 355
741 155
455 254
599 231
117 164
317 204
160 204
668 734
293 550
307 201
26 599
633 165
272 47
338 599
607 612
104 317
710 201
412 754
383 668
393 272
598 19
477 162
232 598
790 104
17 563
527 17
66 477
590 341
181 741
38 181
358 383
6 307
356 710
354 232
740 356
470 181
97 393
759 338
450 412
268 412
665 6
646 358
147 104
464 665
206 383
150 38
656 470
290 17
711 38
46 147
120 711
320 206
302 477
143 590
480 150
40 734
5 293
794 464
348 450
704 26
417 143
108 759
313 348
398 40
208 108
491 356
237 208
565 97
392 633
414 656
587 320
785 590
747 46
514 268
28 40
703 480
603 108
98 740
653 711
32 5
299 603
425 302
453 299
536 392
649 28
119 392
111 565
242 32
485 703
574 491
81 587
578 703
722 646
140 578
619 574
779 425
244 313
483 81
540 398
467 578
605 425
592 619
213 703
635 747
349 143
53 32
374 414
182 722
736 574
176 349
159 635
270 244
251 111
782 514
777 736
591 159
686 374
506 182
752 536
691 176
327 182
152 691
24 540
584 251
526 251
249 270
479 249
421 81
431 686
775 24
725 479
556 270
57 747
714 479
548 704
328 782
404 556
521 349
362 485
84 584
588 453
295 362
205 295
368 327
608 548
643 368
490 295
448 588
377 521
681 526
601 591
709 588
210 601
433 53
650 605
535 57
42 362
693 421
135 608
227 328
296 135
399 42
291 296
545 176
144 368
579 601
769 643
273 650
666 681
531 650
593 709
67 769
7 588
582 681
405 205
705 535
624 42
422 433
223 535
744 405
475 624
76 521
253 593
283 227
701 579
170 769
306 531
687 135
65 705
781 475
768 687
198 377
300 687
207 582
240 422
694 223
419 422
209 781
312 198
234 701
113 291
524 701
757 65
243 693
411 582
634 65
339 113
330 744
366 312
661 144
403 419
389 240
459 661
567 273
707 757
250 366
74 366
372 694
154 411
799 405
573 705
387 253
132 573
679 372
533 387
128 757
410 387
552 411
732 403
309 372
662 768
62 74
130 250
371 309
18 533
525 552
660 18
692 18
41 371
501 371
749 662
678 799
600 410
516 330
424 525
532 732
172 62
286 330
102 207
667 532
495 501
786 524
192 678
324 678
755 707
778 424
555 132
677 243
233 286
33 679
180 128
504 154
626 192
340 532
447 516
269 660
256 677
708 447
199 340
87 555
195 199
51 786
141 667
446 708
457 778
215 180
239 446
486 87
430 51
418 626
733 677
216 324
671 495
510 671
478 256
79 216
259 215
2 733
90 233
792 33
344 504
335 340
420 2
174 733
583 504
43 510
796 174
44 259
78 418
370 755
625 79
245 708
380 583
783 430
402 783
129 141
669 420
767 478
684 239
191 380
436 420
730 684
602 669
474 402
529 335
435 78
188 486
133 486
415 259
241 90
492 370
683 44
56 2
577 188
183 684
713 191
761 335
481 129
275 415
676 761
118 56
589 669
122 133
29 577
636 761
146 713
623 636
797 589
50 29
406 623
301 79
54 50
226 492
48 676
530 435
315 122
735 50
95 146
416 529
157 676
731 416
652 589
319 492
236 54
400 95
688 319
772 688
458 118
647 301
620 157
284 647
304 183
211 406
657 731
72 319
235 275
760 72
258 647
266 235
553 530
706 72
644 95
748 400
220 620
576 735
743 620
261 304
49 652
499 644
537 49
788 266
131 706
103 481
333 788
729 103
718 284
124 157
115 235
616 115
396 644
696 131
137 261
444 49
88 576
648 211
71 396
30 258
685 131
100 648
37 685
55 100
597 696
756 597
376 30
663 220
554 88
77 597
753 663
248 444
580 137
337 576
472 580
397 396
218 553
22 663
110 397
364 110
292 124
571 218
20 376
751 337
175 685
487 648
407 100
544 487
311 248
288 487
522 616
35 522
452 407
365 311
171 364
217 365
549 288
787 365
628 20
27 22
461 376
488 751
442 218
503 522
682 20
798 35
717 522
173 27
463 173
712 549
145 798
745 175
214 503
726 173
494 488
247 442
59 628
186 407
265 442
728 787
200 214
179 247
156 200
224 745
4 156
640 717
413 311
698 640
203 698
274 413
606 274
378 728
509 224
3 171
382 156
498 179
610 378
675 4
114 3
23 610
94 203
428 675
476 382
287 610
429 287
513 94
190 429
73 513
469 675
519 73
345 469
116 519
11 519
568 11
391 11
