!
173 726 463 27 22 663 753 292 472 580 59 743 220 137 261 628 620 304 124 544 20 682 487 157 183 684 730 676 712 461 288 48 761 376 30 446 211 648 241 239 245 549 636 406 258 195 647 708 623 55 447 100 657 90 335 284 199 731 247 340 233 516 625 718 452 407 416 301 286 529 179 216 732 532 403 667 79 330 186 103 498 389 129 265 419 442 481 141 240 324 567 678 602 218 799 744 422 433 405 729 571 553 435 192 797 273 418 431 626 589 399 531 530 781 686 669 205 78 748 53 374 475 490 650 49 306 652 444 295 624 42 362 457 242 606 32 537 397 114 420 414 436 209 364 400 413 248 396 274 110 661 311 5 653 71 95 470 3 485 605 525 458 144 171 118 644 778 56 424 552 656 711 120 365 2 425 213 779 499 459 38 787 181 728 66 380 37 506 378 703 191 741 150 480 146 293 368 327 217 23 666 796 182 578 411 174 467 302 610 229 733 170 722 72 190 140 760 713 677 224 477 455 643 429 769 583 526 232 550 681 598 685 287 739 354 67 155 251 154 358 84 509 131 504 582 175 111 478 646 386 631 565 584 745 696 254 428 256 319 767 243 1 162 19 483 344 297 187 706 693 206 383 404 492 688 746 672 556 271 772 163 207 272 97 270 81 370 77 193 249 655 675 597 707 520 421 393 244 664 764 469 4 226 102 320 756 313 755 357 670 714 587 345 214 479 47 757 202 668 493 200 539 156 725 683 285 227 649 128 348 346 437 476 91 279 28 450 508 44 775 503 116 782 382 180 328 139 734 58 645 727 115 283 616 166 551 629 40 266 268 754 468 514 263 634 547 215 609 423 65 235 24 412 259 723 522 93 581 314 73 641 519 222 325 568 398 415 466 617 659 388 275 185 238 203 717 322 35 513 705 540 11 715 289 627 573 788 592 230 101 794 698 87 665 391 75 640 555 333 39 464 94 318 132 570 223 777 798 6 308 577 535 147 188 307 445 255 742 390 449 736 528 201 317 619 29 482 574 594 57 491 61 379 486 262 710 145 46 204 104 337 0 576 41 142 63 356 228 50 109 735 770 790 558 360 99 694 501 160 371 747 305 635 212 488 54 133 60 98 219 542 194 618 334 511 432 164 329 45 740 85 331 751 765 159 375 517 494 495 716 121 89 236 372 591 465 278 88 136 651 671 309 510 122 43 178 14 604 153 315 369 554 697 31 351 515 773 622 117 210 679 33 138 601 680 780 724 86 321 632 119 343 721 451 792 82 385 234 167 699 633 579 392 12 654 264 149 127 52 512 569 434 752 165 536 355 701 112 361 69 585 586 83 401 70 474 152 96 298 524 700 613 471 637 257 691 441 500 417 758 462 350 473 34 639 21 595 282 25 51 143 402 439 564 107 176 430 720 381 786 572 36 575 783 64 123 197 538 349 336 246 177 590 367 484 460 456 105 341 543 169 294 785 8 762 545 281 303 784 395 332 80 225 521 168 16 791 630 196 541 502 557 184 26 766 599 231 523 189 673 62 158 326 316 690 76 172 125 252 702 704 151 74 614 394 560 409 377 338 427 10 534 198 260 719 771 674 134 15 363 366 776 737 312 759 642 310 250 548 621 347 68 789 373 353 352 489 638 443 562 296 497 126 237 738 608 518 561 135 291 13 496 750 106 440 566 323 559 130 339 208 267 148 695 763 384 277 113 689 546 615 658 611 795 774 9 596 108 276 280 359 161 438 408 507 426 687 454 300 768 505 92 793 612 342 299 749 453 603 221 17 607 527 662 290 563 7 588 709 533 692 448 18 600 253 593 660 387 269 410 
173 726
463 726
27 173
22 27
663 22
753 663
292 726
472 463
580 463
59 580
743 663
220 743
137 59
261 137
628 59
620 743
304 261
124 743
544 124
20 628
682 20
487 544
157 124
183 743
684 183
730 684
676 157
712 487
461 682
288 712
48 676
761 676
376 20
30 376
446 730
211 761
648 487
241 730
239 684
245 730
549 712
636 211
406 636
258 376
195 239
647 258
708 245
623 406
55 549
447 446
100 648
657 623
90 245
335 636
284 647
199 195
731 406
247 461
340 199
233 241
516 447
625 241
718 284
452 100
407 452
416 731
301 647
286 447
529 636
179 247
216 625
732 340
532 732
403 732
667 732
79 216
330 516
186 407
103 407
498 179
389 447
129 416
265 179
419 403
442 265
481 416
141 129
240 419
324 216
567 667
678 324
602 481
218 265
799 678
744 330
422 419
433 240
405 744
729 103
571 218
553 218
435 553
192 324
797 481
273 567
418 435
431 744
626 192
589 729
399 405
531 273
530 435
781 678
686 431
669 602
205 405
78 435
748 530
53 433
374 686
475 399
490 405
650 273
49 729
306 650
652 49
444 49
295 205
624 295
42 295
362 399
457 626
242 53
606 444
32 53
537 49
397 571
114 442
420 669
414 686
436 420
209 42
364 397
400 397
413 606
248 49
396 397
274 413
110 397
661 306
311 537
5 32
653 414
71 396
95 396
470 414
3 114
485 653
605 273
525 78
458 537
144 661
171 364
118 458
644 396
778 626
56 118
424 778
552 424
656 653
711 653
120 711
365 248
2 436
425 605
213 362
779 425
499 71
459 661
38 711
787 311
181 120
728 365
66 605
380 499
37 365
506 144
378 728
703 213
191 380
741 181
150 120
480 150
146 380
293 32
368 144
327 144
217 728
23 378
666 552
796 2
182 779
578 480
411 424
174 796
467 213
302 425
610 23
229 741
733 174
170 459
722 182
72 796
190 23
140 213
760 37
713 146
677 174
224 728
477 302
455 120
643 170
429 190
769 170
583 191
526 666
232 480
550 293
681 666
598 232
685 760
287 429
739 741
354 598
67 170
155 739
251 681
154 552
358 302
84 681
509 287
131 685
504 380
582 681
175 131
111 467
478 733
646 358
386 550
631 181
565 111
584 681
745 685
696 131
254 155
428 509
256 478
319 131
767 478
243 170
1 386
162 386
19 598
483 646
344 583
297 162
187 739
706 696
693 769
206 483
383 206
404 584
492 767
688 319
746 155
672 1
556 404
271 297
772 688
163 271
207 582
272 111
97 111
270 404
81 483
370 492
77 772
193 297
249 270
655 297
675 428
597 77
707 243
520 187
421 81
393 97
244 270
664 163
764 739
469 675
4 509
226 688
102 344
320 81
756 597
313 244
755 492
357 655
670 162
714 404
587 81
345 469
214 4
479 270
47 393
757 707
202 746
668 320
493 202
200 214
539 670
156 214
725 479
683 370
285 163
227 725
649 587
128 757
348 227
346 539
437 202
476 469
91 163
279 664
28 587
450 393
508 285
44 370
775 757
503 214
116 476
782 227
382 476
180 128
328 227
139 47
734 668
58 139
645 139
727 437
115 683
283 227
616 115
166 279
551 139
629 346
40 28
266 115
268 450
754 551
468 285
514 328
263 285
634 128
547 734
215 180
609 279
423 727
65 634
235 115
24 775
412 268
259 215
723 551
522 616
93 609
581 734
314 723
73 382
641 423
519 73
222 723
325 723
568 116
398 28
415 215
466 734
617 423
659 723
388 466
275 415
185 222
238 723
203 522
717 522
322 723
35 522
513 73
705 634
540 40
11 568
715 466
289 617
627 715
573 634
788 275
592 782
230 222
101 715
794 592
698 203
87 215
665 794
391 11
75 185
640 203
555 87
333 235
39 388
464 592
94 513
318 93
132 555
570 627
223 132
777 592
798 640
6 665
308 794
577 415
535 705
147 540
188 577
307 665
445 289
255 570
742 659
390 445
449 742
736 777
528 289
201 307
317 388
619 592
29 188
482 742
574 736
594 75
57 535
491 574
61 742
379 445
486 555
262 570
710 201
145 35
46 317
204 317
104 204
337 333
0 742
576 188
41 486
142 262
63 594
356 710
228 379
50 29
109 255
735 188
770 142
790 104
558 445
360 109
99 262
694 535
501 41
160 204
371 41
747 46
305 63
635 747
212 75
488 337
54 735
133 735
60 201
98 491
219 101
542 790
194 60
618 212
334 618
511 558
432 558
164 60
329 99
45 329
740 356
85 558
331 85
751 488
765 432
159 747
375 212
517 618
494 488
495 371
716 765
121 99
89 375
236 735
372 495
591 747
465 85
278 45
88 236
136 558
651 60
671 495
309 372
510 671
122 236
43 510
178 511
14 511
604 121
153 219
315 236
369 517
554 88
697 89
31 85
351 790
515 360
773 369
622 773
117 651
210 591
679 309
33 372
138 716
601 210
680 375
780 351
724 511
86 138
321 164
632 604
119 591
343 632
721 153
451 680
792 510
82 86
385 31
234 679
167 321
699 385
633 780
579 234
392 119
12 351
654 515
264 343
149 138
127 86
52 451
512 136
569 149
434 632
752 119
165 633
536 392
355 165
701 579
112 355
361 343
69 451
585 654
586 69
83 654
401 355
70 654
474 792
152 601
96 167
298 96
524 579
700 401
613 52
471 569
637 471
257 355
691 536
441 83
500 257
417 536
758 96
462 586
350 585
473 257
34 613
639 298
21 34
595 500
282 34
25 441
51 474
143 401
402 51
439 758
564 34
107 473
176 691
430 51
720 471
381 500
786 430
572 70
36 758
575 282
783 402
64 21
123 25
197 575
538 595
349 176
336 471
246 123
177 336
590 381
367 34
484 639
460 367
456 336
105 123
341 257
543 538
169 177
294 484
785 590
8 169
762 538
545 176
281 590
303 105
784 720
395 762
332 294
80 575
225 784
521 785
168 395
16 80
791 197
630 784
196 303
541 332
502 168
557 543
184 543
26 281
766 197
599 26
231 599
523 123
189 80
673 225
62 545
158 169
326 762
316 523
690 367
76 62
172 62
125 16
252 523
702 541
704 281
151 690
74 76
614 80
394 184
560 394
409 158
377 349
338 599
427 523
10 316
534 409
198 76
260 409
719 394
771 225
674 630
134 316
15 523
363 766
366 76
776 719
737 534
312 198
759 599
642 409
310 502
250 312
548 704
621 766
347 642
68 125
789 409
373 630
353 310
352 427
489 134
638 621
443 771
562 260
296 548
497 737
126 68
237 759
738 352
608 296
518 738
561 373
135 548
291 548
13 347
496 771
750 363
106 642
440 13
566 68
323 394
559 68
130 250
339 198
208 237
267 126
148 566
695 750
763 373
384 750
277 621
113 339
689 566
546 496
615 13
658 496
611 384
795 763
774 546
9 658
596 658
108 208
276 546
280 126
359 9
161 763
438 323
408 750
507 750
426 280
687 135
454 738
300 687
768 687
505 161
92 689
793 408
612 793
342 612
299 108
749 687
453 208
603 299
221 454
17 438
607 793
527 17
662 749
290 527
563 527
7 453
588 603
709 588
533 662
692 662
448 709
18 692
600 18
253 709
593 253
660 18
387 600
269 692
410 269
