!
173 726 463 27 22 472 663 753 580 59 137 743 220 292 628 620 261 304 124 544 682 20 487 157 183 48 684 730 288 676 461 376 761 245 30 712 446 241 239 636 549 211 648 258 406 55 195 447 284 623 647 100 516 708 90 335 529 199 233 657 79 625 718 247 731 407 340 452 389 416 179 301 286 667 216 532 186 403 732 265 330 240 103 498 442 324 481 419 141 129 218 678 567 422 799 602 553 744 797 433 729 571 431 418 405 435 192 273 490 306 626 78 205 530 399 589 374 669 53 686 748 652 650 49 624 444 42 295 531 475 114 110 32 242 457 362 420 436 311 274 606 209 781 537 413 397 414 248 364 470 144 653 400 396 458 661 525 71 656 3 95 485 5 787 605 171 459 711 778 644 424 552 120 779 118 2 365 506 425 56 37 213 666 181 378 150 38 191 741 703 499 411 480 23 146 380 728 293 217 327 182 66 796 174 467 578 769 677 368 610 455 733 526 713 302 477 170 722 583 354 229 643 232 72 760 190 550 224 504 429 685 598 681 175 155 739 631 287 140 254 509 131 358 386 478 745 319 111 67 646 582 154 251 584 696 565 256 162 706 1 344 243 84 483 428 206 767 297 556 383 19 187 693 193 421 404 272 271 244 746 77 492 772 672 207 597 675 102 81 688 97 163 270 756 370 393 313 345 249 226 764 4 320 655 520 755 469 664 707 670 587 200 357 668 479 714 156 202 47 539 493 649 757 214 91 437 285 476 683 503 227 508 128 725 346 44 398 775 28 348 279 180 450 139 547 328 382 734 645 115 514 40 283 263 782 166 259 116 727 634 468 65 58 551 235 629 423 266 24 754 616 215 412 609 522 314 268 415 723 73 185 641 568 222 581 466 617 275 698 659 717 203 519 705 93 513 715 627 391 325 388 322 11 238 540 318 592 333 794 132 798 289 665 87 788 94 35 640 555 307 101 777 230 573 619 464 577 742 570 39 188 308 528 445 75 0 6 736 317 201 710 29 379 147 574 255 390 491 535 486 449 61 594 57 262 46 482 145 63 204 104 576 356 50 337 770 41 223 142 735 109 790 228 305 558 54 159 501 99 212 160 747 371 60 488 360 618 329 98 133 694 635 219 432 85 765 740 88 375 511 542 751 716 121 494 495 517 194 651 236 331 591 334 89 309 164 372 86 510 136 43 45 604 315 671 278 465 122 31 724 554 321 369 697 351 117 178 773 153 679 680 515 138 622 14 210 343 392 780 632 149 119 721 385 601 512 33 234 699 792 264 451 633 654 82 167 12 127 434 355 165 361 536 52 83 579 569 69 586 524 701 401 96 752 474 112 637 70 691 471 257 585 700 381 500 350 613 152 473 758 298 439 417 34 572 21 282 143 462 402 25 639 595 51 564 441 176 786 430 720 64 575 783 197 36 107 336 538 246 177 590 484 545 341 460 105 367 123 349 169 196 294 303 543 326 231 762 80 281 456 785 16 395 502 784 332 521 541 62 791 26 8 158 168 225 766 189 557 673 599 184 523 10 76 630 377 690 316 172 151 560 125 674 394 409 338 771 789 252 719 74 260 704 614 702 134 427 363 15 310 366 737 534 776 312 198 642 497 548 352 347 621 250 759 68 638 562 373 489 608 443 738 237 561 126 353 296 518 384 277 291 13 750 440 106 566 496 130 135 148 695 323 208 339 267 615 763 611 113 546 658 559 795 774 9 108 507 689 596 280 438 276 359 161 408 300 768 426 687 92 454 505 793 612 342 453 299 221 603 17 749 290 607 527 588 662 563 7 709 533 692 18 660 448 593 253 410 387 600 269 
173 726
463 726
27 173
22 27
472 22
663 173
753 726
580 463
59 463
137 753
743 726
220 743
292 463
628 59
620 220
261 580
304 261
124 292
544 124
682 628
20 682
487 544
157 620
183 304
48 157
684 183
730 684
288 487
676 48
461 20
376 461
761 676
245 730
30 376
712 288
446 245
241 446
239 241
636 761
549 712
211 636
648 211
258 30
406 648
55 549
195 239
447 195
284 258
623 406
647 284
100 55
516 447
708 516
90 708
335 623
529 100
199 335
233 90
657 529
79 233
625 79
718 647
247 718
731 657
407 731
340 199
452 407
389 340
416 452
179 247
301 625
286 389
667 416
216 286
532 667
186 532
403 173
732 403
265 179
330 732
240 330
103 186
498 265
442 498
324 301
481 103
419 240
141 481
129 141
218 442
678 324
567 419
422 567
799 678
602 129
553 218
744 799
797 602
433 422
729 797
571 553
431 744
418 571
405 431
435 418
192 435
273 433
490 405
306 273
626 192
78 626
205 490
530 78
399 205
589 729
374 399
669 589
53 374
686 53
748 530
652 669
650 306
49 652
624 686
444 49
42 624
295 42
531 650
475 295
114 748
110 114
32 531
242 32
457 475
362 457
420 444
436 420
311 436
274 311
606 274
209 362
781 209
537 606
413 537
397 110
414 242
248 413
364 397
470 414
144 248
653 470
400 364
396 400
458 144
661 458
525 781
71 396
656 653
3 71
95 525
485 656
5 485
787 661
605 5
171 3
459 605
711 95
778 171
644 778
424 644
552 424
120 711
779 459
118 787
2 118
365 2
506 779
425 506
56 365
37 56
213 120
666 552
181 213
378 37
150 181
38 150
191 666
741 38
703 741
499 191
411 499
480 703
23 378
146 411
380 146
728 23
293 425
217 728
327 293
182 327
66 182
796 217
174 796
467 480
578 467
769 174
677 769
368 66
610 677
455 578
733 368
526 455
713 380
302 733
477 302
170 477
722 170
583 713
354 526
229 354
643 722
232 229
72 610
760 72
190 760
550 232
224 190
504 583
429 224
685 429
598 550
681 504
175 685
155 598
739 155
631 739
287 175
140 681
254 631
509 287
131 509
358 643
386 254
478 131
745 478
319 745
111 140
67 358
646 67
582 111
154 582
251 154
584 251
696 319
565 584
256 696
162 386
706 256
1 162
344 565
243 646
84 344
483 243
428 706
206 483
767 428
297 1
556 84
383 206
19 556
187 19
693 383
193 297
421 693
404 187
272 404
271 193
244 272
746 271
77 767
492 77
772 492
672 746
207 244
597 772
675 597
102 207
81 421
688 675
97 102
163 672
270 97
756 688
370 756
393 270
313 393
345 370
249 313
226 345
764 163
4 226
320 81
655 320
520 764
755 4
469 755
664 655
707 469
670 664
587 707
200 587
357 670
668 357
479 249
714 479
156 200
202 520
47 202
539 668
493 47
649 539
757 649
214 156
91 493
437 91
285 437
476 214
683 757
503 476
227 714
508 285
128 683
725 227
346 508
44 128
398 346
775 398
28 775
348 725
279 28
180 44
450 348
139 450
547 279
328 139
382 503
734 547
645 328
115 180
514 645
40 734
283 514
263 40
782 283
166 263
259 115
116 382
727 166
634 259
468 727
65 634
58 782
551 58
235 65
629 468
423 551
266 235
24 266
754 423
616 116
215 616
412 754
609 629
522 215
314 412
268 314
415 522
723 268
73 415
185 723
641 185
568 73
222 641
581 24
466 581
617 609
275 568
698 275
659 222
717 698
203 717
519 203
705 466
93 617
513 519
715 93
627 715
391 513
325 659
388 627
322 325
11 391
238 322
540 705
318 388
592 238
333 11
794 592
132 540
798 333
289 318
665 794
87 132
788 798
94 788
35 94
640 35
555 87
307 665
101 289
777 307
230 777
573 555
619 230
464 619
577 573
742 464
570 101
39 570
188 577
308 742
528 308
445 528
75 445
0 75
6 0
736 6
317 39
201 736
710 201
29 188
379 317
147 29
574 710
255 379
390 255
491 574
535 147
486 535
449 491
61 449
594 61
57 486
262 390
46 57
482 594
145 640
63 482
204 46
104 204
576 145
356 63
50 576
337 50
770 262
41 337
223 41
142 770
735 223
109 142
790 104
228 109
305 228
558 305
54 735
159 790
501 54
99 558
212 356
160 159
747 160
371 501
60 212
488 371
360 99
618 60
329 360
98 618
133 488
694 747
635 694
219 329
432 219
85 432
765 85
740 98
88 133
375 765
511 375
542 635
751 88
716 511
121 542
494 751
495 494
517 716
194 740
651 194
236 495
331 517
591 236
334 331
89 651
309 591
164 89
372 309
86 334
510 372
136 86
43 510
45 121
604 45
315 43
671 315
278 604
465 136
122 671
31 465
724 31
554 122
321 164
369 724
697 321
351 278
117 697
178 369
773 178
153 351
679 554
680 773
515 153
138 515
622 680
14 138
210 679
343 14
392 210
780 392
632 343
149 622
119 780
721 119
385 149
601 721
512 385
33 601
234 33
699 512
792 234
264 632
451 117
633 264
654 699
82 451
167 82
12 633
127 654
434 12
355 434
165 355
361 165
536 361
52 127
83 52
579 536
569 83
69 167
586 69
524 579
701 524
401 701
96 586
752 401
474 792
112 752
637 569
70 637
691 112
471 70
257 691
585 471
700 257
381 700
500 381
350 585
613 350
152 500
473 152
758 96
298 758
439 298
417 473
34 613
572 34
21 572
282 21
143 417
462 439
402 474
25 143
639 462
595 25
51 402
564 282
441 595
176 51
786 176
430 786
720 441
64 564
575 64
783 430
197 575
36 639
107 720
336 197
538 107
246 538
177 336
590 246
484 36
545 590
341 545
460 177
105 341
367 460
123 105
349 783
169 367
196 123
294 484
303 196
543 303
326 543
231 326
762 231
80 169
281 349
456 80
785 281
16 294
395 762
502 395
784 456
332 16
521 785
541 332
62 521
791 541
26 502
8 784
158 8
168 26
225 158
766 791
189 766
557 168
673 225
599 557
184 599
523 673
10 523
76 62
630 10
377 76
690 189
316 630
172 377
151 690
560 184
125 151
674 316
394 560
409 125
338 394
771 674
789 771
252 789
719 338
74 172
260 409
704 719
614 260
702 614
134 252
427 134
363 702
15 427
310 15
366 74
737 310
534 737
776 704
312 366
198 312
642 534
497 642
548 198
352 776
347 497
621 363
250 548
759 352
68 621
638 68
562 347
373 562
489 373
608 759
443 489
738 443
237 608
561 738
126 638
353 237
296 250
518 353
384 126
277 384
291 296
13 561
750 277
440 13
106 440
566 750
496 106
130 291
135 130
148 566
695 148
323 518
208 135
339 208
267 695
615 496
763 615
611 267
113 339
546 763
658 546
559 611
795 658
774 795
9 774
108 323
507 559
689 507
596 9
280 689
438 108
276 596
359 276
161 359
408 280
300 113
768 300
426 408
687 768
92 426
454 438
505 454
793 92
612 793
342 612
453 687
299 453
221 505
603 299
17 221
749 603
290 17
607 342
527 290
588 527
662 749
563 588
7 662
709 7
533 709
692 533
18 692
660 18
448 660
593 448
253 593
410 253
387 410
600 387
269 600
