!
173 726 463 27 22 753 663 472 292 220 743 580 59 628 304 261 137 544 124 620 20 682 487 183 157 684 461 730 676 376 30 761 245 211 288 48 712 241 549 239 648 446 636 406 195 623 55 258 647 100 447 708 284 335 90 516 657 625 731 199 247 233 340 79 532 718 407 529 416 452 179 389 216 286 301 330 498 186 732 403 265 442 240 141 103 667 419 218 481 324 129 422 678 567 418 744 553 799 405 571 433 729 602 435 192 797 273 531 431 530 475 78 669 114 490 306 686 53 626 589 748 444 295 650 374 49 652 42 399 624 606 242 781 205 32 110 420 362 537 457 436 364 397 311 248 274 413 209 414 653 400 118 396 3 95 485 458 5 661 71 144 525 605 644 425 365 470 778 171 424 711 552 120 181 506 2 703 56 213 459 656 779 499 150 37 38 293 728 146 327 191 23 378 380 610 480 787 666 66 182 302 741 526 796 217 368 174 631 578 677 467 733 411 224 170 477 190 550 722 713 140 429 583 354 643 455 769 598 681 175 232 287 685 760 155 509 706 229 582 254 739 154 504 358 131 646 745 478 84 111 256 386 251 428 696 319 693 584 67 344 19 72 1 243 187 483 162 565 746 297 383 206 767 404 271 675 688 77 772 556 655 492 272 97 207 270 313 672 421 102 81 755 597 163 764 244 520 370 357 393 707 4 193 469 664 756 345 249 320 587 670 47 214 493 156 479 226 649 714 757 202 348 539 725 668 91 683 285 180 128 200 346 476 775 503 227 437 508 382 24 28 645 279 328 139 116 44 115 727 259 734 782 283 641 263 40 616 166 609 398 514 235 268 412 634 65 468 547 629 450 551 754 215 58 423 73 522 415 617 266 314 466 723 698 185 519 222 464 93 568 627 203 659 581 717 325 513 333 540 275 388 322 715 705 238 11 35 592 289 87 794 788 577 318 555 230 94 101 665 391 777 640 6 619 573 29 535 798 445 570 307 132 308 742 188 39 147 528 255 201 736 75 379 317 574 710 491 594 61 486 262 449 0 145 57 356 390 770 482 337 104 204 228 63 41 142 46 219 790 735 50 194 223 109 99 558 576 747 54 212 371 488 60 133 160 618 98 432 85 360 305 501 694 331 740 329 88 375 511 159 765 495 278 121 236 494 716 751 591 89 542 517 635 651 334 372 309 465 136 510 122 43 45 604 117 178 554 369 164 210 315 31 14 149 515 697 773 351 721 343 724 679 671 86 138 632 234 601 622 153 680 780 119 385 392 264 451 699 792 321 579 654 33 127 82 633 434 52 167 12 752 165 112 701 355 586 512 69 536 524 401 361 569 298 585 83 152 417 474 70 637 471 96 257 350 500 441 613 21 439 700 691 473 758 282 595 34 564 462 402 25 430 107 64 176 51 720 639 36 381 572 143 575 783 197 786 538 456 336 246 341 545 349 177 590 123 105 460 367 484 169 543 281 762 521 766 785 395 673 231 303 294 326 196 784 225 791 630 541 168 502 332 189 26 599 80 16 158 184 557 8 523 10 76 316 690 560 172 62 125 704 409 702 394 15 614 252 260 534 719 338 151 771 377 427 74 134 674 789 363 621 312 759 642 776 347 737 310 250 198 548 352 366 373 443 68 638 562 237 106 296 489 738 353 497 13 440 126 518 291 611 130 750 496 608 566 113 561 323 148 339 208 135 695 615 277 763 384 546 658 267 795 559 774 300 108 596 9 689 161 280 408 359 276 507 438 426 687 454 505 92 453 612 793 768 342 603 221 299 17 527 290 749 607 662 563 588 7 709 692 533 18 660 448 593 253 410 387 600 269 
173 726
463 726
27 173
22 27
753 173
663 173
472 463
292 726
220 472
743 220
580 463
59 463
628 59
304 580
261 304
137 261
544 292
124 743
620 124
20 628
682 20
487 544
183 620
157 487
684 183
461 682
730 684
676 157
376 461
30 376
761 676
245 730
211 761
288 211
48 288
712 48
241 245
549 712
239 241
648 549
446 239
636 648
406 636
195 446
623 406
55 623
258 30
647 258
100 55
447 195
708 447
284 647
335 100
90 708
516 90
657 335
625 284
731 657
199 731
247 137
233 516
340 199
79 625
532 340
718 79
407 726
529 407
416 529
452 416
179 247
389 233
216 718
286 216
301 286
330 389
498 179
186 452
732 330
403 732
265 498
442 265
240 403
141 240
103 186
667 141
419 667
218 442
481 103
324 301
129 481
422 419
678 324
567 422
418 678
744 418
553 218
799 744
405 799
571 553
433 567
729 129
602 729
435 571
192 435
797 602
273 433
531 273
431 405
530 192
475 431
78 530
669 797
114 78
490 475
306 531
686 490
53 686
626 114
589 669
748 626
444 589
295 53
650 306
374 295
49 444
652 49
42 374
399 42
624 399
606 652
242 650
781 624
205 781
32 242
110 748
420 606
362 205
537 420
457 362
436 537
364 110
397 364
311 436
248 311
274 248
413 274
209 457
414 32
653 414
400 397
118 413
396 400
3 396
95 3
485 653
458 118
5 485
661 458
71 95
144 661
525 209
605 144
644 71
425 605
365 425
470 5
778 525
171 644
424 778
711 470
552 424
120 711
181 120
506 181
2 365
703 552
56 2
213 703
459 506
656 213
779 459
499 171
150 656
37 56
38 150
293 38
728 37
146 499
327 779
191 146
23 728
378 23
380 191
610 378
480 293
787 610
666 380
66 327
182 66
302 182
741 480
526 666
796 787
217 796
368 302
174 368
631 741
578 526
677 174
467 578
733 677
411 467
224 217
170 733
477 170
190 224
550 477
722 550
713 411
140 631
429 190
583 713
354 140
643 722
455 354
769 643
598 455
681 598
175 429
232 681
287 175
685 287
760 685
155 232
509 760
706 509
229 155
582 583
254 229
739 254
154 582
504 154
358 769
131 706
646 358
745 131
478 745
84 504
111 84
256 478
386 739
251 111
428 256
696 428
319 696
693 646
584 251
67 693
344 584
19 386
72 319
1 19
243 67
187 1
483 243
162 483
565 344
746 187
297 162
383 297
206 383
767 72
404 565
271 746
675 767
688 675
77 688
772 77
556 404
655 271
492 772
272 556
97 272
207 97
270 207
313 270
672 655
421 206
102 313
81 421
755 492
597 755
163 672
764 163
244 102
520 764
370 597
357 520
393 244
707 81
4 370
193 357
469 4
664 193
756 469
345 756
249 393
320 707
587 320
670 664
47 249
214 345
493 47
156 214
479 493
226 156
649 587
714 479
757 649
202 714
348 202
539 670
725 348
668 539
91 668
683 226
285 91
180 683
128 757
200 180
346 285
476 200
775 128
503 476
227 725
437 346
508 437
382 503
24 775
28 24
645 227
279 508
328 645
139 328
116 382
44 28
115 44
727 139
259 115
734 279
782 727
283 782
641 283
263 641
40 734
616 259
166 263
609 166
398 40
514 609
235 616
268 514
412 268
634 398
65 634
468 412
547 65
629 547
450 468
551 450
754 551
215 235
58 754
423 58
73 116
522 73
415 215
617 423
266 415
314 617
466 629
723 314
698 522
185 723
519 698
222 185
464 222
93 466
568 519
627 93
203 266
659 464
581 627
717 203
325 659
513 717
333 513
540 581
275 333
388 540
322 325
715 388
705 275
238 322
11 568
35 11
592 238
289 715
87 705
794 592
788 35
577 87
318 289
555 577
230 794
94 788
101 318
665 230
391 94
777 665
640 391
6 777
619 6
573 555
29 573
535 29
798 640
445 101
570 445
307 619
132 535
308 307
742 308
188 132
39 570
147 39
528 742
255 528
201 255
736 201
75 736
379 75
317 147
574 379
710 574
491 710
594 491
61 594
486 188
262 317
449 61
0 449
145 798
57 486
356 0
390 262
770 57
482 356
337 145
104 770
204 104
228 390
63 482
41 337
142 204
46 142
219 228
790 46
735 41
50 735
194 63
223 790
109 219
99 109
558 99
576 50
747 223
54 576
212 194
371 54
488 371
60 212
133 488
160 747
618 60
98 618
432 558
85 432
360 85
305 360
501 133
694 501
331 305
740 98
329 331
88 694
375 740
511 329
159 160
765 375
495 159
278 511
121 278
236 88
494 236
716 765
751 494
591 495
89 716
542 591
517 89
635 542
651 517
334 651
372 635
309 372
465 334
136 465
510 309
122 510
43 122
45 121
604 45
117 136
178 604
554 751
369 178
164 117
210 43
315 554
31 369
14 31
149 14
515 149
697 164
773 697
351 210
721 351
343 721
724 773
679 315
671 679
86 724
138 86
632 343
234 671
601 234
622 138
153 632
680 622
780 153
119 601
385 515
392 119
264 780
451 680
699 385
792 392
321 451
579 792
654 699
33 579
127 654
82 127
633 264
434 633
52 82
167 321
12 434
752 12
165 752
112 165
701 33
355 112
586 52
512 355
69 586
536 701
524 536
401 524
361 401
569 512
298 69
585 569
83 585
152 361
417 152
474 417
70 83
637 70
471 637
96 167
257 474
350 471
500 257
441 350
613 298
21 613
439 96
700 500
691 700
473 441
758 439
282 21
595 473
34 282
564 34
462 758
402 691
25 595
430 402
107 25
64 564
176 430
51 176
720 64
639 462
36 639
381 107
572 720
143 381
575 36
783 51
197 575
786 783
538 143
456 572
336 456
246 538
341 246
545 786
349 545
177 336
590 341
123 177
105 123
460 197
367 460
484 367
169 484
543 590
281 543
762 105
521 349
766 169
785 521
395 762
673 395
231 281
303 673
294 766
326 231
196 303
784 196
225 784
791 294
630 225
541 791
168 326
502 168
332 541
189 332
26 785
599 26
80 189
16 80
158 16
184 599
557 184
8 158
523 630
10 523
76 557
316 10
690 8
560 502
172 76
62 172
125 690
704 560
409 125
702 409
394 704
15 316
614 702
252 15
260 614
534 260
719 394
338 719
151 534
771 252
377 62
427 771
74 377
134 427
674 134
789 674
363 151
621 363
312 74
759 338
642 789
776 759
347 642
737 347
310 776
250 312
198 250
548 198
352 310
366 548
373 737
443 373
68 621
638 68
562 443
237 366
106 562
296 237
489 352
738 489
353 738
497 106
13 497
440 13
126 440
518 353
291 296
611 638
130 291
750 611
496 518
608 130
566 126
113 608
561 496
323 561
148 566
339 113
208 323
135 339
695 750
615 148
277 695
763 615
384 277
546 763
658 546
267 384
795 658
559 267
774 795
300 135
108 208
596 774
9 596
689 559
161 9
280 689
408 280
359 161
276 359
507 408
438 108
426 507
687 300
454 438
505 454
92 426
453 687
612 92
793 612
768 453
342 793
603 768
221 505
299 603
17 221
527 17
290 527
749 299
607 342
662 749
563 290
588 662
7 588
709 7
692 709
533 692
18 533
660 18
448 563
593 448
253 593
410 253
387 410
600 387
269 600
