!
117 728 228 209 634 6 412 467 651 529 158 708 155 768 120 694 766 77 285 16 799 415 47 198 536 375 732 707 413 357 382 311 752 296 462 611 219 701 0 266 509 474 387 541 100 540 723 54 703 380 568 681 759 471 795 748 722 407 543 248 118 107 150 692 455 223 50 500 256 29 761 338 453 644 614 588 601 85 519 437 333 685 406 355 625 429 171 92 626 657 178 796 638 433 443 128 12 511 274 52 745 403 741 359 9 757 
117 728
228 728
209 117
634 209
6 209
412 634
467 117
651 728
529 228
158 6
708 412
155 158
768 529
120 117
694 529
766 708
77 158
285 158
16 228
799 529
415 529
47 651
198 120
536 634
375 799
732 77
707 768
413 285
357 77
382 77
311 694
752 120
296 651
462 694
611 285
219 694
701 536
0 412
266 155
509 415
474 198
387 120
541 77
100 701
540 412
723 6
54 413
703 611
380 54
568 380
681 100
759 509
471 651
795 651
748 380
722 799
407 471
543 382
248 198
118 311
107 100
150 759
692 703
455 380
223 701
50 311
500 100
256 759
29 543
761 543
338 611
453 703
644 759
614 500
588 256
601 471
85 601
519 256
437 453
333 509
685 543
406 248
355 692
625 519
429 355
171 588
92 692
626 92
657 248
178 685
796 429
638 601
433 118
443 433
128 355
12 128
511 601
274 92
52 274
745 638
403 274
741 657
359 657
9 406
757 692
246 281 378 632 18 317 432 282 335 779 580 184 606 136 477 693 434 716 201 418 682 342 791 551 17 177 794 643 507 740 221 213 367 245 414 706 396 276 277 421 725 628 448 113 479 710 344 749 2 470 688 671 300 366 69 751 95 249 502 368 134 308 314 73 305 597 559 127 727 243 501 240 224 11 755 747 503 55 575 523 760 365 353 405 394 232 506 346 306 51 730 279 579 669 466 764 452 735 409 668 379 295 60 570 476 733 294 398 286 283 303 105 151 416 677 556 577 738 545 542 689 
246 281
378 281
632 246
18 632
317 378
432 632
282 18
335 282
779 281
580 317
184 282
606 282
136 606
477 282
693 282
434 378
716 432
201 716
418 136
682 693
342 136
791 716
551 580
17 716
177 606
794 434
643 716
507 693
740 17
221 136
213 791
367 682
245 580
414 606
706 221
396 177
276 507
277 551
421 276
725 682
628 725
448 706
113 221
479 551
710 221
344 276
749 221
2 507
470 682
688 725
671 725
300 367
366 2
69 749
751 791
95 367
249 749
502 300
368 276
134 749
308 69
314 749
73 671
305 725
597 710
559 308
127 134
727 597
243 213
501 751
240 727
224 559
11 727
755 11
747 11
503 300
55 134
575 503
523 559
760 747
365 597
353 671
405 2
394 671
232 597
506 366
346 503
306 308
51 55
730 506
279 688
579 305
669 344
466 760
764 394
452 730
735 506
409 134
668 55
379 224
295 353
60 764
570 506
476 579
733 305
294 394
398 760
286 523
283 579
303 365
105 764
151 760
416 669
677 306
556 452
577 11
738 677
545 570
542 570
689 523
1 362 656 460 720 440 430 144 750 673 323 696 674 78 133 348 154 558 289 174 459 19 520 528 660 185 36 451 630 
1 362
656 362
460 656
720 362
440 656
430 656
144 720
750 440
673 720
323 673
696 656
674 323
78 430
133 673
348 78
154 78
558 430
289 558
174 133
459 154
19 289
520 78
528 133
660 174
185 174
36 133
451 174
630 174
145 347 544 299 40 633 49 324 310 578 205 711 596 441 431 613 222 241 53 75 99 152 567 390 608 231 116 534 156 718 600 153 655 238 97 486 370 771 66 636 616 620 46 537 94 38 650 583 410 307 
145 347
544 347
299 145
40 347
633 145
49 347
324 544
310 324
578 299
205 49
711 544
596 711
441 310
431 49
613 578
222 205
241 613
53 441
75 578
99 431
152 75
567 441
390 75
608 578
231 75
116 231
534 431
156 75
718 99
600 241
153 99
655 99
238 75
97 608
486 608
370 153
771 116
66 600
636 231
616 238
620 75
46 153
537 486
94 771
38 238
650 636
583 94
410 94
307 537
585 621 141 395 278 340 602 4 637 469 554 91 774 74 686 571 200 37 59 449 207 691 
585 621
141 621
395 621
278 621
340 585
602 585
4 395
637 395
469 637
554 469
91 4
774 469
74 637
686 602
571 4
200 74
37 637
59 602
449 59
207 554
691 602
146 641 331 629 71 138 525 454 43 447 663 782 161 493 13 101 590 698 781 264 392 34 190 160 717 48 417 350 183 546 639 179 594 505 522 104 565 135 230 28 490 776 744 553 489 170 15 517 165 736 461 548 654 573 788 239 587 352 426 472 140 187 132 624 206 
146 641
331 641
629 331
71 629
138 146
525 146
454 641
43 146
447 331
663 43
782 331
161 447
493 331
13 629
101 71
590 663
698 782
781 698
264 590
392 781
34 43
190 663
160 264
717 190
48 71
417 663
350 417
183 392
546 781
639 34
179 639
594 183
505 639
522 594
104 417
565 505
135 522
230 639
28 565
490 565
776 490
744 776
553 490
489 776
170 135
15 565
517 776
165 776
736 165
461 736
548 461
654 736
573 170
788 461
239 788
587 239
352 573
426 352
472 426
140 472
187 788
132 788
624 187
206 187
499 742 81 607 572 111 687 259 393 139 640 376 770 700 275 42 464 784 63 746 581 172 39 492 280 484 792 508 566 623 7 496 648 652 797 
499 742
81 499
607 499
572 81
111 572
687 111
259 111
393 111
139 111
640 139
376 259
770 376
700 770
275 700
42 770
464 42
784 464
63 784
746 784
581 746
172 746
39 172
492 39
280 581
484 280
792 280
508 280
566 746
623 508
7 746
496 623
648 7
652 7
797 508
618 715 683 65 497 767 369 729 188 425 533 293 423 
618 715
683 715
65 715
497 715
767 497
369 715
729 715
188 767
425 188
533 425
293 188
423 425
121 411 666 252 535 76 721 513 196 678 202 627 267 64 83 227 364 45 622 203 667 371 373 301 70 504 436 108 661 617 598 345 292 35 115 235 44 780 684 605 547 318 402 635 642 619 381 753 631 159 149 789 234 175 510 242 798 61 30 389 526 561 675 80 84 646 79 212 482 445 32 41 593 164 3 329 473 262 98 610 734 527 96 268 385 313 297 72 518 446 321 424 383 147 197 22 697 494 595 778 189 549 714 106 166 343 478 129 724 599 114 539 263 233 
121 411
666 121
252 121
535 121
76 411
721 411
513 411
196 513
678 411
202 513
627 252
267 252
64 202
83 252
227 202
364 202
45 627
622 76
203 45
667 45
371 45
373 76
301 202
70 202
504 45
436 70
108 436
661 627
617 436
598 617
345 373
292 617
35 661
115 70
235 267
44 436
780 35
684 598
605 373
547 345
318 115
402 605
635 402
642 402
619 504
381 70
753 381
631 203
159 301
149 753
789 35
234 402
175 547
510 504
242 789
798 547
61 798
30 631
389 605
526 605
561 642
675 642
80 547
84 526
646 389
79 242
212 318
482 84
445 389
32 242
41 646
593 30
164 175
3 798
329 80
473 445
262 593
98 482
610 98
734 98
527 646
96 3
268 242
385 3
313 389
297 268
72 389
518 30
446 610
321 212
424 98
383 593
147 610
197 445
22 329
697 147
494 798
595 313
778 98
189 313
549 189
714 212
106 798
166 189
343 593
478 189
129 3
724 22
599 212
114 343
539 383
263 518
233 424
334 719 765 773 
334 719
765 719
773 334
653 690 
653 690
218 569 57 124 173 754 400 67 112 458 552 288 302 783 
218 569
57 218
124 569
173 569
754 57
400 57
67 569
112 754
458 754
552 754
288 67
302 173
783 302
186 495 388 58 137 419 358 662 148 20 704 450 377 695 26 680 361 110 485 251 763 709 487 737 793 777 176 457 574 33 584 612 438 236 442 591 465 126 463 524 582 516 399 615 341 258 351 216 298 265 386 181 287 122 89 68 56 217 192 191 322 521 25 702 143 562 194 10 162 404 330 130 319 337 670 86 272 439 119 408 422 93 21 103 
186 495
388 495
58 495
137 186
419 186
358 419
662 358
148 358
20 358
704 419
450 186
377 186
695 137
26 495
680 377
361 680
110 26
485 20
251 26
763 137
709 361
487 485
737 26
793 737
777 793
176 777
457 176
574 176
33 709
584 457
612 574
438 574
236 574
442 361
591 574
465 591
126 574
463 442
524 591
582 463
516 442
399 591
615 463
341 591
258 591
351 463
216 591
298 442
265 399
386 298
181 399
287 615
122 181
89 399
68 287
56 181
217 287
192 265
191 89
322 287
521 56
25 56
702 322
143 25
562 702
194 217
10 562
162 562
404 192
330 404
130 162
319 10
337 130
670 337
86 337
272 86
439 272
119 670
408 272
422 330
93 422
21 422
103 21
456 532 255 427 5 787 589 391 270 712 560 24 157 269 142 481 131 23 109 354 210 538 312 483 8 250 211 649 769 512 163 739 169 713 645 326 261 247 676 328 168 167 257 316 215 563 762 428 444 592 27 244 498 384 658 87 260 475 193 586 664 705 488 336 88 254 195 659 758 290 214 208 273 315 555 349 726 204 284 360 785 665 420 271 772 731 397 647 253 672 332 225 226 125 786 220 550 514 14 699 199 325 
456 532
255 532
427 255
5 532
787 255
589 456
391 427
270 255
712 532
560 5
24 270
157 560
269 532
142 589
481 5
131 142
23 24
109 560
354 560
210 131
538 560
312 24
483 270
8 312
250 24
211 270
649 538
769 538
512 211
163 483
739 649
169 250
713 163
645 769
326 739
261 169
247 739
676 739
328 713
168 645
167 168
257 169
316 167
215 645
563 326
762 328
428 247
444 316
592 762
27 261
244 444
498 563
384 169
658 316
87 328
260 563
475 261
193 87
586 316
664 215
705 193
488 260
336 475
88 260
254 586
195 664
659 193
758 586
290 475
214 260
208 88
273 428
315 758
555 488
349 244
726 273
204 208
284 726
360 336
785 758
665 315
420 665
271 349
772 273
731 290
397 284
647 349
253 193
672 384
332 284
225 672
226 332
125 315
786 349
220 271
550 226
514 88
14 349
699 349
199 786
325 226
180 603 468 291 320 743 374 401 339 363 304 531 31 123 82 491 790 102 327 237 309 480 679 775 356 756 604 530 576 62 564 435 90 557 372 515 229 609 182 
180 603
468 603
291 180
320 291
743 291
374 291
401 468
339 401
363 743
304 339
531 401
31 304
123 304
82 339
491 123
790 82
102 491
327 790
237 82
309 237
480 491
679 102
775 102
356 102
756 480
604 309
530 604
576 530
62 480
564 62
435 530
90 564
557 530
372 557
515 564
229 530
609 564
182 609
