!
246 281 632 317 432 18 779 378 580 282 606 184 136 477 716 434 335 693 682 551 342 201 177 740 794 507 221 17 245 643 367 396 706 421 276 628 448 277 791 688 113 418 749 725 470 344 414 2 671 213 300 502 710 479 95 366 69 751 305 314 249 134 368 240 409 127 501 727 306 597 308 545 11 243 747 755 559 523 503 506 575 224 760 733 55 405 476 279 394 353 669 579 232 73 730 105 51 295 294 346 452 764 570 60 668 548 
246 281
632 246
317 246
432 632
18 281
779 281
378 246
580 378
282 246
606 282
184 246
136 281
477 136
716 432
434 716
335 632
693 632
682 632
551 246
342 551
201 434
177 281
740 201
794 740
507 693
221 177
17 632
245 221
643 17
367 507
396 281
706 246
421 367
276 421
628 632
448 706
277 448
791 794
688 682
113 276
418 277
749 113
725 688
470 628
344 335
414 749
2 344
671 725
213 791
300 2
502 300
710 414
479 418
95 671
366 95
69 710
751 643
305 502
314 69
249 314
134 249
368 366
240 368
409 134
127 409
501 751
727 240
306 479
597 727
308 306
545 305
11 597
243 213
747 11
755 747
559 127
523 559
503 545
506 503
575 506
224 308
760 755
733 575
55 523
405 733
476 405
279 243
394 279
353 394
669 760
579 476
232 55
73 579
730 669
105 501
51 232
295 105
294 353
346 730
452 346
764 294
570 452
60 764
668 51
548 570
121 411 252 535 76 513 196 721 666 202 627 267 64 678 45 364 667 622 83 108 371 70 436 203 373 301 661 227 504 617 780 598 345 292 44 235 318 547 35 149 684 631 381 619 510 115 402 61 605 164 635 561 234 642 242 80 798 159 84 526 79 789 646 30 753 175 32 389 3 482 72 778 385 445 675 212 197 321 734 329 96 268 98 473 262 518 313 446 593 610 424 595 527 22 383 297 714 147 189 129 114 343 166 784 478 42 724 233 222 360 549 356 494 41 275 599 464 581 106 99 182 
121 411
252 121
535 411
76 121
513 121
196 411
721 411
666 121
202 666
627 252
267 627
64 121
678 121
45 252
364 121
667 45
622 252
83 267
108 364
371 252
70 108
436 70
203 83
373 252
301 436
661 203
227 371
504 252
617 227
780 373
598 617
345 780
292 598
44 292
235 504
318 121
547 345
35 547
149 318
684 667
631 235
381 44
619 684
510 631
115 381
402 35
61 402
605 622
164 61
635 605
561 635
234 561
642 234
242 661
80 242
798 80
159 115
84 149
526 84
79 164
789 79
646 526
30 619
753 646
175 798
32 30
389 159
3 175
482 753
72 389
778 482
385 3
445 72
675 642
212 778
197 445
321 212
734 321
329 32
96 675
268 329
98 734
473 197
262 510
518 268
313 473
446 98
593 262
610 446
424 610
595 313
527 424
22 789
383 593
297 518
714 527
147 714
189 595
129 96
114 383
343 114
166 189
784 343
478 166
42 478
724 129
233 147
222 297
360 42
549 360
356 549
494 22
41 233
275 41
599 275
464 784
581 464
106 494
99 581
182 356
186 495 358 419 137 58 388 148 662 20 377 450 695 26 704 485 737 487 793 578 608 152 616 620 38 613 97 653 241 
186 495
358 495
419 495
137 186
58 358
388 495
148 358
662 148
20 358
377 495
450 186
695 186
26 495
704 58
485 20
737 186
487 485
793 737
578 793
608 578
152 608
616 152
620 616
38 620
613 38
97 613
653 97
241 653
562 702 162 287 217 68 322 86 10 439 272 386 337 130 351 122 408 582 298 670 319 463 516 615 160 442 126 119 264 417 590 33 190 350 104 663 717 236 680 574 43 709 176 639 361 34 763 146 777 525 
562 702
162 562
287 562
217 287
68 562
322 702
86 162
10 162
439 86
272 439
386 322
337 272
130 337
351 562
122 10
408 162
582 122
298 582
670 162
319 670
463 298
516 463
615 516
160 408
442 615
126 442
119 130
264 160
417 119
590 264
33 351
190 417
350 590
104 350
663 190
717 663
236 126
680 33
574 236
43 104
709 680
176 574
639 43
361 709
34 639
763 361
146 717
777 176
525 146
497 715 65 618 767 683 369 458 400 729 552 754 188 112 207 57 124 569 173 218 302 783 
497 715
65 715
618 65
767 65
683 618
369 65
458 369
400 65
729 497
552 458
754 400
188 552
112 754
207 188
57 112
124 57
569 124
173 569
218 173
302 218
783 302
499 742 229 607 81 372 557 530 687 572 111 435 259 576 604 90 393 139 756 309 564 62 480 770 640 237 376 327 82 531 700 515 697 609 775 401 339 320 205 263 539 63 172 46 39 746 492 655 534 792 280 49 153 484 718 431 370 623 508 566 251 7 496 797 110 
499 742
229 499
607 499
81 499
372 229
557 372
530 229
687 81
572 687
111 572
435 229
259 111
576 557
604 576
90 604
393 259
139 393
756 90
309 530
564 756
62 564
480 62
770 139
640 770
237 309
376 640
327 237
82 327
531 82
700 376
515 480
697 700
609 515
775 609
401 531
339 401
320 339
205 697
263 205
539 263
63 539
172 63
46 172
39 46
746 39
492 746
655 492
534 655
792 534
280 792
49 280
153 49
484 153
718 484
431 718
370 431
623 370
508 623
566 508
251 320
7 566
496 7
797 496
110 251
585 621 395 340 141 602 278 451 174 4 630 528 774 637 469 660 91 459 554 74 200 293 686 133 571 449 37 691 690 185 307 59 533 425 323 
585 621
395 621
340 621
141 621
602 585
278 585
451 585
174 451
4 395
630 174
528 585
774 621
637 774
469 637
660 585
91 4
459 660
554 395
74 395
200 74
293 395
686 585
133 585
571 91
449 585
37 200
691 37
690 691
185 449
307 585
59 690
533 395
425 293
323 571
334 719 66 765 423 773 288 600 67 537 486 652 648 
334 719
66 334
765 719
423 334
773 334
288 719
600 66
67 288
537 600
486 537
652 67
648 652
117 728 228 209 634 412 6 529 651 155 708 467 766 120 694 158 536 799 77 285 382 413 462 16 375 707 47 357 474 415 732 198 752 311 723 568 296 266 541 219 509 701 795 0 681 768 100 611 471 50 759 387 703 748 540 380 407 722 118 543 54 500 223 453 248 107 626 692 256 29 437 761 519 338 429 601 85 455 588 406 171 685 614 644 333 355 433 638 757 363 443 657 178 274 210 589 128 92 511 796 625 403 150 12 9 745 374 341 584 214 457 359 204 260 
117 728
228 728
209 728
634 728
412 634
6 412
529 228
651 529
155 6
708 728
467 228
766 651
120 117
694 228
158 117
536 728
799 694
77 117
285 77
382 117
413 382
462 228
16 462
375 766
707 728
47 375
357 117
474 117
415 228
732 728
198 16
752 198
311 415
723 732
568 752
296 799
266 568
541 723
219 311
509 219
701 47
795 467
0 117
681 701
768 509
100 681
611 266
471 296
50 795
759 768
387 611
703 387
748 703
540 100
380 748
407 471
722 407
118 759
543 0
54 380
500 540
223 500
453 54
248 453
107 223
626 543
692 626
256 118
29 107
437 248
761 29
519 256
338 692
429 437
601 722
85 601
455 429
588 519
406 588
171 406
685 761
614 728
644 171
333 644
355 455
433 333
638 85
757 685
363 638
443 433
657 355
178 757
274 178
210 657
589 210
128 274
92 128
511 50
796 92
625 589
403 796
150 625
12 403
9 150
745 443
374 745
341 12
584 341
214 584
457 214
359 9
204 359
260 204
78 520 154 696 
78 520
154 78
696 154
36 674 
36 674
677 738 1 720 689 379 460 362 144 656 750 673 440 430 
677 738
1 677
720 1
689 1
379 1
460 1
362 1
144 362
656 460
750 656
673 1
440 689
430 440
456 532 255 427 787 269 24 391 712 23 131 312 250 211 741 8 169 27 326 261 257 498 563 475 428 384 488 336 273 88 208 290 284 225 555 731 672 772 397 553 404 216 56 514 89 258 123 191 422 633 330 679 102 21 230 143 181 93 743 490 524 52 491 192 612 31 291 399 304 521 265 103 25 565 603 48 591 180 465 194 505 438 790 468 
456 532
255 532
427 255
787 255
269 427
24 787
391 255
712 255
23 712
131 532
312 23
250 24
211 250
741 131
8 391
169 8
27 169
326 741
261 27
257 312
498 326
563 498
475 261
428 563
384 475
488 428
336 384
273 488
88 273
208 88
290 336
284 208
225 290
555 284
731 225
672 257
772 555
397 772
553 397
404 553
216 404
56 216
514 56
89 514
258 89
123 672
191 258
422 191
633 211
330 422
679 123
102 679
21 330
230 21
143 230
181 143
93 181
743 731
490 93
524 490
52 524
491 102
192 52
612 192
31 491
291 743
399 612
304 31
521 399
265 521
103 265
25 103
565 25
603 291
48 565
591 456
180 603
465 591
194 465
505 194
438 456
790 304
468 180
315 758 586 349 786 444 785 125 316 665 771 244 254 658 132 587 647 199 14 398 168 271 187 699 788 163 711 239 53 215 420 206 167 577 328 645 567 109 654 713 461 466 220 624 195 583 483 94 87 151 410 769 390 596 736 659 538 560 116 664 324 441 354 15 550 636 165 592 649 705 481 489 193 762 231 247 253 739 156 544 310 270 40 676 28 347 325 332 517 75 5 142 226 365 744 776 145 238 726 157 299 512 
315 758
586 315
349 758
786 315
444 315
785 758
125 315
316 586
665 315
771 315
244 586
254 758
658 586
132 758
587 586
647 244
199 315
14 647
398 199
168 316
271 14
187 398
699 271
788 587
163 658
711 699
239 788
53 711
215 168
420 163
206 187
167 215
577 206
328 420
645 167
567 53
109 645
654 239
713 328
461 654
466 577
220 567
624 466
195 461
583 624
483 713
94 583
87 483
151 195
410 94
769 109
390 410
596 220
736 151
659 87
538 769
560 538
116 390
664 736
324 596
441 324
354 664
15 586
550 15
636 116
165 550
592 659
649 560
705 592
481 649
489 165
193 705
762 193
231 636
247 354
253 762
739 247
156 231
544 253
310 441
270 481
40 544
676 739
28 489
347 40
325 28
332 325
517 332
75 156
5 270
142 5
226 517
365 75
744 226
776 744
145 347
238 310
726 776
157 142
299 145
512 157
331 641 629 556 447 493 782 71 161 454 13 138 698 283 735 101 781 183 392 546 542 594 522 135 179 416 170 573 426 472 352 140 19 650 558 286 348 303 289 
331 641
629 641
556 629
447 629
493 641
782 641
71 629
161 331
454 641
13 641
138 331
698 138
283 447
735 71
101 331
781 283
183 781
392 183
546 392
542 629
594 546
522 594
135 522
179 735
416 542
170 135
573 170
426 573
472 426
352 472
140 352
19 416
650 19
558 650
286 558
348 286
303 348
289 303
