!
121 411 535 252 76 627 666 196 202 267 513 721 364 83 678 301 45 436 108 64 622 373 227 203 371 70 504 617 667 661 292 598 44 780 345 35 149 235 684 547 635 605 642 159 381 631 234 402 115 61 510 561 619 321 242 318 789 175 646 526 72 30 798 778 80 164 389 445 84 32 212 79 482 753 98 197 473 734 329 268 262 313 518 610 494 593 3 675 527 297 147 599 383 385 697 96 424 41 22 446 714 222 189 343 478 114 
121 411
535 121
252 121
76 411
627 121
666 121
196 121
202 121
267 121
513 252
721 121
364 666
83 267
678 252
301 364
45 721
436 364
108 364
64 202
622 252
373 76
227 364
203 45
371 203
70 436
504 45
617 436
667 45
661 83
292 617
598 617
44 292
780 76
345 780
35 83
149 108
235 83
684 504
547 345
635 547
605 345
642 780
159 605
381 70
631 504
234 605
402 234
115 149
61 547
510 631
561 547
619 631
321 381
242 661
318 115
789 242
175 402
646 605
526 646
72 605
30 242
798 547
778 381
80 547
164 798
389 605
445 389
84 526
32 242
212 149
79 80
482 84
753 778
98 753
197 445
473 445
734 98
329 80
268 242
262 631
313 389
518 30
610 98
494 561
593 30
3 798
675 547
527 610
297 242
147 84
599 147
383 593
385 798
697 212
96 3
424 98
41 526
22 80
446 610
714 482
222 518
189 313
343 383
478 189
114 343
246 281 432 632 378 317 18 136 282 779 477 580 682 606 335 434 716 184 693 794 342 418 551 177 643 791 396 17 740 421 507 706 448 367 221 628 277 276 725 688 245 710 201 479 749 470 2 95 300 344 366 213 414 671 113 69 751 314 134 409 368 559 305 249 727 597 308 502 501 240 243 11 127 747 523 755 575 73 503 224 760 286 669 306 668 394 232 346 506 452 55 353 51 730 295 764 545 579 733 60 279 466 735 405 570 577 379 294 365 476 556 151 105 15 410 101 348 542 677 558 416 
246 281
432 246
632 432
378 281
317 378
18 432
136 246
282 246
779 317
477 281
580 378
682 632
606 282
335 632
434 378
716 432
184 606
693 682
794 434
342 136
418 342
551 342
177 282
643 432
791 716
396 282
17 716
740 17
421 396
507 693
706 342
448 706
367 507
221 706
628 682
277 221
276 396
725 682
688 725
245 342
710 221
201 17
479 245
749 221
470 688
2 507
95 2
300 367
344 421
366 2
213 17
414 710
671 725
113 710
69 749
751 17
314 749
134 749
409 113
368 276
559 314
305 300
249 706
727 710
597 710
308 559
502 300
501 751
240 710
243 682
11 368
127 134
747 11
523 314
755 11
575 366
73 305
503 300
224 559
760 747
286 224
669 344
306 224
668 127
394 671
232 597
346 503
506 366
452 575
55 134
353 394
51 232
730 452
295 353
764 394
545 366
579 503
733 295
60 764
279 305
466 760
735 452
405 366
570 506
577 466
379 306
294 764
365 668
476 579
556 503
151 466
105 764
15 669
410 51
101 556
348 668
542 570
677 306
558 51
416 542
618 715 65 497 683 754 400 57 174 451 36 59 537 449 660 185 459 718 750 307 534 673 674 133 241 431 323 486 520 
618 715
65 715
497 618
683 65
754 715
400 754
57 754
174 715
451 174
36 451
59 174
537 59
449 537
660 449
185 451
459 174
718 537
750 174
307 537
534 718
673 36
674 673
133 674
241 537
431 718
323 674
486 537
520 459
186 495 137 358 419 662 148 58 388 450 20 695 26 704 763 485 251 361 377 709 487 680 737 110 777 793 236 176 33 442 463 582 516 126 615 298 351 386 320 339 401 531 82 237 327 309 480 515 756 609 
186 495
137 495
358 495
419 358
662 358
148 358
58 358
388 419
450 186
20 358
695 137
26 186
704 419
763 137
485 20
251 26
361 662
377 137
709 763
487 485
680 763
737 377
110 251
777 737
793 377
236 777
176 377
33 176
442 33
463 442
582 442
516 463
126 176
615 463
298 463
351 516
386 298
320 110
339 320
401 339
531 339
82 339
237 82
327 237
309 237
480 82
515 237
756 309
609 515
499 742 81 372 607 229 576 557 572 687 530 111 435 604 259 393 90 139 62 640 376 564 
499 742
81 499
372 742
607 742
229 372
576 742
557 372
572 81
687 572
530 229
111 572
435 557
604 576
259 111
393 572
90 557
139 259
62 90
640 259
376 393
564 90
456 532 255 427 787 712 24 312 23 269 8 250 131 211 169 261 741 326 257 106 129 384 475 336 88 208 290 488 360 724 225 672 216 731 56 356 595 123 258 89 549 304 31 102 679 166 52 374 491 181 743 790 399 291 524 603 180 591 465 265 775 468 612 574 438 
456 532
255 532
427 532
787 255
712 532
24 787
312 255
23 255
269 255
8 255
250 24
131 456
211 250
169 250
261 169
741 131
326 741
257 169
106 250
129 106
384 169
475 257
336 475
88 326
208 88
290 475
488 88
360 336
724 211
225 290
672 336
216 488
731 290
56 88
356 672
595 672
123 290
258 56
89 488
549 672
304 123
31 123
102 123
679 102
166 356
52 258
374 304
491 102
181 216
743 374
790 491
399 181
291 743
524 399
603 291
180 603
591 399
465 591
265 181
775 790
468 291
612 591
574 591
438 591
469 637 74 141 554 200 425 602 37 395 207 691 729 278 293 774 621 533 340 188 585 4 552 686 91 302 458 690 112 124 767 528 630 571 369 
469 637
74 469
141 469
554 637
200 637
425 469
602 637
37 637
395 637
207 200
691 602
729 554
278 395
293 395
774 141
621 395
533 554
340 621
188 200
585 621
4 395
552 188
686 602
91 395
302 691
458 552
690 302
112 458
124 112
767 458
528 585
630 585
571 4
369 552
362 656 1 460 430 689 440 720 144 696 78 154 289 
362 656
1 362
460 362
430 656
689 1
440 656
720 656
144 430
696 689
78 440
154 78
289 78
117 728 228 209 634 412 6 155 467 529 651 285 536 158 120 766 708 382 723 77 694 799 415 375 296 198 768 732 311 462 266 357 413 219 16 568 795 509 47 611 701 752 707 100 681 471 703 407 722 759 380 748 107 543 387 0 248 50 437 540 474 118 223 626 29 500 541 54 256 453 150 692 455 589 519 85 644 761 338 601 757 429 178 406 355 685 638 588 614 333 171 657 128 433 796 443 274 511 92 363 12 625 359 403 341 27 260 457 214 584 210 9 204 745 
117 728
228 728
209 117
634 209
412 634
6 634
155 6
467 228
529 228
651 529
285 155
536 651
158 155
120 285
766 209
708 412
382 158
723 158
77 158
694 529
799 529
415 529
375 766
296 651
198 120
768 415
732 6
311 694
462 311
266 198
357 77
413 158
219 694
16 285
568 120
795 529
509 415
47 799
611 285
701 536
752 120
707 509
100 701
681 100
471 651
703 611
407 471
722 799
759 509
380 611
748 380
107 100
543 77
387 120
0 634
248 198
50 722
437 611
540 708
474 120
118 219
223 100
626 703
29 543
500 100
541 413
54 380
256 759
453 748
150 256
692 703
455 703
589 256
519 256
85 471
644 118
761 29
338 703
601 85
757 626
429 380
178 543
406 589
355 54
685 626
638 601
588 256
614 107
333 256
171 256
657 248
128 355
433 219
796 128
443 433
274 626
511 601
92 274
363 433
12 429
625 519
359 657
403 274
341 274
27 588
260 12
457 274
214 260
584 403
210 657
9 519
204 128
745 443
38 616 650 303 
38 616
650 616
303 650
653 738 
653 738
275 700 770 233 42 182 205 49 578 608 97 613 152 620 
275 700
770 275
233 275
42 770
182 42
205 42
49 205
578 49
608 578
97 608
613 608
152 608
620 608
331 641 146 629 447 71 161 493 782 525 43 454 138 283 13 663 698 781 546 190 183 34 160 590 392 717 264 48 417 594 104 522 350 639 505 135 119 179 565 103 319 408 490 230 93 130 272 21 86 670 337 439 170 162 194 422 330 10 397 143 772 404 284 191 702 192 562 573 521 68 322 428 25 217 287 514 555 426 122 472 352 498 563 140 
331 641
146 331
629 641
447 331
71 629
161 629
493 641
782 146
525 629
43 146
454 493
138 454
283 447
13 71
663 43
698 782
781 698
546 781
190 43
183 781
34 43
160 663
590 663
392 183
717 43
264 160
48 34
417 190
594 183
104 190
522 183
350 417
639 34
505 639
135 594
119 417
179 639
565 505
103 639
319 119
408 264
490 565
230 639
93 103
130 408
272 408
21 230
86 272
670 119
337 670
439 272
170 135
162 86
194 337
422 230
330 21
10 86
397 21
143 330
772 21
404 772
284 397
191 772
702 162
192 337
562 702
573 170
521 772
68 702
322 68
428 772
25 521
217 68
287 702
514 25
555 514
426 573
122 287
472 426
352 472
498 428
563 498
140 472
315 758 586 444 785 316 254 587 349 786 14 125 199 244 647 163 420 132 239 771 271 665 699 658 215 788 713 53 187 328 398 654 168 711 206 220 567 624 167 645 109 461 769 87 483 94 116 195 664 354 489 550 538 659 583 560 596 592 481 441 736 390 636 165 324 253 548 649 156 762 544 705 193 247 157 739 633 270 231 28 347 517 226 5 75 332 726 553 310 744 142 40 325 391 299 512 776 145 19 676 273 238 
315 758
586 758
444 315
785 586
316 586
254 758
587 315
349 785
786 785
14 254
125 587
199 758
244 758
647 349
163 444
420 647
132 125
239 125
771 786
271 349
665 647
699 271
658 316
215 316
788 239
713 163
53 271
187 771
328 713
398 771
654 125
168 316
711 14
206 771
220 647
567 53
624 771
167 586
645 167
109 645
461 239
769 645
87 328
483 328
94 771
116 53
195 167
664 195
354 645
489 461
550 195
538 769
659 87
583 94
560 538
596 53
592 713
481 538
441 53
736 550
390 441
636 94
165 736
324 116
253 87
548 461
649 538
156 636
762 87
544 220
705 659
193 659
247 769
157 538
739 247
633 220
270 483
231 156
28 736
347 544
517 165
226 517
5 481
75 231
332 226
726 226
553 226
310 441
744 165
142 538
40 220
325 226
391 270
299 347
512 270
776 517
145 347
19 94
676 769
273 247
238 75
39 492 172 508 539 746 63 623 496 784 280 581 464 797 792 7 67 153 566 652 288 46 648 484 173 263 719 99 773 334 765 569 66 423 783 218 655 370 600 
39 492
172 39
508 492
539 39
746 539
63 39
623 508
496 492
784 539
280 508
581 280
464 746
797 508
792 280
7 539
67 7
153 280
566 797
652 7
288 508
46 153
648 652
484 280
173 67
263 153
719 797
99 263
773 719
334 719
765 719
569 173
66 719
423 719
783 334
218 569
655 99
370 280
600 334
