!
246 281 632 432 282 317 378 184 606 18 335 779 580 136 477 693 716 434 682 342 551 213 421 277 794 418 643 201 221 791 17 740 628 507 414 706 367 276 725 177 448 396 95 344 245 113 749 479 2 470 688 300 671 710 308 368 366 69 127 314 751 134 502 305 249 597 73 240 727 11 409 755 559 747 523 501 243 760 503 545 306 55 405 669 224 101 394 506 575 353 668 730 279 232 51 466 579 365 733 452 577 295 476 764 105 60 
246 281
632 246
432 632
282 246
317 281
378 317
184 281
606 282
18 632
335 282
779 378
580 317
136 606
477 606
693 632
716 432
434 317
682 632
342 136
551 136
213 632
421 282
277 342
794 434
418 342
643 432
201 794
221 136
791 201
17 716
740 716
628 682
507 693
414 606
706 221
367 507
276 507
725 367
177 276
448 342
396 276
95 725
344 507
245 706
113 414
749 221
479 342
2 507
470 725
688 725
300 367
671 725
710 414
308 479
368 276
366 2
69 749
127 69
314 69
751 17
134 69
502 300
305 688
249 314
597 710
73 671
240 414
727 597
11 368
409 727
755 727
559 479
747 11
523 314
501 751
243 725
760 747
503 300
545 276
306 308
55 134
405 2
669 344
224 523
101 503
394 671
506 366
575 506
353 394
668 69
730 506
279 394
232 597
51 232
466 760
579 305
365 55
733 394
452 575
577 466
295 725
476 579
764 394
105 764
60 394
121 411 76 666 196 535 627 252 513 721 202 267 364 678 371 622 203 45 83 108 436 64 598 504 70 667 301 373 661 617 780 35 227 292 44 345 235 684 605 547 631 619 789 526 402 381 318 642 510 234 159 175 80 635 242 115 149 646 164 798 30 84 561 321 72 389 61 445 32 734 96 329 212 753 593 3 98 79 778 482 268 473 675 297 313 610 385 262 41 383 147 494 518 714 22 222 527 424 446 189 197 549 343 724 595 581 114 129 166 464 478 360 784 42 599 746 106 356 233 99 640 
121 411
76 121
666 121
196 411
535 121
627 411
252 627
513 121
721 513
202 196
267 252
364 202
678 513
371 252
622 666
203 627
45 627
83 721
108 364
436 108
64 108
598 45
504 45
70 202
667 627
301 364
373 666
661 203
617 108
780 121
35 252
227 436
292 617
44 70
345 373
235 504
684 45
605 345
547 780
631 504
619 684
789 83
526 605
402 605
381 44
318 526
642 547
510 631
234 402
159 526
175 547
80 35
635 605
242 83
115 318
149 115
646 526
164 547
798 642
30 242
84 318
561 780
321 318
72 646
389 605
61 547
445 389
32 242
734 381
96 175
329 80
212 734
753 734
593 30
3 798
98 734
79 32
778 734
482 84
268 329
473 445
675 642
297 268
313 389
610 734
385 547
262 593
41 212
383 593
147 610
494 3
518 30
714 147
22 80
222 297
527 714
424 98
446 734
189 313
197 189
549 473
343 383
724 798
595 189
581 383
114 343
129 3
166 445
464 383
478 189
360 473
784 262
42 478
599 147
746 784
106 675
356 189
233 98
99 222
640 714
140 472 426 352 573 294 677 738 379 460 1 362 144 289 720 689 656 440 696 430 154 673 674 750 133 323 185 616 78 
140 472
426 140
352 426
573 352
294 573
677 140
738 677
379 677
460 379
1 460
362 1
144 362
289 460
720 362
689 1
656 362
440 362
696 656
430 656
154 430
673 720
674 460
750 656
133 673
323 674
185 440
616 154
78 154
315 758 586 786 785 444 349 316 125 244 665 658 14 199 254 699 647 771 654 587 239 167 271 711 398 132 788 168 215 624 461 548 53 567 187 220 645 109 206 116 195 410 94 151 583 550 664 489 441 324 
315 758
586 758
786 315
785 315
444 586
349 758
316 586
125 315
244 758
665 758
658 758
14 315
199 758
254 665
699 785
647 349
771 786
654 758
587 771
239 587
167 658
271 647
711 349
398 771
132 786
788 239
168 316
215 167
624 398
461 239
548 239
53 271
567 53
187 771
220 271
645 168
109 167
206 771
116 53
195 215
410 206
94 771
151 788
583 94
550 461
664 195
489 195
441 53
324 220
57 754 400 218 569 458 173 65 767 369 618 683 715 497 648 496 652 566 67 288 773 623 
57 754
400 57
218 57
569 218
458 754
173 569
65 754
767 65
369 767
618 65
683 65
715 618
497 767
648 569
496 173
652 648
566 496
67 652
288 496
773 288
623 67
331 641 629 146 447 556 71 782 525 43 161 493 663 454 138 13 346 735 283 698 34 781 717 546 392 350 48 183 570 542 160 590 264 104 417 594 522 190 639 135 505 179 565 416 119 408 93 230 103 490 28 272 776 21 86 325 744 439 170 15 553 337 319 422 670 
331 641
629 641
146 331
447 331
556 629
71 641
782 331
525 641
43 146
161 782
493 556
663 43
454 782
138 447
13 71
346 556
735 43
283 447
698 782
34 43
781 698
717 34
546 283
392 781
350 663
48 13
183 392
570 13
542 570
160 663
590 43
264 160
104 590
417 104
594 392
522 392
190 417
639 34
135 594
505 542
179 505
565 505
416 542
119 417
408 264
93 639
230 93
103 230
490 639
28 565
272 408
776 490
21 103
86 272
325 21
744 505
439 408
170 135
15 776
553 21
337 86
319 272
422 21
670 337
469 637 74 37 425 533 141 554 602 395 691 293 207 774 621 200 188 585 4 686 552 729 278 91 302 340 783 124 423 112 690 528 451 571 630 
469 637
74 637
37 637
425 637
533 469
141 637
554 469
602 141
395 141
691 602
293 395
207 293
774 637
621 141
200 425
188 425
585 621
4 395
686 602
552 188
729 37
278 621
91 395
302 691
340 141
783 302
124 552
423 302
112 552
690 686
528 585
451 585
571 4
630 451
334 719 66 765 797 280 792 508 153 600 370 59 449 
334 719
66 334
765 334
797 719
280 334
792 280
508 797
153 280
600 66
370 153
59 66
449 59
529 694 219 799 311 228 467 415 118 728 651 795 50 462 117 722 759 768 47 707 296 209 536 509 16 375 752 634 443 256 644 766 433 27 412 171 471 588 120 333 6 601 150 407 257 745 474 519 638 198 708 85 475 701 158 732 413 285 155 363 8 625 223 540 77 681 357 511 374 382 290 568 611 248 100 603 312 748 387 261 731 266 0 406 291 180 743 723 380 787 269 456 703 541 9 336 500 31 427 123 210 225 107 169 255 23 589 468 54 453 532 384 543 429 
529 694
219 694
799 529
311 694
228 529
467 311
415 219
118 311
728 228
651 799
795 799
50 694
462 694
117 728
722 799
759 118
768 759
47 651
707 728
296 795
209 117
536 651
509 759
16 415
375 728
752 16
634 209
443 722
256 759
644 256
766 728
433 443
27 433
412 209
171 256
471 651
588 256
120 16
333 256
6 412
601 471
150 256
407 471
257 27
745 601
474 752
519 256
638 601
198 120
708 412
85 601
475 433
701 407
158 6
732 6
413 158
285 158
155 158
363 296
8 171
625 519
223 701
540 708
77 158
681 701
357 77
511 601
374 745
382 77
290 475
568 120
611 198
248 198
100 701
603 745
312 8
748 248
387 611
261 257
731 475
266 611
0 708
406 519
291 603
180 603
743 291
723 77
380 198
787 171
269 787
456 787
703 611
541 285
9 456
336 475
500 100
31 336
427 787
123 290
210 406
225 336
107 100
169 312
255 787
23 787
589 255
468 291
54 380
453 748
532 456
384 336
543 77
429 380
174 459 307 660 
174 459
307 174
660 174
7 36 
7 36
299 578 608 613 241 486 152 97 537 620 38 718 653 520 
299 578
608 578
613 608
241 613
486 608
152 608
97 241
537 486
620 608
38 613
718 299
653 38
520 38
186 495 358 419 58 137 662 388 704 148 20 450 26 695 763 377 485 737 680 251 487 361 110 793 709 777 176 457 757 584 178 685 574 33 612 236 442 403 92 591 274 626 126 516 465 438 52 463 399 341 615 524 258 351 582 298 355 89 216 122 265 338 128 386 181 204 796 437 287 56 12 322 214 217 208 192 488 514 260 88 25 555 68 521 
186 495
358 495
419 495
58 358
137 186
662 419
388 419
704 662
148 58
20 419
450 419
26 186
695 186
763 137
377 763
485 662
737 377
680 137
251 737
487 485
361 487
110 26
793 377
709 361
777 737
176 793
457 176
757 457
584 457
178 457
685 178
574 176
33 709
612 777
236 176
442 33
403 457
92 457
591 574
274 403
626 92
126 442
516 33
465 591
438 574
52 574
463 33
399 591
341 52
615 463
524 457
258 399
351 615
582 463
298 582
355 258
89 258
216 89
122 399
265 438
338 355
128 355
386 298
181 399
204 128
796 204
437 204
287 386
56 181
12 204
322 582
214 12
217 287
208 204
192 56
488 208
514 56
260 214
88 208
25 514
555 181
68 322
521 25
499 742 372 557 607 229 576 687 81 530 572 435 111 90 259 139 393 604 756 327 62 309 564 770 376 237 480 700 275 531 609 82 515 182 775 697 790 339 401 304 491 102 679 320 672 250 24 211 512 391 270 712 762 592 705 5 483 193 87 253 157 560 659 481 328 713 614 163 131 263 63 205 142 40 145 539 761 633 657 347 655 29 538 46 484 649 741 359 420 544 49 739 172 39 534 354 769 492 431 455 692 326 
499 742
372 742
557 372
607 499
229 557
576 372
687 607
81 687
530 372
572 81
435 229
111 687
90 435
259 111
139 259
393 111
604 90
756 90
327 229
62 756
309 530
564 62
770 259
376 770
237 309
480 237
700 376
275 700
531 309
609 62
82 237
515 564
182 609
775 237
697 275
790 775
339 531
401 339
304 339
491 790
102 491
679 102
320 401
672 102
250 672
24 250
211 250
512 211
391 512
270 211
712 24
762 512
592 762
705 762
5 270
483 270
193 762
87 193
253 762
157 5
560 157
659 193
481 5
328 87
713 328
614 320
163 328
131 157
263 253
63 263
205 263
142 157
40 87
145 40
539 63
761 614
633 253
657 131
347 145
655 263
29 761
538 560
46 263
484 46
649 538
741 657
359 657
420 328
544 145
49 205
739 538
172 539
39 63
534 49
354 560
769 538
492 39
431 534
455 657
692 455
326 359
165 736 517 226 332 397 726 273 284 428 247 772 498 330 676 404 563 191 143 130 194 10 162 390 596 636 650 562 702 19 156 231 558 75 286 348 238 303 310 
165 736
517 165
226 517
332 226
397 332
726 226
273 397
284 226
428 273
247 428
772 397
498 247
330 772
676 498
404 772
563 498
191 772
143 330
130 143
194 130
10 194
162 10
390 165
596 390
636 390
650 636
562 162
702 562
19 650
156 636
231 156
558 650
75 231
286 558
348 558
238 75
303 558
310 156
