? 4 308 646 744 255 
!
682 781 619 133 501 431 688 302 151 188 347 490 120 739 668 130 713 601 205 64 798 195 236 52 111 675 435 482 224 518 237 532 328 631 749 174 181 412 570 657 270 317 693 609 182 467 18 661 401 293 95 754 75 102 750 662 751 299 30 113 96 602 70 22 27 592 433 166 797 202 170 176 149 44 244 34 155 596 2 676 541 553 527 706 679 421 92 162 622 55 294 718 746 355 571 504 426 498 395 103 91 488 725 144 560 167 418 791 217 84 345 513 711 463 146 558 673 74 13 65 279 600 47 250 284 414 520 211 410 
682 781
619 781
133 682
501 619
431 619
688 501
302 688
151 431
188 501
347 188
490 151
120 431
739 431
668 431
130 739
713 133
601 490
205 713
64 151
798 133
195 713
236 798
52 188
111 713
675 151
435 601
482 302
224 111
518 224
237 236
532 675
328 435
631 532
749 195
174 328
181 749
412 532
570 631
657 174
270 749
317 52
693 482
609 518
182 749
467 693
18 270
661 467
401 237
293 174
95 609
754 401
75 317
102 18
750 401
662 749
751 102
299 754
30 750
113 293
96 657
602 751
70 95
22 96
27 70
592 751
433 602
166 592
797 166
202 433
170 592
176 202
149 166
44 433
244 22
34 244
155 299
596 149
2 797
676 596
541 2
553 34
527 2
706 244
679 44
421 155
92 421
162 527
622 541
55 421
294 92
718 622
746 679
355 553
571 596
504 679
426 718
498 571
395 55
103 421
91 426
488 504
725 498
144 504
560 622
167 162
418 167
791 103
217 488
84 395
345 217
513 103
711 91
463 217
146 711
558 791
673 725
74 513
13 560
65 418
279 791
600 84
47 558
250 65
284 279
414 13
520 65
211 47
410 65
82 305 344 389 249 652 172 51 141 179 157 128 753 232 28 635 364 26 633 472 31 127 3 653 323 37 254 154 358 457 576 768 325 365 213 199 93 523 234 459 460 8 251 399 356 585 253 702 342 583 539 7 267 9 775 392 636 5 572 35 579 588 98 595 177 
82 305
344 82
389 82
249 344
652 82
172 249
51 652
141 652
179 51
157 51
128 51
753 389
232 172
28 157
635 141
364 635
26 635
633 128
472 633
31 232
127 31
3 364
653 26
323 127
37 472
254 37
154 3
358 653
457 154
576 323
768 358
325 653
365 457
213 768
199 213
93 37
523 325
234 523
459 325
460 199
8 576
251 460
399 365
356 93
585 399
253 8
702 253
342 585
583 356
539 253
7 583
267 539
9 7
775 7
392 342
636 267
5 775
572 267
35 572
579 572
588 579
98 579
595 5
177 636
73 620 584 778 556 218 686 720 604 645 442 691 
73 620
584 73
778 584
556 584
218 778
686 556
720 218
604 778
645 720
442 686
691 645
216 603 413 137 192 266 161 319 210 593 53 311 384 134 780 557 690 241 329 475 464 372 733 452 658 186 16 538 712 450 
216 603
413 603
137 603
192 413
266 413
161 216
319 192
210 266
593 192
53 593
311 210
384 53
134 319
780 53
557 780
690 384
241 134
329 241
475 690
464 690
372 329
733 464
452 733
658 452
186 475
16 372
538 16
712 538
450 712
308 646 744 255 
308 646
308 744
308 255
650 762 473 228 398 526 716 25 197 423 335 33 252 581 165 277 271 566 334 507 453 80 24 214 719 788 310 448 196 41 
650 762
473 762
228 762
398 473
526 650
716 228
25 526
197 716
423 25
335 228
33 335
252 423
581 33
165 526
277 33
271 252
566 165
334 277
507 423
453 335
80 507
24 271
214 334
719 271
788 453
310 453
448 80
196 507
41 80
121 485 139 275 274 178 626 349 126 283 350 790 793 94 110 194 491 79 447 764 769 796 380 738 256 363 1 610 354 
121 485
139 121
275 121
274 275
178 275
626 274
349 274
126 485
283 139
350 283
790 139
793 139
94 126
110 94
194 126
491 349
79 350
447 79
764 349
769 764
796 769
380 447
738 380
256 738
363 256
1 256
610 363
354 610
321 434 379 316 263 54 429 338 643 533 549 341 565 101 446 40 362 659 736 528 540 495 257 667 400 152 117 578 789 505 4 104 206 200 705 125 122 360 221 142 260 89 288 536 715 106 273 632 185 625 36 71 641 524 517 515 757 445 278 20 550 85 608 580 742 226 158 567 685 247 612 724 692 529 484 351 69 649 479 704 59 425 591 432 99 666 300 77 776 512 422 543 387 367 269 547 309 476 
321 434
379 434
316 321
263 316
54 263
429 263
338 54
643 429
533 643
549 643
341 549
565 533
101 338
446 341
40 101
362 446
659 101
736 101
528 659
540 565
495 528
257 736
667 736
400 540
152 257
117 540
578 152
789 362
505 257
4 789
104 400
206 578
200 505
705 206
125 117
122 4
360 122
221 125
142 125
260 221
89 260
288 142
536 360
715 260
106 536
273 106
632 273
185 142
625 536
36 185
71 89
641 288
524 185
517 625
515 106
757 641
445 517
278 445
20 445
550 20
85 445
608 550
580 20
742 580
226 757
158 742
567 524
685 567
247 567
612 685
724 742
692 641
529 692
484 742
351 529
69 724
649 69
479 351
704 479
59 69
425 692
591 59
432 704
99 704
666 425
300 649
77 666
776 99
512 432
422 77
543 432
387 77
367 99
269 387
547 512
309 367
476 547
259 638 246 209 594 722 678 664 62 597 436 403 295 248 748 477 227 405 60 222 794 606 569 297 779 408 687 689 119 307 700 740 611 677 416 461 11 430 506 
259 638
246 259
209 259
594 246
722 209
678 209
664 209
62 246
597 664
436 209
403 597
295 594
248 594
748 248
477 248
227 722
405 295
60 295
222 60
794 60
606 248
569 222
297 606
779 606
408 779
687 408
689 687
119 297
307 569
700 119
740 119
611 700
677 307
416 740
461 416
11 677
430 461
506 119
66 766 707 129 169 784 135 683 623 694 502 48 61 340 147 115 332 318 164 624 411 511 415 268 654 755 189 534 136 262 229 239 303 644 758 243 292 535 264 235 386 590 782 368 15 721 132 519 314 19 86 773 522 494 87 67 516 124 478 552 173 233 353 655 660 212 701 551 489 487 530 207 312 424 361 496 509 156 388 521 39 480 223 118 225 621 14 376 613 598 465 43 454 510 12 180 49 382 46 
66 766
707 66
129 707
169 707
784 766
135 169
683 784
623 129
694 129
502 169
48 623
61 784
340 48
147 169
115 502
332 147
318 115
164 115
624 164
411 340
511 683
415 61
268 147
654 511
755 411
189 135
534 654
136 115
262 189
229 268
239 534
303 654
644 624
758 644
243 136
292 415
535 511
264 318
235 262
386 243
590 386
782 264
368 292
15 264
721 303
132 136
519 292
314 535
19 235
86 386
773 239
522 590
494 721
87 15
67 86
516 758
124 519
478 264
552 229
173 773
233 755
353 535
655 235
660 494
212 87
701 655
551 516
489 516
487 212
530 552
207 233
312 487
424 552
361 87
496 655
509 67
156 530
388 773
521 156
39 233
480 361
223 424
118 67
225 353
621 551
14 225
376 368
613 361
598 480
465 14
43 465
454 509
510 376
12 598
180 118
49 510
382 509
46 225
503 709 783 369 772 187 140 116 131 143 542 462 150 231 406 366 290 138 327 587 647 10 699 0 525 729 427 455 191 554 486 276 123 710 352 577 296 698 336 544 770 684 437 763 378 109 402 419 370 298 670 108 637 651 548 159 208 714 63 242 564 393 220 409 324 348 404 245 737 559 428 555 449 456 799 153 56 627 105 201 45 717 280 669 315 731 599 287 499 760 383 792 320 795 743 617 346 381 371 765 787 469 76 285 546 466 396 83 639 582 286 458 100 97 735 759 357 6 50 741 629 575 190 616 618 107 306 168 375 732 531 443 198 23 640 438 441 88 628 281 771 333 219 563 671 171 148 359 313 696 394 391 417 607 785 261 703 471 339 304 72 407 756 420 21 337 630 586 
503 709
783 709
369 709
772 783
187 369
140 187
116 369
131 187
143 131
542 140
462 116
150 116
231 462
406 542
366 131
290 406
138 406
327 138
587 327
647 327
10 231
699 10
0 290
525 647
729 138
427 10
455 647
191 0
554 10
486 525
276 525
123 191
710 276
352 554
577 427
296 525
698 296
336 455
544 336
770 123
684 296
437 276
763 554
378 336
109 378
402 352
419 684
370 577
298 123
670 698
108 419
637 109
651 402
548 370
159 419
208 637
714 298
63 370
242 208
564 548
393 763
220 714
409 109
324 393
348 324
404 348
245 404
737 393
559 404
428 770
555 348
449 737
456 637
799 449
153 63
56 564
627 456
105 108
201 737
45 56
717 245
280 409
669 45
315 456
731 717
599 315
287 45
499 105
760 499
383 105
792 599
320 280
795 428
743 287
617 449
346 743
381 627
371 795
765 320
787 717
469 617
76 383
285 383
546 765
466 555
396 287
83 617
639 731
582 280
286 787
458 466
100 76
97 458
735 469
759 599
357 792
6 735
50 357
741 286
629 639
575 285
190 286
616 76
618 575
107 357
306 499
168 97
375 396
732 168
531 759
443 531
198 732
23 107
640 443
438 765
441 306
88 458
628 438
281 582
771 629
333 371
219 333
563 732
671 281
171 441
148 219
359 23
313 148
696 359
394 671
391 6
417 563
607 375
785 417
261 616
703 333
471 671
339 438
304 391
72 198
407 391
756 261
420 339
21 261
337 640
630 72
586 394
230 238 695 57 605 492 681 215 193 258 17 343 204 68 500 377 439 38 537 672 674 747 373 745 326 634 752 665 545 697 451 32 184 726 29 728 114 385 42 497 183 240 291 615 374 562 483 331 265 777 390 272 468 514 112 767 614 708 786 301 493 470 568 282 440 163 90 81 730 656 397 589 508 481 160 330 322 642 573 727 175 680 734 289 474 444 663 145 774 648 561 203 78 574 723 761 58 
230 238
695 238
57 230
605 238
492 57
681 57
215 230
193 230
258 681
17 215
343 605
204 681
68 258
500 695
377 68
439 193
38 605
537 193
672 38
674 68
747 537
373 492
745 747
326 38
634 38
752 634
665 752
545 373
697 745
451 697
32 17
184 373
726 545
29 672
728 747
114 697
385 728
42 537
497 326
183 377
240 183
291 29
615 728
374 32
562 32
483 497
331 240
265 291
777 42
390 331
272 483
468 272
514 272
112 385
767 390
614 514
708 374
786 708
301 708
493 272
470 786
568 767
282 112
440 493
163 112
90 265
81 282
730 90
656 81
397 470
589 397
508 614
481 589
160 163
330 481
322 730
642 708
573 390
727 589
175 656
680 508
734 727
289 330
474 568
444 474
663 474
145 642
774 444
648 289
561 160
203 145
78 663
574 78
723 322
761 680
58 642
