!
682 781 619 133 501 431 688 151 188 347 302 490 739 713 130 205 668 601 798 435 111 236 120 195 64 237 52 675 482 518 224 328 532 631 570 317 174 270 182 749 181 657 412 609 693 467 661 95 293 401 75 18 102 662 754 750 299 30 113 751 96 27 592 602 70 22 166 433 797 202 170 176 149 44 34 155 244 596 2 676 541 527 706 553 622 679 92 294 746 162 421 718 355 55 504 571 426 103 498 395 488 91 144 167 725 560 418 791 217 345 558 513 84 711 146 463 74 673 13 279 414 520 250 65 284 600 47 460 410 
682 781
619 781
133 682
501 619
431 619
688 501
151 431
188 501
347 431
302 688
490 151
739 431
713 133
130 739
205 713
668 739
601 151
798 490
435 798
111 713
236 798
120 431
195 713
64 668
237 236
52 188
675 64
482 302
518 713
224 111
328 435
532 675
631 532
570 532
317 52
174 328
270 195
182 270
749 270
181 749
657 174
412 532
609 518
693 482
467 693
661 467
95 609
293 174
401 237
75 317
18 749
102 18
662 181
754 401
750 401
299 293
30 750
113 293
751 102
96 657
27 95
592 102
602 751
70 27
22 96
166 592
433 602
797 166
202 433
170 592
176 202
149 166
44 433
34 113
155 299
244 34
596 149
2 797
676 596
541 2
527 2
706 244
553 244
622 541
679 44
92 155
294 92
746 679
162 527
421 294
718 527
355 553
55 421
504 679
571 676
426 718
103 421
498 571
395 55
488 504
91 426
144 504
167 162
725 498
560 426
418 167
791 92
217 488
345 217
558 791
513 103
84 395
711 91
146 711
463 217
74 513
673 571
13 560
279 791
414 13
520 395
250 520
65 520
284 279
600 84
47 558
460 47
410 65
259 638 246 678 722 209 594 664 436 597 403 295 477 248 405 227 748 60 222 794 606 569 297 779 689 408 687 307 119 700 11 611 740 630 604 677 416 461 506 430 691 255 720 308 646 778 180 723 645 186 450 218 712 658 584 538 744 452 733 556 442 686 73 354 620 
259 638
246 638
678 259
722 678
209 678
594 246
664 209
436 209
597 664
403 597
295 594
477 594
248 477
405 295
227 722
748 248
60 405
222 60
794 295
606 248
569 222
297 606
779 606
689 779
408 689
687 689
307 569
119 297
700 119
11 307
611 700
740 119
630 689
604 307
677 307
416 740
461 416
506 119
430 461
691 611
255 506
720 604
308 227
646 308
778 604
180 646
723 677
645 720
186 255
450 255
218 778
712 450
658 430
584 778
538 712
744 308
452 658
733 452
556 218
442 556
686 442
73 584
354 744
620 73
216 603 192 137 413 266 161 210 319 593 53 311 
216 603
192 216
137 603
413 603
266 137
161 192
210 413
319 161
593 192
53 593
311 210
121 485 139 275 626 274 178 126 793 94 349 790 194 283 350 110 491 79 764 447 769 41 448 24 507 80 196 271 476 547 
121 485
139 121
275 485
626 121
274 626
178 275
126 485
793 139
94 126
349 274
790 139
194 126
283 139
350 793
110 94
491 349
79 350
764 491
447 79
769 764
41 764
448 41
24 448
507 41
80 507
196 80
271 24
476 271
547 476
329 372 241 134 
329 372
241 372
134 329
82 305 344 249 172 753 232 31 127 323 576 211 8 251 253 702 539 267 572 35 636 579 98 588 177 796 788 165 566 738 
82 305
344 82
249 344
172 344
753 305
232 172
31 232
127 31
323 127
576 323
211 753
8 576
251 211
253 8
702 253
539 253
267 539
572 267
35 572
636 35
579 572
98 579
588 579
177 636
796 588
788 177
165 177
566 165
738 788
33 581 277 335 334 228 214 716 453 398 310 762 473 650 197 256 363 610 526 1 25 423 252 690 475 557 780 16 384 
33 581
277 33
335 581
334 33
228 335
214 277
716 228
453 335
398 228
310 453
762 398
473 762
650 762
197 650
256 310
363 310
610 363
526 650
1 256
25 526
423 25
252 25
690 610
475 690
557 690
780 557
16 475
384 780
321 434 379 316 263 54 429 338 643 533 549 341 565 40 446 101 362 659 736 528 495 400 667 257 540 152 117 789 578 505 206 200 4 104 705 125 122 360 221 260 142 288 89 715 536 185 625 632 106 273 36 71 515 517 757 278 524 445 641 20 550 85 580 608 742 226 158 685 567 612 247 724 484 692 529 351 69 479 649 704 59 425 591 99 512 666 300 432 77 776 543 422 387 367 269 719 309 380 
321 434
379 434
316 379
263 316
54 316
429 263
338 54
643 429
533 643
549 643
341 549
565 533
40 338
446 341
101 40
362 446
659 40
736 101
528 659
495 528
400 565
667 736
257 736
540 400
152 257
117 540
789 152
578 257
505 578
206 152
200 505
4 789
104 400
705 206
125 117
122 4
360 122
221 125
260 221
142 221
288 104
89 260
715 221
536 360
185 715
625 536
632 536
106 632
273 106
36 185
71 89
515 273
517 625
757 288
278 515
524 185
445 278
641 757
20 445
550 20
85 517
580 85
608 278
742 85
226 757
158 608
685 226
567 685
612 685
247 567
724 85
484 580
692 226
529 226
351 529
69 724
479 529
649 69
704 479
59 69
425 692
591 59
99 704
512 704
666 425
300 649
432 512
77 666
776 99
543 432
422 77
387 666
367 776
269 387
719 543
309 367
380 422
7 775 583 5 356 392 342 595 585 399 93 365 457 523 254 37 234 3 472 633 154 325 364 635 128 653 459 28 157 26 141 51 179 652 358 768 389 213 199 
7 775
583 7
5 775
356 775
392 775
342 392
595 5
585 342
399 585
93 356
365 585
457 365
523 365
254 93
37 254
234 523
3 457
472 254
633 472
154 3
325 154
364 3
635 364
128 635
653 154
459 325
28 128
157 128
26 364
141 635
51 157
179 51
652 141
358 653
768 358
389 141
213 768
199 768
66 766 707 129 169 784 135 623 683 694 502 48 61 340 147 332 115 624 411 511 164 268 415 654 318 189 136 534 262 229 239 644 755 303 758 243 292 535 590 386 782 368 132 264 314 15 235 721 86 19 773 124 494 522 353 87 67 516 519 478 552 660 173 655 551 233 212 207 487 701 530 489 361 312 14 496 509 424 521 156 118 225 39 480 465 388 12 223 376 613 621 43 598 510 382 454 46 49 62 
66 766
707 66
129 66
169 707
784 766
135 169
623 129
683 784
694 129
502 694
48 623
61 683
340 48
147 169
332 147
115 502
624 115
411 340
511 683
164 624
268 147
415 61
654 511
318 411
189 268
136 115
534 415
262 189
229 268
239 534
644 624
755 411
303 654
758 644
243 136
292 415
535 511
590 243
386 590
782 318
368 292
132 782
264 782
314 535
15 264
235 262
721 303
86 386
19 235
773 239
124 292
494 721
522 86
353 314
87 15
67 86
516 758
519 124
478 264
552 229
660 721
173 773
655 235
551 516
233 755
212 87
207 233
487 212
701 655
530 552
489 530
361 478
312 487
14 353
496 655
509 86
424 552
521 530
156 530
118 67
225 14
39 233
480 361
465 701
388 773
12 478
223 424
376 368
613 487
621 516
43 465
598 480
510 376
382 509
454 509
46 225
49 510
62 530
503 709 783 369 772 187 140 116 143 131 462 542 231 150 366 406 290 138 327 647 699 587 10 0 455 729 525 191 427 554 486 276 710 123 577 352 336 770 698 296 437 763 684 378 544 109 402 419 370 298 637 108 548 208 714 651 670 159 242 564 63 393 409 220 324 404 737 428 348 799 559 555 245 449 56 456 153 105 45 627 717 201 669 280 731 795 287 599 320 760 792 315 499 381 383 617 743 346 371 469 765 466 76 787 285 546 83 458 582 639 286 735 97 396 50 629 357 741 100 575 306 6 190 616 168 759 107 618 732 375 198 23 531 443 640 438 333 441 88 628 281 563 771 219 671 394 148 391 313 359 696 171 417 261 607 339 471 785 304 420 703 756 72 407 337 586 21 464 
503 709
783 709
369 783
772 503
187 709
140 187
116 369
143 140
131 143
462 116
542 140
231 462
150 462
366 131
406 143
290 406
138 406
327 138
647 327
699 231
587 327
10 699
0 290
455 699
729 138
525 647
191 0
427 10
554 699
486 525
276 525
710 486
123 191
577 427
352 554
336 455
770 123
698 710
296 698
437 710
763 352
684 296
378 336
544 336
109 378
402 352
419 684
370 577
298 123
637 109
108 419
548 370
208 544
714 298
651 402
670 710
159 419
242 208
564 548
63 370
393 763
409 109
220 714
324 393
404 324
737 393
428 714
348 404
799 737
559 348
555 348
245 404
449 799
56 564
456 637
153 63
105 108
45 56
627 456
717 208
201 737
669 45
280 409
731 717
795 428
287 45
599 456
320 280
760 105
792 599
315 599
499 760
381 792
383 105
617 449
743 287
346 743
371 795
469 56
765 320
466 559
76 383
787 717
285 383
546 765
83 617
458 466
582 320
639 731
286 787
735 469
97 466
396 669
50 792
629 639
357 50
741 286
100 76
575 285
306 582
6 735
190 286
616 100
168 97
759 190
107 357
618 575
732 168
375 743
198 732
23 107
531 759
443 531
640 443
438 23
333 371
441 306
88 458
628 438
281 582
563 732
771 629
219 333
671 281
394 281
148 219
391 6
313 219
359 628
696 359
171 441
417 563
261 616
607 375
339 628
471 671
785 563
304 391
420 339
703 333
756 261
72 168
407 391
337 640
586 171
21 261
464 407
230 238 695 57 492 605 681 193 215 17 258 68 204 343 500 439 674 38 672 377 373 747 745 537 326 634 697 545 752 451 665 32 29 726 728 497 184 183 385 114 42 240 615 562 291 374 331 483 777 265 390 468 767 272 112 301 786 614 708 470 493 90 440 163 514 282 568 81 656 730 397 589 481 175 160 330 508 727 322 573 642 680 734 289 444 474 663 145 774 561 648 203 78 574 58 761 9 
230 238
695 230
57 238
492 57
605 238
681 57
193 695
215 230
17 215
258 681
68 258
204 681
343 605
500 695
439 17
674 68
38 343
672 343
377 258
373 492
747 193
745 500
537 193
326 38
634 38
697 745
545 373
752 326
451 745
665 752
32 17
29 672
726 545
728 747
497 326
184 373
183 377
385 728
114 697
42 537
240 183
615 728
562 32
291 29
374 32
331 240
483 497
777 42
265 291
390 331
468 483
767 390
272 468
112 385
301 374
786 301
614 468
708 786
470 786
493 272
90 291
440 493
163 112
514 614
282 112
568 767
81 282
656 81
730 90
397 470
589 397
481 589
175 656
160 163
330 481
508 614
727 330
322 730
573 390
642 470
680 514
734 727
289 330
444 568
474 444
663 474
145 444
774 663
561 160
648 289
203 145
78 663
574 663
58 642
761 680
9 145
