? 4 73 620 686 442 
!
503 709 783 369 772 140 116 187 143 131 542 462 150 231 406 366 290 327 138 587 699 647 10 0 729 525 191 455 486 554 427 276 123 710 577 352 296 336 698 437 770 763 684 378 544 109 402 419 370 298 108 159 670 651 548 208 637 242 564 714 63 393 324 409 220 404 737 428 348 559 555 245 799 449 105 153 627 56 456 201 669 45 717 280 731 599 315 287 760 795 320 792 617 499 383 381 466 743 346 371 787 76 765 546 469 285 83 458 582 286 639 97 735 100 396 357 759 741 50 306 575 616 190 6 629 375 168 107 618 
503 709
783 709
369 503
772 783
140 369
116 369
187 140
143 187
131 143
542 116
462 116
150 116
231 462
406 143
366 406
290 406
327 150
138 327
587 327
699 231
647 327
10 699
0 290
729 327
525 647
191 0
455 699
486 525
554 699
427 10
276 525
123 191
710 276
577 427
352 554
296 710
336 455
698 710
437 276
770 0
763 352
684 296
378 336
544 378
109 378
402 352
419 684
370 577
298 419
108 419
159 419
670 698
651 402
548 577
208 544
637 109
242 208
564 548
714 298
63 370
393 763
324 393
409 109
220 714
404 324
737 324
428 298
348 404
559 404
555 348
245 404
799 393
449 799
105 108
153 63
627 409
56 564
456 627
201 737
669 56
45 56
717 208
280 409
731 717
599 456
315 599
287 45
760 105
795 428
320 280
792 599
617 449
499 760
383 105
381 627
466 559
743 287
346 743
371 795
787 717
76 383
765 320
546 765
469 56
285 383
83 617
458 466
582 320
286 787
639 286
97 458
735 469
100 76
396 735
357 792
759 357
741 286
50 357
306 499
575 285
616 100
190 286
6 735
629 286
375 743
168 97
107 357
618 575
259 638 246 678 594 209 722 664 62 597 403 436 477 295 248 405 748 60 222 227 794 417 606 88 569 771 297 408 785 563 687 779 761 307 689 337 119 700 611 630 198 740 416 677 11 604 461 72 732 255 506 691 430 640 308 646 443 645 778 186 218 450 531 720 658 
259 638
246 638
678 259
594 246
209 678
722 678
664 678
62 638
597 664
403 597
436 209
477 594
295 594
248 477
405 295
748 403
60 295
222 60
227 436
794 60
417 403
606 248
88 417
569 60
771 88
297 606
408 748
785 417
563 417
687 408
779 408
761 222
307 569
689 687
337 227
119 297
700 119
611 700
630 687
198 563
740 119
416 779
677 307
11 677
604 11
461 416
72 630
732 198
255 740
506 255
691 611
430 461
640 337
308 337
646 308
443 640
645 604
778 11
186 255
218 778
450 186
531 443
720 645
658 430
359 696 628 438 23 610 339 744 354 712 584 556 
359 696
628 696
438 628
23 359
610 696
339 438
744 359
354 744
712 744
584 712
556 584
309 367 398 473 776 99 762 432 512 228 650 33 269 547 387 476 277 252 581 334 716 335 271 526 25 719 77 423 24 214 
309 367
398 309
473 398
776 367
99 776
762 473
432 99
512 432
228 762
650 762
33 228
269 33
547 432
387 269
476 547
277 33
252 547
581 33
334 387
716 581
335 581
271 252
526 650
25 526
719 547
77 387
423 25
24 271
214 334
73 620 686 442 
686 442
73 620
73 686
216 603 413 137 192 319 266 161 593 210 53 134 311 384 780 557 607 690 329 241 407 464 372 475 733 452 391 304 16 538 
216 603
413 603
137 603
192 413
319 192
266 413
161 319
593 192
210 413
53 593
134 319
311 210
384 134
780 53
557 780
607 311
690 780
329 134
241 329
407 557
464 407
372 241
475 372
733 464
452 733
391 464
304 391
16 372
538 16
80 507 448 447 626 165 79 543 197 350 300 121 793 139 790 283 788 453 126 310 194 738 591 422 380 256 363 1 420 
80 507
448 80
447 448
626 447
165 80
79 447
543 79
197 165
350 79
300 79
121 626
793 350
139 793
790 793
283 139
788 197
453 788
126 139
310 453
194 126
738 788
591 790
422 310
380 422
256 738
363 310
1 256
420 422
321 434 379 316 703 313 263 54 219 333 429 338 148 643 549 533 341 565 40 446 101 362 659 736 21 528 261 495 667 400 257 540 152 756 117 578 789 505 4 200 206 104 705 125 122 360 221 142 288 260 715 89 536 632 106 625 273 185 71 441 171 36 515 524 517 757 641 445 278 20 550 85 608 742 580 158 685 586 226 612 567 247 724 692 484 529 394 671 351 281 69 649 479 59 425 704 471 666 
321 434
379 434
316 434
703 434
313 321
263 316
54 263
219 313
333 703
429 263
338 54
148 313
643 429
549 643
533 643
341 549
565 533
40 338
446 549
101 40
362 446
659 40
736 40
21 533
528 659
261 21
495 528
667 736
400 261
257 667
540 400
152 257
756 400
117 540
578 152
789 152
505 257
4 789
200 505
206 578
104 756
705 206
125 117
122 4
360 122
221 125
142 221
288 142
260 221
715 260
89 260
536 122
632 122
106 632
625 536
273 632
185 715
71 89
441 288
171 441
36 185
515 273
524 185
517 625
757 171
641 757
445 517
278 445
20 445
550 20
85 517
608 278
742 85
580 742
158 742
685 36
586 171
226 757
612 685
567 685
247 567
724 85
692 586
484 724
529 226
394 586
671 394
351 529
281 671
69 724
649 69
479 351
59 69
425 692
704 479
471 671
666 425
82 305 344 652 249 51 179 141 157 128 635 28 633 364 472 653 3 254 154 37 457 325 93 365 459 523 234 399 356 585 342 583 7 775 392 5 636 595 177 
82 305
344 82
652 305
249 344
51 652
179 51
141 652
157 51
128 51
635 141
28 157
633 128
364 635
472 633
653 364
3 364
254 633
154 3
37 254
457 154
325 653
93 254
365 457
459 325
523 325
234 523
399 365
356 93
585 399
342 585
583 342
7 583
775 7
392 342
5 775
636 249
595 5
177 636
66 766 707 129 169 784 135 683 623 694 502 61 48 340 147 332 115 164 411 624 511 268 415 318 239 654 644 534 189 262 229 755 136 303 758 535 243 292 132 590 368 386 782 235 264 15 721 314 494 773 353 519 522 19 86 67 87 516 212 478 552 124 655 173 551 660 207 487 701 233 489 530 312 361 509 521 39 156 496 424 225 621 118 14 388 465 613 598 480 376 223 12 43 510 382 180 454 49 46 
66 766
707 66
129 707
169 707
784 766
135 169
683 784
623 129
694 129
502 169
61 784
48 623
340 623
147 169
332 147
115 502
164 115
411 340
624 115
511 683
268 147
415 61
318 411
239 415
654 511
644 164
534 239
189 135
262 189
229 268
755 411
136 115
303 654
758 644
535 262
243 136
292 415
132 136
590 243
368 292
386 590
782 132
235 262
264 782
15 264
721 654
314 535
494 721
773 239
353 314
519 292
522 386
19 235
86 590
67 86
87 15
516 758
212 15
478 782
552 229
124 519
655 19
173 773
551 516
660 494
207 519
487 212
701 655
233 207
489 516
530 552
312 487
361 87
509 522
521 530
39 233
156 530
496 655
424 552
225 353
621 489
118 67
14 225
388 773
465 14
613 312
598 478
480 478
376 368
223 424
12 132
43 465
510 376
382 509
180 118
454 551
49 510
46 225
682 781 619 133 501 490 688 431 347 188 151 713 302 739 130 205 601 668 64 195 236 120 111 798 52 675 435 237 518 482 532 224 328 631 270 693 174 609 181 749 412 657 317 182 570 467 661 293 18 95 75 401 662 102 754 750 299 751 30 113 96 592 70 602 22 27 433 166 797 176 202 170 149 44 244 155 34 2 596 676 541 706 527 553 622 679 92 746 294 421 162 718 55 355 571 504 91 426 498 103 725 488 395 144 560 418 167 791 345 217 558 463 513 84 711 284 673 146 279 74 65 600 414 13 520 47 250 460 8 410 702 211 576 232 491 753 199 253 178 251 110 588 323 796 349 267 213 572 539 127 275 358 768 764 579 94 98 769 35 274 389 26 172 31 485 41 196 566 
682 781
619 781
133 682
501 682
490 619
688 501
431 619
347 431
188 501
151 431
713 133
302 688
739 431
130 431
205 713
601 490
668 739
64 151
195 713
236 490
120 130
111 713
798 236
52 188
675 151
435 490
237 236
518 713
482 302
532 675
224 111
328 435
631 532
270 195
693 482
174 328
609 518
181 270
749 181
412 532
657 174
317 52
182 749
570 532
467 693
661 467
293 174
18 270
95 609
75 317
401 293
662 661
102 18
754 293
750 401
299 293
751 102
30 401
113 293
96 657
592 751
70 95
602 751
22 96
27 70
433 602
166 592
797 166
176 433
202 176
170 592
149 166
44 433
244 22
155 30
34 244
2 797
596 149
676 596
541 2
706 244
527 2
553 34
622 541
679 44
92 155
746 679
294 92
421 294
162 527
718 527
55 421
355 553
571 596
504 679
91 718
426 718
498 676
103 421
725 498
488 504
395 55
144 504
560 622
418 162
167 418
791 103
345 488
217 345
558 355
463 217
513 103
84 395
711 91
284 791
673 498
146 711
279 284
74 513
65 167
600 84
414 673
13 560
520 65
47 558
250 65
460 47
8 250
410 65
702 8
211 558
576 410
232 600
491 673
753 513
199 47
253 702
178 491
251 460
110 217
588 711
323 576
796 588
349 491
267 588
213 199
572 588
539 267
127 323
275 178
358 213
768 213
764 414
579 572
94 110
98 588
769 764
35 572
274 349
389 753
26 358
172 232
31 127
485 275
41 764
196 41
566 98
230 238 695 57 605 492 681 204 343 215 17 193 258 68 500 38 377 672 439 674 373 537 326 697 634 545 745 747 665 451 752 32 29 42 726 728 497 184 114 385 240 183 615 374 291 331 562 483 265 777 390 468 767 272 614 786 301 112 708 90 470 493 568 440 514 282 163 81 730 656 397 589 481 175 160 508 727 642 573 330 322 734 680 289 663 444 474 145 774 574 648 561 203 58 78 723 9 
230 238
695 230
57 230
605 238
492 57
681 57
204 681
343 605
215 695
17 215
193 695
258 681
68 258
500 695
38 343
377 258
672 343
439 215
674 68
373 492
537 193
326 38
697 500
634 38
545 373
745 697
747 697
665 38
451 697
752 665
32 17
29 672
42 537
726 545
728 747
497 326
184 726
114 745
385 728
240 377
183 240
615 747
374 32
291 29
331 240
562 32
483 497
265 291
777 42
390 331
468 483
767 390
272 468
614 468
786 562
301 786
112 385
708 786
90 265
470 786
493 272
568 767
440 493
514 614
282 112
163 112
81 282
730 90
656 282
397 470
589 397
481 589
175 656
160 163
508 514
727 589
642 470
573 568
330 481
322 730
734 727
680 514
289 330
663 568
444 663
474 663
145 444
774 444
574 663
648 289
561 160
203 145
58 642
78 574
723 680
9 203
