? 3 16 680 232 
? 3 247 543 407 
? 3 23 212 450 
? 3 165 258 83 
? 3 136 219 570 
? 3 77 331 617 
!
535 742 628 497 277 308 767 8 494 
535 742
628 535
497 628
277 497
308 277
767 497
8 308
494 308
652 
362 661 760 744 279 714 338 426 738 415 501 671 519 
362 661
760 362
744 661
279 760
714 744
338 714
426 744
738 279
415 426
501 415
671 501
519 714
520 531 334 130 44 366 517 176 156 
520 531
334 520
130 334
44 531
366 334
517 44
176 334
156 130
492 631 167 148 90 328 449 764 290 110 
492 631
167 492
148 631
90 167
328 492
449 90
764 449
290 764
110 148
221 551 382 513 611 78 788 566 795 341 411 746 118 200 536 396 211 49 222 155 778 476 273 748 17 592 692 630 291 443 244 706 698 495 679 283 634 281 361 
221 551
382 551
513 221
611 513
78 611
788 551
566 382
795 78
341 795
411 788
746 341
118 746
200 118
536 78
396 788
211 200
49 411
222 49
155 536
778 396
476 118
273 411
748 155
17 566
592 748
692 778
630 748
291 273
443 155
244 536
706 222
698 443
495 476
679 495
283 592
634 283
281 692
361 273
453 658 235 121 657 29 59 406 217 789 446 140 625 189 686 423 25 720 126 498 42 285 294 196 435 754 434 
453 658
235 658
121 453
657 235
29 657
59 235
406 121
217 29
789 29
446 406
140 789
625 59
189 625
686 140
423 189
25 446
720 686
126 686
498 423
42 25
285 126
294 42
196 498
435 720
754 196
434 720
77 331 617 
77 331
77 617
583 791 201 147 715 480 234 675 752 724 18 
583 791
201 791
147 201
715 583
480 147
234 201
675 715
752 234
724 752
18 480
266 646 477 650 
266 646
477 266
650 477
26 606 171 250 65 792 581 301 728 351 761 184 80 713 769 701 620 392 88 668 
26 606
171 26
250 171
65 606
792 65
581 792
301 606
728 301
351 250
761 301
184 761
80 728
713 250
769 761
701 80
620 713
392 351
88 701
668 701
223 632 381 309 507 332 46 588 456 777 798 209 182 604 346 533 451 526 216 672 34 705 168 725 
223 632
381 223
309 381
507 223
332 507
46 309
588 309
456 332
777 456
798 332
209 632
182 798
604 777
346 604
533 46
451 346
526 533
216 777
672 451
34 216
705 216
168 451
725 216
40 690 532 214 
40 690
532 40
214 690
86 409 429 142 374 264 416 280 69 340 99 36 146 572 60 82 487 56 651 109 
86 409
429 86
142 409
374 429
264 374
416 264
280 416
69 264
340 69
99 69
36 99
146 99
572 99
60 146
82 572
487 146
56 487
651 56
109 82
136 219 570 
136 219
219 570
37 242 185 734 510 127 296 712 758 766 92 138 694 637 708 337 678 116 626 207 139 595 616 403 790 306 721 689 113 
37 242
185 242
734 37
510 37
127 185
296 127
712 127
758 712
766 758
92 766
138 296
694 734
637 694
708 127
337 694
678 766
116 337
626 138
207 708
139 207
595 138
616 116
403 637
790 337
306 626
721 306
689 616
113 139
240 621 773 691 253 54 590 749 125 31 471 669 421 195 183 238 436 569 353 774 427 565 439 629 314 270 123 401 9 66 326 22 458 524 636 438 57 577 635 643 
240 621
773 240
691 621
253 691
54 691
590 54
749 54
125 749
31 773
471 749
669 590
421 125
195 253
183 471
238 195
436 31
569 31
353 669
774 195
427 569
565 436
439 436
629 774
314 421
270 439
123 439
401 183
9 565
66 270
326 401
22 183
458 353
524 22
636 629
438 636
57 123
577 569
635 458
643 629
20 41 693 424 457 441 414 241 716 522 465 670 589 412 178 515 360 
20 41
693 41
424 20
457 41
441 693
414 424
241 414
716 414
522 424
465 693
670 441
589 465
412 522
178 465
515 716
360 670
62 707 74 289 
62 707
74 62
289 62
508 545 218 597 608 134 343 557 768 558 454 756 193 35 
508 545
218 545
597 508
608 218
134 508
343 134
557 343
768 608
558 768
454 768
756 558
193 557
35 558
119 584 699 278 723 663 428 695 160 30 304 388 263 
119 584
699 119
278 584
723 119
663 723
428 699
695 428
160 278
30 723
304 30
388 663
263 695
45 64 607 385 371 282 
45 64
607 45
385 607
371 385
282 385
165 258 83 
165 258
165 83
159 261 528 191 550 564 190 665 39 287 295 
159 261
528 261
191 528
550 261
564 550
190 550
665 528
39 665
287 665
295 564
27 186 599 464 452 13 198 318 649 442 793 642 205 786 105 19 
27 186
599 27
464 599
452 186
13 464
198 452
318 13
649 464
442 649
793 649
642 198
205 442
786 464
105 793
19 786
50 342 275 194 562 677 
50 342
275 342
194 50
562 275
677 562
53 736 102 386 735 268 563 239 440 502 
53 736
102 53
386 736
735 53
268 386
563 735
239 563
440 239
502 102
141 271 359 574 587 327 
141 271
359 141
574 141
587 574
327 271
468 
347 488 
347 488
23 212 450 
212 450
23 450
48 329 
48 329
319 580 460 448 166 613 397 
319 580
460 580
448 460
166 319
613 166
397 448
368 
227 633 106 348 
227 633
106 227
348 633
1 546 612 206 364 
1 546
612 1
206 612
364 206
246 297 245 137 541 
246 297
245 297
137 246
541 137
405 479 389 525 38 653 618 776 72 542 461 
405 479
389 405
525 389
38 525
653 525
618 653
776 653
72 653
542 38
461 542
402 622 
402 622
313 654 437 529 262 484 759 
313 654
437 654
529 654
262 313
484 262
759 437
305 467 115 783 129 485 
305 467
115 305
783 115
129 783
485 467
377 433 254 225 549 534 391 
377 433
254 377
225 254
549 254
534 433
391 534
247 543 407 
247 407
247 543
14 293 585 358 345 122 682 104 751 265 
14 293
585 14
358 585
345 358
122 345
682 345
104 682
751 682
265 293
267 431 709 478 697 619 173 84 445 299 644 344 375 733 55 455 419 799 311 114 615 
267 431
709 431
478 267
697 478
619 709
173 619
84 697
445 709
299 445
644 299
344 445
375 619
733 697
55 84
455 619
419 644
799 173
311 419
114 455
615 375
197 288 717 103 
197 288
717 288
103 717
15 641 286 552 
15 641
286 15
552 286
459 499 226 390 108 555 158 284 659 420 
459 499
226 459
390 459
108 499
555 108
158 226
284 390
659 555
420 158
260 422 469 797 257 586 172 224 757 667 
260 422
469 260
797 422
257 797
586 422
172 797
224 586
757 172
667 257
81 101 610 660 741 
81 101
610 101
660 101
741 660
79 174 
79 174
504 796 683 765 208 666 336 730 787 330 594 117 87 601 312 527 162 272 547 711 593 627 600 681 482 
504 796
683 504
765 504
208 765
666 683
336 765
730 208
787 730
330 730
594 666
117 666
87 117
601 330
312 787
527 330
162 594
272 162
547 601
711 312
593 711
627 594
600 527
681 594
482 162
729 740 544 719 473 775 28 135 393 369 503 553 753 213 383 491 609 251 378 354 32 47 404 
729 740
544 729
719 729
473 544
775 740
28 775
135 473
393 719
369 719
503 369
553 775
753 28
213 553
383 213
491 393
609 753
251 491
378 369
354 251
32 503
47 378
404 32
614 784 145 111 
614 784
145 784
111 145
483 596 356 131 33 154 418 161 75 425 98 591 731 481 384 
483 596
356 483
131 356
33 596
154 356
418 33
161 131
75 131
425 161
98 418
591 33
731 591
481 591
384 75
16 680 232 
16 232
16 680
516 575 100 333 538 710 157 560 199 51 349 97 5 355 447 684 315 685 370 73 325 466 151 
516 575
100 516
333 516
538 100
710 538
157 575
560 157
199 560
51 538
349 710
97 51
5 349
355 5
447 355
684 560
315 157
685 315
370 447
73 5
325 370
466 684
151 684
530 762 771 70 163 7 739 647 
530 762
771 530
70 762
163 771
7 762
739 7
647 70
220 539 180 540 718 300 598 24 365 
220 539
180 539
540 180
718 180
300 540
598 220
24 598
365 24
576 645 511 363 
576 645
511 645
363 511
175 472 582 413 512 
175 472
582 472
413 175
512 413
204 785 722 10 187 408 259 640 67 602 
204 785
722 785
10 785
187 10
408 187
259 10
640 408
67 640
602 187
202 256 578 770 747 
202 256
578 256
770 578
747 770
335 
61 571 737 303 373 470 554 339 
61 571
737 571
303 61
373 571
470 737
554 470
339 554
255 398 2 43 567 430 
255 398
2 255
43 2
567 398
430 43
76 181 703 169 500 85 302 
76 181
703 181
169 703
500 181
85 169
302 500
496 726 605 772 324 230 
496 726
605 726
772 496
324 772
230 605
509 700 648 417 3 237 233 400 463 603 367 548 394 298 521 170 12 702 128 727 638 662 94 573 676 274 11 96 688 52 236 144 229 249 
509 700
648 700
417 700
3 509
237 648
233 3
400 233
463 3
603 233
367 417
548 400
394 603
298 237
521 603
170 367
12 548
702 521
128 170
727 367
638 298
662 128
94 233
573 638
676 548
274 676
11 662
96 11
688 12
52 96
236 688
144 274
229 394
249 727
89 164 231 732 372 357 781 269 410 133 21 321 243 68 6 150 292 579 149 379 474 624 124 568 350 559 252 276 780 475 228 203 745 93 0 490 537 95 179 107 192 556 779 320 493 316 674 523 153 143 71 
89 164
231 89
732 164
372 732
357 231
781 231
269 357
410 372
133 732
21 372
321 410
243 321
68 321
6 243
150 133
292 21
579 292
149 579
379 6
474 357
624 579
124 68
568 150
350 474
559 568
252 624
276 252
780 124
475 559
228 780
203 350
745 780
93 228
0 276
490 93
537 490
95 203
179 490
107 568
192 0
556 107
779 556
320 745
493 107
316 475
674 316
523 493
153 537
143 276
71 192
4 
380 489 58 188 696 664 486 506 248 561 687 132 399 743 395 518 750 387 352 120 755 655 444 63 91 623 177 215 
380 489
58 380
188 489
696 188
664 696
486 664
506 486
248 486
561 506
687 486
132 561
399 506
743 248
395 399
518 687
750 518
387 399
352 387
120 387
755 395
655 750
444 750
63 755
91 63
623 352
177 655
215 623
514 763 210 782 376 310 322 152 673 462 432 704 112 307 323 639 794 656 
514 763
210 763
782 210
376 763
310 782
322 376
152 782
673 322
462 310
432 322
704 462
112 462
307 673
323 432
639 323
794 112
656 704
317 505 
317 505
