!
224 757 484 437 586 654 515 360 241 
224 757
484 757
437 757
586 224
654 757
515 757
360 484
241 484
692 
29 217 453 658 235 789 347 435 434 56 487 651 412 
29 217
453 29
658 453
235 453
789 29
347 217
435 29
434 435
56 434
487 56
651 487
412 651
197 288 717 103 364 488 784 612 311 
197 288
717 288
103 717
364 288
488 288
784 288
612 288
311 717
107 523 493 779 324 724 791 752 715 201 
107 523
493 107
779 107
324 493
724 324
791 724
752 791
715 752
201 715
527 601 600 730 711 593 208 683 330 787 547 373 765 312 230 134 470 796 504 571 508 545 737 666 597 61 336 117 87 218 343 594 303 554 557 339 193 272 363 
527 601
600 527
730 527
711 730
593 711
208 527
683 208
330 527
787 527
547 527
373 527
765 527
312 600
230 312
134 601
470 600
796 527
504 796
571 601
508 527
545 508
737 470
666 230
597 545
61 737
336 527
117 666
87 117
218 600
343 527
594 87
303 61
554 303
557 343
339 554
193 557
272 594
363 193
535 742 277 767 780 8 628 177 308 494 320 745 124 497 203 15 350 641 655 743 228 537 68 93 750 95 474 
535 742
277 535
767 742
780 535
8 535
628 535
177 535
308 277
494 308
320 742
745 535
124 745
497 277
203 535
15 494
350 203
641 15
655 277
743 655
228 742
537 228
68 742
93 743
750 497
95 641
474 95
704 794 447 
704 794
447 704
555 659 108 220 539 390 413 226 656 499 187 
555 659
108 555
220 108
539 108
390 108
413 659
226 555
656 108
499 108
187 555
118 476 611 748 
118 476
611 118
748 118
697 733 84 16 478 267 55 173 111 680 799 709 419 232 407 329 445 79 619 543 
697 733
84 697
16 733
478 697
267 697
55 697
173 84
111 733
680 84
799 84
709 84
419 733
232 680
407 733
329 697
445 709
79 232
619 173
543 79
326 401 183 22 192 71 524 749 125 54 559 143 568 0 421 475 579 353 471 276 333 669 150 691 
326 401
183 401
22 326
192 326
71 326
524 183
749 183
125 401
54 183
559 401
143 401
568 401
0 749
421 524
475 568
579 401
353 54
471 183
276 353
333 421
669 0
150 326
691 669
526 533 26 209 
526 533
26 533
209 533
42 294 77 289 446 331 25 126 106 406 285 62 657 140 74 686 121 348 115 720 
42 294
77 294
289 42
446 42
331 77
25 294
126 294
106 77
406 294
285 42
62 331
657 285
140 657
74 62
686 140
121 294
348 42
115 77
720 42
145 614 247 
145 614
247 145
439 565 9 436 261 123 57 270 253 266 238 31 66 427 646 773 120 159 550 564 636 195 569 287 191 665 774 629 621 
439 565
9 565
436 565
261 9
123 439
57 565
270 439
253 439
266 439
238 439
31 565
66 565
427 565
646 9
773 565
120 646
159 439
550 261
564 550
636 120
195 636
569 564
287 9
191 9
665 191
774 195
629 439
621 565
607 689 116 265 45 616 64 337 567 43 371 790 72 236 688 385 694 430 190 620 306 397 713 2 626 255 528 510 721 398 274 448 637 37 734 12 548 144 39 242 
607 689
116 689
265 689
45 689
616 116
64 607
337 116
567 607
43 607
371 607
790 607
72 607
236 689
688 236
385 116
694 337
430 689
190 385
620 607
306 616
397 689
713 607
2 689
626 306
255 2
528 607
510 116
721 626
398 721
274 398
448 190
637 694
37 510
734 637
12 274
548 12
144 448
39 528
242 734
141 271 359 327 587 365 158 420 214 517 598 24 44 602 574 175 459 
141 271
359 141
327 271
587 141
365 271
158 359
420 271
214 271
517 271
598 271
24 359
44 271
602 158
574 24
175 141
459 141
328 480 169 147 
328 480
169 480
147 480
104 682 751 585 358 184 705 769 14 293 182 777 798 456 
104 682
751 682
585 104
358 585
184 358
705 184
769 705
14 769
293 14
182 293
777 182
798 777
456 798
309 632 507 588 381 139 332 595 708 223 113 46 138 
309 632
507 632
588 309
381 507
139 507
332 139
595 632
708 507
223 309
113 381
46 632
138 708
441 670 178 414 174 693 
441 670
178 441
414 670
174 670
693 441
105 649 48 
105 649
48 105
570 667 335 469 797 172 257 23 759 219 260 
570 667
335 570
469 667
797 469
172 797
257 570
23 667
759 570
219 570
260 667
49 222 396 706 361 707 221 291 778 281 513 382 551 788 783 273 
49 222
396 222
706 222
361 706
707 361
221 49
291 49
778 222
281 778
513 222
382 513
551 222
788 396
783 396
273 49
678 766 712 92 758 185 
678 766
712 766
92 678
758 712
185 712
246 297 466 325 199 370 560 245 684 710 
246 297
466 297
325 466
199 297
370 199
560 466
245 466
684 370
710 560
152 462 310 112 718 782 
152 462
310 462
112 462
718 462
782 462
590 
1 262 
1 262
20 716 522 
20 716
522 716
151 685 
151 685
505 617 4 679 317 495 411 
505 617
4 505
679 4
317 505
495 4
411 505
355 
212 529 450 313 
212 529
450 529
313 529
153 687 248 444 490 
153 687
248 687
444 687
490 153
32 404 606 378 171 
32 404
606 404
378 404
171 32
7 739 109 530 70 762 206 546 771 647 163 
7 739
109 7
530 7
70 739
762 739
206 7
546 739
771 739
647 771
163 647
249 566 
249 566
204 722 10 259 785 408 640 
204 722
10 722
259 722
785 204
408 722
640 408
83 461 165 542 258 618 
83 461
165 461
542 461
258 461
618 461
405 479 389 403 38 525 653 
405 479
389 405
403 479
38 389
525 389
653 525
400 676 237 
400 676
237 400
114 366 615 194 455 375 19 334 130 156 
114 366
615 366
194 366
455 366
375 114
19 615
334 366
130 334
156 130
35 40 290 690 449 764 90 512 582 167 541 532 768 110 631 558 608 148 472 492 137 
35 40
290 40
690 40
449 290
764 35
90 290
512 40
582 35
167 90
541 290
532 541
768 35
110 532
631 167
558 768
608 558
148 631
472 35
492 148
137 110
573 638 250 298 
573 638
250 573
298 573
305 467 485 129 
305 467
485 467
129 467
468 552 623 215 755 395 650 91 352 477 
468 552
623 552
215 552
755 623
395 755
650 552
91 395
352 552
477 552
302 316 674 368 556 675 315 76 500 583 
302 316
674 302
368 302
556 316
675 556
315 302
76 315
500 76
583 500
252 458 58 696 380 
252 458
58 458
696 458
380 252
422 633 
422 633
202 256 440 578 239 563 735 736 622 562 275 13 198 27 205 452 186 599 738 793 442 464 279 760 786 
202 256
440 202
578 440
239 440
563 440
735 563
736 735
622 578
562 622
275 562
13 275
198 13
27 198
205 27
452 205
186 452
599 186
738 599
793 738
442 793
464 442
279 464
760 279
786 760
86 409 429 142 416 69 374 264 280 340 754 196 498 189 625 423 36 146 99 60 59 82 572 
86 409
429 86
142 86
416 409
69 429
374 429
264 69
280 416
340 374
754 264
196 754
498 196
189 498
625 189
423 625
36 280
146 36
99 146
60 99
59 423
82 60
572 82
85 181 18 703 
85 181
18 85
703 181
426 671 756 661 744 519 501 338 415 531 714 520 362 454 176 
426 671
756 426
661 426
744 671
519 426
501 426
338 426
415 426
531 426
714 426
520 426
362 426
454 671
176 426
127 296 207 
127 296
207 127
282 295 460 673 307 580 577 322 319 376 432 763 166 514 210 240 73 613 323 94 97 314 776 
282 295
460 282
673 460
307 673
580 460
577 460
322 577
319 580
376 322
432 376
763 432
166 319
514 763
210 514
240 295
73 210
613 166
323 613
94 323
97 73
314 97
776 295
592 634 211 795 630 200 746 341 
592 634
211 592
795 592
630 592
200 211
746 211
341 200
496 726 627 605 482 772 234 681 162 
496 726
627 726
605 726
482 627
772 627
234 496
681 496
162 482
41 465 589 457 
41 465
589 465
457 589
387 399 643 438 63 
387 399
643 387
438 399
63 387
486 506 132 561 188 489 664 635 179 518 
486 506
132 506
561 506
188 486
489 486
664 506
635 486
179 635
518 486
300 540 180 67 549 
300 540
180 540
67 300
549 67
286 
100 575 516 157 349 51 5 538 
100 575
516 100
157 575
349 100
51 100
5 100
538 575
155 536 698 78 244 443 
155 536
698 155
78 155
244 155
443 698
251 354 65 792 47 581 283 
251 354
65 354
792 65
47 354
581 65
283 581
299 344 644 342 50 431 
299 344
644 299
342 344
50 342
431 299
213 383 553 775 740 80 28 728 544 729 301 668 473 719 701 753 135 393 168 672 34 216 451 346 88 491 503 609 725 604 122 345 369 761 
213 383
553 213
775 383
740 775
80 553
28 553
728 553
544 553
729 740
301 28
668 80
473 729
719 544
701 668
753 213
135 719
393 135
168 553
672 301
34 672
216 34
451 168
346 451
88 701
491 393
503 491
609 346
725 216
604 728
122 88
345 122
369 503
761 725
481 591 731 391 33 101 418 702 11 610 534 52 81 521 96 98 463 483 596 662 356 351 433 603 660 131 394 154 225 3 377 741 648 417 229 75 161 170 392 254 384 700 136 425 128 233 367 17 509 639 727 
481 591
731 481
391 591
33 591
101 731
418 33
702 481
11 591
610 11
534 731
52 481
81 101
521 591
96 591
98 534
463 96
483 731
596 483
662 463
356 596
351 662
433 98
603 356
660 351
131 603
394 131
154 394
225 433
3 154
377 225
741 660
648 3
417 648
229 481
75 377
161 75
170 417
392 81
254 731
384 254
700 170
136 392
425 161
128 700
233 425
367 128
17 367
509 233
639 384
727 17
284 
278 584 699 695 160 119 663 304 402 723 30 428 747 677 386 388 263 511 268 318 642 102 652 645 770 53 576 502 
278 584
699 584
695 278
160 278
119 278
663 699
304 699
402 304
723 663
30 402
428 278
747 584
677 584
386 584
388 386
263 584
511 263
268 699
318 30
642 318
102 511
652 278
645 278
770 723
53 645
576 53
502 576
89 164 231 372 410 269 133 781 21 732 357 321 624 379 292 6 243 149 
89 164
231 164
372 89
410 372
269 410
133 89
781 231
21 164
732 164
357 164
321 231
624 321
379 624
292 379
6 357
243 6
149 292
227 424 
227 424
