? 3 130 156 48 
? 3 237 400 676 
? 3 273 551 788 
? 3 323 613 166 
? 3 187 459 284 
? 3 171 533 604 
!
724 752 791 324 493 234 201 772 107 
724 752
791 752
324 752
493 324
234 752
201 791
772 752
107 493
538 
279 661 738 760 362 426 454 205 744 714 768 519 338 
279 661
738 279
760 661
362 279
426 661
454 661
205 738
744 661
714 205
768 661
519 714
338 205
114 366 194 615 520 334 531 176 375 
114 366
194 114
615 194
520 366
334 520
531 366
176 366
375 366
221 513 382 396 341 118 536 49 778 611 
221 513
382 221
396 221
341 513
118 513
536 221
49 396
778 221
611 396
607 689 116 265 45 64 430 567 43 616 236 790 398 2 337 397 688 694 385 190 620 371 713 510 721 274 255 306 626 12 637 144 72 734 448 39 548 242 776 
607 689
116 689
265 689
45 607
64 689
430 689
567 607
43 607
616 45
236 265
790 116
398 567
2 43
337 116
397 43
688 236
694 337
385 607
190 397
620 236
371 190
713 236
510 236
721 236
274 2
255 2
306 265
626 713
12 236
637 337
144 398
72 790
734 337
448 43
39 371
548 12
242 734
776 39
278 584 699 695 160 363 428 304 30 119 663 723 402 193 388 263 318 511 502 747 386 268 677 53 102 554 652 
278 584
699 584
695 699
160 699
363 695
428 278
304 584
30 304
119 584
663 304
723 663
402 304
193 363
388 304
263 695
318 160
511 363
502 695
747 388
386 747
268 386
677 402
53 268
102 53
554 502
652 723
171 533 604 
533 604
171 533
302 316 674 76 368 500 583 71 715 675 315 
302 316
674 316
76 302
368 316
500 76
583 302
71 316
715 583
675 302
315 76
348 716 515 412 
348 716
515 716
412 515
202 256 440 239 578 563 770 735 736 622 576 645 339 642 562 303 737 275 198 557 
202 256
440 202
239 202
578 239
563 256
770 578
735 563
736 735
622 239
576 736
645 576
339 576
642 622
562 642
303 339
737 339
275 562
198 642
557 737
89 164 231 372 410 732 133 781 21 269 579 243 150 624 292 149 568 252 276 475 0 559 556 779 
89 164
231 89
372 164
410 164
732 372
133 732
781 231
21 410
269 410
579 164
243 372
150 133
624 21
292 372
149 624
568 150
252 149
276 252
475 568
0 276
559 568
556 568
779 556
313 360 262 174 
313 360
262 313
174 360
253 691 240 54 195 669 436 749 238 774 353 458 183 590 143 421 66 401 125 635 
253 691
240 691
54 691
195 253
669 691
436 253
749 54
238 195
774 238
353 54
458 353
183 749
590 669
143 353
421 183
66 436
401 183
125 401
635 458
187 459 284 
187 459
459 284
282 295 564 307 550 460 569 427 673 159 322 577 191 580 319 9 261 376 565 31 432 439 528 270 773 123 621 94 73 
282 295
564 295
307 282
550 564
460 295
569 282
427 569
673 460
159 295
322 673
577 673
191 550
580 460
319 580
9 564
261 9
376 673
565 9
31 9
432 322
439 565
528 9
270 31
773 31
123 9
621 773
94 460
73 376
535 742 277 767 743 8 308 320 177 494 628 780 228 497 745 655 203 350 641 95 15 93 379 518 124 537 153 286 687 68 357 750 6 474 321 58 486 248 490 179 
535 742
277 535
767 277
743 535
8 535
308 277
320 535
177 277
494 8
628 320
780 320
228 742
497 8
745 780
655 767
203 742
350 203
641 494
95 350
15 641
93 228
379 780
518 767
124 780
537 379
153 93
286 767
687 379
68 745
357 350
750 655
6 379
474 350
321 6
58 153
486 228
248 486
490 153
179 537
309 632 507 381 588 777 595 708 456 332 139 113 223 46 296 526 209 
309 632
507 632
381 632
588 309
777 588
595 632
708 507
456 588
332 507
139 507
113 507
223 309
46 309
296 595
526 46
209 595
112 310 718 782 
112 310
718 112
782 310
62 707 361 74 706 331 783 291 289 281 222 77 25 115 
62 707
361 62
74 62
706 361
331 62
783 707
291 62
289 331
281 783
222 706
77 331
25 62
115 331
283 634 592 211 581 746 200 792 630 155 795 748 78 
283 634
592 634
211 283
581 283
746 592
200 211
792 283
630 200
155 630
795 155
748 211
78 795
157 516 575 685 710 169 
157 516
575 157
685 157
710 516
169 685
323 613 166 
613 166
323 166
87 272 162 482 627 594 117 726 496 796 605 
87 272
162 87
482 272
627 482
594 627
117 87
726 627
496 726
796 87
605 496
38 389 461 405 542 618 525 653 479 258 165 665 403 287 92 678 
38 389
461 38
405 389
542 38
618 38
525 389
653 525
479 405
258 618
165 461
665 618
403 405
287 665
92 403
678 92
152 349 462 210 514 51 
152 349
462 152
210 152
514 152
51 349
172 757 437 797 759 224 484 654 469 529 
172 757
437 172
797 172
759 172
224 172
484 757
654 484
469 797
529 172
50 342 445 452 786 649 
50 342
445 50
452 50
786 342
649 786
523 
347 633 
347 633
273 551 788 
551 788
273 788
343 793 
343 793
249 727 367 573 250 638 298 
249 727
367 727
573 727
250 367
638 250
298 727
509 
328 681 480 147 
328 681
480 328
147 328
244 443 566 47 369 
244 443
566 244
47 443
369 47
32 606 503 26 698 
32 606
503 606
26 32
698 32
506 561 132 188 664 489 643 380 444 696 471 
506 561
132 561
188 506
664 132
489 188
643 506
380 506
444 132
696 664
471 188
245 704 
245 704
7 739 109 546 1 465 589 
7 739
109 739
546 739
1 7
465 739
589 546
34 705 216 761 346 798 
34 705
216 34
761 705
346 34
798 705
712 766 758 37 127 185 207 
712 766
758 712
37 712
127 712
185 712
207 766
237 400 676 
400 676
237 400
246 466 297 413 199 370 560 684 325 151 
246 466
297 466
413 246
199 466
370 466
560 199
684 466
325 297
151 246
468 552 215 755 623 650 395 352 91 387 477 120 63 266 646 636 83 399 57 629 438 
468 552
215 468
755 552
623 215
650 755
395 755
352 395
91 395
387 215
477 552
120 387
63 91
266 650
646 266
636 120
83 477
399 387
57 387
629 387
438 387
14 293 182 138 
14 293
182 293
138 182
305 467 485 692 
305 467
485 305
692 305
104 682 751 345 585 88 122 358 769 725 
104 682
751 104
345 682
585 682
88 345
122 88
358 88
769 358
725 769
42 294 126 106 446 406 285 227 617 657 
42 294
126 294
106 126
446 42
406 294
285 126
227 106
617 406
657 406
5 447 355 97 763 
5 447
355 5
97 5
763 447
415 501 
415 501
35 40 290 449 690 764 90 167 582 512 541 492 532 756 631 110 608 336 545 327 148 218 137 671 558 
35 40
290 40
449 35
690 40
764 40
90 290
167 90
582 40
512 690
541 512
492 449
532 541
756 690
631 90
110 532
608 756
336 167
545 608
327 582
148 631
218 545
137 110
671 582
558 756
527 601 730 600 711 208 547 683 593 787 330 765 666 230 312 373 470 134 508 597 504 61 571 
527 601
730 601
600 527
711 527
208 730
547 527
683 208
593 547
787 711
330 730
765 208
666 683
230 593
312 593
373 711
470 373
134 527
508 765
597 508
504 683
61 470
571 61
85 181 18 703 
85 181
18 85
703 85
197 288 103 163 771 762 488 647 530 364 70 206 614 612 178 
197 288
103 197
163 197
771 163
762 771
488 288
647 762
530 762
364 647
70 647
206 647
614 488
612 488
178 206
130 156 48 
156 48
130 156
213 383 553 775 80 28 728 740 729 719 668 544 451 168 701 184 473 135 753 393 301 609 672 
213 383
553 213
775 383
80 553
28 553
728 553
740 28
729 740
719 729
668 80
544 729
451 28
168 451
701 80
184 701
473 729
135 729
753 451
393 719
301 728
609 753
672 301
570 667 335 257 586 23 422 212 
570 667
335 570
257 667
586 570
23 570
422 570
212 570
67 640 722 204 549 10 602 408 785 
67 640
722 640
204 722
549 67
10 204
602 640
408 722
785 204
20 457 693 424 
20 457
693 20
424 20
121 658 686 434 505 
121 658
686 658
434 686
505 121
108 220 555 390 540 180 656 300 499 539 
108 220
555 108
390 108
540 108
180 220
656 220
300 390
499 220
539 220
4 495 679 476 317 
4 495
679 4
476 4
317 4
411 
464 599 186 442 27 19 105 13 
464 599
186 464
442 464
27 186
19 464
105 442
13 27
354 491 251 65 378 404 
354 491
251 491
65 354
378 354
404 65
22 524 326 314 100 333 192 
22 524
326 22
314 22
100 314
333 100
192 326
241 414 441 41 670 522 
241 414
441 414
41 414
670 441
522 241
86 429 409 142 416 374 264 280 69 196 340 498 754 189 625 423 99 36 146 59 572 435 217 235 60 82 789 56 29 487 453 140 651 720 
86 429
409 86
142 86
416 86
374 429
264 374
280 416
69 280
196 264
340 374
498 196
754 280
189 196
625 189
423 189
99 280
36 416
146 99
59 625
572 146
435 59
217 435
235 59
60 572
82 572
789 235
56 146
29 217
487 146
453 235
140 217
651 56
720 789
481 591 731 391 702 101 418 33 96 98 610 521 534 52 483 11 463 81 603 596 351 662 356 433 700 394 170 660 131 154 128 648 75 392 225 3 741 377 161 254 136 417 425 229 17 639 794 129 384 233 219 
481 591
731 591
391 731
702 481
101 731
418 731
33 418
96 481
98 418
610 481
521 481
534 391
52 96
483 98
11 96
463 96
81 391
603 521
596 483
351 52
662 11
356 483
433 98
700 521
394 603
170 463
660 101
131 356
154 356
128 662
648 700
75 131
392 660
225 433
3 700
741 660
377 433
161 154
254 225
136 741
417 3
425 154
229 154
17 662
639 425
794 131
129 392
384 131
233 394
219 136
329 
697 733 84 478 55 16 267 173 709 799 680 431 419 145 543 232 644 784 455 311 619 111 79 344 407 247 717 299 
697 733
84 697
478 697
55 733
16 84
267 478
173 84
709 267
799 84
680 84
431 733
419 478
145 733
543 733
232 680
644 419
784 145
455 173
311 419
619 455
111 543
79 232
344 709
407 543
247 79
717 419
299 344
141 271 359 365 587 158 44 24 574 517 175 659 420 598 472 214 259 226 
141 271
359 141
365 271
587 141
158 587
44 271
24 359
574 271
517 44
175 271
659 24
420 158
598 659
472 365
214 587
259 587
226 158
260 450 
260 450
