? 3 182 798 725 
? 3 348 522 693 
? 3 415 756 175 
? 3 109 546 262 
? 3 566 692 551 
? 3 422 586 257 
!
155 698 536 630 592 443 792 748 404 
155 698
536 698
630 155
592 630
443 155
792 698
748 443
404 698
793 
496 726 627 605 772 482 328 752 234 724 791 480 681 
496 726
627 726
605 726
772 496
482 627
328 496
752 772
234 605
724 752
791 752
480 234
681 328
297 466 137 246 413 245 199 151 325 
297 466
137 466
246 297
413 297
245 297
199 297
151 137
325 466
221 513 78 382 341 795 200 211 411 788 
221 513
78 221
382 513
341 221
795 78
200 795
211 200
411 221
788 221
527 601 730 600 711 208 593 683 547 312 330 373 230 134 765 787 470 504 666 508 218 545 737 61 336 554 87 597 796 594 571 162 117 557 272 343 303 363 645 
527 601
730 601
600 527
711 601
208 730
593 711
683 730
547 601
312 601
330 730
373 600
230 711
134 527
765 208
787 208
470 373
504 765
666 683
508 208
218 508
545 508
737 470
61 737
336 765
554 470
87 666
597 218
796 765
594 87
571 554
162 87
117 162
557 597
272 87
343 597
303 61
363 557
645 303
240 773 621 691 253 54 31 569 125 421 749 565 439 183 195 669 436 471 238 353 9 123 427 314 590 401 629 
240 773
621 240
691 240
253 691
54 691
31 773
569 773
125 240
421 240
749 54
565 31
439 565
183 749
195 253
669 691
436 253
471 183
238 436
353 669
9 565
123 439
427 565
314 421
590 353
401 183
629 195
422 586 257 
422 257
586 257
405 479 389 403 38 525 618 542 461 92 653 
405 479
389 405
403 405
38 479
525 38
618 525
542 38
461 542
92 403
653 618
152 782 355 794 
152 782
355 782
794 152
202 256 440 239 578 735 563 576 339 562 275 186 13 198 452 27 464 649 205 442 
202 256
440 202
239 256
578 440
735 440
563 735
576 563
339 576
562 578
275 562
186 562
13 186
198 275
452 198
27 186
464 186
649 464
205 13
442 464
213 553 383 775 28 728 740 80 729 701 451 609 544 301 135 473 668 34 719 672 216 753 88 168 
213 553
383 213
775 553
28 553
728 553
740 553
80 728
729 740
701 80
451 28
609 451
544 740
301 80
135 740
473 135
668 701
34 301
719 775
672 34
216 34
753 451
88 701
168 28
48 156 334 531 
48 156
334 156
531 334
67 640 10 722 204 408 284 459 602 259 390 187 300 785 549 158 587 540 335 226 
67 640
10 640
722 640
204 722
408 722
284 640
459 640
602 640
259 204
390 602
187 259
300 390
785 204
549 640
158 602
587 158
540 390
335 67
226 602
566 692 551 
566 692
692 551
278 584 699 695 663 160 304 388 119 402 30 428 723 677 318 502 193 511 386 268 747 263 770 652 102 642 622 53 736 
278 584
699 584
695 278
663 699
160 584
304 663
388 663
119 695
402 304
30 402
428 695
723 699
677 402
318 30
502 695
193 160
511 695
386 388
268 695
747 388
263 695
770 747
652 318
102 502
642 402
622 663
53 102
736 53
607 689 116 265 45 616 64 430 43 620 567 236 337 371 688 2 790 190 385 713 398 255 694 274 306 510 626 72 397 448 721 144 734 676 12 39 637 242 37 776 
607 689
116 689
265 689
45 689
616 689
64 689
430 689
43 265
620 265
567 265
236 265
337 116
371 337
688 236
2 43
790 337
190 371
385 371
713 688
398 2
255 398
694 337
274 43
306 236
510 713
626 236
72 790
397 43
448 43
721 236
144 43
734 337
676 43
12 688
39 371
637 694
242 734
37 242
776 39
453 658 121 235 29 657 406 686 789 140 446 720 25 294 126 434 285 
453 658
121 658
235 658
29 453
657 658
406 121
686 29
789 29
140 686
446 657
720 686
25 406
294 406
126 720
434 720
285 720
50 342 445 786 
50 342
445 50
786 50
281 783 706 129 115 778 707 305 62 222 331 396 467 49 
281 783
706 281
129 281
115 783
778 783
707 706
305 783
62 707
222 706
331 62
396 222
467 129
49 222
279 738 760 661 338 454 362 744 105 176 714 599 426 
279 738
760 279
661 279
338 279
454 279
362 661
744 279
105 738
176 105
714 661
599 738
426 714
309 588 777 456 533 346 
309 588
777 309
456 777
533 588
346 588
109 546 262 
546 262
109 546
302 316 674 475 71 500 675 315 76 368 715 
302 316
674 316
475 316
71 302
500 302
675 316
315 302
76 500
368 674
715 500
468 552 215 623 650 352 91 395 477 387 63 120 755 399 266 57 
468 552
215 552
623 552
650 552
352 215
91 552
395 352
477 468
387 215
63 91
120 387
755 395
399 120
266 650
57 120
26 606 250 503 32 526 
26 606
250 26
503 26
32 503
526 503
172 757 437 759 484 224 797 313 469 212 
172 757
437 172
759 172
484 757
224 757
797 172
313 172
469 224
212 437
179 635 458 696 153 58 
179 635
458 635
696 635
153 635
58 635
761 
538 684 
538 684
415 756 175 
415 756
756 175
323 613 
323 613
41 241 414 670 441 515 716 
41 241
414 241
670 241
441 241
515 241
716 41
270 
56 487 347 20 
56 487
347 56
20 56
283 634 476 746 611 
283 634
476 634
746 283
611 746
450 654 529 174 360 
450 654
529 450
174 654
360 174
141 271 359 365 517 420 24 44 574 598 214 
141 271
359 141
365 359
517 271
420 141
24 359
44 517
574 271
598 141
214 44
46 604 
46 604
219 485 260 570 633 667 23 
219 485
260 219
570 219
633 219
667 570
23 570
678 766 14 293 207 332 
678 766
14 766
293 14
207 14
332 207
157 560 575 349 333 685 22 
157 560
575 157
349 560
333 575
685 575
22 575
348 522 693 
348 522
348 693
132 561 506 188 664 489 444 750 490 380 
132 561
506 132
188 132
664 188
489 188
444 561
750 444
490 132
380 506
89 164 231 410 372 269 781 133 21 732 149 150 6 292 579 568 624 779 559 252 143 
89 164
231 164
410 164
372 410
269 89
781 231
133 372
21 410
732 372
149 410
150 133
6 149
292 149
579 21
568 150
624 6
779 568
559 568
252 624
143 252
249 573 244 171 
249 573
244 249
171 244
112 310 462 210 
112 310
462 112
210 310
114 366 194 615 520 375 19 130 519 329 
114 366
194 366
615 114
520 366
375 366
19 194
130 520
519 520
329 366
108 220 555 539 180 656 499 659 718 704 
108 220
555 108
539 220
180 220
656 180
499 108
659 555
718 656
704 220
287 646 165 636 438 
287 646
165 287
636 646
438 636
643 774 
643 774
86 429 409 142 374 69 280 264 416 340 196 498 189 754 625 423 99 146 36 59 60 435 572 217 82 
86 429
409 86
142 86
374 86
69 429
280 69
264 280
416 69
340 280
196 374
498 196
189 196
754 189
625 196
423 625
99 280
146 99
36 340
59 625
60 280
435 146
572 36
217 423
82 572
35 40 290 690 764 449 90 582 541 167 512 532 631 110 327 608 768 558 148 501 472 492 671 
35 40
290 40
690 40
764 40
449 290
90 290
582 690
541 690
167 90
512 541
532 541
631 167
110 532
327 582
608 35
768 608
558 608
148 631
501 768
472 327
492 631
671 582
85 181 703 169 
85 181
703 181
169 85
138 296 595 708 209 507 223 127 381 139 632 712 185 758 113 
138 296
595 138
708 296
209 138
507 708
223 296
127 296
381 507
139 507
632 507
712 708
185 712
758 712
113 139
182 798 725 
798 725
182 798
282 295 564 460 550 261 307 673 580 191 322 376 319 159 577 432 528 763 66 665 166 73 514 
282 295
564 295
460 282
550 564
261 564
307 282
673 307
580 460
191 261
322 673
376 322
319 580
159 191
577 673
432 322
528 191
763 432
66 564
665 191
166 460
73 376
514 322
74 361 291 289 617 505 317 273 
74 361
291 361
289 361
617 74
505 617
317 361
273 74
107 523 493 556 324 201 583 147 18 
107 523
493 107
556 493
324 556
201 324
583 324
147 583
18 583
465 589 457 651 
465 589
457 589
651 589
4 495 679 581 118 
4 495
679 495
581 495
118 495
104 682 751 345 358 122 585 769 705 184 
104 682
751 104
345 104
358 345
122 345
585 358
769 358
705 358
184 358
237 548 638 367 298 
237 548
638 237
367 638
298 638
248 
65 354 491 251 369 378 47 393 
65 354
491 354
251 491
369 354
378 65
47 65
393 491
326 524 192 0 276 97 
326 524
192 326
0 192
276 0
97 524
5 51 100 447 370 710 516 
5 51
100 51
447 5
370 5
710 5
516 100
42 77 106 227 412 424 
42 77
106 77
227 106
412 42
424 412
535 742 277 8 767 497 780 628 308 745 124 177 494 320 228 641 350 15 743 655 93 95 203 379 68 474 537 518 357 486 286 243 321 687 
535 742
277 742
8 742
767 277
497 277
780 535
628 535
308 535
745 780
124 742
177 767
494 277
320 124
228 535
641 494
350 8
15 8
743 177
655 767
93 228
95 350
203 350
379 228
68 379
474 350
537 228
518 767
357 474
486 537
286 655
243 537
321 379
687 518
481 591 731 33 702 101 391 534 418 610 52 98 521 596 11 96 463 81 483 662 356 351 433 660 394 377 131 75 225 154 603 384 3 161 741 392 170 128 254 425 417 700 233 136 648 509 400 17 727 639 229 
481 591
731 591
33 591
702 591
101 731
391 101
534 391
418 33
610 591
52 481
98 418
521 702
596 481
11 52
96 52
463 11
81 534
483 731
662 11
356 483
351 52
433 418
660 101
394 356
377 433
131 356
75 131
225 433
154 356
603 394
384 98
3 603
161 356
741 660
392 741
170 662
128 662
254 225
425 154
417 3
700 3
233 394
136 741
648 417
509 394
400 394
17 351
727 128
639 425
229 161
94 
697 733 84 478 173 16 267 55 543 680 709 407 784 799 455 644 111 311 419 79 232 247 431 619 145 299 344 717 
697 733
84 697
478 733
173 84
16 697
267 697
55 84
543 733
680 173
709 267
407 697
784 733
799 84
455 709
644 478
111 55
311 478
419 478
79 543
232 16
247 407
431 709
619 709
145 55
299 644
344 299
717 419
197 288 163 103 647 771 530 364 488 762 206 70 614 7 178 739 1 612 
197 288
163 197
103 197
647 288
771 163
530 163
364 647
488 364
762 530
206 647
70 647
614 206
7 762
178 647
739 7
1 530
612 647
83 258 
83 258
