!
458 635 179 188 489 664 153 687 58 
458 635
179 635
188 635
489 635
664 179
153 179
687 153
58 664
696 
480 791 328 752 583 18 201 675 724 324 234 715 85 
480 791
328 480
752 791
583 752
18 480
201 791
675 752
724 752
324 752
234 791
715 583
85 18
29 217 789 59 686 657 658 720 140 
29 217
789 217
59 29
686 29
657 29
658 657
720 686
140 720
92 678 766 758 712 637 185 403 127 405 
92 678
766 678
758 92
712 758
637 92
185 758
403 637
127 712
405 403
607 689 265 116 45 64 616 337 567 430 790 43 236 688 2 713 694 385 371 721 510 620 306 144 190 255 397 72 37 274 398 448 626 734 12 39 242 676 776 
607 689
265 689
116 607
45 607
64 607
616 607
337 116
567 45
430 45
790 689
43 607
236 265
688 236
2 43
713 236
694 116
385 2
371 607
721 236
510 721
620 236
306 236
144 2
190 371
255 43
397 190
72 790
37 510
274 567
398 265
448 43
626 713
734 694
12 236
39 371
242 734
676 144
776 371
89 164 372 231 732 410 781 269 21 133 357 321 6 243 150 474 379 292 149 624 568 475 579 252 192 107 559 
89 164
372 164
231 164
732 164
410 372
781 164
269 410
21 372
133 372
357 781
321 410
6 321
243 21
150 133
474 231
379 321
292 410
149 379
624 149
568 150
475 568
579 372
252 624
192 475
107 781
559 568
115 305 633 
115 305
633 115
496 726 162 627 605 272 772 482 681 594 147 
496 726
162 726
627 162
605 496
272 162
772 726
482 627
681 496
594 482
147 627
501 671 756 520 
501 671
756 671
520 671
141 271 359 587 365 158 48 214 420 574 24 517 659 175 44 415 226 259 602 598 
141 271
359 141
587 359
365 359
158 587
48 141
214 271
420 365
574 587
24 359
517 271
659 24
175 271
44 517
415 44
226 158
259 158
602 259
598 359
213 383 553 775 28 80 740 729 168 719 544 728 753 451 473 609 701 393 672 135 668 301 216 34 
213 383
553 213
775 383
28 213
80 383
740 383
729 740
168 775
719 729
544 729
728 553
753 553
451 168
473 28
609 451
701 80
393 729
672 609
135 729
668 80
301 672
216 672
34 301
314 710 97 325 
314 710
97 314
325 710
86 409 429 142 416 374 280 264 69 340 196 754 498 423 625 189 36 146 99 572 
86 409
429 409
142 86
416 409
374 409
280 416
264 429
69 280
340 416
196 264
754 196
498 196
423 280
625 196
189 196
36 280
146 69
99 36
572 36
182 777 692 
182 777
692 777
527 601 730 600 711 683 208 547 593 373 787 330 504 230 312 765 666 134 508 737 597 545 87 336 218 796 571 61 117 
527 601
730 601
600 527
711 600
683 730
208 730
547 527
593 547
373 601
787 711
330 593
504 683
230 711
312 600
765 208
666 504
134 527
508 208
737 600
597 508
545 508
87 666
336 765
218 545
796 504
571 547
61 737
117 87
278 584 699 160 695 428 663 363 304 119 402 388 30 723 747 652 263 386 511 193 268 770 502 677 102 318 576 557 736 53 645 622 554 562 343 578 339 470 735 13 
278 584
699 584
160 278
695 278
428 278
663 584
363 695
304 584
119 278
402 304
388 663
30 304
723 304
747 663
652 584
263 363
386 663
511 363
193 363
268 388
770 747
502 695
677 402
102 502
318 304
576 502
557 193
736 102
53 736
645 576
622 747
554 502
562 402
343 363
578 770
339 645
470 554
735 53
13 318
104 682 751 88 122 358 345 585 769 761 705 184 725 14 604 798 293 
104 682
751 682
88 682
122 88
358 88
345 88
585 358
769 358
761 358
705 358
184 358
725 705
14 358
604 761
798 705
293 14
287 646 165 477 
287 646
165 287
477 287
256 440 202 239 563 303 642 275 27 198 186 452 793 786 
256 440
202 256
239 440
563 440
303 563
642 239
275 642
27 642
198 275
186 27
452 275
793 186
786 186
441 670 178 41 414 174 465 20 262 515 247 589 457 
441 670
178 441
41 441
414 441
174 670
465 441
20 41
262 670
515 414
247 670
589 178
457 465
204 722 785 10 408 67 
204 722
785 722
10 722
408 722
67 408
244 630 411 
244 630
411 630
7 739 109 762 546 647 771 530 612 70 1 
7 739
109 739
762 7
546 7
647 762
771 762
530 762
612 739
70 647
1 647
49 222 706 396 361 778 707 788 281 221 273 783 291 513 62 795 
49 222
706 222
396 222
361 706
778 222
707 361
788 222
281 706
221 396
273 222
783 281
291 222
513 221
62 361
795 221
138 209 595 223 207 456 
138 209
595 209
223 595
207 209
456 207
42 294 77 289 106 25 285 331 126 406 
42 294
77 294
289 77
106 42
25 294
285 42
331 77
126 285
406 294
310 462 112 152 794 718 
310 462
112 462
152 462
794 462
718 462
514 
435 693 
435 693
156 531 187 
156 531
187 156
704 782 
704 782
121 453 235 446 617 434 317 
121 453
235 453
446 453
617 446
434 235
317 617
459 
212 529 450 313 
212 529
450 529
313 529
526 533 346 46 32 
526 533
346 526
46 533
32 526
233 548 400 229 323 
233 548
400 233
229 233
323 229
137 466 297 246 703 560 413 684 245 181 370 
137 466
297 466
246 466
703 137
560 466
413 246
684 137
245 413
181 703
370 297
284 499 
284 499
78 382 536 611 698 566 551 
78 382
536 382
611 78
698 536
566 382
551 78
476 495 4 505 679 748 
476 495
4 495
505 4
679 476
748 476
50 342 445 344 19 334 130 
50 342
445 50
344 445
19 445
334 19
130 334
412 522 424 
412 522
424 522
251 491 354 65 47 369 503 378 283 792 
251 491
354 491
65 354
47 491
369 491
503 369
378 47
283 251
792 354
35 40 290 449 690 764 90 167 582 512 541 532 631 110 472 608 327 558 148 768 492 
35 40
290 40
449 290
690 40
764 290
90 290
167 90
582 40
512 690
541 512
532 541
631 90
110 532
472 582
608 35
327 582
558 608
148 631
768 608
492 631
404 606 443 249 
404 606
443 404
249 606
76 685 315 169 
76 685
315 685
169 76
197 288 163 717 103 364 206 488 784 614 
197 288
163 288
717 288
103 288
364 288
206 288
488 288
784 288
614 364
139 507 632 309 708 296 332 381 588 113 
139 507
632 507
309 632
708 632
296 139
332 507
381 632
588 381
113 507
219 485 467 260 227 
219 485
467 219
260 485
227 219
348 716 
348 716
63 91 755 395 552 623 444 352 132 468 561 650 215 506 518 399 387 438 643 120 629 636 380 486 248 
63 91
755 91
395 755
552 395
623 552
444 63
352 552
132 395
468 552
561 132
650 468
215 623
506 132
518 132
399 215
387 215
438 352
643 506
120 387
629 395
636 387
380 506
486 132
248 506
326 401 183 22 524 71 54 749 0 125 421 333 669 143 691 471 353 590 276 240 316 100 621 
326 401
183 326
22 183
524 22
71 326
54 183
749 183
0 183
125 22
421 183
333 524
669 54
143 0
691 54
471 54
353 143
590 54
276 143
240 691
316 71
100 22
621 240
525 653 618 479 
525 653
618 653
479 525
172 757 437 759 484 667 797 224 422 469 654 360 241 570 586 
172 757
437 172
759 757
484 757
667 172
797 172
224 757
422 172
469 797
654 437
360 757
241 484
570 667
586 469
23 335 257 
23 335
257 335
697 733 84 55 478 267 16 173 709 543 799 232 431 680 145 419 644 79 311 407 111 329 299 
697 733
84 697
55 697
478 733
267 697
16 84
173 84
709 267
543 733
799 173
232 16
431 709
680 84
145 733
419 478
644 478
79 16
311 419
407 543
111 145
329 173
299 644
573 638 250 727 298 26 171 237 
573 638
250 573
727 573
298 573
26 250
171 26
237 638
592 746 200 211 634 341 118 581 155 
592 746
200 592
211 200
634 592
341 200
118 746
581 592
155 341
56 651 347 487 
56 651
347 56
487 56
5 447 349 355 538 
5 447
349 447
355 5
538 5
108 390 220 555 300 540 180 640 656 539 
108 390
220 108
555 108
300 390
540 300
180 108
640 390
656 180
539 220
157 575 516 51 199 
157 575
516 575
51 575
199 516
151 
493 556 523 779 674 302 368 500 
493 556
523 556
779 556
674 779
302 674
368 302
500 368
461 542 38 389 258 83 
461 542
38 461
389 542
258 461
83 461
114 366 194 615 455 619 375 
114 366
194 114
615 114
455 114
619 114
375 114
195 253 238 774 57 266 
195 253
238 195
774 195
57 253
266 195
282 295 564 460 569 550 307 673 577 159 261 427 322 376 191 580 9 528 432 565 31 436 319 270 439 763 773 613 66 166 210 73 123 665 
282 295
564 295
460 295
569 295
550 564
307 282
673 282
577 673
159 564
261 550
427 460
322 673
376 322
191 261
580 460
9 564
528 550
432 322
565 9
31 569
436 565
319 580
270 9
439 9
763 322
773 569
613 580
66 550
166 319
210 376
73 376
123 9
665 191
481 591 731 483 391 101 33 610 418 96 98 534 52 702 521 81 463 11 433 351 356 662 603 392 131 377 660 154 170 509 225 394 741 75 700 3 648 417 596 161 254 136 425 549 128 17 367 384 94 639 129 
481 591
731 591
483 591
391 591
101 391
33 591
610 731
418 33
96 481
98 418
534 391
52 96
702 33
521 702
81 534
463 96
11 52
433 98
351 52
356 702
662 351
603 521
392 52
131 356
377 433
660 392
154 356
170 96
509 463
225 433
394 603
741 660
75 131
700 509
3 700
648 3
417 3
596 356
161 356
254 225
136 741
425 131
549 377
128 662
17 351
367 417
384 433
94 603
639 425
129 392
74 
535 742 277 767 780 628 308 743 320 497 494 8 177 15 655 745 750 350 641 203 124 93 228 95 68 537 286 490 
535 742
277 535
767 535
780 742
628 535
308 535
743 742
320 742
497 742
494 308
8 535
177 308
15 8
655 277
745 780
750 767
350 745
641 15
203 350
124 745
93 780
228 780
95 203
68 124
537 93
286 767
490 537
279 738 205 661 760 362 176 338 744 714 105 442 464 426 519 454 599 649 
279 738
205 738
661 279
760 661
362 279
176 738
338 661
744 279
714 661
105 338
442 205
464 442
426 661
519 338
454 661
599 464
649 205
60 82 
60 82
