? 8 248 690 82 338 653 390 702 238 
!
28 712 627 393 187 168 95 661 201 530 40 794 308 551 325 78 523 572 50 284 83 344 16 429 493 459 730 110 537 576 757 271 559 592 504 568 37 229 374 605 127 424 167 754 684 180 426 719 646 542 135 715 228 322 739 98 577 381 453 100 599 650 328 106 655 540 698 641 606 350 438 333 74 366 36 442 151 354 541 312 708 207 561 231 479 223 717 463 164 39 185 752 578 224 358 122 298 103 484 25 570 482 573 423 501 526 353 427 658 528 475 582 750 625 76 61 38 473 437 351 465 664 733 713 114 132 786 30 673 270 679 488 126 75 372 326 120 589 392 11 604 51 782 798 81 256 748 566 332 536 474 529 734 157 233 489 767 165 319 553 89 494 648 667 533 410 101 286 94 245 225 217 394 342 173 181 54 27 171 518 632 311 497 418 731 184 343 544 751 520 793 213 289 195 610 745 662 728 220 425 387 221 776 278 401 163 688 96 391 631 403 428 485 60 379 155 695 13 226 515 77 209 408 711 412 370 406 666 761 500 549 503 251 336 63 62 385 413 522 349 73 275 720 159 59 139 431 595 313 571 49 640 749 352 547 773 421 781 586 795 14 172 142 756 299 581 260 9 487 281 517 699 4 318 113 668 90 19 182 152 246 189 68 305 250 543 24 642 613 192 672 469 148 527 454 46 468 758 143 584 671 23 471 456 746 707 307 193 65 678 291 531 583 134 624 483 735 212 249 557 399 166 111 105 200 230 774 133 252 300 323 93 131 402 575 290 436 102 703 524 687 451 654 17 791 663 400 64 121 623 254 150 309 639 691 545 638 660 261 744 87 470 130 33 759 600 55 439 700 685 405 788 361 72 124 790 498 554 53 579 686 234 88 718 789 269 683 591 771 240 71 585 153 144 285 360 539 743 276 742 414 644 45 348 21 445 239 574 558 356 440 188 420 727 434 409 396 741 47 137 772 676 458 716 191 242 205 115 197 705 415 31 649 505 339 10 162 619 562 753 555 364 116 146 32 510 548 726 622 346 736 670 496 345 535 41 136 564 129 443 763 43 383 108 395 42 464 272 597 18 235 674 208 273 656 158 303 669 710 411 460 335 565 709 694 587 292 441 799 149 22 608 507 738 314 732 480 462 69 15 417 643 614 721 787 416 70 210 156 85 154 386 295 145 304 317 20 362 5 274 722 211 202 651 478 107 321 84 170 598 492 237 499 616 241 607 282 2 363 525 99 3 611 204 665 0 596 376 293 612 450 634 755 324 783 128 502 331 117 258 580 602 178 214 491 534 330 778 630 398 296 183 52 797 532 652 594 466 472 175 513 329 263 277 495 288 219 378 692 506 659 628 563 422 467 368 340 452 7 294 645 112 147 264 86 490 792 430 777 729 247 603 67 785 449 397 177 779 243 447 141 384 388 433 768 265 244 617 680 380 725 161 552 301 407 35 216 280 316 512 347 267 419 198 760 477 227 119 448 724 377 538 97 255 476 306 253 762 780 222 262 775 766 26 681 29 259 446 796 257 190 283 104 457 629 66 404 365 176 6 693 174 486 455 369 519 516 770 194 689 481 341 371 609 179 138 359 706 636 382 232 140 620 327 560 79 357 218 389 701 203 8 58 444 588 432 769 196 109 677 80 236 337 697 435 461 511 509 91 92 373 764 615 647 704 546 34 569 199 657 160 334 320 355 675 125 186 696 118 593 44 682 215 637 367 315 123 784 287 635 621 514 590 723 302 567 56 737 297 57 633 169 740 626 508 747 48 279 556 375 765 550 618 1 310 601 521 266 206 268 714 12 
28 712
627 28
393 627
187 712
168 393
95 187
661 627
201 627
530 168
40 95
794 40
308 201
551 530
325 661
78 201
523 794
572 325
50 530
284 50
83 50
344 551
16 308
429 201
493 344
459 201
730 344
110 284
537 325
576 493
757 576
271 16
559 576
592 110
504 308
568 730
37 429
229 78
374 757
605 504
127 83
424 568
167 572
754 167
684 374
180 229
426 794
719 167
646 37
542 110
135 426
715 605
228 180
322 135
739 719
98 715
577 424
381 542
453 322
100 684
599 100
650 542
328 646
106 100
655 106
540 127
698 540
641 739
606 322
350 271
438 328
333 228
74 715
366 333
36 453
442 646
151 366
354 606
541 36
312 98
708 641
207 739
561 74
231 366
479 333
223 708
717 577
463 106
164 698
39 561
185 312
752 541
578 442
224 442
358 223
122 599
298 717
103 224
484 164
25 231
570 438
482 185
573 164
423 122
501 752
526 350
353 25
427 453
658 39
528 298
475 207
582 358
750 573
625 482
76 541
61 76
38 658
473 353
437 427
351 354
465 463
664 578
733 61
713 437
114 479
132 582
786 717
30 625
673 540
270 465
679 733
488 528
126 103
75 484
372 625
326 526
120 501
589 786
392 589
11 658
604 11
51 582
782 713
798 786
81 51
256 126
748 351
566 570
332 748
536 30
474 11
529 75
734 270
157 81
233 473
489 270
767 114
165 372
319 589
553 114
89 488
494 120
648 423
667 566
533 536
410 533
101 529
286 664
94 256
245 101
225 553
217 734
394 667
342 217
173 245
181 256
54 489
27 319
171 474
518 171
632 54
311 494
497 648
418 632
731 566
184 679
343 332
544 343
751 518
520 89
793 544
213 181
289 418
195 51
610 731
745 157
662 165
728 610
220 410
425 101
387 610
221 171
776 782
278 662
401 278
163 520
688 776
96 173
391 745
631 745
403 425
428 289
485 163
60 286
379 220
155 485
695 27
13 793
226 401
515 401
77 96
209 60
408 221
711 311
412 728
370 387
406 77
666 77
761 213
500 226
549 60
503 688
251 761
336 155
63 418
62 13
385 500
413 226
522 412
349 155
73 776
275 385
720 428
159 349
59 776
139 695
431 413
595 500
313 431
571 63
49 695
640 62
749 73
352 406
547 413
773 139
421 640
781 77
586 781
795 313
14 720
172 503
142 421
756 571
299 781
581 781
260 408
9 62
487 749
281 260
517 549
699 517
4 711
318 581
113 749
668 517
90 547
19 281
182 159
152 586
246 352
189 139
68 668
305 172
250 68
543 4
24 699
642 517
613 182
192 246
672 14
469 672
148 318
527 24
454 59
46 163
468 250
758 189
143 756
584 9
671 143
23 672
471 671
456 46
746 152
707 456
307 707
193 454
65 522
678 148
291 192
531 250
583 456
134 172
624 134
483 23
735 468
212 668
249 527
557 543
399 260
166 557
111 487
105 584
200 758
230 134
774 291
133 189
252 456
300 111
323 624
93 642
131 252
402 166
575 142
290 291
436 105
102 469
703 613
524 111
687 102
451 300
654 133
17 703
791 703
663 230
400 471
64 531
121 678
623 290
254 402
150 290
309 687
639 150
691 400
545 436
638 309
660 575
261 583
744 305
87 703
470 399
130 451
33 663
759 64
600 261
55 193
439 121
700 735
685 660
405 33
788 685
361 700
72 131
124 545
790 87
498 759
554 790
53 470
579 121
686 579
234 130
88 254
718 524
789 654
269 72
683 663
591 686
771 660
240 405
71 638
585 524
153 405
144 744
285 87
360 55
539 788
743 789
276 399
742 600
414 771
644 234
45 718
348 470
21 88
445 743
239 153
574 686
558 53
356 498
440 691
188 558
420 623
727 72
434 348
409 790
396 240
741 585
47 683
137 348
772 234
676 434
458 153
716 285
191 558
242 458
205 434
115 71
197 716
705 772
415 743
31 239
649 276
505 727
339 759
10 239
162 205
619 360
562 440
753 562
555 339
364 10
116 415
146 705
32 285
510 649
548 555
726 440
622 31
346 21
736 396
670 539
496 45
345 364
535 619
41 496
136 670
564 346
129 115
443 409
763 116
43 420
383 364
108 753
395 41
42 150
464 205
272 548
597 47
18 726
235 597
674 443
208 137
273 726
656 235
158 649
303 42
669 116
710 574
411 32
460 43
335 510
565 622
709 158
694 108
587 136
292 464
441 443
799 564
149 799
22 535
608 441
507 146
738 669
314 763
732 710
480 441
462 411
69 670
15 22
417 548
643 564
614 505
721 674
787 314
416 480
70 643
210 732
156 335
85 721
154 417
386 411
295 70
145 129
304 643
317 69
20 304
362 70
5 235
274 5
722 154
211 787
202 317
651 273
478 416
107 787
321 462
84 149
170 317
598 22
492 154
237 736
499 460
616 274
241 107
607 362
282 321
2 145
363 237
525 170
99 274
3 237
611 363
204 694
665 651
0 598
596 20
376 210
293 607
612 317
450 492
634 145
755 3
324 612
783 755
128 282
502 499
331 611
117 607
258 202
580 376
602 258
178 128
214 107
491 525
534 293
330 491
778 598
630 755
398 214
296 99
183 596
52 117
797 580
532 491
652 612
594 398
466 630
472 534
175 0
513 214
329 755
263 237
277 204
495 296
288 331
219 594
378 330
692 472
506 502
659 534
628 659
563 175
422 506
467 263
368 797
340 368
452 52
7 340
294 422
645 329
112 288
147 378
264 112
86 692
490 288
792 466
430 296
777 563
729 294
247 645
603 264
67 247
785 368
449 452
397 430
177 147
779 86
243 449
447 86
141 452
384 729
388 447
433 67
768 384
265 447
244 388
617 433
680 141
380 397
725 680
161 680
552 177
301 552
407 495
35 177
216 552
280 467
316 725
512 216
347 407
267 617
419 512
198 280
760 347
477 603
227 380
119 177
448 227
724 433
377 785
538 768
97 538
255 512
476 301
306 419
253 97
762 243
780 762
222 538
262 253
775 262
766 161
26 253
681 538
29 780
259 253
446 347
796 97
257 681
190 265
283 446
104 262
457 26
629 448
66 35
404 724
365 190
176 404
6 306
693 104
174 66
486 306
455 766
369 693
519 365
516 629
770 190
194 486
689 365
481 176
341 377
371 369
609 174
179 341
138 693
359 689
706 359
636 770
382 176
232 477
140 481
620 371
327 283
560 636
79 609
357 222
218 706
389 194
701 227
203 560
8 382
58 179
444 203
588 455
432 327
769 79
196 701
109 8
677 636
80 620
236 769
337 371
697 677
435 516
461 8
511 79
509 511
91 486
92 357
373 232
764 432
615 91
647 373
704 701
546 704
34 509
569 373
199 435
657 80
160 140
334 92
320 697
355 588
675 92
125 91
186 320
696 657
118 764
593 199
44 647
682 355
215 657
637 764
367 186
315 218
123 682
784 461
287 784
635 637
621 334
514 784
590 315
723 123
302 320
567 125
56 367
737 44
297 44
57 621
633 590
169 514
740 123
626 737
508 567
747 215
48 740
279 508
556 279
375 279
765 626
550 556
618 556
1 740
310 550
601 747
521 550
266 601
206 266
268 266
714 601
12 268
248 690 82 338 653 390 702 238 
702 238
690 82
338 653
248 82
390 702
653 390
248 338
