? 8 417 548 154 555 272 450 492 722 
!
238 702 714 601 268 266 747 390 12 653 206 215 696 621 675 338 657 57 334 48 80 92 337 357 740 1 620 355 371 58 369 123 138 682 257 796 222 457 681 723 693 538 104 259 26 97 253 775 762 262 633 179 341 780 29 455 590 588 768 384 243 766 315 729 377 449 161 680 422 506 519 785 141 294 218 368 359 725 706 302 183 452 689 316 365 7 502 797 580 340 320 376 56 190 499 596 770 186 697 52 265 447 367 636 20 388 677 244 210 732 86 117 304 460 634 303 444 692 560 779 42 607 760 43 203 472 659 635 710 283 347 446 2 293 145 534 362 628 643 420 327 70 432 277 637 574 295 407 764 129 579 150 591 623 639 88 346 564 686 290 204 694 254 84 774 118 115 495 108 21 291 799 121 196 439 665 192 753 402 246 557 149 430 71 296 397 562 178 99 166 299 651 543 380 227 352 701 18 678 781 148 273 128 581 318 5 274 144 309 746 638 546 726 235 687 744 152 704 656 448 406 597 586 282 666 23 466 483 440 4 102 616 321 77 792 630 47 672 683 622 96 629 14 469 435 691 516 462 403 565 173 31 411 425 711 720 593 305 383 329 245 755 724 400 364 386 32 529 428 247 645 199 311 101 663 230 10 671 345 75 471 494 134 239 342 143 573 67 783 404 217 433 750 242 571 33 458 109 289 63 285 176 756 617 172 484 673 3 153 120 791 164 734 184 632 382 418 197 461 624 501 752 8 733 679 54 87 716 703 503 85 489 270 554 405 698 721 396 267 790 650 61 17 674 381 443 240 409 76 287 140 540 323 613 336 481 465 542 182 541 463 608 36 784 237 736 263 480 280 106 441 467 159 59 776 349 648 688 514 655 155 127 497 454 611 363 782 160 478 110 592 423 55 416 437 193 198 122 427 485 169 284 559 360 727 713 100 453 307 707 83 73 599 603 135 50 619 264 426 331 322 488 89 40 131 112 505 288 332 252 72 535 748 113 374 163 684 477 576 528 569 95 741 354 614 269 15 343 520 794 757 373 232 493 46 490 530 456 22 749 585 111 606 187 298 544 487 577 168 523 424 524 600 351 742 647 730 45 344 568 551 389 786 583 717 598 300 798 778 589 28 718 261 737 44 712 496 793 393 41 271 9 392 194 16 395 13 526 669 486 738 451 627 0 626 415 754 584 777 306 319 49 445 241 772 130 175 563 308 105 743 116 350 62 594 705 297 107 695 326 91 765 661 789 475 234 572 133 207 27 219 167 640 644 654 504 545 763 419 739 146 719 398 325 605 615 125 139 189 6 512 787 436 515 310 214 201 216 211 421 314 255 567 185 513 758 132 537 641 124 200 482 78 385 550 275 507 459 165 708 223 582 358 401 552 773 500 301 312 98 142 372 476 248 429 195 521 177 625 532 226 618 715 595 51 556 473 180 414 229 25 35 228 662 37 609 575 279 690 508 79 157 353 278 231 366 509 81 391 491 745 74 511 174 30 771 147 90 413 151 82 525 330 34 547 646 378 410 533 660 66 375 333 561 39 631 536 236 431 769 220 119 170 328 658 379 233 438 788 313 685 479 442 38 539 114 795 224 11 670 221 578 570 474 103 171 604 324 767 664 69 518 19 126 317 612 751 281 408 553 136 652 286 256 202 566 587 260 225 667 258 94 181 335 209 602 394 213 60 731 399 728 510 649 610 387 276 761 412 699 156 24 549 527 251 709 642 370 249 158 517 137 470 522 348 668 250 68 93 208 53 212 735 531 434 205 468 676 162 464 65 558 292 191 759 64 188 361 700 498 356 339 
238 702
714 238
601 714
268 714
266 268
747 601
390 702
12 268
653 268
206 653
215 747
696 215
621 215
675 215
338 206
657 696
57 621
334 675
48 57
80 657
92 675
337 696
357 675
740 48
1 740
620 80
355 57
371 337
58 371
369 371
123 355
138 369
682 123
257 620
796 257
222 796
457 369
681 257
723 682
693 369
538 222
104 693
259 369
26 104
97 796
253 104
775 104
762 222
262 775
633 723
179 58
341 179
780 762
29 762
455 29
590 633
588 455
768 538
384 768
243 768
766 29
315 590
729 384
377 341
449 243
161 766
680 161
422 768
506 422
519 766
785 377
141 161
294 384
218 519
368 785
359 218
725 161
706 218
302 590
183 422
452 680
689 519
316 725
365 689
7 785
502 422
797 368
580 797
340 7
320 302
376 580
56 302
190 365
499 502
596 183
770 190
186 56
697 770
52 452
265 190
447 265
367 56
636 697
20 596
388 265
677 697
244 388
210 376
732 210
86 244
117 52
304 20
460 210
634 7
303 20
444 677
692 86
560 677
779 244
42 303
607 117
760 779
43 460
203 677
472 692
659 779
635 367
710 210
283 760
347 760
446 760
2 634
293 472
145 634
534 692
362 117
628 779
643 362
420 43
327 677
70 643
432 444
277 2
637 635
574 710
295 70
407 283
764 432
129 2
579 574
150 42
591 574
623 150
639 150
88 643
346 295
564 295
686 591
290 623
204 277
694 204
254 88
84 295
774 623
118 764
115 129
495 407
108 129
21 564
291 290
799 346
121 686
196 118
439 115
665 204
192 291
753 108
402 88
246 192
557 254
149 84
430 495
71 115
296 495
397 430
562 753
178 665
99 296
166 402
299 246
651 178
543 402
380 397
227 397
352 291
701 196
18 651
678 299
781 299
148 678
273 18
128 178
581 678
318 581
5 99
274 5
144 799
309 71
746 678
638 71
546 701
726 18
235 274
687 309
744 144
152 746
704 546
656 235
448 227
406 192
597 235
586 318
282 128
666 299
23 152
466 430
483 638
440 726
4 402
102 687
616 274
321 282
77 666
792 466
630 616
47 235
672 23
683 47
622 47
96 77
629 448
14 672
469 672
435 546
691 440
516 435
462 321
403 586
565 622
173 96
31 565
411 321
425 403
711 4
720 14
593 435
305 744
383 565
329 792
245 173
755 329
724 516
400 691
364 383
386 411
32 386
529 245
428 720
247 329
645 329
199 593
311 711
101 529
663 305
230 663
10 383
671 691
345 364
75 529
471 671
494 311
134 230
239 10
342 428
143 471
573 75
67 247
783 755
404 724
217 342
433 67
750 573
242 10
571 143
33 239
458 239
109 199
289 342
63 571
285 32
176 404
756 471
617 176
172 305
484 75
673 529
3 783
153 458
120 494
791 285
164 484
734 342
184 311
632 289
382 109
418 734
197 285
461 109
624 663
501 120
752 501
8 461
733 501
679 733
54 418
87 285
716 197
703 791
503 624
85 716
489 54
270 489
554 197
405 458
698 484
721 85
396 405
267 617
790 554
650 164
61 679
17 703
674 721
381 650
443 721
240 396
409 716
76 61
287 461
140 382
540 698
323 405
613 17
336 63
481 140
465 489
542 650
182 613
541 76
463 489
608 721
36 61
784 287
237 3
736 396
263 237
480 608
280 267
106 463
441 480
467 263
159 336
59 503
776 59
349 159
648 489
688 503
514 784
655 463
155 349
127 540
497 155
454 59
611 237
363 611
782 776
160 514
478 480
110 542
592 110
423 655
55 736
416 478
437 782
193 454
198 280
122 423
427 437
485 155
169 514
284 592
559 106
360 55
727 441
713 782
100 122
453 713
307 349
707 307
83 284
73 59
599 100
603 467
135 453
50 284
619 360
264 603
426 453
331 611
322 453
488 122
89 497
40 110
131 707
112 603
505 727
288 331
332 713
252 131
72 727
535 619
748 332
113 73
374 599
163 485
684 374
477 603
576 374
528 89
569 160
95 40
741 535
354 748
614 505
269 72
15 535
343 748
520 89
794 40
757 684
373 569
232 373
493 757
46 252
490 288
530 576
456 252
22 535
749 113
585 741
111 113
606 354
187 95
298 528
544 332
487 749
577 528
168 530
523 794
424 374
524 111
600 269
351 332
742 269
647 373
730 424
45 585
344 757
568 424
551 344
389 647
786 528
583 46
717 786
598 22
300 111
798 786
778 598
589 798
28 187
718 45
261 600
737 373
44 647
712 187
496 45
793 544
393 187
41 496
271 794
9 487
392 786
194 477
16 271
395 496
13 793
526 351
669 261
486 194
738 669
451 300
627 393
0 778
626 737
415 669
754 568
584 9
777 778
306 486
319 798
49 583
445 415
241 669
772 496
130 451
175 0
563 175
308 16
105 584
743 415
116 669
350 526
62 13
594 241
705 772
297 626
107 738
695 49
326 526
91 486
765 737
661 627
789 743
475 717
234 772
572 661
133 789
207 475
27 319
219 594
167 754
640 62
644 705
654 133
504 308
545 644
763 116
419 306
739 207
146 705
719 739
398 219
325 661
605 504
615 91
125 615
139 49
189 49
6 419
512 419
787 763
436 545
515 640
310 765
214 398
201 627
216 419
211 787
421 640
314 787
255 216
567 125
185 350
513 214
758 189
132 207
537 325
641 739
124 545
200 758
482 185
78 201
385 515
550 310
275 515
507 146
459 201
165 515
708 207
223 641
582 132
358 132
401 515
552 512
773 758
500 275
301 552
312 185
98 312
142 421
372 482
476 552
248 550
429 201
195 132
521 550
177 301
625 185
532 177
226 500
618 567
715 98
595 500
51 132
556 618
473 223
180 537
414 124
229 180
25 223
35 552
228 180
662 226
37 429
609 476
575 414
279 556
690 248
508 279
79 609
157 51
353 25
278 165
231 353
366 231
509 79
81 51
391 195
491 532
745 195
74 98
511 509
174 609
30 625
771 414
147 532
90 595
413 226
151 231
82 690
525 507
330 491
34 509
547 595
646 37
378 330
410 625
533 30
660 575
66 174
375 279
333 366
561 74
39 561
631 745
536 30
236 79
431 413
769 236
220 410
119 66
170 525
328 646
658 561
379 220
233 473
438 328
788 660
313 431
685 788
479 333
442 646
38 658
539 685
114 479
795 431
224 442
11 658
670 539
221 220
578 442
570 438
474 658
103 224
171 11
604 171
324 170
767 114
664 38
69 670
518 171
19 795
126 103
317 69
612 324
751 171
281 19
408 221
553 114
136 670
652 612
286 664
256 103
202 317
566 570
587 136
260 281
225 553
667 570
258 202
94 126
181 256
335 587
209 751
602 258
394 667
213 181
60 209
731 566
399 281
728 94
510 335
649 510
610 728
387 610
276 649
761 213
412 728
699 209
156 510
24 699
549 209
527 699
251 213
709 510
642 527
370 731
249 527
158 510
517 549
137 276
470 399
522 251
348 137
668 517
250 251
68 250
93 24
208 137
53 470
212 668
735 68
531 68
434 470
205 348
468 251
676 434
162 434
464 348
65 522
558 53
292 464
191 53
759 735
64 759
188 191
361 759
700 735
498 759
356 498
339 759
417 548 154 555 272 450 492 722 
450 492
417 450
417 555
548 272
154 722
154 492
417 272
