!
238 702 714 268 601 266 12 747 390 653 206 215 621 696 675 338 57 657 334 92 48 80 357 337 1 620 355 371 740 58 138 682 369 123 681 796 457 26 693 222 257 723 538 259 97 104 253 762 262 780 455 179 590 588 29 775 633 315 384 341 768 243 377 766 141 422 506 680 729 449 294 161 368 519 452 785 302 218 359 725 706 340 183 316 320 797 365 689 502 7 376 56 580 499 596 190 697 52 186 447 367 265 636 770 210 677 20 244 388 86 560 304 634 444 117 303 779 732 460 42 692 760 472 607 659 145 43 203 635 283 710 446 347 2 362 534 293 628 643 420 327 70 432 277 637 574 295 407 686 346 579 150 639 88 21 764 591 623 129 564 204 290 84 108 118 254 694 115 774 799 495 291 665 192 196 121 402 149 753 439 71 166 557 296 543 246 299 352 430 178 380 651 99 397 678 701 562 638 227 5 18 746 148 274 581 273 318 483 466 309 128 744 235 687 546 781 144 616 704 152 656 406 726 282 586 4 666 448 23 440 792 597 102 77 321 629 672 630 96 47 622 683 516 462 469 691 14 435 565 425 245 173 403 411 593 386 400 711 31 305 383 720 329 724 755 32 645 529 247 199 345 101 364 494 10 311 428 471 75 230 671 67 571 239 134 404 750 573 289 663 217 783 33 342 143 285 433 458 109 176 484 756 153 734 63 673 791 617 120 184 172 3 242 752 418 87 164 382 197 461 8 632 501 716 405 679 54 624 698 85 733 489 703 721 270 396 267 17 554 790 650 503 674 287 381 240 443 323 613 61 540 409 140 182 481 541 336 784 608 542 465 36 76 463 237 736 263 280 441 106 467 776 59 159 688 648 592 127 782 363 480 514 155 611 349 497 478 160 416 655 454 110 427 193 55 307 198 83 437 453 122 713 360 100 727 485 707 284 423 169 599 73 135 131 50 264 619 603 331 426 322 40 89 488 559 505 112 72 332 113 252 748 163 288 684 535 374 477 22 614 523 456 576 520 269 528 741 373 343 354 794 46 757 530 298 585 15 569 606 749 95 490 493 232 600 544 111 187 524 577 344 168 351 424 487 647 45 583 742 271 730 568 28 737 786 712 717 598 778 798 393 300 551 16 389 496 718 44 41 261 793 589 194 392 9 451 13 395 669 754 777 526 738 486 130 627 584 415 105 0 306 241 49 626 319 175 350 475 563 765 62 789 594 743 705 772 308 116 167 572 219 234 695 297 133 326 445 654 661 107 207 398 419 146 763 545 644 27 615 739 6 605 640 189 325 787 512 504 719 125 436 214 201 216 310 91 515 200 314 537 139 513 758 211 165 78 255 421 185 124 708 401 550 459 223 567 773 132 275 641 358 552 482 507 385 582 312 98 521 500 715 301 142 429 372 556 226 195 625 476 532 662 51 575 180 595 248 366 690 229 177 609 25 35 391 508 353 618 81 30 509 414 74 279 79 174 278 561 157 228 37 511 771 147 547 82 491 473 39 231 330 34 745 533 646 151 378 410 90 333 375 66 413 525 660 631 536 236 769 379 431 119 328 170 658 442 313 438 220 685 479 788 578 224 233 539 11 38 795 114 604 474 570 670 103 221 171 324 767 518 664 69 281 19 751 317 126 408 612 202 652 566 553 136 260 256 286 587 225 258 94 667 181 394 335 213 60 602 209 731 399 510 610 649 276 549 728 527 699 761 156 387 251 412 249 24 709 642 517 137 158 470 668 370 522 348 208 434 93 53 68 468 205 212 250 676 531 735 464 162 292 65 191 188 558 64 759 498 361 700 356 339 
238 702
714 238
268 714
601 714
266 268
12 266
747 601
390 702
653 390
206 653
215 747
621 215
696 714
675 621
338 206
57 675
657 696
334 57
92 334
48 338
80 92
357 80
337 657
1 48
620 357
355 1
371 337
740 355
58 371
138 58
682 740
369 138
123 682
681 620
796 369
457 796
26 457
693 26
222 681
257 222
723 123
538 257
259 693
97 538
104 259
253 104
762 97
262 253
780 762
455 780
179 262
590 723
588 455
29 588
775 179
633 590
315 633
384 29
341 775
768 384
243 768
377 341
766 243
141 766
422 141
506 422
680 506
729 680
449 729
294 449
161 294
368 377
519 161
452 519
785 368
302 315
218 302
359 218
725 452
706 359
340 785
183 725
316 706
320 316
797 340
365 320
689 365
502 183
7 797
376 502
56 689
580 376
499 580
596 499
190 56
697 190
52 596
186 697
447 52
367 186
265 447
636 367
770 636
210 7
677 770
20 210
244 265
388 244
86 388
560 677
304 20
634 304
444 560
117 86
303 117
779 444
732 634
460 732
42 303
692 779
760 692
472 760
607 472
659 607
145 460
43 42
203 659
635 203
283 635
710 43
446 283
347 446
2 145
362 347
534 362
293 534
628 293
643 628
420 710
327 643
70 420
432 327
277 2
637 432
574 277
295 70
407 295
686 574
346 407
579 686
150 579
639 150
88 639
21 88
764 637
591 21
623 591
129 623
564 346
204 129
290 564
84 764
108 204
118 84
254 290
694 108
115 694
774 254
799 774
495 799
291 115
665 291
192 665
196 118
121 192
402 495
149 402
753 121
439 753
71 439
166 149
557 166
296 196
543 557
246 543
299 246
352 299
430 296
178 71
380 430
651 178
99 380
397 99
678 352
701 397
562 651
638 562
227 701
5 227
18 638
746 678
148 746
274 5
581 148
273 18
318 581
483 318
466 274
309 483
128 273
744 466
235 744
687 309
546 235
781 687
144 546
616 144
704 616
152 781
656 704
406 152
726 128
282 726
586 406
4 656
666 586
448 4
23 666
440 282
792 448
597 792
102 23
77 102
321 440
629 597
672 77
630 629
96 672
47 630
622 47
683 622
516 683
462 321
469 96
691 469
14 691
435 516
565 435
425 14
245 425
173 245
403 173
411 462
593 565
386 411
400 386
711 403
31 711
305 31
383 305
720 400
329 383
724 329
755 724
32 720
645 755
529 32
247 645
199 593
345 247
101 529
364 345
494 101
10 364
311 494
428 311
471 428
75 471
230 10
671 75
67 199
571 671
239 230
134 239
404 67
750 571
573 750
289 573
663 134
217 289
783 404
33 663
342 217
143 342
285 143
433 783
458 33
109 433
176 109
484 285
756 484
153 458
734 756
63 734
673 63
791 673
617 176
120 153
184 120
172 184
3 617
242 172
752 242
418 791
87 418
164 752
382 3
197 87
461 382
8 461
632 164
501 632
716 197
405 501
679 405
54 716
624 679
698 54
85 698
733 624
489 85
703 489
721 703
270 733
396 8
267 396
17 721
554 17
790 554
650 270
503 650
674 790
287 267
381 503
240 381
443 674
323 240
613 443
61 323
540 61
409 613
140 287
182 409
481 140
541 540
336 182
784 481
608 336
542 541
465 542
36 465
76 36
463 76
237 784
736 237
263 736
280 263
441 608
106 463
467 280
776 467
59 776
159 441
688 59
648 106
592 648
127 592
782 688
363 782
480 159
514 363
155 127
611 514
349 155
497 349
478 480
160 611
416 478
655 497
454 160
110 655
427 454
193 427
55 193
307 416
198 55
83 110
437 83
453 437
122 307
713 453
360 198
100 122
727 100
485 727
707 485
284 713
423 284
169 360
599 423
73 599
135 73
131 707
50 135
264 169
619 264
603 619
331 603
426 50
322 426
40 322
89 131
488 89
559 488
505 559
112 331
72 505
332 40
113 332
252 72
748 113
163 252
288 112
684 163
535 288
374 684
477 535
22 477
614 374
523 748
456 614
576 523
520 456
269 520
528 576
741 22
373 741
343 373
354 343
794 354
46 269
757 528
530 757
298 530
585 794
15 585
569 15
606 298
749 606
95 749
490 569
493 95
232 490
600 46
544 493
111 544
187 111
524 232
577 187
344 577
168 344
351 524
424 168
487 351
647 487
45 647
583 600
742 583
271 424
730 271
568 730
28 568
737 45
786 28
712 786
717 712
598 737
778 598
798 717
393 798
300 778
551 393
16 551
389 300
496 389
718 496
44 718
41 44
261 742
793 16
589 261
194 41
392 589
9 793
451 9
13 451
395 13
669 392
754 669
777 194
526 395
738 754
486 777
130 526
627 130
584 486
415 738
105 584
0 105
306 0
241 415
49 241
626 306
319 49
175 626
350 627
475 319
563 175
765 563
62 350
789 475
594 789
743 594
705 62
772 705
308 772
116 743
167 308
572 167
219 116
234 765
695 572
297 234
133 695
326 297
445 133
654 445
661 326
107 219
207 661
398 107
419 207
146 419
763 654
545 146
644 545
27 763
615 644
739 27
6 615
605 739
640 605
189 398
325 189
787 325
512 6
504 640
719 504
125 512
436 125
214 787
201 719
216 436
310 216
91 310
515 201
200 214
314 200
537 515
139 314
513 139
758 513
211 758
165 537
78 165
255 91
421 255
185 421
124 185
708 78
401 124
550 401
459 708
223 459
567 550
773 223
132 773
275 567
641 132
358 641
552 275
482 358
507 552
385 482
582 211
312 385
98 312
521 507
500 98
715 500
301 521
142 715
429 582
372 142
556 301
226 372
195 429
625 226
476 556
532 476
662 625
51 195
575 662
180 51
595 575
248 532
366 180
690 248
229 366
177 690
609 177
25 229
35 609
391 25
508 35
353 391
618 508
81 353
30 595
509 618
414 30
74 414
279 509
79 279
174 79
278 74
561 278
157 81
228 157
37 228
511 174
771 561
147 511
547 771
82 147
491 547
473 37
39 473
231 39
330 491
34 82
745 231
533 330
646 533
151 646
378 34
410 151
90 410
333 745
375 378
66 375
413 90
525 66
660 413
631 333
536 660
236 525
769 236
379 536
431 379
119 769
328 631
170 119
658 328
442 658
313 431
438 442
220 313
685 170
479 438
788 685
578 479
224 578
233 224
539 788
11 220
38 11
795 539
114 233
604 38
474 604
570 114
670 795
103 570
221 474
171 221
324 670
767 103
518 171
664 518
69 324
281 664
19 281
751 19
317 69
126 751
408 126
612 317
202 612
652 202
566 767
553 566
136 652
260 408
256 553
286 256
587 136
225 286
258 587
94 225
667 94
181 667
394 181
335 258
213 394
60 213
602 335
209 60
731 209
399 260
510 399
610 731
649 510
276 649
549 610
728 549
527 276
699 527
761 728
156 602
387 761
251 387
412 251
249 699
24 249
709 156
642 24
517 642
137 709
158 137
470 158
668 517
370 412
522 668
348 470
208 348
434 208
93 434
53 93
68 522
468 68
205 53
212 468
250 212
676 205
531 250
735 531
464 676
162 464
292 162
65 735
191 292
188 191
558 188
64 65
759 64
498 759
361 498
700 361
356 700
339 356
548 555 417 272 154 492 450 722 
548 555
417 548
272 548
154 548
492 417
450 154
722 492
