? 8 450 492 417 154 722 548 555 272 
!
238 702 714 601 12 268 266 747 390 206 653 215 621 696 675 657 57 338 334 48 92 80 357 337 620 1 740 355 371 58 138 681 369 123 682 693 259 257 796 723 538 26 222 457 104 97 262 762 179 253 455 780 775 341 29 588 633 768 590 384 243 315 766 377 729 449 294 422 680 519 161 506 785 141 302 218 725 368 359 706 689 183 452 320 316 340 365 797 502 580 7 376 56 596 52 499 190 20 186 447 697 367 770 636 210 677 265 460 244 388 303 304 634 86 732 692 117 560 779 42 203 760 659 43 446 444 293 607 710 635 472 362 283 347 534 2 145 628 327 420 643 70 432 277 407 574 637 295 579 764 150 639 623 591 346 686 694 290 564 88 21 129 204 774 118 84 254 115 108 121 495 291 665 799 439 149 192 196 753 246 99 402 543 296 71 397 380 557 562 178 430 651 678 166 227 5 18 299 581 352 701 273 274 638 148 746 318 128 144 309 466 235 687 744 726 546 781 483 704 406 4 586 282 152 656 597 23 666 448 616 440 102 77 792 629 321 683 47 672 96 630 516 469 14 462 425 435 691 403 565 622 400 173 383 711 411 31 593 32 720 305 329 755 724 386 101 134 247 199 345 311 494 671 663 230 428 364 10 529 471 783 75 245 67 239 750 404 143 645 342 571 433 217 172 617 573 285 458 33 120 109 3 242 756 153 289 734 673 164 63 752 484 8 791 184 632 197 461 176 418 501 382 733 405 624 679 716 54 703 489 87 554 674 650 267 721 396 76 85 790 17 61 270 698 323 443 381 287 240 503 608 409 540 140 613 784 182 481 336 465 541 463 542 36 237 736 480 159 280 467 688 776 263 106 59 648 441 127 514 782 349 155 592 363 110 497 655 478 427 454 160 713 611 416 423 55 193 307 198 122 437 453 83 485 360 100 284 727 169 599 707 559 619 73 131 135 264 50 488 603 40 426 331 322 89 505 95 113 332 72 163 535 288 748 252 456 112 684 477 614 528 298 374 343 46 15 232 741 576 520 354 569 794 269 757 585 493 22 523 487 530 749 544 606 373 490 187 111 600 168 524 424 351 577 742 647 344 568 45 717 300 551 730 389 583 598 526 786 28 798 712 778 44 261 737 41 718 793 496 393 271 194 589 392 9 13 16 395 0 584 738 486 451 626 627 415 754 669 241 350 62 319 308 743 49 234 475 306 563 765 130 705 175 116 661 594 772 789 105 777 326 445 695 107 91 207 297 654 133 219 572 27 640 545 146 325 504 787 615 763 739 644 398 419 6 167 512 125 605 139 201 310 189 436 214 216 719 758 421 314 211 515 513 185 385 773 567 537 708 124 78 482 165 223 255 550 98 358 641 275 132 459 401 507 582 552 200 715 429 500 142 521 301 476 625 248 372 195 532 312 180 51 226 595 366 278 690 556 229 177 609 414 35 228 575 25 37 508 353 491 81 157 74 662 391 79 618 509 231 30 147 82 547 413 279 174 34 771 525 511 151 330 745 378 646 90 410 660 473 561 333 39 66 375 631 536 236 769 313 431 328 379 119 170 658 220 479 438 533 442 685 788 233 38 539 795 114 604 578 103 11 224 474 670 664 221 570 171 126 281 751 324 767 518 612 408 69 553 19 317 136 202 256 566 652 286 181 225 667 587 260 258 209 602 94 394 213 60 335 399 731 699 649 510 761 610 276 728 24 549 387 527 249 251 412 709 156 517 137 642 522 370 158 348 470 68 668 434 205 208 53 212 250 93 531 676 468 735 558 162 464 64 292 65 191 188 759 498 361 700 356 339 
238 702
714 238
601 714
12 702
268 702
266 268
747 601
390 12
206 268
653 268
215 747
621 747
696 215
675 621
657 696
57 621
338 653
334 675
48 57
92 334
80 696
357 675
337 696
620 80
1 48
740 1
355 48
371 337
58 337
138 58
681 357
369 371
123 355
682 123
693 369
259 693
257 681
796 257
723 123
538 681
26 796
222 538
457 26
104 369
97 796
262 104
762 222
179 58
253 262
455 762
780 762
775 262
341 179
29 780
588 682
633 723
768 222
590 723
384 768
243 768
315 590
766 455
377 775
729 538
449 243
294 384
422 384
680 766
519 588
161 680
506 422
785 377
141 680
302 590
218 519
725 161
368 785
359 218
706 218
689 706
183 422
452 449
320 218
316 725
340 785
365 519
797 368
502 422
580 368
7 340
376 580
56 302
596 502
52 452
499 502
190 365
20 596
186 320
447 365
697 186
367 56
770 218
636 697
210 376
677 636
265 447
460 499
244 265
388 244
303 20
304 20
634 7
86 388
732 210
692 86
117 304
560 677
779 244
42 303
203 697
760 244
659 86
43 460
446 760
444 677
293 692
607 293
710 210
635 367
472 692
362 607
283 760
347 760
534 472
2 634
145 2
628 534
327 444
420 43
643 362
70 643
432 444
277 2
407 347
574 710
637 635
295 70
579 574
764 432
150 42
639 150
623 150
591 579
346 70
686 591
694 2
290 150
564 295
88 564
21 643
129 694
204 694
774 623
118 764
84 295
254 88
115 129
108 694
121 591
495 84
291 774
665 204
799 84
439 115
149 84
192 291
196 118
753 108
246 774
99 495
402 254
543 402
296 495
71 115
397 495
380 397
557 543
562 753
178 665
430 397
651 665
678 121
166 402
227 380
5 99
18 562
299 246
581 678
352 192
701 196
273 18
274 99
638 71
148 581
746 148
318 581
128 178
144 149
309 71
466 430
235 274
687 309
744 144
726 273
546 701
781 581
483 746
704 546
406 192
4 166
586 318
282 128
152 746
656 235
597 656
23 687
666 299
448 227
616 274
440 726
102 309
77 666
792 380
629 448
321 282
683 144
47 683
672 23
96 666
630 792
516 629
469 672
14 469
462 321
425 96
435 516
691 440
403 96
565 597
622 565
400 691
173 96
383 565
711 4
411 462
31 622
593 435
32 411
720 469
305 744
329 630
755 329
724 629
386 411
101 96
134 305
247 329
199 593
345 31
311 711
494 311
671 400
663 134
230 305
428 720
364 383
10 364
529 101
471 671
783 329
75 101
245 529
67 247
239 10
750 75
404 724
143 471
645 67
342 403
571 720
433 67
217 342
172 134
617 724
573 750
285 411
458 239
33 458
120 494
109 199
3 783
242 10
756 471
153 239
289 428
734 289
673 734
164 750
63 571
752 120
484 75
8 109
791 285
184 711
632 342
197 285
461 8
176 404
418 428
501 120
382 109
733 120
405 458
624 33
679 733
716 197
54 418
703 791
489 54
87 703
554 716
674 716
650 164
267 433
721 674
396 405
76 733
85 721
790 554
17 703
61 679
270 342
698 650
323 624
443 674
381 650
287 461
240 396
503 172
608 443
409 790
540 698
140 382
613 703
784 287
182 613
481 140
336 182
465 489
541 501
463 489
542 381
36 541
237 3
736 396
480 721
159 336
280 267
467 280
688 503
776 688
263 467
106 540
59 503
648 336
441 443
127 540
514 287
782 688
349 159
155 349
592 127
363 237
110 592
497 155
655 463
478 480
427 782
454 59
160 514
713 427
611 363
416 478
423 465
55 454
193 454
307 159
198 280
122 423
437 782
453 427
83 592
485 155
360 55
100 122
284 592
727 480
169 514
599 100
707 307
559 83
619 360
73 59
131 707
135 453
264 198
50 284
488 423
603 264
40 110
426 453
331 611
322 453
89 497
505 727
95 40
113 73
332 437
72 505
163 89
535 619
288 331
748 332
252 707
456 252
112 264
684 599
477 112
614 505
528 488
298 528
374 684
343 332
46 456
15 535
232 477
741 535
576 684
520 89
354 322
569 232
794 40
269 72
757 374
585 741
493 757
22 535
523 794
487 113
530 493
749 113
544 343
606 354
373 569
490 288
187 95
111 749
600 269
168 530
524 111
424 757
351 748
577 424
742 269
647 373
344 424
568 424
45 741
717 577
300 524
551 168
730 344
389 647
583 46
598 22
526 351
786 717
28 187
798 786
712 187
778 598
44 232
261 742
737 44
41 45
718 45
793 544
496 41
393 168
271 523
194 232
589 786
392 798
9 487
13 793
16 271
395 496
0 778
584 9
738 742
486 194
451 300
626 737
627 712
415 738
754 568
669 738
241 738
350 526
62 13
319 392
308 16
743 415
49 583
234 451
475 717
306 486
563 778
765 626
130 451
705 718
175 563
116 415
661 393
594 241
772 705
789 743
105 584
777 563
326 526
445 743
695 49
107 738
91 486
207 475
297 44
654 789
133 654
219 594
572 661
27 319
640 62
545 234
146 705
325 572
504 308
787 107
615 91
763 116
739 207
644 772
398 107
419 777
6 486
167 754
512 419
125 615
605 504
139 695
201 627
310 765
189 139
436 545
214 398
216 419
719 739
758 189
421 640
314 763
211 787
515 62
513 214
185 350
385 421
773 139
567 125
537 325
708 207
124 545
78 201
482 185
165 185
223 739
255 419
550 310
98 605
358 223
641 223
275 421
132 207
459 201
401 385
507 644
582 132
552 216
200 189
715 605
429 201
500 275
142 421
521 550
301 552
476 552
625 185
248 521
372 165
195 132
532 507
312 625
180 537
51 132
226 500
595 500
366 708
278 226
690 248
556 567
229 78
177 552
609 476
414 124
35 177
228 180
575 142
25 366
37 429
508 556
353 25
491 532
81 51
157 81
74 715
662 278
391 195
79 609
618 550
509 79
231 366
30 625
147 532
82 690
547 595
413 547
279 508
174 609
34 509
771 414
525 491
511 509
151 231
330 491
745 195
378 330
646 37
90 547
410 30
660 575
473 353
561 715
333 231
39 74
66 174
375 508
631 745
536 30
236 79
769 236
313 662
431 313
328 646
379 313
119 35
170 525
658 39
220 379
479 333
438 328
533 536
442 646
685 660
788 685
233 473
38 39
539 788
795 313
114 479
604 658
578 442
103 442
11 658
224 103
474 38
670 539
664 38
221 533
570 438
171 474
126 103
281 313
751 171
324 170
767 114
518 171
612 324
408 221
69 670
553 114
19 795
317 69
136 69
202 317
256 224
566 570
652 612
286 664
181 256
225 553
667 566
587 136
260 408
258 612
209 518
602 258
94 181
394 566
213 181
60 286
335 587
399 260
731 667
699 209
649 335
510 649
761 213
610 731
276 649
728 610
24 699
549 209
387 610
527 24
249 24
251 761
412 251
709 510
156 335
517 549
137 276
642 517
522 251
370 731
158 510
348 137
470 348
68 761
668 549
434 348
205 434
208 137
53 470
212 668
250 68
93 642
531 250
676 348
468 250
735 212
558 53
162 205
464 434
64 212
292 464
65 68
191 558
188 558
759 531
498 64
361 498
700 498
356 498
339 498
450 492 417 154 722 548 555 272 
450 492
450 417
417 555
548 272
154 722
492 154
417 272
