? 8 450 492 154 417 555 722 548 272 
!
238 702 714 601 268 12 266 390 747 653 206 621 215 696 675 334 657 57 338 80 48 92 337 357 1 740 620 355 58 371 138 681 123 682 369 257 796 723 222 457 693 26 97 104 253 538 762 633 262 179 341 780 775 588 259 455 590 768 29 384 315 729 243 294 766 377 449 422 680 506 519 785 161 141 368 452 218 359 340 183 725 302 706 797 580 316 365 502 689 320 7 186 376 190 56 596 499 367 697 20 770 265 52 636 677 388 210 244 447 460 86 732 304 634 444 560 42 117 779 692 760 446 472 710 607 43 203 303 635 659 283 2 145 347 362 628 534 293 643 420 327 432 70 277 637 295 574 407 639 150 579 591 764 204 623 290 346 686 129 564 84 118 88 21 774 694 108 254 115 121 495 291 799 665 557 196 753 192 402 149 439 246 296 701 543 430 71 651 178 397 678 299 166 380 18 562 148 352 274 227 638 581 99 144 5 746 273 318 128 309 726 656 235 687 744 546 466 616 704 483 152 586 781 282 406 597 440 448 23 666 4 792 102 321 77 47 683 672 96 629 14 469 435 691 516 565 462 403 630 173 31 622 383 411 245 345 711 593 720 305 329 32 400 724 311 425 101 386 663 134 755 199 364 428 645 10 75 230 471 529 67 239 120 247 342 494 783 671 750 143 573 404 433 571 289 217 285 484 109 33 458 734 176 164 63 242 673 791 3 756 184 418 617 716 461 172 632 382 624 197 87 153 8 501 679 54 733 752 554 270 405 489 698 703 650 396 85 267 721 674 790 17 409 503 381 443 61 76 240 540 613 140 287 323 608 784 542 541 481 465 336 182 36 480 463 736 237 441 280 467 159 776 263 59 648 106 514 688 782 155 592 363 423 655 349 127 427 611 454 160 110 416 478 713 497 55 193 307 198 437 122 360 100 284 169 453 485 83 727 599 73 50 603 264 619 426 488 322 331 707 40 559 135 89 131 72 505 163 332 113 112 252 288 15 520 535 298 684 748 456 477 569 343 354 95 528 373 614 741 794 269 757 46 374 232 749 22 530 600 493 576 585 523 490 606 544 111 187 487 168 351 577 424 647 524 568 45 742 551 344 393 717 300 583 737 712 271 798 261 598 786 44 389 778 589 730 28 793 496 718 392 526 194 16 41 9 395 13 0 626 306 451 130 738 486 627 584 319 415 754 62 175 777 308 669 49 350 743 241 661 594 563 705 772 475 116 445 695 765 297 105 219 133 654 789 326 107 207 572 398 234 146 640 27 644 719 763 325 91 504 545 167 6 615 419 739 125 512 605 787 189 139 201 436 421 310 758 216 214 401 211 513 537 255 185 314 567 124 200 482 515 641 550 132 708 223 552 773 78 507 358 459 582 275 165 312 385 98 500 226 142 372 195 521 715 618 429 476 625 595 301 532 180 248 690 556 511 229 37 575 609 51 278 662 279 177 35 353 491 25 508 79 157 81 228 74 414 509 30 174 231 391 366 147 771 745 413 82 330 34 90 525 151 39 378 547 646 473 410 375 333 66 561 631 660 431 536 769 119 236 328 379 170 533 658 313 438 220 685 442 479 38 788 233 604 539 224 474 11 795 578 114 670 103 221 171 324 664 767 126 518 570 612 751 69 19 553 408 317 652 202 256 281 286 136 587 566 225 260 258 181 667 94 394 209 602 213 60 335 731 399 610 510 728 276 549 649 387 761 527 24 699 412 251 156 709 370 249 522 158 137 517 642 470 348 668 68 208 53 205 93 212 434 250 468 735 676 531 162 464 558 65 292 191 188 759 64 361 498 700 356 339 
238 702
714 238
601 238
268 714
12 268
266 268
390 12
747 601
653 12
206 268
621 266
215 747
696 215
675 621
334 621
657 696
57 621
338 653
80 657
48 57
92 334
337 657
357 92
1 48
740 1
620 80
355 57
58 337
371 620
138 58
681 357
123 355
682 123
369 371
257 681
796 257
723 123
222 257
457 369
693 369
26 457
97 796
104 26
253 104
538 796
762 222
633 723
262 104
179 58
341 179
780 762
775 262
588 682
259 253
455 588
590 723
768 538
29 780
384 768
315 633
729 384
243 768
294 768
766 455
377 262
449 243
422 384
680 766
506 422
519 588
785 775
161 680
141 680
368 785
452 243
218 519
359 519
340 785
183 422
725 161
302 315
706 218
797 368
580 797
316 725
365 519
502 422
689 706
320 302
7 340
186 302
376 797
190 365
56 320
596 183
499 502
367 56
697 320
20 596
770 365
265 365
52 141
636 697
677 636
388 265
210 376
244 388
447 388
460 499
86 388
732 210
304 20
634 7
444 677
560 444
42 20
117 52
779 388
692 86
760 779
446 760
472 692
710 732
607 117
43 460
203 444
303 42
635 367
659 472
283 760
2 634
145 2
347 760
362 304
628 659
534 659
293 472
643 362
420 43
327 560
432 444
70 643
277 2
637 635
295 70
574 710
407 347
639 303
150 639
579 574
591 574
764 637
204 277
623 150
290 623
346 295
686 579
129 2
564 295
84 628
118 764
88 564
21 564
774 290
694 129
108 694
254 88
115 129
121 591
495 84
291 290
799 295
665 204
557 254
196 764
753 108
192 291
402 254
149 799
439 115
246 192
296 495
701 196
543 402
430 296
71 439
651 665
178 651
397 430
678 121
299 121
166 402
380 397
18 651
562 18
148 678
352 246
274 149
227 397
638 71
581 299
99 274
144 149
5 274
746 678
273 18
318 581
128 178
309 638
726 18
656 274
235 656
687 309
744 144
546 701
466 397
616 274
704 546
483 746
152 318
586 318
781 152
282 128
406 192
597 235
440 726
448 227
23 152
666 299
4 166
792 448
102 309
321 282
77 666
47 235
683 47
672 23
96 77
629 448
14 23
469 672
435 704
691 440
516 435
565 99
462 321
403 96
630 466
173 96
31 565
622 565
383 565
411 462
245 173
345 565
711 4
593 435
720 469
305 711
329 630
32 411
400 691
724 629
311 711
425 173
101 173
386 411
663 305
134 663
755 329
199 593
364 383
428 720
645 329
10 364
75 101
230 305
471 400
529 75
67 645
239 10
120 311
247 67
342 428
494 311
783 329
671 471
750 75
143 471
573 750
404 724
433 247
571 720
289 428
217 428
285 411
484 75
109 199
33 239
458 10
734 342
176 404
164 75
63 571
242 458
673 342
791 285
3 783
756 671
184 711
418 734
617 433
716 285
461 109
172 305
632 418
382 461
624 230
197 716
87 791
153 663
8 382
501 494
679 501
54 418
733 679
752 501
554 716
270 734
405 33
489 54
698 164
703 791
650 750
396 458
85 197
267 433
721 85
674 721
790 554
17 703
409 554
503 172
381 650
443 674
61 679
76 61
240 396
540 698
613 17
140 382
287 461
323 624
608 721
784 287
542 650
541 679
481 140
465 54
336 63
182 613
36 76
480 608
463 540
736 396
237 736
441 480
280 267
467 280
159 336
776 503
263 467
59 776
648 465
106 463
514 287
688 776
782 61
155 336
592 542
363 237
423 648
655 423
349 159
127 592
427 782
611 363
454 59
160 514
110 592
416 608
478 416
713 427
497 648
55 454
193 454
307 159
198 280
437 713
122 423
360 55
100 122
284 110
169 514
453 36
485 155
83 110
727 441
599 100
73 193
50 284
603 198
264 603
619 360
426 453
488 122
322 426
331 363
707 307
40 110
559 50
135 322
89 488
131 307
72 727
505 727
163 89
332 437
113 73
112 603
252 707
288 264
15 619
520 163
535 619
298 488
684 599
748 332
456 252
477 112
569 477
343 332
354 322
95 40
528 298
373 569
614 505
741 535
794 40
269 72
757 684
46 252
374 684
232 373
749 113
22 535
530 757
600 269
493 757
576 374
585 741
523 794
490 288
606 354
544 343
111 113
187 95
487 749
168 530
351 354
577 528
424 757
647 373
524 111
568 424
45 585
742 505
551 530
344 568
393 187
717 577
300 524
583 252
737 647
712 187
271 523
798 717
261 600
598 22
786 798
44 737
389 647
778 598
589 798
730 568
28 712
793 544
496 45
718 45
392 798
526 351
194 389
16 271
41 496
9 487
395 496
13 793
0 778
626 737
306 194
451 300
130 451
738 742
486 194
627 393
584 9
319 589
415 738
754 568
62 13
175 778
777 778
308 16
669 738
49 583
350 271
743 415
241 738
661 627
594 241
563 0
705 395
772 705
475 319
116 743
445 743
695 49
765 626
297 765
105 584
219 594
133 49
654 133
789 743
326 526
107 738
207 475
572 661
398 107
234 130
146 772
640 62
27 319
644 772
719 572
763 116
325 661
91 389
504 308
545 451
167 754
6 306
615 91
419 777
739 207
125 615
512 419
605 504
787 107
189 49
139 189
201 627
436 545
421 640
310 765
758 189
216 419
214 398
401 326
211 787
513 214
537 325
255 419
185 350
314 787
567 125
124 436
200 189
482 185
515 421
641 739
550 310
132 207
708 641
223 641
552 216
773 189
78 201
507 146
358 739
459 201
582 132
275 421
165 326
312 185
385 515
98 312
500 385
226 515
142 421
372 482
195 27
521 550
715 98
618 550
429 201
476 552
625 482
595 275
301 552
532 301
180 537
248 310
690 248
556 550
511 615
229 180
37 429
575 436
609 511
51 132
278 226
662 278
279 556
177 532
35 177
353 641
491 532
25 223
508 279
79 609
157 51
81 51
228 180
74 98
414 124
509 511
30 625
174 609
231 25
391 195
366 231
147 177
771 414
745 391
413 662
82 690
330 532
34 509
90 595
525 330
151 231
39 74
378 330
547 595
646 37
473 353
410 30
375 508
333 180
66 174
561 39
631 745
660 771
431 547
536 30
769 79
119 66
236 769
328 646
379 431
170 525
533 536
658 39
313 379
438 328
220 379
685 660
442 646
479 438
38 658
788 685
233 473
604 39
539 685
224 442
474 38
11 658
795 313
578 442
114 479
670 539
103 224
221 220
171 474
324 170
664 224
767 233
126 442
518 474
570 438
612 324
751 171
69 670
19 795
553 114
408 221
317 69
652 612
202 317
256 126
281 19
286 664
136 670
587 136
566 438
225 553
260 19
258 317
181 256
667 225
94 256
394 667
209 751
602 258
213 181
60 209
335 587
731 566
399 260
610 731
510 335
728 610
276 510
549 209
649 510
387 610
761 549
527 209
24 527
699 527
412 728
251 761
156 510
709 510
370 387
249 527
522 251
158 709
137 276
517 549
642 24
470 399
348 137
668 517
68 251
208 158
53 470
205 348
93 642
212 93
434 205
250 251
468 68
735 212
676 434
531 250
162 348
464 434
558 53
65 468
292 464
191 558
188 191
759 531
64 531
361 531
498 759
700 361
356 498
339 759
450 492 154 417 555 722 548 272 
450 492
450 417
417 555
548 272
154 722
492 154
417 272
