? 12 356 738 264 74 683 503 70 424 12 770 96 21 
? 12 49 559 244 676 151 513 85 798 590 614 268 546 
? 11 167 515 777 565 407 5 509 216 3 667 417 
? 10 275 288 287 755 504 372 411 756 724 278 
? 7 598 672 621 526 95 178 397 
? 6 449 502 60 112 274 368 
? 6 113 218 349 396 753 261 
? 5 250 484 50 133 789 
? 4 496 570 339 296 
? 4 227 713 448 640 
? 4 292 311 701 423 
? 3 305 775 462 
!
328 644 86 618 159 335 457 352 265 331 329 443 589 351 172 198 238 477 175 508 144 661 611 9 778 479 327 791 289 293 1 
328 644
86 328
618 328
159 328
335 86
457 159
352 644
265 352
331 328
329 618
443 265
589 352
351 644
172 618
198 457
238 443
477 644
175 86
508 198
144 198
661 618
611 172
9 172
778 443
479 198
327 508
791 479
289 611
293 9
1 175
391 689 712 23 786 450 126 266 202 635 748 673 168 363 768 297 571 247 142 242 704 596 229 48 634 173 128 252 118 490 
391 689
712 391
23 689
786 712
450 689
126 786
266 712
202 450
635 450
748 450
673 450
168 450
363 673
768 673
297 768
571 748
247 297
142 673
242 247
704 673
596 571
229 571
48 229
634 142
173 142
128 48
252 571
118 128
490 173
305 775 462 
775 462
305 775
292 311 701 423 
292 701
292 311
311 423
170 653 
170 653
113 218 349 396 753 261 
113 349
113 218
218 396
396 753
349 261
167 515 777 565 407 5 509 216 3 667 417 
777 509
167 509
565 407
216 3
515 565
515 667
667 417
167 3
777 667
5 417
285 506 
285 506
160 466 602 362 32 101 413 291 499 681 212 435 703 71 124 428 657 18 455 675 11 695 390 792 500 788 585 19 
160 466
602 160
362 466
32 160
101 160
413 32
291 362
499 160
681 101
212 160
435 362
703 101
71 160
124 413
428 681
657 703
18 160
455 657
675 291
11 681
695 657
390 32
792 681
500 695
788 695
585 792
19 675
440 445 40 521 83 138 612 594 431 782 130 654 692 354 36 277 531 779 
440 445
40 440
521 440
83 40
138 521
612 445
594 445
431 445
782 40
130 431
654 40
692 445
354 40
36 40
277 445
531 130
779 354
186 553 420 511 344 684 523 205 532 364 430 574 213 295 718 708 361 700 467 399 332 152 587 26 650 
186 553
420 553
511 420
344 553
684 553
523 511
205 186
532 186
364 523
430 364
574 523
213 553
295 205
718 511
708 430
361 574
700 574
467 708
399 708
332 700
152 361
587 295
26 430
650 205
69 752 314 666 45 578 608 682 387 304 10 629 609 637 80 736 794 426 561 749 697 
69 752
314 752
666 752
45 752
578 69
608 752
682 314
387 752
304 387
10 45
629 387
609 69
637 608
80 10
736 637
794 637
426 637
561 45
749 794
697 629
16 370 92 478 542 15 774 257 568 235 386 14 203 181 664 599 439 348 459 84 136 429 53 284 569 710 799 652 
16 370
92 16
478 16
542 370
15 542
774 15
257 92
568 478
235 92
386 478
14 92
203 16
181 14
664 542
599 478
439 92
348 14
459 542
84 478
136 84
429 257
53 386
284 664
569 348
710 542
799 710
652 429
669 
8 597 678 421 302 47 246 551 316 234 254 433 359 586 688 87 
8 597
678 8
421 597
302 597
47 421
246 302
551 302
316 421
234 47
254 246
433 302
359 678
586 302
688 47
87 421
49 559 244 676 151 513 85 798 590 614 268 546 
559 268
49 559
513 614
676 798
676 85
513 546
49 244
244 513
244 151
798 546
590 546
183 790 693 38 29 707 208 451 338 437 373 191 797 656 334 699 560 343 383 319 
183 790
693 183
38 790
29 693
707 38
208 707
451 183
338 790
437 707
373 707
191 38
797 29
656 693
334 790
699 38
560 707
343 29
383 38
319 707
529 
153 185 
153 185
416 691 7 2 199 780 583 686 256 698 674 418 34 734 567 626 606 610 458 94 562 68 400 651 30 717 378 716 460 59 402 225 475 355 793 517 375 762 744 129 745 353 271 679 591 486 759 481 658 307 374 117 
416 691
7 691
2 7
199 416
780 416
583 7
686 199
256 416
698 686
674 199
418 256
34 698
734 256
567 734
626 674
606 7
610 734
458 698
94 418
562 34
68 674
400 780
651 610
30 94
717 606
378 674
716 583
460 583
59 674
402 199
225 68
475 686
355 674
793 475
517 717
375 734
762 68
744 651
129 698
745 793
353 717
271 626
679 734
591 129
486 606
759 674
481 375
658 475
307 68
374 651
117 460
622 665 412 154 115 620 65 98 231 471 219 180 377 272 184 627 630 176 4 17 625 200 741 540 236 556 260 601 367 221 222 143 207 727 663 623 63 131 204 103 470 193 150 757 52 773 
622 665
412 665
154 665
115 665
620 154
65 154
98 620
231 620
471 98
219 231
180 219
377 180
272 219
184 219
627 184
630 184
176 219
4 620
17 154
625 219
200 219
741 630
540 627
236 4
556 219
260 627
601 627
367 236
221 741
222 367
143 367
207 556
727 540
663 627
623 222
63 630
131 143
204 222
103 236
470 601
193 143
150 221
757 221
52 103
773 52
253 376 785 91 55 404 233 62 365 125 408 763 135 290 510 639 474 636 187 687 525 441 549 393 162 201 401 6 209 516 174 588 705 211 379 315 43 548 75 743 524 66 165 649 476 166 394 776 228 317 
253 376
785 253
91 253
55 376
404 55
233 91
62 404
365 91
125 55
408 233
763 125
135 376
290 365
510 404
639 408
474 55
636 404
187 135
687 636
525 135
441 125
549 639
393 763
162 763
201 393
401 55
6 62
209 233
516 636
174 687
588 474
705 687
211 588
379 393
315 162
43 705
548 588
75 636
743 174
524 211
66 705
165 525
649 687
476 705
166 524
394 524
776 201
228 705
317 705
82 533 539 54 564 581 243 369 796 182 195 88 93 747 453 76 226 541 388 557 501 461 711 239 771 547 381 81 680 189 22 543 61 157 325 746 558 482 795 632 313 489 766 258 276 731 603 210 163 645 385 106 206 24 294 723 107 
82 533
539 82
54 82
564 54
581 54
243 581
369 564
796 564
182 564
195 54
88 182
93 182
747 564
453 88
76 453
226 88
541 88
388 76
557 88
501 388
461 557
711 501
239 88
771 76
547 88
381 88
81 239
680 81
189 501
22 93
543 76
61 680
157 461
325 88
746 157
558 61
482 61
795 482
632 157
313 461
489 61
766 313
258 461
276 157
731 189
603 632
210 766
163 489
645 632
385 210
106 210
206 210
24 276
294 210
723 632
107 482
109 552 148 659 617 97 78 215 520 102 436 537 519 468 582 624 220 298 403 398 530 108 121 607 188 259 395 730 273 51 57 279 145 737 662 90 432 643 732 507 
109 552
148 109
659 109
617 109
97 109
78 552
215 659
520 659
102 97
436 552
537 78
519 102
468 109
582 215
624 519
220 617
298 102
403 102
398 298
530 403
108 403
121 148
607 220
188 148
259 188
395 220
730 78
273 730
51 273
57 659
279 102
145 57
737 273
662 215
90 519
432 737
643 215
732 624
507 298
116 340 498 58 405 321 483 77 324 719 754 161 555 312 197 415 141 638 127 631 783 303 
116 340
498 340
58 116
405 58
321 340
483 340
77 405
324 498
719 483
754 719
161 754
555 498
312 719
197 555
415 555
141 197
638 415
127 141
631 127
783 127
303 783
576 722 781 646 371 592 46 550 660 309 196 323 330 472 79 446 671 714 
576 722
781 722
646 722
371 722
592 781
46 371
550 576
660 592
309 592
196 371
323 309
330 371
472 330
79 330
446 660
671 446
714 446
119 342 488 628 341 729 505 326 240 42 452 25 73 495 346 169 572 765 230 702 406 382 380 308 633 31 123 444 709 715 595 536 772 245 366 473 177 725 357 13 696 120 750 155 760 322 534 545 573 262 648 64 267 358 425 194 360 
119 342
488 342
628 488
341 488
729 488
505 729
326 119
240 488
42 342
452 326
25 240
73 729
495 729
346 729
169 452
572 341
765 169
230 341
702 452
406 346
382 702
380 73
308 25
633 326
31 169
123 73
444 326
709 444
715 31
595 452
536 25
772 452
245 25
366 240
473 169
177 444
725 308
357 702
13 357
696 452
120 25
750 73
155 346
760 772
322 444
534 696
545 709
573 772
262 572
648 772
64 473
267 709
358 573
425 709
194 534
360 262
356 738 264 74 683 503 70 424 12 770 96 21 
264 424
683 503
356 74
12 770
74 683
356 738
12 96
264 70
356 264
503 96
738 21
512 
171 336 480 320 497 306 464 438 37 263 232 286 337 577 758 347 615 613 122 41 447 593 721 67 139 764 100 140 
171 336
480 336
320 336
497 480
306 480
464 480
438 336
37 464
263 320
232 464
286 232
337 497
577 37
758 480
347 438
615 263
613 347
122 263
41 464
447 122
593 286
721 286
67 263
139 593
764 613
100 41
140 593
275 288 287 755 504 372 411 756 724 278 
275 288
287 724
372 411
275 287
372 756
504 372
287 755
287 756
504 278
227 713 448 640 
227 713
713 640
227 448
299 
496 570 339 296 
570 296
496 296
496 339
250 484 50 133 789 
250 133
484 789
250 50
50 789
149 282 33 463 310 494 720 301 156 224 735 527 767 39 544 784 281 584 739 434 469 345 114 237 248 427 670 
149 282
33 149
463 282
310 149
494 149
720 33
301 149
156 494
224 282
735 224
527 156
767 494
39 735
544 735
784 720
281 224
584 463
739 720
434 310
469 735
345 281
114 735
237 735
248 237
427 494
670 114
134 751 270 535 0 538 280 493 575 217 619 111 761 787 728 733 706 514 655 419 251 
134 751
270 134
535 134
0 270
538 270
280 270
493 0
575 0
217 493
619 0
111 619
761 619
787 111
728 787
733 619
706 787
514 619
655 787
419 514
251 419
27 410 333 72 214 566 104 454 44 179 518 422 389 726 392 492 
27 410
333 410
72 410
214 410
566 410
104 27
454 72
44 454
179 44
518 44
422 518
389 27
726 389
392 179
492 726
449 502 60 112 274 368 
449 502
112 368
449 60
60 112
274 368
491 605 600 580 223 563 485 465 668 642 300 137 56 456 158 164 
491 605
600 605
580 605
223 600
563 223
485 600
465 491
668 465
642 465
300 605
137 580
56 465
456 600
158 137
164 580
528 690 35 579 487 146 641 522 249 190 414 241 192 384 647 110 350 132 283 269 
528 690
35 690
579 528
487 35
146 35
641 690
522 528
249 690
190 690
414 528
241 146
192 690
384 35
647 146
110 522
350 414
132 190
283 146
269 522
28 89 255 742 694 740 685 105 99 442 20 769 616 554 604 409 147 677 318 
28 89
255 28
742 28
694 742
740 694
685 740
105 685
99 685
442 99
20 685
769 742
616 20
554 99
604 105
409 604
147 409
677 604
318 147
598 672 621 526 95 178 397 
598 672
672 621
178 397
598 95
672 397
526 397
