!
548 588 211 621 598 672 549 408 233 526 474 490 639 209 365 524 95 173 529 91 153 394 397 166 185 178 634 785 62 55 253 
548 588
211 548
621 548
598 588
672 548
549 588
408 211
233 408
526 588
474 233
490 526
639 588
209 639
365 588
524 211
95 588
173 588
529 524
91 474
153 529
394 153
397 394
166 588
185 211
178 397
634 178
785 91
62 785
55 62
253 55
186 553 420 523 684 205 364 511 344 532 430 574 295 399 467 104 708 506 213 587 718 361 27 410 152 700 332 254 26 465 
186 553
420 553
523 553
684 553
205 186
364 186
511 420
344 186
532 553
430 186
574 430
295 553
399 295
467 186
104 186
708 553
506 553
213 553
587 553
718 511
361 186
27 553
410 27
152 420
700 152
332 700
254 332
26 553
465 26
66 151 79 
66 151
79 151
72 333 650 518 
72 333
650 333
518 72
375 433 
375 433
250 484 133 50 789 470 
250 484
133 484
50 484
789 50
470 484
147 318 5 777 565 407 21 167 274 502 509 
147 318
5 318
777 5
565 147
407 318
21 318
167 318
274 167
502 274
509 502
6 546 
6 546
16 370 92 542 235 478 774 429 386 14 568 252 15 257 203 53 136 181 459 569 348 710 535 664 217 270 733 652 
16 370
92 16
542 370
235 370
478 16
774 370
429 370
386 16
14 386
568 370
252 370
15 370
257 16
203 370
53 16
136 92
181 370
459 16
569 136
348 569
710 370
535 710
664 92
217 535
270 664
733 370
652 270
491 605 580 300 600 563 485 223 668 642 451 29 214 343 164 137 456 158 
491 605
580 605
300 491
600 605
563 491
485 605
223 491
668 491
642 580
451 605
29 491
214 491
343 605
164 642
137 580
456 343
158 137
171 336 480 320 497 306 438 37 464 232 263 337 286 577 758 255 67 593 615 721 100 122 140 139 41 
171 336
480 336
320 336
497 171
306 480
438 336
37 480
464 37
232 480
263 306
337 232
286 464
577 337
758 577
255 286
67 263
593 255
615 593
721 67
100 615
122 721
140 100
139 140
41 139
10 45 666 682 752 314 80 69 561 426 609 629 637 387 736 697 304 578 608 667 417 
10 45
666 45
682 10
752 45
314 752
80 666
69 314
561 10
426 561
609 666
629 666
637 426
387 666
736 637
697 80
304 666
578 666
608 578
667 387
417 697
160 466 602 362 32 413 291 101 792 390 681 19 435 703 499 788 455 657 428 695 675 11 512 212 323 124 646 350 
160 466
602 160
362 602
32 160
413 32
291 466
101 160
792 101
390 160
681 160
19 160
435 602
703 160
499 602
788 160
455 160
657 455
428 160
695 160
675 602
11 499
512 675
212 602
323 695
124 602
646 124
350 11
427 
576 722 781 592 439 46 18 550 585 500 446 671 653 244 396 559 
576 722
781 576
592 781
439 722
46 781
18 576
550 722
585 550
500 722
446 576
671 446
653 576
244 46
396 781
559 244
40 440 83 654 354 594 36 279 269 96 132 779 
40 440
83 40
654 40
354 654
594 354
36 83
279 83
269 279
96 83
132 83
779 96
358 573 194 312 114 670 648 544 469 735 345 39 463 281 224 248 282 719 237 527 
358 573
194 358
312 573
114 312
670 114
648 194
544 670
469 544
735 469
345 735
39 345
463 39
281 463
224 281
248 224
282 248
719 282
237 719
527 237
299 
669 724 
669 724
119 342 488 628 326 505 729 240 341 452 73 25 382 42 346 495 572 155 169 702 406 536 765 760 230 31 123 308 444 425 633 709 784 177 545 595 366 473 696 725 584 245 357 715 360 534 750 380 120 13 262 772 
119 342
488 342
628 119
326 342
505 488
729 488
240 505
341 729
452 119
73 488
25 240
382 119
42 342
346 73
495 346
572 341
155 572
169 488
702 119
406 488
536 25
765 702
760 765
230 406
31 169
123 31
308 536
444 119
425 444
633 342
709 119
784 709
177 784
545 177
595 119
366 308
473 595
696 473
725 366
584 119
245 725
357 119
715 123
360 230
534 715
750 495
380 750
120 245
13 357
262 360
772 534
328 644 86 618 335 159 329 352 457 661 589 265 443 172 508 198 611 9 175 555 479 144 238 331 778 351 327 791 145 477 57 1 289 434 293 494 116 310 301 767 340 156 58 498 659 188 
328 644
86 328
618 644
335 328
159 328
329 644
352 644
457 86
661 352
589 644
265 86
443 265
172 644
508 457
198 508
611 172
9 611
175 328
555 198
479 555
144 644
238 443
331 86
778 238
351 778
327 479
791 327
145 351
477 791
57 145
1 331
289 57
434 328
293 644
494 477
116 1
310 494
301 310
767 301
340 116
156 340
58 328
498 58
659 289
188 659
82 533 539 54 581 564 369 195 182 88 796 243 453 501 557 76 388 541 461 711 543 547 239 771 747 325 189 746 157 632 313 276 258 731 766 645 206 210 603 723 385 106 448 423 292 294 757 24 311 701 
82 533
539 82
54 539
581 54
564 539
369 539
195 539
182 564
88 182
796 369
243 88
453 243
501 453
557 195
76 501
388 76
541 557
461 541
711 388
543 711
547 581
239 461
771 543
747 239
325 547
189 771
746 325
157 746
632 157
313 632
276 313
258 276
731 189
766 731
645 766
206 645
210 206
603 210
723 603
385 723
106 385
448 106
423 258
292 448
294 423
757 292
24 294
311 24
701 311
622 665 412 115 620 154 98 231 65 471 219 163 482 795 180 377 625 184 489 4 61 176 680 540 272 627 236 630 741 17 381 558 260 200 367 107 556 601 222 207 63 71 221 727 143 93 623 22 131 170 103 204 150 663 81 193 226 
622 665
412 622
115 665
620 412
154 620
98 665
231 154
65 412
471 622
219 231
163 665
482 163
795 482
180 219
377 65
625 412
184 377
489 795
4 625
61 489
176 184
680 61
540 176
272 4
627 540
236 622
630 627
741 630
17 180
381 622
558 381
260 741
200 272
367 200
107 260
556 17
601 107
222 367
207 556
63 601
71 207
221 63
727 222
143 727
93 558
623 143
22 93
131 623
170 131
103 170
204 71
150 221
663 150
81 22
193 204
226 81
109 552 148 617 102 97 215 78 403 468 519 520 298 220 43 121 398 582 108 90 317 530 737 395 436 537 624 643 662 51 197 259 507 273 732 730 476 607 268 631 
109 552
148 109
617 148
102 552
97 552
215 552
78 148
403 552
468 552
519 552
520 78
298 519
220 552
43 148
121 552
398 109
582 148
108 398
90 108
317 520
530 148
737 43
395 90
436 530
537 317
624 395
643 582
662 624
51 737
197 643
259 148
507 436
273 51
732 507
730 273
476 259
607 197
268 730
631 607
528 690 35 579 487 146 641 249 190 753 414 110 656 241 12 384 522 797 647 693 283 338 
528 690
35 690
579 690
487 690
146 35
641 690
249 690
190 690
753 690
414 528
110 690
656 35
241 146
12 690
384 35
522 690
797 690
647 241
693 647
283 693
338 797
8 492 597 47 372 234 278 302 678 389 288 726 421 246 551 316 586 359 
8 492
597 8
47 8
372 47
234 597
278 8
302 597
678 8
389 678
288 234
726 389
421 597
246 302
551 597
316 551
586 246
359 288
416 691 2 7 199 583 686 780 34 256 674 698 418 626 567 734 378 94 460 458 68 651 400 610 716 225 355 475 562 744 793 606 402 30 517 658 129 486 762 271 745 353 59 759 717 591 117 679 481 347 604 392 374 44 515 422 179 
416 691
2 691
7 2
199 416
583 2
686 199
780 691
34 2
256 780
674 416
698 34
418 416
626 418
567 583
734 567
378 626
94 734
460 2
458 698
68 378
651 460
400 691
610 651
716 610
225 416
355 225
475 355
562 2
744 716
793 475
606 2
402 793
30 94
517 606
658 402
129 562
486 517
762 658
271 30
745 762
353 458
59 745
759 59
717 129
591 717
117 744
679 271
481 679
347 591
604 759
392 347
374 117
44 392
515 481
422 44
179 353
636 687 125 404 705 174 516 401 376 649 228 510 
636 687
125 687
404 636
705 687
174 125
516 705
401 516
376 125
649 174
228 687
510 376
192 
712 786 391 689 126 23 266 635 450 202 748 247 768 673 168 297 571 363 242 48 142 704 596 229 128 118 599 84 
712 786
391 712
689 391
126 786
23 391
266 126
635 266
450 23
202 450
748 202
247 635
768 748
673 247
168 768
297 168
571 297
363 673
242 363
48 571
142 242
704 142
596 704
229 48
128 229
118 128
599 596
84 599
60 449 112 462 570 216 285 339 3 368 
60 449
112 60
462 112
570 462
216 449
285 112
339 112
3 285
368 3
85 261 75 590 
85 261
75 85
590 85
52 
305 775 496 296 
305 775
496 775
296 496
411 713 227 87 640 
411 713
227 713
87 713
640 713
127 783 424 303 141 739 683 503 74 431 720 130 531 264 322 267 764 613 738 356 692 149 70 445 33 277 782 
127 783
424 783
303 783
141 127
739 127
683 783
503 424
74 424
431 74
720 127
130 431
531 130
264 424
322 720
267 322
764 264
613 424
738 613
356 738
692 356
149 267
70 424
445 531
33 149
277 692
782 445
134 751 799 575 0 538 280 728 493 619 787 514 111 655 761 284 706 251 419 773 309 
134 751
799 751
575 134
0 575
538 0
280 538
728 280
493 728
619 493
787 619
514 787
111 514
655 111
761 655
284 761
706 284
251 706
419 251
773 419
309 773
330 513 349 472 196 798 371 218 113 614 676 770 660 49 714 432 
330 513
349 513
472 330
196 330
798 349
371 330
218 349
113 218
614 513
676 798
770 513
660 330
49 676
714 49
432 513
275 287 755 756 504 688 
275 287
755 275
756 287
504 275
688 275
638 776 201 165 393 415 187 135 379 763 743 315 162 441 525 290 
638 776
201 638
165 776
393 201
415 201
187 201
135 201
379 415
763 135
743 379
315 743
162 187
441 763
525 201
290 162
28 89 742 694 447 740 442 685 99 105 769 20 616 64 307 554 749 409 794 677 
28 89
742 28
694 742
447 742
740 694
442 742
685 740
99 685
105 447
769 105
20 99
616 20
64 89
307 769
554 442
749 742
409 554
794 749
677 409
38 707 383 191 790 437 183 208 560 319 699 373 612 138 334 454 521 56 566 
38 707
383 38
191 707
790 707
437 707
183 38
208 707
560 38
319 707
699 383
373 707
612 707
138 707
334 38
454 383
521 707
56 699
566 383
77 321 405 161 754 483 324 
77 321
405 77
161 77
754 161
483 754
324 483
