? 12 40 440 521 83 654 354 138 779 612 594 269 218 
? 12 49 714 559 244 676 671 79 798 432 513 66 446 
? 11 491 605 223 580 465 642 485 563 300 164 467 
? 10 490 526 598 178 299 397 95 166 529 151 
? 7 372 756 227 287 688 311 294 
? 6 72 454 518 333 56 699 
? 6 379 638 293 261 546 614 
? 5 288 359 411 389 678 
? 4 318 667 554 21 
? 4 515 565 566 726 
? 4 113 349 268 396 
? 3 87 423 701 
!
160 466 362 602 32 291 413 101 499 681 390 435 71 623 703 792 512 500 212 675 18 11 695 657 788 124 428 323 585 455 653 
160 466
362 466
602 466
32 160
291 466
413 32
101 160
499 101
681 101
390 160
435 291
71 160
623 160
703 101
792 101
512 466
500 413
212 101
675 291
18 101
11 681
695 32
657 703
788 695
124 695
428 675
323 500
585 11
455 695
653 500
712 786 391 689 126 266 23 450 247 202 635 748 297 168 673 768 363 571 242 48 704 142 229 596 128 118 634 173 84 599 
712 786
391 712
689 391
126 786
266 689
23 689
450 689
247 126
202 689
635 391
748 450
297 748
168 297
673 450
768 297
363 297
571 297
242 202
48 297
704 673
142 704
229 768
596 363
128 229
118 128
634 142
173 142
84 704
599 596
87 423 701 
87 701
87 423
113 349 268 396 
113 349
113 396
349 268
131 193 
131 193
379 638 293 261 546 614 
546 614
638 293
379 638
379 261
261 546
491 605 223 580 465 642 485 563 300 164 467 
223 580
491 580
605 223
580 300
465 642
605 563
465 467
491 465
485 563
563 164
206 448 
206 448
186 553 420 511 364 205 523 684 574 344 430 532 295 708 718 700 399 213 361 152 104 332 27 410 254 650 26 587 
186 553
420 553
511 420
364 553
205 553
523 364
684 553
574 523
344 574
430 364
532 205
295 205
708 205
718 420
700 523
399 205
213 430
361 574
152 574
104 295
332 152
27 205
410 27
254 420
650 410
26 430
587 295
514 619 761 419 270 0 493 575 251 280 284 52 773 217 170 535 751 134 
514 619
761 619
419 514
270 619
0 761
493 0
575 0
251 419
280 493
284 419
52 514
773 419
217 619
170 52
535 280
751 535
134 751
16 370 92 542 15 478 252 386 774 257 203 14 136 181 429 728 459 568 53 710 592 569 348 235 664 
16 370
92 16
542 370
15 542
478 16
252 16
386 478
774 370
257 542
203 16
14 92
136 478
181 14
429 92
728 429
459 257
568 92
53 136
710 774
592 257
569 136
348 14
235 92
664 728
69 752 578 314 45 609 682 304 666 608 736 637 387 10 561 426 794 749 697 629 80 
69 752
578 69
314 752
45 752
609 752
682 752
304 69
666 682
608 69
736 608
637 608
387 682
10 45
561 45
426 637
794 637
749 794
697 637
629 682
80 45
328 644 86 618 335 159 457 329 352 331 589 265 661 198 443 172 611 175 9 351 508 479 238 778 144 327 791 1 
328 644
86 328
618 644
335 328
159 86
457 159
329 328
352 618
331 644
589 618
265 352
661 644
198 457
443 618
172 443
611 661
175 159
9 172
351 9
508 198
479 198
238 443
778 443
144 479
327 508
791 198
1 175
799 
757 789 150 158 755 484 50 250 470 275 133 504 106 600 137 292 
757 789
150 789
158 789
755 158
484 150
50 158
250 158
470 789
275 755
133 158
504 275
106 275
600 250
137 158
292 275
49 714 559 244 676 671 79 798 432 513 66 446 
513 446
49 432
714 446
49 671
714 244
559 432
559 66
244 432
676 798
671 798
559 79
156 494 527 310 477 282 427 498 767 248 463 324 340 237 735 345 224 116 289 555 
156 494
527 156
310 156
477 156
282 310
427 527
498 527
767 310
248 427
463 282
324 498
340 498
237 248
735 248
345 248
224 735
116 340
289 767
555 310
590 
669 724 
669 724
622 665 412 154 620 115 231 98 65 471 219 163 377 482 625 489 180 4 17 61 630 184 680 272 236 176 741 795 260 367 93 540 627 601 200 381 558 207 556 221 143 22 663 222 727 107 63 325 226 103 204 81 
622 665
412 622
154 622
620 622
115 620
231 620
98 412
65 620
471 154
219 231
163 154
377 219
482 163
625 231
489 163
180 231
4 231
17 219
61 163
630 377
184 377
680 489
272 219
236 4
176 154
741 630
795 489
260 741
367 236
93 680
540 219
627 630
601 627
200 540
381 163
558 482
207 272
556 219
221 260
143 367
22 558
663 601
222 143
727 556
107 741
63 741
325 93
226 93
103 236
204 207
81 226
253 376 785 91 55 62 233 404 365 408 763 474 510 125 636 290 187 525 135 639 687 401 441 393 162 315 201 165 705 174 516 209 6 548 588 211 672 185 549 524 394 415 75 621 776 153 
253 376
785 253
91 253
55 376
62 91
233 91
404 55
365 785
408 233
763 376
474 408
510 55
125 404
636 125
290 55
187 290
525 763
135 763
639 408
687 125
401 55
441 55
393 763
162 441
315 393
201 135
165 201
705 687
174 687
516 55
209 233
6 687
548 408
588 548
211 588
672 588
185 211
549 233
524 209
394 524
415 393
75 687
621 548
776 201
153 394
109 552 148 617 398 659 97 78 102 215 108 537 436 519 607 220 121 43 624 298 520 403 259 468 730 395 782 279 188 582 228 476 317 57 649 36 90 530 51 507 743 273 145 737 732 197 662 631 303 85 
109 552
148 109
617 109
398 109
659 109
97 109
78 148
102 552
215 659
108 102
537 109
436 102
519 102
607 519
220 215
121 148
43 121
624 102
298 102
520 78
403 102
259 148
468 520
730 78
395 220
782 403
279 108
188 259
582 215
228 537
476 43
317 78
57 659
649 317
36 782
90 519
530 298
51 730
507 298
743 121
273 51
145 57
737 273
732 403
197 395
662 220
631 395
303 631
85 737
416 691 2 7 199 583 256 780 686 34 698 674 734 418 626 562 610 378 567 355 400 68 94 458 716 460 651 225 606 759 30 793 762 717 59 475 744 658 271 353 745 307 402 129 374 591 392 481 486 44 604 517 347 117 263 179 422 
416 691
2 691
7 2
199 416
583 7
256 416
780 416
686 199
34 686
698 686
674 199
734 780
418 256
626 674
562 698
610 734
378 256
567 610
355 686
400 2
68 674
94 418
458 34
716 610
460 583
651 610
225 68
606 460
759 225
30 94
793 68
762 674
717 562
59 94
475 793
744 567
658 793
271 94
353 717
745 225
307 762
402 225
129 698
374 651
591 129
392 591
481 94
486 34
44 717
604 225
517 460
347 129
117 716
263 793
179 392
422 717
82 533 539 54 581 564 796 243 369 182 195 88 541 747 388 501 557 76 453 711 461 547 239 771 189 746 157 543 276 632 731 258 766 313 645 723 210 385 603 24 
82 533
539 82
54 539
581 54
564 54
796 54
243 564
369 564
182 564
195 243
88 182
541 88
747 88
388 243
501 388
557 88
76 388
453 557
711 501
461 557
547 182
239 88
771 501
189 501
746 461
157 746
543 76
276 157
632 157
731 388
258 157
766 632
313 766
645 313
723 746
210 766
385 210
603 632
24 276
171 336 480 320 438 306 464 232 37 337 286 577 615 758 122 139 593 67 100 41 255 721 
171 336
480 171
320 480
438 336
306 480
464 480
232 464
37 464
337 464
286 464
577 464
615 286
758 337
122 286
139 286
593 139
67 593
100 337
41 593
255 593
721 593
183 790 707 29 38 437 208 334 373 656 668 191 383 560 451 214 343 319 
183 790
707 790
29 183
38 707
437 183
208 38
334 790
373 208
656 183
668 29
191 38
383 38
560 373
451 29
214 191
343 451
319 191
119 342 488 628 505 729 326 240 341 452 495 572 25 13 73 346 169 42 230 584 382 633 702 380 406 31 595 308 765 444 784 709 760 123 536 473 725 715 772 497 613 366 177 357 155 750 534 696 245 120 648 194 358 262 425 360 64 
119 342
488 342
628 342
505 488
729 488
326 119
240 729
341 628
452 119
495 240
572 341
25 240
13 119
73 729
346 729
169 452
42 488
230 572
584 119
382 13
633 326
702 633
380 505
406 346
31 169
595 452
308 240
765 628
444 633
784 382
709 444
760 452
123 73
536 25
473 169
725 308
715 31
772 452
497 123
613 406
366 725
177 444
357 633
155 406
750 73
534 473
696 534
245 25
120 308
648 473
194 772
358 194
262 406
425 25
360 262
64 194
40 440 521 83 654 354 138 779 612 594 269 218 
779 594
83 654
269 218
440 612
40 440
138 612
521 83
521 612
354 779
40 354
354 218
278 
127 783 424 141 739 74 683 431 503 643 720 130 267 545 264 764 531 322 356 70 738 301 33 692 277 149 445 434 
127 783
424 783
141 127
739 141
74 424
683 127
431 683
503 424
643 127
720 739
130 431
267 739
545 267
264 431
764 264
531 431
322 720
356 264
70 74
738 356
301 720
33 720
692 130
277 74
149 33
445 130
434 301
490 526 598 178 299 397 95 166 529 151 
490 299
178 397
490 397
166 529
526 299
598 95
178 529
95 166
529 151
515 565 566 726 
515 565
565 726
566 726
19 
318 667 554 21 
318 667
318 21
318 554
288 359 411 389 678 
288 359
288 678
389 678
359 411
528 690 579 35 487 146 641 522 384 110 190 414 338 192 241 249 770 12 283 647 96 797 753 132 350 693 456 
528 690
579 690
35 690
487 35
146 35
641 579
522 690
384 146
110 528
190 487
414 110
338 146
192 690
241 487
249 35
770 110
12 690
283 146
647 241
96 190
797 487
753 110
132 192
350 414
693 283
456 693
60 449 502 509 112 368 496 3 285 462 339 167 216 296 274 506 679 777 375 570 417 
60 449
502 449
509 449
112 60
368 60
496 60
3 509
285 112
462 509
339 462
167 509
216 509
296 112
274 285
506 339
679 509
777 167
375 509
570 496
417 502
114 670 312 544 573 39 281 469 719 483 754 161 321 77 58 405 
114 670
312 670
544 312
573 670
39 114
281 544
469 281
719 39
483 281
754 719
161 754
321 483
77 321
58 77
405 77
72 454 518 333 56 699 
72 333
56 699
72 56
454 333
454 518
246 302 597 551 640 492 433 586 316 775 8 305 713 234 47 421 
246 302
597 302
551 302
640 551
492 597
433 302
586 246
316 551
775 246
8 597
305 246
713 316
234 8
47 713
421 47
576 722 781 439 652 655 550 371 196 46 646 787 309 111 660 706 330 733 472 538 
576 722
781 576
439 576
652 576
655 652
550 576
371 781
196 371
46 371
646 655
787 655
309 787
111 787
660 781
706 652
330 371
733 652
472 371
538 787
685 740 694 105 447 742 99 769 20 409 442 28 140 89 616 677 407 147 5 
685 740
694 740
105 685
447 740
742 447
99 694
769 685
20 99
409 740
442 20
28 742
140 28
89 28
616 409
677 409
407 409
147 677
5 407
372 756 227 287 688 311 294 
756 311
756 688
287 294
372 756
372 227
287 311
