? 12 598 621 490 526 95 529 166 153 446 79 714 671 
? 12 147 318 565 677 21 616 777 5 667 20 554 561 
? 11 343 456 223 600 250 563 451 790 797 133 183 
? 10 449 502 60 509 285 3 216 167 417 274 
? 7 372 756 227 688 47 87 411 
? 6 218 349 513 113 96 396 
? 6 275 288 755 359 504 724 
? 5 484 789 158 50 137 
? 4 72 117 650 437 
? 4 112 462 296 506 
? 4 311 423 701 421 
? 3 566 707 334 
!
712 786 391 689 126 23 266 202 450 247 635 748 768 297 673 571 363 168 242 48 229 142 704 596 128 118 634 173 599 84 568 
712 786
391 712
689 391
126 712
23 689
266 786
202 126
450 23
247 266
635 689
748 266
768 748
297 748
673 450
571 247
363 748
168 297
242 363
48 297
229 48
142 673
704 673
596 168
128 48
118 128
634 704
173 142
599 704
84 599
568 596
328 644 86 618 335 159 457 329 352 443 589 265 331 611 144 661 198 175 172 508 9 479 238 778 351 289 477 327 791 145 
328 644
86 328
618 644
335 644
159 328
457 328
329 328
352 618
443 352
589 618
265 443
331 265
611 644
144 328
661 618
198 457
175 159
172 443
508 198
9 172
479 198
238 443
778 238
351 172
289 611
477 479
327 508
791 479
145 611
566 707 334 
566 707
707 334
311 423 701 421 
311 421
423 421
311 701
316 669 
316 669
275 288 755 359 504 724 
275 288
275 359
359 504
275 755
755 724
343 456 223 600 250 563 451 790 797 133 183 
343 456
790 797
223 600
451 133
343 451
250 451
600 563
797 183
250 563
223 183
278 389 
278 389
16 92 370 235 478 257 542 136 14 252 53 774 429 181 592 728 348 15 538 569 203 439 459 386 706 664 550 652 
16 92
370 16
235 92
478 16
257 92
542 370
136 478
14 92
252 370
53 478
774 542
429 257
181 14
592 181
728 542
348 14
15 370
538 92
569 348
203 569
439 728
459 728
386 569
706 538
664 542
550 439
652 728
465 668 491 642 699 300 56 605 333 29 580 383 164 214 485 678 38 726 
465 668
491 465
642 465
699 668
300 465
56 699
605 491
333 668
29 491
580 491
383 699
164 642
214 56
485 580
678 642
38 383
726 678
171 336 480 320 438 337 347 758 262 613 764 356 264 738 70 424 518 179 74 503 783 683 409 267 463 
171 336
480 171
320 480
438 336
337 480
347 438
758 337
262 347
613 262
764 347
356 262
264 262
738 356
70 438
424 262
518 356
179 518
74 424
503 74
783 424
683 74
409 758
267 783
463 267
149 282 33 310 720 301 156 494 545 224 527 735 544 469 767 281 345 39 434 248 427 
149 282
33 149
310 149
720 149
301 310
156 310
494 156
545 282
224 282
527 156
735 224
544 735
469 735
767 301
281 735
345 224
39 281
434 301
248 281
427 494
160 466 362 32 602 499 101 413 681 435 291 703 124 18 792 71 428 657 675 323 695 390 788 11 646 212 19 500 
160 466
362 466
32 160
602 362
499 160
101 160
413 160
681 101
435 602
291 602
703 101
124 32
18 101
792 681
71 466
428 291
657 703
675 291
323 657
695 657
390 435
788 695
11 681
646 695
212 413
19 291
500 695
653 
246 302 551 433 597 586 8 640 496 305 492 775 339 234 570 713 
246 302
551 302
433 302
597 302
586 246
8 597
640 302
496 246
305 246
492 8
775 246
339 496
234 597
570 496
713 551
147 318 565 677 21 616 777 5 667 20 554 561 
616 20
677 20
5 561
318 667
147 318
777 667
616 554
147 5
677 21
565 21
318 21
69 752 45 608 666 314 609 578 736 426 629 682 10 637 304 387 697 794 749 80 
69 752
45 752
608 752
666 45
314 69
609 752
578 314
736 314
426 752
629 666
682 45
10 45
637 426
304 314
387 608
697 45
794 736
749 794
80 10
517 
470 512 
470 512
622 665 412 620 115 154 98 231 471 184 65 219 163 625 377 482 61 630 17 200 489 4 180 176 680 540 741 236 627 260 272 558 795 367 556 601 107 222 207 143 221 193 22 93 727 63 103 623 150 663 757 204 
622 665
412 622
620 412
115 665
154 412
98 154
231 620
471 665
184 665
65 115
219 231
163 665
625 219
377 471
482 163
61 163
630 471
17 219
200 625
489 61
4 219
180 154
176 219
680 61
540 219
741 630
236 625
627 630
260 741
272 184
558 163
795 680
367 236
556 540
601 540
107 558
222 4
207 222
143 222
221 260
193 222
22 795
93 680
727 556
63 260
103 236
623 367
150 221
663 260
757 221
204 222
253 376 785 91 55 233 404 763 62 636 290 365 408 510 125 162 135 525 474 687 441 187 6 639 672 393 201 549 401 705 211 588 185 209 743 151 548 394 516 379 315 174 75 524 415 649 
253 376
785 253
91 785
55 376
233 91
404 55
763 376
62 376
636 404
290 253
365 376
408 233
510 290
125 404
162 763
135 763
525 91
474 785
687 125
441 62
187 763
6 636
639 55
672 233
393 135
201 763
549 91
401 55
705 687
211 672
588 211
185 588
209 233
743 687
151 705
548 588
394 209
516 636
379 201
315 393
174 705
75 125
524 394
415 525
649 705
82 533 539 54 564 581 195 243 182 796 369 88 453 388 76 541 557 501 547 461 226 81 747 711 325 771 239 543 746 189 381 157 731 632 313 276 766 723 258 106 210 206 385 645 294 24 448 603 292 287 
82 533
539 82
54 539
564 54
581 54
195 533
243 539
182 564
796 564
369 564
88 182
453 182
388 796
76 388
541 88
557 88
501 76
547 541
461 557
226 182
81 88
747 564
711 501
325 81
771 76
239 88
543 388
746 557
189 501
381 81
157 461
731 771
632 157
313 76
276 313
766 632
723 766
258 157
106 766
210 766
206 210
385 210
645 766
294 210
24 294
448 106
603 313
292 632
287 294
416 691 7 2 199 583 780 686 674 698 256 458 34 734 626 562 418 567 716 610 68 400 651 475 378 94 460 744 30 793 355 225 606 271 759 717 59 486 402 422 407 129 762 375 481 44 745 591 353 515 679 392 658 307 769 604 374 
416 691
7 691
2 7
199 416
583 7
780 7
686 199
674 199
698 686
256 780
458 698
34 686
734 780
626 674
562 691
418 256
567 583
716 567
610 734
68 674
400 780
651 610
475 698
378 626
94 418
460 716
744 651
30 418
793 475
355 626
225 68
606 460
271 626
759 225
717 34
59 225
486 458
402 759
422 606
407 271
129 698
762 68
375 30
481 30
44 460
745 355
591 129
353 606
515 481
679 375
392 717
658 475
307 745
769 793
604 225
374 567
109 552 148 617 78 659 215 97 537 102 519 261 520 108 436 121 298 279 403 582 220 662 188 317 468 51 530 395 259 507 57 398 590 90 197 737 607 624 273 732 
109 552
148 552
617 109
78 148
659 109
215 659
97 78
537 552
102 109
519 102
261 552
520 537
108 519
436 102
121 148
298 102
279 298
403 102
582 215
220 215
662 220
188 121
317 78
468 537
51 298
530 51
395 220
259 188
507 298
57 659
398 298
590 51
90 519
197 395
737 51
607 519
624 398
273 51
732 108
576 722 781 371 655 585 350 46 455 196 472 309 733 787 414 660 111 330 251 284 753 419 
576 722
781 722
371 781
655 576
585 371
350 585
46 576
455 655
196 371
472 350
309 655
733 655
787 655
414 350
660 46
111 655
330 472
251 655
284 733
753 414
419 251
237 719 754 483 498 312 161 670 114 321 324 340 116 77 58 405 555 1 
237 719
754 719
483 719
498 483
312 237
161 754
670 312
114 312
321 498
324 498
340 498
116 340
77 321
58 116
405 77
555 498
1 58
119 342 488 628 505 326 240 495 729 42 452 341 73 584 765 346 633 169 25 245 13 230 406 595 702 31 572 380 382 123 709 308 444 784 357 760 715 177 366 725 534 772 358 155 648 696 750 473 194 322 64 425 536 120 497 573 360 
119 342
488 119
628 342
505 342
326 119
240 119
495 342
729 488
42 342
452 326
341 729
73 729
584 628
765 119
346 729
633 326
169 73
25 240
245 240
13 326
230 505
406 346
595 452
702 633
31 169
572 406
380 73
382 326
123 73
709 326
308 25
444 709
784 709
357 633
760 702
715 169
177 444
366 308
725 25
534 595
772 452
358 702
155 346
648 169
696 595
750 123
473 169
194 534
322 177
64 473
425 322
536 308
120 725
497 750
573 358
360 572
598 621 490 526 95 529 166 153 446 79 714 671 
598 621
446 714
529 166
529 153
166 79
598 95
490 526
714 671
490 153
95 166
79 671
368 
186 553 420 511 684 523 344 364 205 532 430 295 574 718 213 708 399 254 467 152 104 361 700 332 410 26 27 587 
186 553
420 553
511 420
684 553
523 420
344 553
364 186
205 186
532 186
430 364
295 205
574 523
718 511
213 430
708 430
399 205
254 523
467 708
152 574
104 295
361 574
700 574
332 152
410 295
26 430
27 410
587 27
449 502 60 509 285 3 216 167 417 274 
449 502
509 167
3 216
502 509
449 60
60 216
285 274
285 3
502 417
112 462 296 506 
462 296
112 462
112 506
132 
72 117 650 437 
72 117
650 437
72 650
484 789 158 50 137 
484 789
484 158
158 137
789 50
28 89 742 593 255 140 694 41 139 721 37 740 286 464 100 99 442 232 685 447 67 105 122 615 263 577 306 
28 89
742 28
593 89
255 593
140 593
694 742
41 593
139 593
721 139
37 593
740 694
286 593
464 37
100 464
99 740
442 694
232 41
685 740
447 742
67 286
105 740
122 721
615 286
263 67
577 100
306 464
751 799 134 710 535 270 493 0 280 575 514 217 619 761 773 170 52 131 178 299 397 
751 799
134 751
710 134
535 799
270 710
493 270
0 493
280 710
575 134
514 0
217 270
619 514
761 514
773 761
170 761
52 170
131 170
178 535
299 178
397 299
638 776 293 165 476 228 66 85 432 559 676 49 798 546 614 244 
638 776
293 638
165 638
476 293
228 476
66 228
85 228
432 85
559 85
676 559
49 559
798 676
546 85
614 676
244 49
218 349 513 113 96 396 
349 113
218 113
113 96
218 513
218 396
127 631 303 739 141 643 531 277 268 43 191 770 208 454 730 12 
127 631
303 631
739 631
141 127
643 739
531 303
277 531
268 303
43 268
191 277
770 268
208 191
454 191
730 43
12 770
528 690 579 35 487 192 146 641 522 190 384 110 241 249 693 656 338 283 647 269 
528 690
579 690
35 690
487 35
192 528
146 487
641 690
522 690
190 487
384 690
110 579
241 146
249 487
693 241
656 693
338 241
283 693
647 146
269 110
40 440 445 521 373 354 138 83 594 36 654 692 779 130 782 612 319 560 431 
40 440
445 440
521 445
373 40
354 40
138 521
83 40
594 40
36 445
654 354
692 440
779 654
130 692
782 40
612 521
319 138
560 138
431 130
372 756 227 688 47 87 411 
227 411
756 688
372 411
372 756
688 47
756 87
