? 8 325 578 774 267 442 647 85 342 
? 7 413 521 93 110 49 458 196 
? 4 497 557 660 394 
? 4 29 592 561 179 
? 4 633 733 48 75 
? 3 289 597 186 
? 3 84 370 356 
!
633 733 48 75 
633 733
733 48
633 75
225 301 5 711 279 708 798 452 462 68 172 
225 301
5 301
711 5
279 5
708 711
798 279
452 798
462 798
68 452
172 68
84 370 356 
84 370
84 356
335 430 218 336 414 428 213 568 503 314 321 242 755 714 573 91 382 492 704 490 410 294 743 11 292 472 525 255 381 461 253 288 347 63 199 6 465 585 263 565 793 154 717 378 338 397 367 
335 430
218 430
336 335
414 336
428 430
213 414
568 218
503 568
314 568
321 314
242 321
755 414
714 755
573 314
91 503
382 755
492 91
704 492
490 755
410 490
294 704
743 321
11 242
292 714
472 714
525 11
255 292
381 382
461 11
253 472
288 292
347 704
63 525
199 288
6 743
465 63
585 743
263 490
565 585
793 347
154 793
717 461
378 91
338 381
397 199
367 465
619 716 193 105 530 663 780 180 219 764 610 334 83 657 330 625 457 425 28 252 570 694 652 768 163 64 79 796 
619 716
193 716
105 619
530 105
663 193
780 530
180 105
219 180
764 219
610 764
334 610
83 764
657 663
330 657
625 334
457 180
425 625
28 610
252 657
570 425
694 425
652 694
768 570
163 252
64 694
79 768
796 652
29 592 561 179 
29 592
561 179
592 561
497 557 660 394 
557 660
497 660
557 394
369 705 665 268 226 548 198 637 596 474 
369 705
665 369
268 665
226 369
548 226
198 548
637 198
596 198
474 268
289 597 186 
289 186
289 597
175 239 620 558 650 77 522 76 712 111 517 436 234 623 445 715 319 765 402 343 223 150 358 433 149 591 265 386 280 72 534 
175 239
620 239
558 175
650 620
77 239
522 175
76 522
712 522
111 650
517 111
436 650
234 522
623 436
445 623
715 234
319 623
765 715
402 517
343 445
223 76
150 223
358 223
433 343
149 402
591 358
265 150
386 149
280 265
72 149
534 715
42 703 194 589 519 126 114 681 147 739 14 305 609 487 125 46 258 505 686 499 684 235 778 291 214 139 23 783 688 89 7 124 454 718 167 496 593 535 58 82 399 182 602 751 435 612 732 365 
42 703
194 703
589 194
519 703
126 519
114 126
681 114
147 681
739 114
14 147
305 14
609 739
487 609
125 609
46 125
258 125
505 46
686 305
499 305
684 258
235 499
778 505
291 499
214 235
139 235
23 214
783 778
688 783
89 688
7 258
124 139
454 23
718 291
167 686
496 718
593 454
535 89
58 167
82 58
399 783
182 399
602 7
751 82
435 496
612 435
732 435
365 182
297 613 697 159 333 562 559 401 674 639 471 302 122 203 636 788 516 533 298 90 766 721 151 469 224 667 692 387 233 640 735 61 
297 613
697 297
159 613
333 697
562 333
559 159
401 333
674 333
639 674
471 559
302 559
122 302
203 639
636 122
788 302
516 401
533 471
298 516
90 122
766 298
721 533
151 533
469 203
224 151
667 224
692 151
387 667
233 692
640 667
735 640
61 90
546 696 25 21 608 261 725 311 212 706 264 510 738 426 787 446 771 785 786 483 482 37 
546 696
25 696
21 25
608 696
261 608
725 608
311 21
212 311
706 261
264 706
510 264
738 510
426 738
787 426
446 787
771 212
785 771
786 785
483 786
482 771
37 483
140 168 586 491 295 92 643 357 767 763 230 98 286 427 611 670 388 127 272 275 331 50 312 553 680 129 621 362 448 769 368 398 152 756 795 326 481 
140 168
586 140
491 168
295 491
92 140
643 295
357 168
767 643
763 586
230 357
98 230
286 295
427 763
611 427
670 611
388 230
127 388
272 286
275 272
331 275
50 331
312 275
553 312
680 553
129 553
621 129
362 553
448 388
769 448
368 769
398 769
152 398
756 152
795 362
326 756
481 621
325 578 774 267 442 647 85 342 
325 774
578 774
578 85
442 647
774 647
325 267
267 342
254 664 236 66 95 249 116 520 671 493 240 300 545 146 270 630 441 0 511 689 238 164 581 24 
254 664
236 254
66 664
95 254
249 664
116 95
520 236
671 249
493 95
240 95
300 240
545 520
146 66
270 671
630 116
441 630
0 671
511 146
689 511
238 545
164 238
581 270
24 0
54 614 607 518 241 724 784 130 269 470 86 749 789 747 741 108 668 560 117 70 308 355 303 740 141 468 188 455 563 69 411 447 720 181 500 777 644 315 451 480 113 616 655 799 324 185 653 15 744 118 770 495 412 156 121 549 396 431 418 507 377 383 551 484 682 283 479 189 606 731 
54 614
607 614
518 607
241 54
724 241
784 607
130 241
269 724
470 130
86 470
749 784
789 749
747 130
741 269
108 749
668 269
560 747
117 749
70 668
308 741
355 308
303 117
740 668
141 70
468 560
188 468
455 468
563 789
69 303
411 563
447 563
720 455
181 188
500 447
777 468
644 141
315 141
451 468
480 644
113 644
616 451
655 181
799 655
324 69
185 324
653 451
15 315
744 563
118 616
770 15
495 500
412 480
156 720
121 655
549 770
396 777
431 744
418 185
507 121
377 507
383 396
551 495
484 495
682 549
283 156
479 283
189 770
606 682
731 606
276 346 514 651 693 96 31 274 631 478 38 379 307 556 464 746 165 403 134 709 385 632 88 260 642 439 634 287 779 666 339 727 237 136 617 459 508 775 
276 346
514 346
651 514
693 346
96 651
31 693
274 693
631 31
478 31
38 274
379 651
307 274
556 96
464 556
746 379
165 556
403 379
134 165
709 307
385 403
632 556
88 385
260 709
642 632
439 642
634 642
287 385
779 287
666 779
339 666
727 634
237 339
136 339
617 237
459 617
508 136
775 459
215 282 161 328 13 138 304 423 354 645 374 450 313 776 145 627 18 51 17 153 672 698 345 363 501 171 393 87 434 67 81 420 106 648 4 19 184 538 160 406 47 259 605 498 659 422 424 
215 282
161 215
328 161
13 282
138 328
304 138
423 161
354 13
645 354
374 354
450 13
313 423
776 304
145 374
627 145
18 645
51 776
17 776
153 17
672 17
698 18
345 627
363 345
501 672
171 698
393 153
87 17
434 345
67 501
81 171
420 87
106 393
648 501
4 81
19 4
184 420
538 420
160 648
406 160
47 434
259 406
605 648
498 47
659 605
422 184
424 106
380 760 
380 760
39 323 109 781 277 661 148 166 262 547 699 9 59 753 599 349 341 142 284 337 221 690 419 405 618 678 177 473 782 638 306 728 595 790 176 187 55 320 20 376 
39 323
109 39
781 323
277 109
661 109
148 277
166 781
262 781
547 166
699 148
9 148
59 262
753 699
599 547
349 59
341 699
142 277
284 661
337 142
221 753
690 221
419 9
405 419
618 341
678 349
177 221
473 547
782 678
638 284
306 177
728 306
595 473
790 337
176 782
187 473
55 638
320 782
20 595
376 337
529 
32 119 352 710 371 685 726 169 453 797 513 683 550 80 271 
32 119
352 119
710 32
371 710
685 710
726 710
169 352
453 685
797 169
513 169
683 726
550 683
80 797
271 169
281 536 415 243 65 395 359 206 332 757 310 390 584 322 600 273 506 244 364 582 144 543 701 576 615 542 509 577 527 569 112 101 566 1 477 404 695 504 200 707 588 135 
281 536
415 281
243 536
65 536
395 243
359 536
206 65
332 359
757 359
310 757
390 395
584 415
322 206
600 757
273 600
506 600
244 395
364 322
582 332
144 273
543 506
701 244
576 701
615 543
542 364
509 576
577 584
527 577
569 615
112 701
101 542
566 144
1 543
477 577
404 582
695 477
504 404
200 509
707 112
588 695
135 504
16 56 658 541 676 162 555 247 604 575 107 97 794 673 646 137 792 208 552 594 229 489 94 120 761 730 729 183 713 537 392 178 231 440 157 628 467 675 601 759 78 131 583 515 742 502 408 669 456 62 466 494 723 115 400 361 348 293 30 22 758 567 485 641 316 360 432 624 351 754 687 750 340 220 99 488 
16 56
658 16
541 658
676 658
162 676
555 541
247 162
604 16
575 604
107 604
97 676
794 604
673 555
646 555
137 97
792 137
208 247
552 97
594 673
229 208
489 646
94 792
120 229
761 552
730 94
729 94
183 594
713 730
537 729
392 713
178 183
231 178
440 183
157 730
628 120
467 231
675 729
601 761
759 675
78 440
131 628
583 178
515 675
742 537
502 131
408 742
669 157
456 408
62 601
466 157
494 467
723 669
115 502
400 601
361 78
348 466
293 361
30 583
22 669
758 400
567 22
485 502
641 348
316 485
360 758
432 408
624 494
351 293
754 62
687 316
750 567
340 351
220 316
99 340
488 432
691 772 123 8 57 574 3 449 762 232 734 417 554 679 524 133 204 174 486 248 12 443 192 35 438 677 195 197 318 74 656 635 373 201 579 53 290 409 217 475 202 736 372 463 572 227 158 350 246 391 460 250 512 296 132 191 722 190 317 719 222 539 100 327 36 580 773 702 52 
691 772
123 691
8 123
57 772
574 57
3 574
449 574
762 123
232 3
734 8
417 232
554 449
679 762
524 232
133 524
204 417
174 133
486 762
248 554
12 734
443 762
192 486
35 12
438 35
677 35
195 443
197 204
318 679
74 524
656 318
635 195
373 197
201 635
579 248
53 197
290 195
409 74
217 318
475 201
202 677
736 290
372 579
463 475
572 409
227 217
158 736
350 248
246 463
391 475
460 579
250 158
512 227
296 373
132 53
191 53
722 250
190 460
317 460
719 460
222 719
539 202
100 246
327 317
36 391
580 512
773 191
702 222
52 702
40 257 590 407 603 26 344 748 210 384 540 103 737 437 209 102 654 353 256 34 143 
40 257
590 40
407 40
603 257
26 603
344 603
748 26
210 344
384 210
540 384
103 590
737 103
437 540
209 737
102 209
654 102
353 209
256 102
34 353
143 437
413 521 93 110 49 458 196 
413 110
458 196
521 110
93 49
413 93
521 458
389 
45 752 629 207 41 700 532 44 2 33 
45 752
629 45
207 752
41 752
700 629
532 629
44 532
2 207
33 41
73 
375 421 564 649 228 104 245 251 309 523 587 528 571 745 60 531 155 278 366 429 27 622 791 128 329 211 173 544 476 43 526 71 205 10 416 216 598 285 662 266 626 170 299 444 
375 421
564 421
649 375
228 421
104 649
245 564
251 245
309 104
523 228
587 309
528 245
571 528
745 571
60 745
531 528
155 104
278 155
366 278
429 155
27 528
622 587
791 60
128 622
329 523
211 791
173 523
544 128
476 173
43 173
526 128
71 329
205 531
10 27
416 622
216 211
598 71
285 10
662 416
266 476
626 429
170 366
299 205
444 170
