!
715 765 530 513 
715 765
530 765
513 530
21 25 546 311 725 507 377 212 418 121 655 
21 25
546 21
311 21
725 25
507 21
377 507
212 377
418 21
121 418
655 121
298 795 516 
298 795
516 795
268 665 24 474 369 325 705 2 267 0 578 774 164 238 198 548 226 637 442 596 85 647 179 545 152 398 368 769 773 256 448 654 176 102 539 191 296 209 737 758 132 319 360 373 623 202 436 
268 665
24 268
474 268
369 268
325 24
705 369
2 665
267 325
0 665
578 267
774 578
164 0
238 164
198 238
548 198
226 548
637 226
442 774
596 637
85 442
647 85
179 647
545 596
152 268
398 152
368 398
769 368
773 769
256 179
448 665
654 256
176 448
102 654
539 176
191 539
296 191
209 102
737 209
758 737
132 296
319 758
360 319
373 132
623 360
202 373
436 623
83 764 219 180 193 118 334 610 653 28 663 479 451 619 716 616 105 383 396 777 283 425 455 768 79 570 534 720 
83 764
219 764
180 219
193 219
118 764
334 764
610 334
653 83
28 764
663 193
479 219
451 83
619 663
716 619
616 451
105 716
383 764
396 383
777 396
283 479
425 764
455 283
768 425
79 768
570 79
534 105
720 455
143 437 484 457 
143 437
484 437
457 484
129 553 362 312 
129 553
362 129
312 129
478 631 31 693 346 38 274 307 709 260 
478 631
31 478
693 631
346 693
38 478
274 38
307 274
709 307
260 709
122 471 636 
122 471
636 471
214 454 23 124 593 84 370 612 497 660 557 435 68 732 394 172 301 452 225 5 279 462 798 711 708 327 702 719 52 317 222 
214 454
23 214
124 454
593 454
84 454
370 84
612 454
497 612
660 497
557 660
435 557
68 435
732 68
394 732
172 394
301 172
452 301
225 452
5 225
279 5
462 279
798 462
711 798
708 711
327 708
702 327
719 702
52 719
317 52
222 317
281 536 415 243 65 359 395 332 206 757 584 390 600 506 310 322 273 244 364 701 543 582 144 576 527 542 615 577 112 1 569 509 101 695 566 707 404 588 200 90 135 504 477 788 61 302 48 633 
281 536
415 281
243 536
65 536
359 536
395 536
332 536
206 281
757 536
584 415
390 536
600 584
506 600
310 536
322 536
273 506
244 415
364 322
701 281
543 273
582 281
144 543
576 244
527 144
542 582
615 527
577 415
112 576
1 615
569 1
509 112
101 542
695 577
566 569
707 695
404 101
588 707
200 509
90 588
135 404
504 135
477 90
788 200
61 477
302 788
48 61
633 48
56 658 16 541 676 555 673 97 646 604 107 794 575 792 137 489 552 178 231 729 467 392 601 675 494 515 265 150 234 558 712 156 
56 658
16 658
541 16
676 56
555 658
673 555
97 56
646 658
604 16
107 604
794 107
575 794
792 56
137 792
489 658
552 658
178 658
231 178
729 575
467 231
392 729
601 392
675 16
494 467
515 675
265 658
150 265
234 150
558 234
712 558
156 712
54 607 241 614 724 784 518 130 86 470 789 749 108 747 560 117 303 563 411 188 447 468 
54 607
241 54
614 54
724 241
784 607
518 54
130 724
86 241
470 86
789 607
749 607
108 749
747 470
560 747
117 108
303 117
563 607
411 563
188 130
447 411
468 560
114 681 739 147 126 641 305 14 519 686 466 348 499 456 408 42 194 703 589 291 488 235 167 157 432 742 730 718 82 751 537 496 139 759 58 713 94 
114 681
739 681
147 681
126 147
641 114
305 681
14 305
519 681
686 739
466 519
348 466
499 686
456 348
408 456
42 408
194 42
703 194
589 703
291 499
488 589
235 291
167 235
157 488
432 114
742 432
730 742
718 167
82 718
751 82
537 730
496 751
139 496
759 537
58 139
713 759
94 713
634 642 598 632 266 464 727 476 
634 642
598 642
632 598
266 598
464 632
727 266
476 727
409 572 74 372 174 524 133 197 190 53 579 460 417 3 554 204 248 232 449 574 57 350 691 419 
409 572
74 409
372 572
174 74
524 174
133 524
197 133
190 372
53 197
579 74
460 579
417 409
3 74
554 3
204 417
248 554
232 204
449 248
574 449
57 574
350 460
691 57
419 232
354 374 645 145 13 627 450 161 282 18 215 328 698 304 138 776 423 345 313 434 672 363 171 17 81 501 153 4 51 67 19 47 87 160 259 648 498 406 605 393 420 659 538 427 184 611 286 763 272 106 670 586 491 295 50 422 331 168 140 643 92 580 680 767 275 424 20 469 357 405 
354 374
645 354
145 374
13 374
627 374
450 354
161 354
282 161
18 645
215 282
328 215
698 18
304 328
138 304
776 138
423 374
345 698
313 423
434 345
672 645
363 434
171 672
17 645
81 171
501 17
153 645
4 81
51 153
67 501
19 4
47 363
87 67
160 19
259 160
648 259
498 47
406 648
605 406
393 51
420 87
659 605
538 420
427 498
184 538
611 427
286 659
763 611
272 286
106 393
670 763
586 670
491 586
295 491
50 272
422 184
331 50
168 295
140 168
643 140
92 643
580 92
680 422
767 580
275 331
424 106
20 767
469 424
357 20
405 275
606 731 210 344 549 384 682 412 770 480 189 748 603 26 644 315 15 407 40 141 257 70 113 590 624 668 355 308 540 483 741 269 551 583 495 500 740 786 
606 731
210 731
344 606
549 606
384 731
682 210
412 606
770 682
480 412
189 770
748 210
603 748
26 603
644 480
315 189
15 315
407 26
40 407
141 644
257 40
70 141
113 70
590 257
624 590
668 113
355 15
308 355
540 308
483 668
741 540
269 741
551 606
583 624
495 551
500 495
740 269
786 740
511 689 146 441 783 535 399 630 89 29 182 66 592 254 116 664 688 505 365 778 236 46 270 602 581 493 754 487 95 62 7 249 750 671 609 125 300 723 567 240 258 22 669 520 684 561 400 
511 689
146 689
441 511
783 689
535 783
399 689
630 146
89 630
29 399
182 29
66 146
592 182
254 66
116 254
664 146
688 89
505 688
365 592
778 505
236 664
46 778
270 236
602 116
581 270
493 602
754 365
487 46
95 493
62 754
7 689
249 95
750 487
671 249
609 750
125 609
300 671
723 125
567 723
240 300
258 7
22 567
669 22
520 240
684 258
561 581
400 561
533 721 
533 721
250 722 736 158 290 227 217 195 36 318 391 98 512 635 443 230 201 475 656 679 100 762 463 192 486 388 127 246 187 595 473 677 599 123 8 35 734 438 772 12 
250 722
736 250
158 736
290 736
227 722
217 227
195 736
36 250
318 195
391 36
98 290
512 722
635 736
443 318
230 98
201 635
475 201
656 512
679 656
100 475
762 443
463 100
192 762
486 192
388 230
127 388
246 463
187 127
595 187
473 595
677 486
599 473
123 677
8 123
35 246
734 8
438 35
772 734
12 438
766 
216 510 796 652 64 694 626 264 625 706 261 608 299 205 696 
216 510
796 216
652 796
64 796
694 796
626 652
264 64
625 694
706 264
261 706
608 261
299 608
205 299
696 205
316 485 220 502 433 115 131 687 343 103 78 591 293 628 77 361 120 445 482 351 440 239 76 208 358 229 175 340 99 223 620 771 761 30 247 522 785 594 37 280 183 162 
316 485
220 485
502 485
433 220
115 502
131 485
687 220
343 433
103 687
78 485
591 485
293 591
628 316
77 343
361 485
120 485
445 77
482 316
351 482
440 351
239 445
76 239
208 440
358 76
229 208
175 358
340 485
99 340
223 175
620 223
771 99
761 103
30 771
247 761
522 620
785 522
594 30
37 785
280 37
183 594
162 247
142 337 790 110 380 376 277 521 413 690 458 550 683 196 109 753 221 378 93 728 284 760 638 699 39 177 661 323 306 148 726 55 49 618 341 710 73 371 453 154 735 233 781 793 253 640 492 685 91 349 782 9 166 529 678 692 262 33 224 59 347 151 387 704 119 356 326 667 32 320 481 621 352 756 472 547 
142 337
790 337
110 790
380 142
376 380
277 142
521 790
413 521
690 142
458 337
550 458
683 550
196 683
109 142
753 142
221 753
378 413
93 378
728 221
284 93
760 728
638 284
699 142
39 699
177 142
661 638
323 661
306 177
148 323
726 790
55 790
49 55
618 306
341 618
710 726
73 710
371 790
453 73
154 371
735 453
233 735
781 148
793 154
253 49
640 233
492 793
685 640
91 492
349 781
782 349
9 341
166 9
529 253
678 782
692 142
262 678
33 529
224 692
59 262
347 91
151 224
387 151
704 347
119 704
356 33
326 356
667 387
32 119
320 326
481 667
621 481
352 32
756 320
472 756
547 59
335 430 218 336 414 428 568 503 213 321 242 314 573 714 755 382 490 292 743 11 294 461 255 410 381 288 525 565 6 465 63 717 199 338 389 263 585 330 397 367 41 700 386 45 780 752 72 289 163 44 657 446 629 797 402 149 207 597 80 186 532 111 34 517 252 353 650 342 169 
335 430
218 430
336 430
414 336
428 335
568 218
503 568
213 430
321 430
242 321
314 503
573 314
714 430
755 714
382 755
490 382
292 490
743 573
11 430
294 743
461 11
255 335
410 430
381 410
288 381
525 430
565 294
6 565
465 525
63 465
717 63
199 335
338 199
389 338
263 389
585 6
330 263
397 430
367 335
41 335
700 41
386 700
45 430
780 430
752 335
72 335
289 72
163 585
44 289
657 163
446 657
629 44
797 446
402 335
149 402
207 430
597 207
80 797
186 597
532 186
111 335
34 111
517 34
252 517
353 430
650 353
342 335
169 80
375 421 564 649 228 251 245 571 523 745 528 531 60 791 329 27 173 211 10 285 43 
375 421
564 421
649 421
228 421
251 564
245 251
571 564
523 228
745 571
528 245
531 528
60 745
791 60
329 523
27 531
173 329
211 791
10 27
285 211
43 173
185 324 69 181 799 744 431 
185 324
69 185
181 185
799 181
744 69
431 744
439 
613 697 297 159 562 333 559 401 674 639 
613 697
297 697
159 613
562 697
333 562
559 297
401 333
674 401
639 674
203 
666 779 339 287 237 136 385 403 88 617 459 508 444 662 416 775 75 746 379 622 544 787 128 526 733 309 271 278 587 96 366 170 134 651 165 738 104 426 155 276 556 429 71 514 
666 779
339 779
287 666
237 666
136 779
385 779
403 385
88 403
617 666
459 617
508 339
444 459
662 339
416 662
775 444
75 508
746 416
379 746
622 775
544 622
787 339
128 544
526 128
733 75
309 526
271 733
278 309
587 278
96 379
366 587
170 366
134 96
651 134
165 651
738 170
104 738
426 787
155 104
276 165
556 276
429 155
71 556
514 71
