? 8 21 25 546 696 725 608 121 261 
? 7 185 324 418 181 768 706 563 
? 4 431 484 744 447 
? 4 205 299 531 10 
? 4 245 251 27 285 
? 3 334 610 425 
? 3 143 437 625 
!
245 251 27 285 
251 27
27 285
245 251
346 514 693 276 274 31 631 478 38 307 709 
346 514
693 346
276 346
274 693
31 693
631 693
478 631
38 274
307 38
709 307
143 437 625 
143 437
437 625
511 689 146 441 29 630 783 89 688 399 182 66 116 535 592 602 505 365 46 664 236 778 270 581 7 254 754 95 750 723 125 493 487 671 567 300 249 609 240 62 22 669 258 520 442 684 601 
511 689
146 689
441 511
29 689
630 441
783 689
89 783
688 783
399 783
182 399
66 146
116 630
535 441
592 29
602 89
505 783
365 29
46 505
664 66
236 66
778 505
270 592
581 270
7 602
254 236
754 365
95 66
750 505
723 750
125 46
493 95
487 750
671 236
567 487
300 493
249 671
609 125
240 300
62 365
22 567
669 22
258 125
520 240
442 581
684 258
601 62
613 697 159 297 562 333 401 559 674 639 471 203 122 636 516 298 766 721 795 362 129 553 513 312 271 733 169 75 
613 697
159 613
297 159
562 697
333 562
401 333
559 159
674 562
639 333
471 559
203 639
122 559
636 471
516 401
298 516
766 516
721 471
795 766
362 766
129 362
553 129
513 721
312 129
271 513
733 271
169 271
75 733
205 299 531 10 
205 299
205 531
299 10
431 484 744 447 
431 744
744 447
431 484
459 775 787 170 339 508 136 779 528 571 
459 775
787 775
170 787
339 459
508 339
136 339
779 339
528 170
571 528
334 610 425 
334 610
334 425
250 722 736 158 227 195 290 217 98 635 36 318 391 512 443 230 475 201 656 679 192 388 486 463 187 127 762 100 246 595 473 
250 722
736 250
158 250
227 722
195 250
290 736
217 227
98 250
635 195
36 98
318 217
391 290
512 227
443 195
230 98
475 635
201 635
656 318
679 656
192 201
388 36
486 192
463 475
187 388
127 388
762 486
100 388
246 463
595 187
473 187
281 536 415 243 65 757 359 332 206 395 390 310 584 600 273 322 506 244 144 543 364 701 582 615 576 542 112 527 577 509 569 101 404 504 695 200 566 135 477 1 588 788 707 90 61 302 633 48 
281 536
415 281
243 281
65 536
757 536
359 757
332 359
206 65
395 65
390 395
310 359
584 415
600 359
273 584
322 206
506 273
244 395
144 273
543 506
364 322
701 415
582 757
615 543
576 701
542 364
112 576
527 273
577 527
509 576
569 615
101 364
404 582
504 404
695 577
200 509
566 144
135 310
477 695
1 543
588 577
788 200
707 112
90 707
61 695
302 112
633 527
48 61
457 534 715 283 479 765 150 712 105 234 265 180 156 280 530 619 558 771 219 720 716 193 118 83 764 785 616 455 451 663 653 560 
457 534
715 534
283 457
479 283
765 715
150 457
712 765
105 765
234 150
265 150
180 479
156 265
280 150
530 105
619 105
558 712
771 280
219 180
720 283
716 619
193 716
118 219
83 219
764 83
785 771
616 118
455 616
451 455
663 716
653 451
560 455
691 772 123 8 57 574 3 449 734 232 133 524 417 174 204 12 35 677 438 197 202 599 
691 772
123 691
8 123
57 691
574 57
3 57
449 57
734 8
232 3
133 232
524 133
417 524
174 524
204 417
12 734
35 12
677 35
438 12
197 438
202 677
599 202
268 665 474 24 705 2 325 369 267 0 578 774 238 226 548 198 164 596 637 179 85 647 320 398 152 545 769 368 561 773 448 296 539 191 132 53 373 
268 665
474 268
24 268
705 268
2 665
325 474
369 705
267 474
0 24
578 325
774 267
238 0
226 2
548 369
198 548
164 238
596 198
637 596
179 774
85 179
647 85
320 226
398 226
152 320
545 164
769 398
368 596
561 647
773 238
448 398
296 773
539 296
191 296
132 191
53 132
373 53
21 25 546 696 725 608 121 261 
696 608
21 25
25 546
546 696
696 725
608 261
21 121
23 214 454 593 84 370 660 589 194 519 327 317 222 719 190 460 350 372 579 572 248 409 74 554 
23 214
454 214
593 454
84 454
370 84
660 84
589 214
194 589
519 589
327 660
317 327
222 317
719 317
190 222
460 719
350 327
372 460
579 372
572 372
248 579
409 572
74 409
554 248
335 430 218 336 414 428 213 568 503 314 321 242 755 573 714 382 490 11 410 743 292 294 255 381 461 288 525 717 199 6 585 263 63 367 565 465 338 397 389 41 330 700 352 386 149 45 752 163 72 289 629 657 446 207 402 780 80 797 597 186 44 111 34 532 517 252 650 426 353 342 
335 430
218 430
336 335
414 336
428 335
213 336
568 218
503 568
314 568
321 218
242 321
755 213
573 314
714 336
382 755
490 213
11 242
410 382
743 321
292 714
294 503
255 292
381 382
461 11
288 292
525 11
717 461
199 288
6 743
585 743
263 490
63 525
367 63
565 585
465 367
338 381
397 199
389 338
41 255
330 717
700 199
352 294
386 263
149 63
45 255
752 45
163 717
72 149
289 397
629 45
657 330
446 565
207 752
402 72
780 402
80 352
797 80
597 289
186 289
44 186
111 402
34 597
532 629
517 402
252 657
650 111
426 163
353 34
342 532
82 167 58 225 496 751 732 5 305 499 291 686 301 435 718 235 612 279 711 452 497 14 68 147 557 708 139 681 798 739 172 702 394 126 124 114 52 462 
82 167
58 82
225 82
496 167
751 225
732 167
5 225
305 167
499 305
291 305
686 499
301 225
435 496
718 496
235 291
612 435
279 5
711 279
452 279
497 612
14 499
68 452
147 14
557 612
708 279
139 235
681 147
798 279
739 681
172 68
702 711
394 172
126 681
124 139
114 681
52 702
462 798
316 485 220 433 115 502 131 103 591 687 78 343 77 628 361 293 445 120 623 737 351 360 482 436 76 229 208 440 319 358 239 175 99 102 209 758 340 400 761 223 620 162 654 30 522 256 247 
316 485
220 316
433 220
115 485
502 115
131 485
103 220
591 316
687 103
78 115
343 433
77 433
628 131
361 78
293 361
445 343
120 628
623 445
737 445
351 293
360 628
482 591
436 623
76 77
229 120
208 120
440 361
319 436
358 76
239 76
175 239
99 293
102 737
209 737
758 360
340 99
400 758
761 229
223 76
620 239
162 208
654 360
30 99
522 175
256 209
247 208
405 419 
405 419
606 731 210 682 549 384 412 344 480 770 748 189 603 644 26 15 407 315 113 40 70 141 257 624 590 668 355 540 741 308 483 551 37 269 583 740 495 786 500 494 
606 731
210 731
682 606
549 606
384 731
412 682
344 210
480 412
770 549
748 344
189 770
603 748
644 480
26 603
15 770
407 26
315 480
113 644
40 407
70 644
141 70
257 40
624 26
590 40
668 70
355 315
540 189
741 355
308 355
483 113
551 540
37 483
269 141
583 257
740 668
495 551
786 483
500 495
494 624
727 
216 510 796 211 694 626 652 745 791 64 60 264 570 429 738 
216 510
796 216
211 216
694 510
626 216
652 796
745 211
791 211
64 694
60 791
264 64
570 694
429 745
738 429
107 604 794 575 16 56 658 729 541 555 675 676 94 759 515 537 792 137 97 646 489 730 742 673 408 456 552 157 713 594 432 488 392 348 231 466 467 703 178 42 641 183 
107 604
794 107
575 107
16 604
56 16
658 16
729 575
541 658
555 541
675 729
676 658
94 729
759 675
515 675
537 729
792 94
137 792
97 676
646 555
489 646
730 94
742 759
673 646
408 742
456 408
552 97
157 94
713 552
594 673
432 408
488 432
392 713
348 456
231 489
466 348
467 489
703 432
178 231
42 703
641 348
183 594
142 337 790 376 110 277 690 521 380 458 413 93 683 550 109 196 728 699 378 221 284 753 39 148 177 323 306 638 760 661 341 55 710 618 49 371 726 73 735 453 253 233 91 781 793 640 492 349 685 9 154 692 166 782 262 529 678 33 224 59 667 347 119 704 387 151 326 356 32 176 621 481 756 533 472 547 
142 337
790 337
376 142
110 790
277 142
690 376
521 790
380 376
458 376
413 521
93 413
683 458
550 458
109 277
196 458
728 690
699 277
378 413
221 728
284 93
753 699
39 109
148 699
177 690
323 39
306 728
638 284
760 728
661 109
341 699
55 284
710 683
618 341
49 55
371 710
726 710
73 196
735 73
453 726
253 49
233 760
91 413
781 323
793 371
640 735
492 91
349 661
685 453
9 699
154 793
692 233
166 781
782 349
262 166
529 55
678 349
33 55
224 233
59 262
667 640
347 793
119 793
704 347
387 640
151 667
326 678
356 326
32 119
176 782
621 618
481 621
756 326
533 151
472 253
547 166
354 374 645 145 450 627 13 18 282 328 215 161 138 345 698 304 423 776 672 313 363 17 171 434 501 4 153 81 19 51 67 648 47 87 498 160 259 406 393 420 605 538 659 272 184 427 286 106 763 331 50 586 611 491 643 670 168 295 422 140 469 580 680 92 275 767 424 20 357 
354 374
645 354
145 374
450 374
627 145
13 450
18 354
282 13
328 282
215 328
161 282
138 282
345 627
698 18
304 138
423 161
776 138
672 18
313 423
363 345
17 776
171 698
434 345
501 672
4 171
153 17
81 171
19 171
51 776
67 501
648 67
47 363
87 17
498 47
160 4
259 160
406 4
393 153
420 87
605 67
538 420
659 605
272 605
184 420
427 19
286 605
106 393
763 427
331 659
50 331
586 763
611 427
491 586
643 491
670 427
168 586
295 491
422 184
140 586
469 393
580 670
680 422
92 168
275 50
767 643
424 469
20 286
357 767
54 241 607 724 614 470 784 86 130 518 747 749 789 108 468 117 188 303 777 411 69 
54 241
607 54
724 241
614 54
470 241
784 54
86 724
130 241
518 607
747 470
749 784
789 518
108 789
468 747
117 749
188 747
303 784
777 188
411 108
69 303
185 324 418 181 768 706 563 
185 324
185 181
768 706
324 418
181 563
418 768
439 
383 396 79 212 799 377 28 311 507 655 
383 396
79 383
212 79
799 396
377 799
28 79
311 377
507 377
655 799
260 
128 526 544 662 622 416 134 329 71 598 165 88 746 228 523 309 632 556 104 587 385 649 379 464 375 278 642 421 476 266 237 564 403 173 444 366 43 617 287 666 96 155 634 651 
128 526
544 128
662 544
622 544
416 662
134 526
329 526
71 329
598 71
165 134
88 662
746 88
228 329
523 228
309 622
632 598
556 134
104 309
587 309
385 88
649 104
379 746
464 556
375 649
278 309
642 632
421 375
476 598
266 476
237 416
564 421
403 385
173 476
444 237
366 278
43 173
617 444
287 237
666 287
96 379
155 366
634 642
651 379
