? 8 38 274 693 307 514 346 709 276 
? 7 478 631 31 651 260 205 27 
? 4 185 324 69 655 
? 4 447 563 744 789 
? 4 172 452 462 264 
? 3 117 303 181 
? 3 10 299 285 
!
172 452 462 264 
452 462
172 452
452 264
241 724 54 130 607 614 86 518 470 784 749 
241 724
54 241
130 241
607 54
614 607
86 241
518 607
470 86
784 54
749 784
10 299 285 
10 285
299 285
83 764 219 610 28 180 118 334 479 663 193 653 616 716 451 105 530 283 396 777 425 619 383 720 534 455 625 768 79 570 457 468 765 694 715 706 560 156 188 212 747 799 377 234 261 64 265 
83 764
219 764
610 83
28 764
180 219
118 83
334 610
479 180
663 334
193 663
653 118
616 118
716 193
451 616
105 716
530 105
283 479
396 653
777 653
425 610
619 105
383 396
720 616
534 283
455 451
625 425
768 28
79 383
570 768
457 534
468 455
765 534
694 425
715 534
706 768
560 455
156 283
188 777
212 79
747 468
799 188
377 799
234 715
261 706
64 570
265 234
408 456 742 759 348 641 432 537 488 519 729 466 94 42 703 157 675 515 730 589 114 194 713 392 681 792 126 575 
408 456
742 408
759 408
348 456
641 348
432 408
537 759
488 432
519 456
729 537
466 348
94 537
42 488
703 42
157 348
675 759
515 759
730 94
589 703
114 641
194 703
713 730
392 713
681 114
792 730
126 681
575 792
447 563 744 789 
447 563
563 744
447 789
185 324 69 655 
185 324
324 655
324 69
21 25 546 696 725 311 608 507 418 121 
21 25
546 21
696 25
725 25
311 546
608 696
507 311
418 507
121 507
117 303 181 
117 303
117 181
128 526 544 662 134 622 416 165 71 746 329 88 598 228 523 632 309 556 587 385 421 649 476 375 642 104 278 379 366 96 564 
128 526
544 128
662 544
134 526
622 544
416 662
165 134
71 134
746 134
329 71
88 662
598 71
228 526
523 329
632 598
309 622
556 632
587 309
385 88
421 228
649 309
476 71
375 421
642 632
104 309
278 309
379 746
366 587
96 556
564 375
316 485 220 131 433 502 687 115 103 78 591 343 628 77 293 361 445 360 440 737 120 76 482 358 623 208 351 229 436 319 239 209 102 175 758 522 99 400 340 654 223 620 771 30 761 162 256 247 
316 485
220 316
131 485
433 220
502 485
687 316
115 502
103 687
78 502
591 316
343 433
628 131
77 433
293 78
361 293
445 343
360 103
440 361
737 343
120 628
76 77
482 293
358 76
623 445
208 120
351 293
229 208
436 623
319 436
239 76
209 737
102 209
175 239
758 360
522 76
99 351
400 758
340 351
654 360
223 76
620 239
771 223
30 340
761 208
162 208
256 102
247 162
613 697 297 159 562 333 639 401 559 674 122 471 302 203 636 533 90 721 61 48 513 271 169 633 733 75 404 508 136 339 779 666 
613 697
297 697
159 697
562 697
333 562
639 562
401 333
559 159
674 562
122 559
471 122
302 122
203 639
636 471
533 471
90 122
721 636
61 90
48 61
513 48
271 48
169 271
633 271
733 633
75 633
404 633
508 75
136 508
339 136
779 339
666 779
85 179 442 647 561 558 712 150 280 785 686 82 58 167 14 732 499 291 496 435 652 235 
85 179
442 85
647 85
561 442
558 179
712 558
150 712
280 150
785 280
686 442
82 686
58 82
167 82
14 686
732 82
499 14
291 499
496 499
435 496
652 558
235 291
250 722 736 158 227 217 290 195 98 443 318 391 36 635 512 230 201 656 192 679 388 127 762 187 595 473 599 405 772 312 129 362 795 298 766 516 469 
250 722
736 250
158 250
227 722
217 227
290 736
195 290
98 250
443 195
318 217
391 736
36 98
635 391
512 227
230 98
201 635
656 318
192 201
679 318
388 391
127 388
762 443
187 127
595 187
473 187
599 473
405 473
772 762
312 405
129 312
362 129
795 129
298 795
766 795
516 795
469 766
38 274 693 307 514 346 709 276 
346 276
38 274
274 693
514 276
307 709
38 307
274 346
107 604 794 16 56 541 658 676 555 646 137 97 489 673 552 594 231 467 178 494 183 601 147 305 
107 604
794 107
16 604
56 16
541 56
658 56
676 56
555 541
646 555
137 676
97 137
489 646
673 646
552 97
594 673
231 489
467 231
178 489
494 467
183 594
601 552
147 137
305 147
335 430 218 336 414 428 213 714 568 503 755 321 242 314 573 382 490 294 525 11 292 743 255 381 410 717 461 288 6 63 338 585 565 199 263 389 367 465 397 700 41 330 163 386 45 352 752 289 149 657 629 72 446 44 780 207 402 186 111 597 80 797 532 34 517 252 650 353 426 787 
335 430
218 335
336 430
414 336
428 335
213 336
714 430
568 218
503 568
755 213
321 218
242 321
314 568
573 568
382 755
490 213
294 573
525 490
11 525
292 382
743 321
255 292
381 382
410 381
717 11
461 717
288 292
6 743
63 525
338 381
585 743
565 585
199 288
263 490
389 338
367 63
465 63
397 199
700 397
41 255
330 11
163 461
386 263
45 700
352 294
752 45
289 389
149 263
657 330
629 45
72 149
446 6
44 629
780 63
207 752
402 72
186 289
111 402
597 186
80 352
797 80
532 44
34 597
517 402
252 657
650 111
353 34
426 446
787 426
409 572 74 372 174 524 52 190 579 460 133 204 232 702 554 719 3 222 449 248 574 708 317 711 57 327 734 5 279 301 8 123 350 225 798 486 751 691 
409 572
74 409
372 74
174 74
524 174
52 372
190 52
579 372
460 579
133 524
204 174
232 174
702 52
554 174
719 702
3 524
222 719
449 3
248 554
574 449
708 702
317 719
711 708
57 449
327 719
734 204
5 711
279 5
301 5
8 734
123 8
350 317
225 5
798 327
486 734
751 225
691 8
511 689 146 441 535 783 630 688 89 182 399 29 116 592 66 365 664 778 254 505 602 95 46 236 270 581 754 249 493 7 750 487 723 62 671 125 609 300 567 669 240 22 258 520 739 684 545 
511 689
146 511
441 511
535 511
783 689
630 146
688 783
89 535
182 689
399 783
29 182
116 630
592 29
66 116
365 182
664 66
778 783
254 66
505 778
602 630
95 254
46 505
236 66
270 66
581 270
754 182
249 254
493 116
7 89
750 505
487 778
723 750
62 754
671 66
125 46
609 125
300 95
567 750
669 567
240 300
22 567
258 125
520 240
739 125
684 258
545 520
143 437 
143 437
606 731 210 549 384 682 344 770 480 412 748 603 26 189 644 315 15 407 141 40 257 590 70 113 624 668 540 355 308 741 37 483 551 269 495 740 484 583 500 786 
606 731
210 606
549 606
384 731
682 731
344 210
770 549
480 549
412 480
748 344
603 748
26 603
189 384
644 480
315 770
15 770
407 603
141 644
40 407
257 40
590 407
70 141
113 644
624 748
668 70
540 189
355 315
308 355
741 355
37 590
483 37
551 540
269 70
495 551
740 668
484 551
583 40
500 495
786 483
431 
23 214 454 593 124 139 84 370 718 612 497 557 660 68 394 
23 214
454 214
593 454
124 454
139 124
84 454
370 84
718 139
612 718
497 612
557 612
660 497
68 497
394 68
281 536 415 243 65 310 359 332 206 395 584 757 390 322 273 506 244 364 543 582 600 144 576 701 542 615 509 112 569 577 101 566 1 788 527 477 707 135 200 695 588 504 
281 536
415 536
243 281
65 536
310 281
359 310
332 359
206 65
395 65
584 281
757 359
390 395
322 206
273 584
506 273
244 390
364 206
543 506
582 359
600 273
144 273
576 244
701 576
542 322
615 543
509 576
112 701
569 543
577 584
101 582
566 144
1 543
788 576
527 566
477 577
707 112
135 1
200 788
695 577
588 695
504 135
142 337 790 110 376 277 521 690 458 93 550 221 109 413 728 380 683 196 753 284 39 638 378 323 699 177 306 661 148 760 710 341 371 49 618 726 55 73 453 349 492 233 253 91 154 781 735 640 685 793 678 166 529 692 9 262 224 782 59 33 347 387 32 704 667 151 119 326 356 481 419 320 756 472 621 547 
142 337
790 337
110 790
376 337
277 142
521 110
690 376
458 376
93 521
550 458
221 690
109 277
413 521
728 690
380 458
683 458
196 458
753 690
284 109
39 109
638 284
378 521
323 39
699 753
177 699
306 690
661 109
148 277
760 728
710 683
341 699
371 710
49 638
618 306
726 683
55 638
73 458
453 726
349 661
492 378
233 760
253 49
91 492
154 710
781 323
735 73
640 735
685 453
793 154
678 349
166 781
529 55
692 233
9 699
262 781
224 233
782 678
59 262
33 529
347 154
387 640
32 793
704 347
667 640
151 233
119 32
326 678
356 326
481 692
419 9
320 326
756 326
472 253
621 481
547 166
354 374 645 145 13 627 450 282 215 161 18 328 138 698 345 304 423 776 313 363 672 81 171 434 17 501 153 4 51 67 19 406 648 87 47 498 160 259 605 420 393 427 538 184 659 106 272 286 295 611 763 586 670 331 643 140 168 422 491 50 580 680 275 92 424 767 20 357 553 
354 374
645 354
145 354
13 354
627 145
450 374
282 645
215 13
161 215
18 645
328 215
138 328
698 18
345 627
304 138
423 282
776 304
313 423
363 345
672 18
81 698
171 698
434 345
17 776
501 698
153 17
4 171
51 153
67 501
19 171
406 171
648 67
87 672
47 434
498 47
160 406
259 406
605 67
420 87
393 153
427 4
538 87
184 420
659 605
106 393
272 659
286 160
295 406
611 427
763 295
586 763
670 611
331 659
643 586
140 586
168 586
422 184
491 168
50 659
580 670
680 422
275 50
92 586
424 106
767 491
20 643
357 767
553 680
444 617 459 775 237 170 738 287 155 429 626 403 216 745 211 796 571 60 510 245 791 
444 617
459 617
775 459
237 617
170 444
738 170
287 237
155 170
429 155
626 429
403 287
216 626
745 216
211 745
796 216
571 745
60 745
510 796
245 571
791 211
478 631 31 651 260 205 27 
478 631
631 31
31 651
205 27
478 260
651 27
411 
43 173 266 727 634 251 531 528 439 464 
43 173
266 43
727 43
634 727
251 173
531 251
528 531
439 634
464 439
108 
198 596 637 164 548 368 238 705 773 539 369 226 398 769 0 296 2 448 268 665 191 152 176 202 24 53 474 438 35 373 132 463 677 197 325 342 12 578 267 417 246 475 100 774 
198 596
637 198
164 596
548 198
368 596
238 164
705 548
773 238
539 368
369 705
226 548
398 226
769 368
0 238
296 773
2 369
448 398
268 705
665 268
191 773
152 448
176 448
202 539
24 268
53 191
474 665
438 296
35 438
373 438
132 191
463 202
677 35
197 373
325 24
342 474
12 677
578 325
267 474
417 12
246 463
475 463
100 475
774 267
