? 8 86 470 747 241 130 560 54 614 
? 7 185 324 418 69 303 181 655 
? 4 188 799 212 784 
? 4 431 744 447 143 
? 4 261 706 768 117 
? 3 108 749 789 
? 3 169 513 558 
!
261 706 768 117 
706 768
261 768
261 117
57 449 248 691 772 460 350 719 222 317 702 
57 449
248 449
691 57
772 691
460 248
350 248
719 460
222 719
317 719
702 222
169 513 558 
169 513
169 558
85 179 647 561 442 774 256 267 102 578 325 209 654 737 474 342 360 319 24 665 103 268 436 445 400 623 343 758 687 2 369 705 628 433 220 131 620 316 485 77 229 761 239 502 238 175 115 
85 179
647 85
561 85
442 647
774 179
256 179
267 774
102 256
578 774
325 578
209 102
654 561
737 209
474 325
342 267
360 654
319 737
24 325
665 474
103 737
268 665
436 319
445 436
400 360
623 436
343 623
758 400
687 103
2 665
369 2
705 369
628 360
433 343
220 433
131 628
620 436
316 220
485 316
77 433
229 131
761 229
239 620
502 316
238 369
175 620
115 220
211 791 745 216 571 60 510 285 796 429 155 626 10 528 27 64 264 104 649 564 245 652 375 421 694 531 299 205 
211 791
745 791
216 211
571 745
60 571
510 216
285 791
796 510
429 745
155 429
626 510
10 285
528 571
27 528
64 510
264 64
104 429
649 104
564 649
245 564
652 796
375 564
421 375
694 796
531 528
299 10
205 299
431 744 447 143 
431 744
744 447
431 143
188 799 212 784 
188 799
799 212
188 784
346 514 276 693 631 478 31 38 709 260 
346 514
276 346
693 346
631 693
478 693
31 478
38 693
709 38
260 709
108 749 789 
108 749
749 789
83 764 219 118 180 193 610 334 383 28 653 479 663 619 396 616 716 451 105 283 530 777 468 625 534 570 455 425 79 457 720 
83 764
219 83
118 83
180 219
193 764
610 764
334 610
383 83
28 334
653 118
479 180
663 193
619 663
396 383
616 118
716 619
451 653
105 619
283 479
530 105
777 653
468 451
625 663
534 479
570 334
455 451
425 334
79 396
457 534
720 616
281 536 415 243 65 359 206 332 395 584 390 600 310 757 322 273 364 506 244 582 144 543 576 701 509 542 615 477 569 101 566 527 112 1 504 404 577 695 200 90 707 788 135 588 633 61 48 302 
281 536
415 536
243 536
65 536
359 536
206 65
332 359
395 243
584 415
390 65
600 584
310 359
757 310
322 206
273 584
364 206
506 273
244 390
582 206
144 273
543 506
576 244
701 576
509 576
542 364
615 543
477 584
569 543
101 542
566 144
527 566
112 701
1 569
504 582
404 504
577 477
695 477
200 576
90 112
707 701
788 576
135 1
588 577
633 527
61 477
48 527
302 707
666 779 339 287 237 136 385 88 403 459 617 508 444 662 746 775 416 622 544 379 128 526 587 366 787 733 170 309 738 651 278 271 
666 779
339 666
287 666
237 666
136 779
385 287
88 385
403 385
459 237
617 459
508 136
444 617
662 88
746 403
775 444
416 662
622 662
544 416
379 403
128 544
526 128
587 416
366 587
787 775
733 508
170 787
309 366
738 170
651 379
278 366
271 733
71 598 632 329 642 134 523 165 266 476 634 43 173 556 727 464 228 96 439 251 307 274 
71 598
632 598
329 71
642 632
134 632
523 71
165 134
266 642
476 266
634 642
43 266
173 43
556 134
727 266
464 556
228 523
96 556
439 634
251 523
307 439
274 307
606 731 210 682 344 549 384 412 480 770 748 15 603 189 644 407 315 141 70 113 668 355 540 551 741 483 308 37 269 740 495 500 786 724 484 518 563 
606 731
210 606
682 731
344 731
549 210
384 731
412 606
480 682
770 549
748 344
15 770
603 344
189 384
644 480
407 603
315 770
141 480
70 141
113 644
668 70
355 15
540 189
551 540
741 355
483 407
308 355
37 483
269 741
740 668
495 551
500 495
786 483
724 269
484 495
518 724
563 500
86 470 747 241 130 560 54 614 
241 54
86 747
86 470
747 241
747 130
54 614
86 560
129 621 362 795 766 516 298 419 533 674 401 721 471 333 639 203 636 562 297 122 697 613 159 559 
129 621
362 129
795 621
766 795
516 795
298 795
419 621
533 516
674 766
401 674
721 533
471 721
333 401
639 674
203 639
636 721
562 639
297 333
122 471
697 297
613 697
159 613
559 159
354 374 145 645 13 627 450 215 282 18 161 328 138 698 423 304 313 345 776 672 434 363 171 501 17 153 51 19 67 4 81 648 47 160 87 498 259 406 393 420 605 659 427 184 538 286 106 272 763 586 422 611 670 491 168 50 140 331 295 680 580 643 92 767 275 424 20 357 469 553 
354 374
145 374
645 354
13 354
627 145
450 13
215 13
282 215
18 145
161 215
328 161
138 282
698 18
423 161
304 138
313 423
345 627
776 304
672 18
434 345
363 345
171 698
501 698
17 776
153 17
51 776
19 171
67 501
4 19
81 171
648 67
47 434
160 648
87 17
498 47
259 19
406 259
393 51
420 87
605 648
659 67
427 498
184 420
538 87
286 259
106 393
272 605
763 427
586 763
422 184
611 427
670 427
491 586
168 586
50 538
140 168
331 50
295 140
680 184
580 670
643 168
92 586
767 643
275 50
424 422
20 286
357 767
469 424
553 680
198 596 637 548 164 368 773 226 539 296 398 545 769 448 152 176 191 373 438 53 132 197 204 133 409 572 174 417 524 232 74 372 190 3 574 52 554 579 
198 596
637 596
548 198
164 198
368 596
773 164
226 548
539 368
296 773
398 548
545 164
769 398
448 398
152 398
176 448
191 773
373 191
438 373
53 373
132 53
197 373
204 197
133 197
409 132
572 409
174 133
417 174
524 174
232 524
74 409
372 409
190 372
3 524
574 3
52 190
554 3
579 372
511 689 146 441 535 399 89 783 182 630 29 66 116 688 592 602 365 778 664 505 254 236 754 581 46 7 270 493 95 62 671 723 750 487 249 125 609 300 240 567 258 22 392 0 669 520 601 
511 689
146 511
441 511
535 511
399 689
89 535
783 89
182 399
630 535
29 182
66 441
116 66
688 783
592 29
602 535
365 29
778 783
664 66
505 783
254 66
236 254
754 365
581 592
46 505
7 89
270 581
493 116
95 254
62 754
671 66
723 505
750 778
487 505
249 671
125 46
609 125
300 493
240 300
567 487
258 125
22 750
392 723
0 671
669 22
520 240
601 62
411 607 
411 607
250 722 736 158 290 227 217 195 318 635 98 391 36 512 443 475 230 201 656 463 679 100 246 187 388 192 127 486 762 473 595 677 202 599 123 734 8 405 35 12 
250 722
736 250
158 250
290 736
227 722
217 227
195 290
318 217
635 195
98 736
391 635
36 98
512 227
443 195
475 391
230 98
201 635
656 318
463 201
679 318
100 391
246 100
187 230
388 187
192 201
127 388
486 192
762 486
473 187
595 473
677 486
202 677
599 473
123 762
734 123
8 123
405 473
35 677
12 35
482 
150 265 280 234 223 771 76 522 715 156 785 712 765 358 591 
150 265
280 265
234 150
223 280
771 280
76 223
522 76
715 522
156 265
785 771
712 522
765 715
358 771
591 358
56 658 16 541 676 555 247 162 137 646 673 604 575 107 794 97 594 208 792 552 489 120 183 231 440 78 178 583 467 675 293 361 30 494 624 351 99 590 257 40 340 26 
56 658
16 56
541 16
676 658
555 541
247 676
162 676
137 676
646 555
673 555
604 16
575 604
107 604
794 604
97 137
594 673
208 247
792 137
552 137
489 646
120 208
183 594
231 489
440 594
78 440
178 231
583 183
467 489
675 107
293 78
361 293
30 583
494 467
624 494
351 293
99 293
590 30
257 590
40 590
340 30
26 257
142 337 790 110 376 277 550 521 458 690 413 380 378 683 109 196 221 728 638 284 177 93 753 661 39 760 699 306 323 341 710 148 55 49 726 371 618 735 73 453 154 233 253 781 349 91 529 692 492 685 640 166 262 678 793 9 782 59 347 33 32 151 356 387 704 224 667 326 312 320 756 503 119 547 352 481 
142 337
790 142
110 790
376 337
277 142
550 110
521 110
458 376
690 376
413 521
380 458
378 413
683 458
109 277
196 458
221 690
728 690
638 790
284 638
177 728
93 378
753 177
661 109
39 109
760 728
699 753
306 177
323 39
341 699
710 683
148 277
55 638
49 55
726 710
371 710
618 306
735 196
73 735
453 726
154 371
233 760
253 49
781 323
349 661
91 378
529 49
692 233
492 91
685 453
640 735
166 781
262 781
678 349
793 154
9 699
782 678
59 262
347 793
33 529
32 793
151 640
356 33
387 640
704 347
224 735
667 224
326 356
312 753
320 326
756 326
503 704
119 32
547 166
352 119
481 692
335 430 218 336 414 428 213 568 321 314 755 242 714 382 573 410 11 743 294 292 288 255 381 472 525 490 461 6 63 465 199 389 565 263 367 585 717 338 397 330 41 700 163 386 149 45 629 752 72 289 657 80 780 446 402 207 797 186 532 44 34 111 597 517 252 650 353 426 75 
335 430
218 430
336 335
414 336
428 335
213 336
568 218
321 568
314 568
755 336
242 321
714 335
382 755
573 314
410 382
11 213
743 321
294 314
292 382
288 292
255 292
381 382
472 255
525 11
490 410
461 11
6 743
63 525
465 525
199 292
389 381
565 743
263 410
367 11
585 565
717 461
338 381
397 199
330 717
41 472
700 199
163 461
386 263
149 263
45 255
629 45
752 45
72 149
289 397
657 717
80 585
780 72
446 6
402 72
207 752
797 80
186 289
532 629
44 700
34 289
111 402
597 186
517 402
252 657
650 111
353 34
426 446
75 797
23 214 454 593 124 84 370 497 612 660 557 68 394 172 452 5 279 462 798 711 708 
23 214
454 23
593 454
124 454
84 454
370 84
497 84
612 497
660 497
557 497
68 612
394 68
172 394
452 172
5 452
279 5
462 452
798 462
711 279
708 711
185 324 418 69 303 181 655 
185 324
185 181
418 655
324 655
324 69
69 303
437 
21 25 546 696 311 725 608 121 507 377 
21 25
546 25
696 25
311 21
725 25
608 696
121 311
507 121
377 507
327 
681 739 114 147 126 684 14 686 305 641 519 348 466 499 488 742 589 456 235 194 42 703 408 291 432 167 157 82 58 751 718 139 713 537 496 730 732 225 759 301 94 729 435 515 
681 739
114 739
147 114
126 681
684 739
14 147
686 684
305 14
641 114
519 114
348 641
466 348
499 14
488 519
742 488
589 488
456 348
235 499
194 589
42 194
703 42
408 456
291 235
432 703
167 499
157 348
82 167
58 167
751 82
718 235
139 235
713 157
537 408
496 291
730 157
732 58
225 751
759 408
301 225
94 537
729 537
435 732
515 759
