? 5 90 289 247 143 36 
? 5 383 547 578 122 140 
? 5 292 584 298 154 654 
? 5 260 494 131 76 565 
? 5 352 387 478 522 204 
? 5 307 607 655 183 228 
? 5 602 676 508 534 796 
? 5 233 643 279 319 373 
? 5 327 418 177 713 701 
? 5 388 658 11 661 423 
? 5 506 613 182 362 380 
? 4 47 157 558 591 
? 4 550 712 546 485 
? 4 156 365 322 526 
? 4 489 776 741 262 
? 4 39 439 742 419 
? 4 717 743 745 250 
? 4 413 729 727 198 
? 4 416 515 237 683 
? 4 638 760 470 619 
? 4 728 732 48 20 
? 4 427 568 411 633 
? 4 576 672 789 395 
? 4 15 559 37 379 
? 4 147 430 17 110 
? 3 0 453 155 
? 3 213 628 60 
? 3 130 410 644 
? 3 99 125 302 
? 3 286 437 473 
? 3 170 594 529 
? 3 148 374 596 
? 3 67 192 188 
? 3 120 149 351 
? 3 268 715 519 
? 3 283 777 146 
? 3 242 452 96 
? 3 476 599 211 
? 3 297 463 554 
!
785 
147 430 17 110 
430 17
147 17
17 110
115 533 747 349 455 304 
115 533
747 115
349 115
455 747
304 533
190 480 75 258 200 229 
190 480
75 190
258 190
200 190
229 480
329 396 255 2 425 112 14 336 
329 396
255 329
2 396
425 396
112 396
14 396
336 425
113 616 181 447 78 100 723 664 670 500 368 
113 616
181 113
447 113
78 113
100 616
723 100
664 616
670 723
500 670
368 113
783 
308 314 725 679 458 126 
308 314
725 308
679 308
458 314
126 314
297 463 554 
297 463
463 554
506 613 182 362 380 
613 182
613 362
506 182
182 380
495 610 
495 610
467 580 371 151 735 618 460 84 588 530 193 757 705 788 790 693 
467 580
371 467
151 371
735 467
618 467
460 618
84 371
588 84
530 618
193 151
757 580
705 618
788 151
790 618
693 530
552 663 390 212 311 333 497 178 381 324 5 313 256 202 
552 663
390 663
212 552
311 552
333 663
497 390
178 552
381 497
324 497
5 381
313 178
256 324
202 497
469 681 
469 681
651 
215 516 107 205 673 133 
215 516
107 215
205 516
673 107
133 205
312 397 
312 397
15 559 37 379 
559 37
15 559
15 379
476 599 211 
476 211
476 599
442 555 
442 555
234 422 23 331 737 492 461 
234 422
23 422
331 234
737 234
492 331
461 23
189 622 
189 622
242 452 96 
242 96
242 452
206 524 332 543 548 6 
206 524
332 524
543 206
548 206
6 332
637 
266 477 102 32 42 348 85 592 798 93 730 631 
266 477
102 477
32 266
42 477
348 102
85 42
592 42
798 32
93 348
730 592
631 592
576 672 789 395 
576 672
789 395
672 789
388 658 11 661 423 
388 423
388 658
658 11
661 423
398 666 167 94 169 354 
398 666
167 398
94 398
169 398
354 169
427 568 411 633 
427 568
568 411
568 633
165 570 537 10 291 236 606 590 749 
165 570
537 165
10 165
291 570
236 291
606 537
590 10
749 236
620 
19 482 340 435 82 231 
19 482
340 482
435 19
82 19
231 340
615 
585 
401 731 288 795 303 64 611 774 363 95 369 563 769 1 114 483 317 186 219 481 459 
401 731
288 731
795 731
303 731
64 731
611 303
774 731
363 401
95 401
369 401
563 401
769 288
1 288
114 363
483 369
317 288
186 769
219 369
481 114
459 1
754 764 58 68 605 150 746 
754 764
58 764
68 754
605 764
150 754
746 68
197 755 196 63 682 569 
197 755
196 197
63 197
682 755
569 682
728 732 48 20 
732 48
728 48
728 20
135 393 261 766 609 34 690 
135 393
261 393
766 135
609 393
34 135
690 34
327 418 177 713 701 
327 418
418 713
177 713
177 701
583 
514 
283 777 146 
777 146
283 777
572 740 
572 740
233 643 279 319 373 
643 373
233 643
279 319
233 279
602 676 508 534 796 
602 676
602 508
676 796
508 534
268 715 519 
268 519
268 715
462 
335 759 62 623 511 216 195 574 295 454 127 54 659 244 
335 759
62 335
623 335
511 759
216 511
195 335
574 623
295 62
454 574
127 295
54 335
659 623
244 295
544 791 145 752 586 767 392 160 652 
544 791
145 791
752 791
586 145
767 791
392 544
160 791
652 586
595 675 254 765 118 521 224 703 648 486 707 271 350 217 52 
595 675
254 595
765 595
118 595
521 595
224 595
703 254
648 675
486 648
707 486
271 254
350 271
217 224
52 648
307 607 655 183 228 
655 183
307 607
607 655
607 228
120 149 351 
149 351
120 149
445 
517 660 
517 660
38 138 339 161 79 46 277 152 
38 138
339 138
161 138
79 138
46 38
277 79
152 46
89 601 
89 601
604 697 223 773 626 70 
604 697
223 604
773 697
626 223
70 773
636 662 
636 662
443 
355 608 
355 608
407 466 
407 466
29 499 194 566 119 92 
29 499
194 29
566 499
119 194
92 29
408 
352 387 478 522 204 
352 522
478 204
387 204
478 522
83 535 
83 535
252 744 657 695 337 9 549 391 139 221 571 315 
252 744
657 252
695 744
337 695
9 695
549 695
391 337
139 744
221 744
571 221
315 221
638 760 470 619 
760 470
638 760
760 619
540 564 434 323 109 496 692 239 
540 564
434 540
323 564
109 564
496 323
692 323
239 323
603 734 
603 734
416 515 237 683 
416 515
416 683
237 683
203 432 72 41 3 415 74 488 132 251 158 504 406 66 539 342 667 162 721 117 799 577 144 579 709 364 465 634 166 294 448 689 358 429 382 163 280 57 
203 432
72 203
41 72
3 72
415 3
74 415
488 203
132 3
251 132
158 41
504 251
406 504
66 415
539 66
342 539
667 342
162 504
721 667
117 406
799 132
577 799
144 721
579 799
709 117
364 162
465 117
634 709
166 799
294 721
448 144
689 577
358 465
429 448
382 689
163 709
280 358
57 358
18 33 409 230 468 710 
18 33
409 33
230 33
468 33
710 18
67 192 188 
192 188
67 192
275 284 772 646 12 758 372 438 464 265 
275 284
772 284
646 275
12 772
758 646
372 758
438 372
464 438
265 372
260 494 131 76 565 
494 131
260 131
494 565
131 76
375 
621 645 345 201 704 28 
621 645
345 621
201 645
704 621
28 621
413 729 727 198 
729 198
413 727
413 198
717 743 745 250 
717 250
743 250
717 745
320 
174 184 243 30 53 384 471 
174 184
243 174
30 174
53 30
384 184
471 184
25 328 
25 328
8 587 59 269 357 173 278 249 176 687 414 180 400 347 753 22 343 108 527 51 
8 587
59 587
269 8
357 59
173 59
278 357
249 59
176 587
687 249
414 8
180 357
400 357
347 357
753 687
22 176
343 347
108 400
527 587
51 22
484 562 103 581 510 649 
484 562
103 484
581 484
510 562
649 103
525 739 700 782 507 528 
525 739
700 525
782 525
507 525
528 700
292 584 298 154 654 
292 154
292 584
292 654
298 154
273 
241 
509 582 
509 582
377 545 441 780 88 450 45 316 
377 545
441 545
780 377
88 377
450 545
45 377
316 377
338 491 
338 491
148 374 596 
148 374
374 596
598 724 
598 724
191 457 
191 457
276 761 
276 761
61 386 
61 386
502 779 
502 779
688 691 456 24 677 164 433 
688 691
456 691
24 691
677 691
164 691
433 456
301 775 503 245 208 440 225 698 597 
301 775
503 301
245 775
208 503
440 503
225 775
698 503
597 775
305 629 553 27 405 600 185 784 
305 629
553 629
27 629
405 629
600 629
185 600
784 553
187 
426 624 
426 624
282 684 475 253 501 575 794 281 560 647 129 26 272 472 428 593 330 259 376 385 498 226 
282 684
475 684
253 475
501 684
575 501
794 475
281 282
560 501
647 282
129 575
26 475
272 129
472 282
428 26
593 647
330 684
259 26
376 129
385 26
498 560
226 253
136 
214 719 763 716 321 625 678 668 
214 719
763 719
716 719
321 719
625 719
678 716
668 214
134 
39 439 742 419 
742 419
39 742
39 439
172 359 370 80 104 656 293 159 
172 359
370 359
80 172
104 172
656 359
293 370
159 359
299 787 199 748 4 770 402 680 420 556 449 87 356 56 
299 787
199 787
748 199
4 199
770 299
402 748
680 402
420 402
556 402
449 787
87 299
356 87
56 420
489 776 741 262 
776 741
489 776
776 262
383 547 578 122 140 
578 122
383 547
547 140
578 140
170 594 529 
170 594
170 529
246 641 
246 641
156 365 322 526 
365 526
156 322
365 322
286 437 473 
286 473
286 437
99 125 302 
99 125
125 302
128 
124 479 
124 479
40 220 
40 220
274 367 73 736 685 16 
274 367
73 367
736 274
685 274
16 367
550 712 546 485 
550 712
550 485
550 546
750 756 751 105 487 711 168 674 389 714 296 
750 756
751 756
105 750
487 750
711 487
168 487
674 751
389 168
714 751
296 389
50 778 235 353 404 86 
50 778
235 50
353 50
404 778
86 778
130 410 644 
130 410
130 644
106 
213 628 60 
213 628
213 60
0 453 155 
0 155
0 453
207 238 768 490 141 722 474 
207 238
768 238
490 207
141 207
722 141
474 238
222 403 121 532 267 669 614 318 699 399 346 523 270 
222 403
121 403
532 121
267 222
669 222
614 267
318 121
699 532
399 614
346 669
523 267
270 318
55 240 612 309 538 541 263 720 210 334 706 123 512 7 43 
55 240
612 240
309 240
538 55
541 309
263 541
720 612
210 612
334 309
706 263
123 334
512 720
7 720
43 512
47 157 558 591 
47 157
157 591
47 558
300 671 642 360 567 557 424 344 781 551 686 341 
300 671
642 300
360 300
567 300
557 671
424 671
344 300
781 344
551 557
686 300
341 344
451 762 257 290 617 394 518 531 446 65 232 792 702 209 366 797 694 417 561 
451 762
257 451
290 257
617 451
394 617
518 394
531 518
446 518
65 394
232 257
792 65
702 446
209 232
366 394
797 232
694 366
417 366
561 702
101 
49 
116 142 635 310 171 412 786 326 306 
116 142
635 142
310 116
171 116
412 142
786 142
326 171
306 310
218 227 248 431 69 325 287 361 444 285 
218 227
248 218
431 218
69 227
325 248
287 325
361 218
444 227
285 227
90 289 247 143 36 
289 143
90 247
143 36
289 247
97 436 630 542 520 718 137 264 513 639 708 665 21 771 
97 436
630 97
542 436
520 97
718 436
137 97
264 97
513 97
639 718
708 513
665 513
21 718
771 513
81 640 13 733 91 71 573 632 505 738 627 378 
81 640
13 81
733 640
91 733
71 640
573 81
632 733
505 640
738 733
627 13
378 640
536 726 650 179 793 421 31 
536 726
650 726
179 536
793 536
421 726
31 421
111 493 98 589 77 153 696 35 175 653 
111 493
98 493
589 493
77 493
153 77
696 111
35 153
175 111
653 77
44 
