!
784 
262 599 489 350 
262 599
489 599
350 489
329 396 315 112 425 255 
329 396
315 396
112 329
425 329
255 425
36 247 143 776 741 476 
36 247
143 36
776 36
741 776
476 36
154 292 378 654 584 624 187 298 
154 292
378 154
654 154
584 292
624 154
187 154
298 584
300 671 642 360 344 567 424 781 557 551 686 
300 671
642 300
360 300
344 300
567 671
424 300
781 567
557 300
551 671
686 300
763 
115 533 747 349 79 606 
115 533
747 115
349 115
79 533
606 115
17 110 793 
17 110
793 17
268 519 45 761 589 
268 519
45 268
761 268
589 268
283 569 
283 569
299 787 199 748 402 680 4 556 770 420 87 312 780 715 392 356 
299 787
199 787
748 199
402 748
680 402
4 748
556 680
770 402
420 402
87 299
312 199
780 199
715 787
392 87
356 87
335 759 62 623 511 216 195 574 295 412 127 54 454 786 
335 759
62 335
623 335
511 759
216 511
195 759
574 759
295 511
412 295
127 511
54 335
454 574
786 295
40 565 
40 565
620 
536 726 650 179 2 421 
536 726
650 536
179 536
2 726
421 536
5 597 
5 597
148 374 31 753 
148 374
31 374
753 374
11 661 388 
11 661
388 11
250 485 
250 485
387 478 522 204 149 351 229 
387 478
522 387
204 387
149 204
351 149
229 204
217 732 
217 732
307 607 526 
307 607
526 607
135 609 90 462 289 766 
135 609
90 609
462 609
289 90
766 135
610 
113 616 181 447 78 723 100 670 738 664 728 500 
113 616
181 616
447 113
78 447
723 616
100 723
670 723
738 100
664 181
728 78
500 670
327 418 701 182 
327 418
701 418
182 327
27 146 641 246 553 
27 146
641 146
246 27
553 27
345 621 242 704 638 28 
345 621
242 345
704 621
638 345
28 621
153 729 413 141 
153 729
413 153
141 729
165 570 537 10 291 277 236 749 590 
165 570
537 165
10 570
291 570
277 570
236 291
749 165
590 537
608 
377 545 441 88 450 316 
377 545
441 545
88 377
450 545
316 88
548 
534 
401 731 795 288 303 64 611 369 774 363 95 769 563 1 483 317 481 114 509 186 219 
401 731
795 401
288 731
303 731
64 303
611 288
369 401
774 401
363 731
95 795
769 288
563 731
1 288
483 363
317 731
481 369
114 363
509 769
186 769
219 369
274 367 73 213 685 736 124 
274 367
73 274
213 274
685 274
736 274
124 73
205 516 107 215 133 155 
205 516
107 516
215 107
133 205
155 133
258 480 200 75 
258 480
200 480
75 480
131 494 175 49 260 25 76 
131 494
175 131
49 494
260 494
25 494
76 260
672 713 576 602 177 
672 713
576 672
602 713
177 672
498 
466 
101 192 188 
101 192
188 192
386 746 
386 746
157 558 47 256 535 
157 558
47 157
256 47
535 157
120 336 14 495 459 
120 336
14 336
495 120
459 120
237 779 502 
237 779
502 237
458 
552 663 390 497 311 333 178 788 212 381 151 324 84 313 
552 663
390 663
497 390
311 390
333 552
178 552
788 552
212 788
381 390
151 788
324 497
84 151
313 151
544 791 145 586 752 652 276 767 566 
544 791
145 791
586 145
752 586
652 586
276 586
767 791
566 767
8 587 59 357 278 173 176 269 687 249 180 400 108 22 347 
8 587
59 587
357 587
278 8
173 59
176 8
269 59
687 59
249 687
180 687
400 687
108 357
22 173
347 357
293 471 279 233 643 
293 471
279 471
233 293
643 279
126 724 598 
126 724
598 724
449 
423 510 
423 510
81 640 13 733 71 91 505 627 
81 640
13 81
733 640
71 13
91 733
505 91
627 13
622 777 
622 777
340 482 82 198 696 328 
340 482
82 482
198 340
696 340
328 340
125 596 
125 596
443 
241 644 
241 644
319 373 
319 373
46 152 613 38 362 506 
46 152
613 152
38 46
362 152
506 613
414 
58 764 150 754 651 
58 764
150 764
754 764
651 58
568 633 
568 633
234 422 582 23 492 737 331 461 554 439 469 352 
234 422
582 234
23 234
492 422
737 234
331 422
461 23
554 331
439 331
469 331
352 737
167 398 666 94 
167 398
666 167
94 398
18 33 409 230 468 660 555 442 
18 33
409 33
230 33
468 33
660 33
555 18
442 409
397 628 
397 628
676 796 474 353 
676 796
474 676
353 796
203 432 72 41 3 415 251 132 342 504 66 406 74 488 158 539 162 667 579 577 117 465 709 721 364 799 358 166 294 144 689 448 265 160 456 382 163 429 
203 432
72 432
41 203
3 203
415 3
251 3
132 3
342 203
504 251
66 415
406 504
74 415
488 504
158 3
539 342
162 504
667 342
579 132
577 74
117 406
465 117
709 117
721 667
364 465
799 577
358 117
166 799
294 721
144 667
689 577
448 144
265 166
160 579
456 448
382 689
163 709
429 456
197 755 63 682 196 189 
197 755
63 197
682 197
196 197
189 196
549 603 445 
549 603
445 549
214 719 625 678 321 716 67 491 768 727 
214 719
625 719
678 719
321 214
716 678
67 214
491 719
768 214
727 716
438 464 372 427 220 
438 464
372 438
427 464
220 427
407 
34 690 393 626 136 211 
34 690
393 690
626 34
136 34
211 393
0 453 605 68 
0 453
605 453
68 605
742 782 419 297 
742 782
419 742
297 742
375 
172 359 104 80 370 656 89 
172 359
104 172
80 172
370 172
656 359
89 172
83 302 
83 302
55 240 538 309 612 541 720 210 334 263 60 7 43 706 437 20 512 479 123 261 
55 240
538 240
309 240
612 240
541 309
720 612
210 612
334 240
263 541
60 720
7 720
43 334
706 541
437 720
20 541
512 7
479 512
123 309
261 309
484 562 649 103 658 581 
484 562
649 484
103 484
658 562
581 484
540 564 434 109 323 496 
540 564
434 564
109 564
323 564
496 323
426 470 673 760 619 
426 470
673 426
760 470
619 760
343 
286 
338 668 
338 668
688 691 56 164 697 24 677 433 
688 691
56 691
164 688
697 688
24 697
677 164
433 697
710 714 
710 714
743 745 717 
743 745
717 743
202 615 
202 615
231 411 
231 411
183 655 
183 655
473 785 
473 785
69 783 
69 783
86 778 50 404 435 235 19 
86 778
50 778
404 778
435 404
235 50
19 435
12 57 772 280 284 646 275 634 758 
12 57
772 12
280 772
284 772
646 284
275 284
634 12
758 646
206 524 332 674 6 543 662 389 
206 524
332 524
674 206
6 524
543 674
662 524
389 674
223 
591 637 
591 637
282 684 475 253 501 647 575 281 794 26 272 593 560 129 259 376 428 472 226 134 379 330 
282 684
475 684
253 684
501 253
647 282
575 501
281 684
794 684
26 475
272 647
593 647
560 593
129 560
259 475
376 129
428 26
472 593
226 129
134 794
379 575
330 376
122 
383 708 771 201 645 665 573 693 
383 708
771 708
201 383
645 201
665 771
573 708
693 383
106 
546 550 408 712 
546 550
408 550
712 550
308 314 725 679 128 191 457 385 
308 314
725 308
679 308
128 725
191 314
457 314
385 725
595 675 254 521 224 118 765 703 707 648 486 52 639 271 
595 675
254 595
521 675
224 595
118 224
765 595
703 254
707 595
648 707
486 648
52 648
639 52
271 254
416 515 341 683 
416 515
341 416
683 515
207 238 722 490 508 
207 238
722 207
490 238
508 207
455 585 517 
455 585
517 585
636 789 
636 789
140 170 705 790 
140 170
705 170
790 170
70 773 604 
70 773
604 773
39 681 463 
39 681
463 681
99 
529 594 
529 594
514 578 
514 578
111 493 98 77 653 35 
111 493
98 493
77 493
653 98
35 111
239 692 48 368 
239 692
48 239
368 48
185 320 528 700 600 739 525 629 305 405 507 
185 320
528 320
700 320
600 185
739 700
525 700
629 600
305 629
405 305
507 739
29 499 194 583 119 92 
29 499
194 29
583 194
119 194
92 499
228 285 444 
228 285
444 228
96 
15 37 559 
15 37
559 15
61 355 452 
61 355
452 355
750 756 751 105 487 296 168 
750 756
751 756
105 750
487 750
296 487
168 296
30 243 174 159 53 184 572 384 365 322 156 698 740 
30 243
174 30
159 243
53 174
184 174
572 243
384 174
365 243
322 572
156 365
698 156
740 30
222 403 121 699 532 614 669 346 318 523 399 527 270 267 147 
222 403
121 403
699 403
532 403
614 222
669 614
346 222
318 121
523 222
399 669
527 121
270 318
267 614
147 669
130 354 169 410 
130 354
169 354
410 130
252 657 744 9 337 695 391 221 139 734 571 190 
252 657
744 252
9 744
337 9
695 337
391 337
221 252
139 744
734 337
571 221
190 657
451 762 518 394 257 290 617 446 65 232 531 702 797 792 209 366 417 694 561 
451 762
518 451
394 762
257 762
290 257
617 518
446 518
65 394
232 257
531 518
702 290
797 702
792 394
209 797
366 792
417 531
694 792
561 702
51 
44 
301 775 503 601 208 440 245 273 225 
301 775
503 301
601 301
208 503
440 503
245 775
273 775
225 273
467 580 371 588 735 530 460 193 618 757 
467 580
371 580
588 580
735 580
530 580
460 530
193 580
618 460
757 371
138 339 161 304 395 
138 339
161 138
304 138
395 304
266 477 32 102 42 592 348 85 798 93 659 730 430 631 
266 477
32 477
102 266
42 477
592 42
348 477
85 592
798 266
93 348
659 798
730 42
430 730
631 42
97 436 718 630 542 520 137 513 21 264 632 547 
97 436
718 436
630 436
542 436
520 97
137 97
513 97
21 718
264 513
632 21
547 513
248 431 218 227 287 325 361 
248 431
218 248
227 218
287 248
325 431
361 431
116 142 635 244 310 326 171 380 711 306 
116 142
635 142
244 116
310 116
326 310
171 326
380 310
711 142
306 142
16 
