? 5 672 713 177 602 796 
? 5 355 386 133 651 453 
? 5 387 478 204 522 610 
? 5 245 597 5 775 225 
? 5 233 293 279 643 319 
? 5 598 724 591 458 126 
? 5 170 594 140 790 44 
? 5 345 621 361 627 242 
? 5 154 292 378 426 654 
? 5 329 396 112 75 14 
? 5 368 728 732 765 21 
? 4 546 550 712 789 
? 4 171 326 380 408 
? 4 638 760 470 619 
? 4 419 742 439 463 
? 4 36 489 143 776 
? 4 397 628 479 515 
? 4 200 480 229 495 
? 4 70 289 90 247 
? 4 15 559 316 379 
? 4 150 746 68 11 
? 4 561 740 784 365 
? 4 157 535 558 457 
? 4 285 444 443 228 
? 4 388 658 423 0 
? 3 28 704 96 
? 3 17 110 517 
? 3 327 418 182 
? 3 130 410 128 
? 3 168 296 636 
? 3 237 416 683 
? 3 69 783 122 
? 3 37 330 188 
? 3 101 192 491 
? 3 194 583 92 
? 3 220 427 568 
? 3 268 761 519 
? 3 474 534 701 
? 3 514 578 529 
!
782 
388 658 423 0 
388 423
388 658
658 0
58 764 605 754 661 510 
58 764
605 764
754 764
661 764
510 764
236 291 165 749 533 349 
236 291
165 291
749 291
533 749
349 533
18 33 409 468 230 442 710 555 
18 33
409 33
468 18
230 468
442 33
710 18
555 18
97 436 542 718 520 52 20 630 513 771 137 
97 436
542 436
718 436
520 97
52 97
20 436
630 718
513 97
771 513
137 718
779 
50 235 353 778 576 404 
50 235
353 50
778 50
576 50
404 50
514 578 529 
578 529
514 529
368 728 732 765 21 
728 765
368 732
728 732
728 21
45 780 
45 780
55 240 538 309 612 541 263 720 210 7 334 706 60 123 512 43 
55 240
538 240
309 240
612 240
541 55
263 541
720 612
210 612
7 720
334 309
706 263
60 7
123 334
512 7
43 612
467 580 371 588 151 84 460 618 757 193 530 705 788 735 
467 580
371 467
588 580
151 580
84 467
460 467
618 460
757 580
193 460
530 580
705 618
788 151
735 618
350 599 
350 599
660 
374 753 148 31 108 407 
374 753
148 374
31 374
108 753
407 753
317 509 
317 509
285 444 443 228 
285 443
285 228
285 444
474 534 701 
474 534
474 701
187 298 
187 298
750 756 751 105 375 714 354 
750 756
751 750
105 751
375 756
714 751
354 751
106 668 
106 668
268 761 519 
268 519
268 761
152 613 46 362 506 304 
152 613
46 152
362 152
506 613
304 613
644 
234 422 23 737 492 331 461 582 469 554 297 352 
234 422
23 422
737 234
492 234
331 234
461 23
582 23
469 234
554 469
297 554
352 737
157 535 558 457 
157 535
535 558
535 457
329 396 112 75 14 
112 14
329 396
329 112
396 75
260 494 76 131 175 25 
260 494
76 494
131 494
175 131
25 494
561 740 784 365 
561 740
740 365
740 784
211 393 609 135 261 34 690 462 476 
211 393
609 393
135 393
261 393
34 135
690 34
462 690
476 261
637 
205 516 215 107 673 155 
205 516
215 516
107 516
673 516
155 205
633 
607 
451 762 290 257 617 394 446 792 232 65 518 531 702 797 366 209 600 417 694 185 103 
451 762
290 451
257 290
617 762
394 617
446 394
792 394
232 257
65 394
518 446
531 446
702 290
797 702
366 792
209 232
600 792
417 600
694 366
185 694
103 702
377 545 441 88 450 715 620 
377 545
441 545
88 377
450 545
715 88
620 545
398 666 169 167 94 241 
398 666
169 398
167 666
94 666
241 169
150 746 68 11 
150 68
150 11
746 68
197 755 682 196 63 569 189 
197 755
682 755
196 197
63 755
569 755
189 63
154 292 378 426 654 
154 292
154 378
292 654
154 426
601 
590 
220 427 568 
220 568
427 568
653 716 
653 716
345 621 361 627 242 
621 242
345 242
345 361
627 242
170 594 140 790 44 
170 44
790 44
170 140
594 44
194 583 92 
194 583
583 92
557 
222 403 614 121 532 699 267 318 399 523 346 270 147 343 
222 403
614 222
121 403
532 121
699 532
267 614
318 121
399 222
523 614
346 614
270 318
147 614
343 270
207 238 722 141 490 676 717 508 743 
207 238
722 207
141 722
490 238
676 490
717 238
508 490
743 717
275 284 646 772 12 280 758 163 372 438 464 566 119 499 29 
275 284
646 284
772 284
12 772
280 12
758 646
163 758
372 163
438 758
464 438
566 464
119 438
499 566
29 499
598 724 591 458 126 
598 724
598 591
724 126
458 126
101 192 491 
101 192
192 491
502 
178 313 
178 313
172 359 104 370 80 656 89 384 
172 359
104 172
370 172
80 172
656 172
89 172
384 104
414 527 
414 527
536 726 650 421 2 793 
536 726
650 536
421 536
2 650
793 536
83 302 
83 302
485 
86 411 
86 411
124 626 
124 626
120 425 459 336 149 255 
120 425
459 120
336 120
149 120
255 149
456 
233 293 279 643 319 
233 643
293 279
233 293
293 319
286 785 
286 785
335 759 623 511 62 216 195 574 54 747 115 454 
335 759
623 335
511 759
62 511
216 511
195 759
574 623
54 62
747 216
115 747
454 747
15 559 316 379 
559 316
15 559
15 379
305 629 553 219 405 27 246 641 
305 629
553 305
219 305
405 219
27 553
246 27
641 246
202 615 
202 615
70 289 90 247 
70 247
70 90
289 247
72 432 203 41 3 251 158 74 132 415 66 504 406 488 342 539 667 162 117 579 577 364 799 709 721 465 144 265 166 294 358 634 429 689 382 448 57 433 
72 432
203 432
41 203
3 41
251 72
158 3
74 3
132 3
415 3
66 3
504 251
406 504
488 504
342 66
539 342
667 342
162 504
117 251
579 74
577 579
364 488
799 577
709 117
721 667
465 709
144 539
265 799
166 799
294 721
358 465
634 358
429 294
689 577
382 689
448 144
57 358
433 294
38 138 339 161 79 277 
38 138
339 138
161 138
79 161
277 79
37 330 188 
37 188
330 188
544 791 652 356 145 586 767 752 160 276 
544 791
652 791
356 544
145 652
586 145
767 791
752 586
160 544
276 586
245 597 5 775 225 
245 225
597 5
597 225
245 775
395 
484 562 649 526 322 581 
484 562
649 484
526 562
322 526
581 484
200 480 229 495 
200 229
480 229
229 495
397 628 479 515 
628 515
397 479
628 479
392 
111 493 98 153 77 589 696 
111 493
98 493
153 493
77 153
589 98
696 111
125 596 
125 596
401 731 795 303 288 363 611 64 369 769 95 774 1 483 563 114 481 186 283 777 
401 731
795 401
303 401
288 731
363 401
611 795
64 303
369 401
769 288
95 303
774 401
1 288
483 369
563 363
114 363
481 363
186 769
283 563
777 114
525 700 739 507 528 320 
525 700
739 525
507 739
528 700
320 528
218 248 325 227 431 287 
218 248
325 248
227 248
431 218
287 248
387 478 204 522 610 
478 204
387 204
387 610
478 522
373 
351 
146 622 
146 622
208 655 503 301 698 440 307 183 
208 655
503 208
301 503
698 503
440 503
307 655
183 655
49 565 
49 565
69 783 122 
783 122
69 122
662 745 
662 745
262 741 
262 741
39 681 
39 681
584 624 
584 624
437 473 
437 473
604 697 24 773 688 691 766 
604 697
24 604
773 697
688 24
691 688
766 773
174 184 159 243 30 53 471 156 572 
174 184
159 174
243 174
30 243
53 174
471 184
156 53
572 243
540 564 109 434 323 692 496 239 
540 564
109 564
434 540
323 109
692 323
496 323
239 692
273 
164 677 
164 677
282 684 475 253 501 575 794 560 647 26 272 281 129 428 472 593 259 134 498 376 226 385 
282 684
475 684
253 684
501 684
575 501
794 282
560 282
647 560
26 475
272 647
281 253
129 501
428 475
472 684
593 647
259 26
134 428
498 593
376 129
226 575
385 134
264 
332 524 206 389 548 6 674 543 
332 524
206 524
389 206
548 332
6 389
674 6
543 206
250 
36 489 143 776 
489 143
36 143
36 776
340 482 19 435 198 231 82 328 
340 482
19 482
435 19
198 340
231 482
82 435
328 340
299 787 199 748 556 402 4 680 770 420 449 87 312 56 
299 787
199 787
748 199
556 299
402 556
4 299
680 556
770 199
420 402
449 199
87 299
312 748
56 420
419 742 439 463 
742 463
419 742
439 463
355 386 133 651 453 
133 453
386 453
355 651
355 133
237 416 683 
416 683
237 683
136 223 
136 223
638 760 470 619 
760 470
638 760
760 619
168 296 636 
168 296
168 636
130 410 128 
130 410
130 128
212 
452 608 
452 608
413 729 
413 729
308 314 725 679 22 191 
308 314
725 308
679 314
22 308
191 308
171 326 380 408 
171 326
380 408
171 408
300 671 344 642 567 360 551 781 424 686 341 
300 671
344 300
642 671
567 671
360 300
551 300
781 567
424 781
686 360
341 300
455 606 10 537 585 570 
455 606
10 606
537 455
585 455
570 537
327 418 182 
327 418
327 182
99 
17 110 517 
17 110
17 517
28 704 96 
704 96
28 96
383 708 547 201 645 665 693 
383 708
547 708
201 383
645 201
665 547
693 383
113 616 181 447 723 100 664 78 48 738 670 217 500 
113 616
181 113
447 113
723 616
100 723
664 181
78 447
48 78
738 100
670 100
217 78
500 100
266 477 32 102 42 348 798 592 85 93 669 659 730 430 631 
266 477
32 477
102 266
42 477
348 102
798 102
592 42
85 592
93 348
669 592
659 32
730 42
430 730
631 669
546 550 712 789 
550 712
550 789
546 789
142 635 116 295 244 711 786 310 127 487 306 412 
142 635
116 142
295 116
244 116
711 635
786 295
310 116
127 295
487 711
306 635
412 786
252 744 657 9 695 337 549 221 391 315 571 734 603 139 445 190 258 466 179 
252 744
657 252
9 744
695 744
337 695
549 695
221 744
391 337
315 221
571 221
734 391
603 695
139 337
445 571
190 315
258 190
466 221
179 571
61 
40 
81 640 13 733 71 573 91 632 505 
81 640
13 81
733 640
71 81
573 81
91 733
632 733
505 81
214 719 763 678 625 338 321 727 67 768 
214 719
763 719
678 719
625 719
338 719
321 719
727 678
67 214
768 719
672 713 177 602 796 
177 602
672 713
602 796
672 177
8 587 59 357 269 176 173 278 249 687 180 347 51 400 
8 587
59 587
357 587
269 59
176 8
173 59
278 587
249 59
687 249
180 59
347 357
51 269
400 357
595 675 254 707 521 703 648 271 224 118 486 639 
595 675
254 595
707 595
521 595
703 254
648 675
271 254
224 703
118 224
486 707
639 486
274 367 73 213 685 16 736 
274 367
73 367
213 367
685 274
16 274
736 73
390 497 663 552 324 256 381 333 311 47 
390 497
663 390
552 663
324 497
256 324
381 324
333 497
311 663
47 324
35 
