? 5 44 437 286 210 473 
? 5 451 762 290 257 232 
? 5 717 743 768 745 238 
? 5 387 478 522 204 352 
? 5 368 728 217 732 224 
? 5 299 787 199 748 4 
? 5 333 663 552 390 311 
? 5 608 619 355 760 638 
? 5 532 699 121 527 318 
? 5 476 599 262 20 271 
? 5 506 613 152 46 182 
? 4 206 332 524 636 
? 4 402 770 556 680 
? 4 190 258 75 480 
? 4 399 523 222 403 
? 4 639 707 48 718 
? 4 96 704 621 645 
? 4 266 477 102 32 
? 4 525 739 507 700 
? 4 175 696 49 111 
? 4 107 215 516 205 
? 4 183 307 655 607 
? 4 301 775 225 208 
? 4 209 702 797 561 
? 4 270 343 793 445 
? 3 342 667 539 
? 3 187 239 692 
? 3 140 529 594 
? 3 103 649 581 
? 3 500 670 496 
? 3 61 386 133 
? 3 221 571 315 
? 3 327 418 701 
? 3 338 668 67 
? 3 591 637 5 
? 3 550 712 485 
? 3 109 434 564 
? 3 17 267 730 
? 3 98 589 493 
!
782 
270 343 793 445 
270 793
270 343
270 445
113 616 181 447 78 723 
113 616
181 113
447 113
78 447
723 616
52 648 630 436 520 486 
52 648
630 648
436 630
520 52
486 630
356 392 87 544 752 160 791 382 
356 392
87 356
544 392
752 356
160 87
791 544
382 160
515 779 685 237 416 683 502 213 628 341 274 
515 779
685 779
237 515
416 515
683 416
502 237
213 685
628 685
341 416
274 213
740 
443 444 228 227 218 285 
443 444
228 444
227 443
218 227
285 228
98 589 493 
98 589
589 493
506 613 152 46 182 
613 182
152 46
613 152
506 182
348 798 
348 798
230 660 468 33 18 54 409 517 555 442 105 659 710 714 750 756 
230 660
468 660
33 468
18 33
54 660
409 18
517 33
555 18
442 409
105 54
659 517
710 555
714 555
750 105
756 750
305 629 784 405 553 417 369 27 600 185 531 446 518 617 
305 629
784 305
405 629
553 784
417 629
369 405
27 405
600 417
185 600
531 417
446 531
518 531
617 531
441 780 
441 780
706 
256 324 381 47 497 558 
256 324
381 256
47 256
497 324
558 47
186 509 
186 509
209 702 797 561 
797 561
702 797
209 702
17 267 730 
17 730
17 267
167 543 
167 543
625 763 719 214 491 321 192 
625 763
719 625
214 719
491 625
321 214
192 491
781 785 
781 785
109 434 564 
109 564
109 434
73 136 223 124 626 367 
73 136
223 136
124 73
626 223
367 73
703 
279 319 643 373 302 196 148 125 83 596 99 243 
279 319
643 279
373 643
302 373
196 373
148 196
125 302
83 125
596 83
99 125
243 319
301 775 225 208 
301 775
775 208
775 225
476 599 262 20 271 
599 262
20 271
476 599
262 271
26 428 259 106 666 398 
26 428
259 428
106 259
666 428
398 666
183 307 655 607 
183 655
307 607
655 607
397 512 479 7 43 60 736 720 612 
397 512
479 397
7 397
43 479
60 7
736 43
720 60
612 720
653 
423 661 510 658 11 388 
423 661
510 423
658 423
11 661
388 658
604 
576 
172 359 104 80 89 656 384 370 293 601 159 233 597 471 53 440 174 245 698 503 184 
172 359
104 172
80 104
89 80
656 104
384 89
370 359
293 370
601 80
159 384
233 293
597 656
471 293
53 159
440 601
174 53
245 597
698 440
503 440
184 174
513 771 665 264 542 97 201 
513 771
665 771
264 665
542 513
97 542
201 771
412 786 711 142 635 789 
412 786
711 412
142 786
635 142
789 635
107 215 516 205 
516 205
107 516
215 205
147 631 669 346 614 430 592 
147 631
669 147
346 669
614 669
430 631
592 147
532 699 121 527 318 
699 318
532 699
527 318
532 121
569 
540 
550 712 485 
550 712
550 485
16 312 
16 312
608 619 355 760 638 
608 760
608 638
619 355
619 760
333 663 552 390 311 
663 552
552 311
333 390
390 311
591 637 5 
637 5
591 637
526 
283 622 777 641 481 114 146 246 63 189 219 197 682 755 
283 622
777 283
641 777
481 641
114 481
146 641
246 146
63 622
189 63
219 246
197 63
682 197
755 197
278 587 269 357 173 414 108 347 410 
278 587
269 278
357 269
173 587
414 269
108 357
347 108
410 414
551 557 593 498 300 272 642 360 671 560 647 686 424 567 376 
551 557
593 551
498 593
300 551
272 593
642 300
360 642
671 360
560 498
647 272
686 498
424 671
567 424
376 686
299 787 199 748 4 
299 787
787 199
299 748
748 4
338 668 67 
668 67
338 67
472 
42 85 
42 85
242 287 325 248 361 452 345 431 
242 287
325 242
248 325
361 325
452 287
345 361
431 248
66 415 
66 415
577 799 579 166 689 74 
577 799
579 799
166 579
689 577
74 799
1 351 
1 351
362 
155 651 
155 651
141 207 
141 207
366 792 694 394 528 65 
366 792
694 792
394 366
528 694
65 792
344 
368 728 217 732 224 
728 224
728 217
217 732
368 732
450 620 
450 620
688 691 164 677 456 448 56 429 24 420 433 697 
688 691
164 691
677 164
456 688
448 456
56 677
429 456
24 691
420 56
433 429
697 433
175 696 49 111 
696 49
696 111
175 49
188 379 101 226 559 37 15 575 
188 379
101 188
226 379
559 379
37 226
15 559
575 226
200 229 
200 229
525 739 507 700 
739 700
525 739
739 507
115 349 533 747 590 749 454 216 277 10 606 574 79 455 759 537 511 570 171 165 335 161 195 244 127 38 295 623 62 291 585 236 93 138 304 326 339 116 
115 349
533 115
747 349
590 349
749 533
454 747
216 747
277 749
10 590
606 590
574 454
79 277
455 606
759 216
537 10
511 759
570 10
171 216
165 570
335 759
161 79
195 335
244 171
127 244
38 161
295 244
623 195
62 335
291 161
585 455
236 291
93 574
138 38
304 171
326 171
339 161
116 127
340 482 231 19 82 328 
340 482
231 482
19 231
82 231
328 340
327 418 701 
327 418
327 701
421 753 31 374 400 687 180 249 536 59 
421 753
31 753
374 31
400 421
687 374
180 687
249 687
536 421
59 180
387 478 522 204 352 
522 352
478 204
387 204
478 522
334 
521 595 675 765 118 254 
521 595
675 521
765 595
118 765
254 765
266 477 102 32 
266 477
477 32
266 102
96 704 621 645 
621 645
96 704
96 621
323 
29 499 194 767 119 566 464 
29 499
194 29
767 499
119 194
566 767
464 119
129 330 
129 330
314 679 308 128 457 725 458 22 126 598 191 385 51 724 134 176 535 157 8 94 
314 679
308 314
128 308
457 679
725 128
458 457
22 308
126 458
598 458
191 457
385 725
51 22
724 598
134 385
176 22
535 126
157 535
8 176
94 134
50 235 778 353 404 86 
50 235
778 235
353 778
404 778
86 404
241 354 169 644 130 751 
241 354
169 354
644 241
130 644
751 241
717 743 768 745 238 
717 768
743 238
743 768
717 745
320 
273 
202 615 
202 615
36 143 247 489 350 741 776 289 
36 143
247 143
489 36
350 489
741 350
776 350
289 247
250 662 
250 662
221 571 315 
221 315
221 571
484 562 
484 562
23 582 
23 582
69 783 
69 783
30 572 
30 572
294 721 
294 721
586 652 145 276 565 494 131 
586 652
145 652
276 586
565 276
494 565
131 565
68 746 605 754 150 58 764 0 453 
68 746
605 68
754 605
150 754
58 754
764 58
0 746
453 0
255 610 425 14 120 329 495 149 
255 610
425 255
14 255
120 14
329 255
495 120
149 495
265 
672 713 
672 713
467 580 371 588 757 84 530 151 193 735 460 788 618 705 790 313 514 170 693 178 212 578 
467 580
371 467
588 371
757 580
84 588
530 757
151 84
193 151
735 193
460 735
788 151
618 460
705 530
790 618
313 84
514 705
170 790
693 514
178 313
212 788
578 514
203 
168 375 296 674 389 6 548 487 
168 375
296 375
674 168
389 168
6 389
548 674
487 296
179 
639 707 48 718 
707 718
639 707
639 48
508 676 490 602 474 796 534 177 
508 676
490 508
602 676
474 602
796 508
534 474
177 602
492 554 469 331 422 234 297 681 742 419 439 461 463 737 
492 554
469 554
331 492
422 469
234 422
297 554
681 331
742 297
419 681
439 681
461 422
463 297
737 234
399 523 222 403 
222 403
399 403
523 222
451 762 290 257 232 
451 762
257 232
290 232
762 290
61 386 133 
386 133
61 386
322 365 
322 365
190 258 75 480 
190 480
190 75
258 480
500 670 496 
500 670
670 496
103 649 581 
103 649
103 581
156 
336 459 
336 459
70 773 
70 773
55 240 538 309 541 263 
55 240
538 240
309 538
541 309
263 541
402 770 556 680 
556 680
402 770
402 680
135 462 393 609 211 690 123 34 766 261 90 
135 462
393 462
609 462
211 393
690 211
123 211
34 690
766 34
261 393
90 609
380 408 310 395 546 306 
380 408
310 408
395 380
546 310
306 546
140 529 594 
140 529
140 594
144 
187 239 692 
187 692
187 239
342 667 539 
667 539
342 539
2 407 112 466 396 726 650 
2 407
112 407
466 2
396 112
726 466
650 726
12 57 358 280 772 646 634 284 275 758 163 372 438 
12 57
358 57
280 12
772 280
646 772
634 358
284 772
275 284
758 646
163 634
372 163
438 372
488 504 251 162 406 117 132 364 709 158 72 432 3 465 41 
488 504
251 504
162 488
406 251
117 162
132 406
364 162
709 117
158 132
72 158
432 72
3 158
465 709
41 72
206 332 524 636 
206 332
206 524
206 636
427 568 411 220 40 633 76 92 435 260 583 25 
427 568
411 427
220 427
40 220
633 568
76 40
92 220
435 411
260 76
583 92
25 260
71 640 81 505 573 13 733 91 632 738 627 21 137 383 378 547 708 100 664 
71 640
81 71
505 640
573 81
13 81
733 505
91 733
632 91
738 733
627 13
21 632
137 21
383 573
378 13
547 383
708 547
100 738
664 738
122 
39 
426 624 298 470 654 673 584 292 154 
426 624
298 426
470 624
654 298
673 426
584 654
292 584
154 292
45 715 88 519 268 377 316 761 545 449 
45 715
88 715
519 45
268 519
377 88
316 519
761 715
545 377
449 88
44 437 286 210 473 
286 473
210 473
44 286
437 210
731 795 401 303 288 95 611 64 563 774 769 363 317 483 
731 795
401 731
303 795
288 795
95 303
611 95
64 303
563 401
774 563
769 288
363 563
317 363
483 774
391 734 337 695 9 139 603 657 252 744 110 549 
391 734
337 734
695 337
9 337
139 9
603 695
657 9
252 9
744 9
110 734
549 603
282 684 253 475 281 501 794 
282 684
253 684
475 684
281 475
501 253
794 475
413 729 727 35 716 153 198 722 77 678 
413 729
727 729
35 413
716 727
153 716
198 35
722 727
77 153
678 716
28 
