? 5 120 425 459 351 255 
? 5 561 740 553 209 322 
? 5 50 778 235 353 796 
? 5 308 725 314 22 128 
? 5 68 746 605 754 423 
? 5 215 516 107 205 133 
? 5 170 594 140 790 693 
? 5 576 672 713 177 602 
? 5 70 289 90 773 247 
? 5 329 396 2 112 14 
? 5 413 716 729 198 491 
? 4 742 782 419 297 
? 4 410 710 130 414 
? 4 245 597 5 225 
? 4 39 439 331 681 
? 4 138 161 79 182 
? 4 56 691 164 677 
? 4 287 361 28 452 
? 4 146 219 27 777 
? 4 327 418 701 712 
? 4 279 643 319 125 
? 4 298 426 470 624 
? 4 228 444 607 764 
? 4 427 568 411 633 
? 4 550 789 546 395 
? 3 43 334 397 
? 3 61 355 155 
? 3 11 388 661 
? 3 469 492 463 
? 3 250 636 389 
? 3 619 760 386 
? 3 188 379 668 
? 3 437 473 286 
? 3 237 502 515 
? 3 58 150 651 
? 3 457 679 458 
? 3 136 626 690 
? 3 283 641 622 
? 3 110 734 603 
!
745 
550 789 546 395 
550 789
789 546
550 395
368 728 48 500 21 262 
368 728
48 728
500 48
21 48
262 21
352 478 387 522 204 149 
352 478
387 478
522 387
204 387
149 478
544 791 145 586 752 652 276 392 
544 791
145 791
586 145
752 544
652 586
276 586
392 791
53 174 243 30 184 384 159 156 80 601 89 
53 174
243 174
30 243
184 174
384 174
159 243
156 159
80 384
601 159
89 601
673 
115 533 747 349 277 454 
115 533
747 115
349 533
277 115
454 747
110 734 603 
110 734
110 603
413 716 729 198 491 
729 198
716 491
413 198
413 716
278 793 
278 793
451 762 257 394 290 531 518 617 232 702 65 366 446 797 792 417 
451 762
257 451
394 451
290 257
531 394
518 531
617 531
232 257
702 290
65 394
366 394
446 518
797 232
792 366
417 617
300 671 642 424 567 551 360 344 557 781 686 785 620 498 
300 671
642 300
424 671
567 671
551 300
360 671
344 671
557 300
781 424
686 344
785 781
620 686
498 686
99 637 
99 637
653 
489 776 741 36 143 350 
489 776
741 776
36 776
143 36
350 776
479 779 
479 779
427 568 411 633 
427 568
568 411
568 633
283 641 622 
283 622
283 641
83 302 
83 302
540 564 109 323 434 692 496 
540 564
109 564
323 564
434 540
692 323
496 109
54 660 
54 660
136 626 690 
136 626
626 690
167 666 398 169 94 354 
167 666
398 666
169 398
94 666
354 169
572 
113 181 616 447 664 738 78 100 670 723 732 733 
113 181
616 113
447 113
664 181
738 181
78 447
100 738
670 100
723 100
732 447
733 738
228 444 607 764 
228 764
228 607
228 444
329 396 2 112 14 
329 2
112 14
329 396
329 112
190 480 258 75 229 200 
190 480
258 190
75 480
229 480
200 75
298 426 470 624 
298 470
426 624
298 624
197 755 196 63 682 569 373 189 336 
197 755
196 197
63 197
682 755
569 682
373 196
189 63
336 569
534 
206 524 332 6 543 168 
206 524
332 524
6 524
543 206
168 6
510 
507 
401 731 303 795 288 317 563 363 64 369 769 611 95 774 1 186 114 246 483 481 509 
401 731
303 731
795 401
288 731
317 731
563 401
363 401
64 731
369 401
769 288
611 288
95 769
774 369
1 288
186 769
114 363
246 114
483 363
481 114
509 769
484 562 581 526 649 103 658 
484 562
581 484
526 562
649 484
103 484
658 649
47 558 157 256 381 591 
47 558
157 47
256 47
381 47
591 157
279 643 319 125 
279 319
279 643
643 125
275 284 772 646 12 280 758 
275 284
772 284
646 284
12 284
280 12
758 646
70 289 90 773 247 
70 247
70 90
289 247
90 773
485 
455 
457 679 458 
457 458
679 458
101 625 
101 625
576 672 713 177 602 
177 602
672 713
672 177
576 713
170 594 140 790 693 
170 140
170 790
594 790
790 693
58 150 651 
58 651
58 150
408 
222 403 699 532 121 614 318 399 267 270 17 347 445 527 
222 403
699 403
532 699
121 532
614 222
318 121
399 532
267 614
270 318
17 267
347 270
445 318
527 532
467 580 371 588 460 618 735 705 757 
467 580
371 580
588 467
460 467
618 460
735 460
705 460
757 371
116 142 635 295 244 310 786 412 711 171 127 326 380 306 487 
116 142
635 142
295 116
244 295
310 116
786 295
412 142
711 142
171 116
127 295
326 310
380 310
306 310
487 711
215 516 107 205 133 
516 205
516 107
107 133
215 205
237 502 515 
237 502
237 515
407 
191 535 
191 535
46 152 362 613 506 38 304 339 
46 152
362 152
613 152
506 152
38 46
304 46
339 38
193 530 
193 530
383 708 547 771 578 704 
383 708
547 708
771 708
578 383
704 383
305 784 
305 784
338 
495 610 
495 610
241 644 
241 644
536 726 650 108 466 179 
536 726
650 536
108 536
466 726
179 650
307 
68 746 605 754 423 
68 605
746 754
68 754
605 423
372 438 
372 438
97 436 718 542 520 137 630 486 513 264 632 665 
97 436
718 436
542 436
520 97
137 436
630 436
486 630
513 542
264 513
632 137
665 513
327 418 701 712 
327 418
701 712
327 701
621 645 345 201 627 242 325 122 
621 645
345 621
201 645
627 621
242 345
325 345
122 645
0 453 
0 453
146 219 27 777 
146 219
146 777
146 27
72 432 203 41 3 66 251 132 415 162 158 504 488 406 342 539 74 667 579 117 799 709 577 721 364 465 163 166 358 144 429 634 294 689 448 57 382 433 
72 432
203 432
41 203
3 203
66 72
251 432
132 3
415 132
162 251
158 3
504 251
488 251
406 504
342 66
539 342
74 132
667 342
579 74
117 406
799 579
709 117
577 799
721 667
364 488
465 117
163 117
166 579
358 465
144 539
429 144
634 117
294 721
689 577
448 429
57 358
382 689
433 294
750 756 751 105 296 674 
750 756
751 756
105 750
296 756
674 296
437 473 286 
473 286
437 286
29 499 194 767 583 119 566 464 220 92 
29 499
194 29
767 29
583 194
119 194
566 767
464 119
220 583
92 220
308 725 314 22 128 
725 314
308 314
725 128
308 22
273 
135 393 609 261 211 462 
135 393
609 393
261 393
211 135
462 135
287 361 28 452 
287 452
361 452
287 28
56 691 164 677 
56 677
56 164
56 691
265 
260 494 25 76 40 565 696 
260 494
25 494
76 494
40 260
565 260
696 260
608 638 
608 638
266 477 32 102 42 348 85 798 592 659 93 730 430 147 517 631 585 669 346 523 
266 477
32 266
102 266
42 477
348 102
85 42
798 477
592 42
659 798
93 32
730 42
430 730
147 592
517 85
631 42
585 93
669 147
346 669
523 669
154 378 584 654 292 187 
154 378
584 378
654 154
292 154
187 154
218 227 431 248 443 285 
218 227
431 218
248 431
443 218
285 227
50 778 235 353 796 
50 778
235 353
778 235
353 796
239 
231 
474 717 
474 717
172 359 656 370 104 293 233 471 
172 359
656 172
370 172
104 172
293 370
233 370
471 370
183 365 
183 365
188 379 668 
188 379
379 668
596 724 
596 724
375 548 
375 548
86 404 
86 404
476 599 
476 599
514 529 
514 529
234 422 23 737 582 461 554 
234 422
23 422
737 234
582 23
461 23
554 422
165 570 537 10 291 590 236 606 749 
165 570
537 165
10 537
291 570
590 537
236 291
606 537
749 291
604 697 24 766 688 223 34 456 
604 697
24 604
766 604
688 697
223 24
34 223
456 688
176 
343 357 
343 357
282 684 475 253 794 501 575 272 647 281 428 129 26 472 593 376 560 134 385 259 106 226 
282 684
475 684
253 282
794 684
501 684
575 253
272 282
647 253
281 475
428 475
129 575
26 428
472 684
593 129
376 129
560 376
134 794
385 794
259 26
106 259
226 575
160 
335 623 511 759 62 195 574 216 
335 623
511 335
759 335
62 335
195 335
574 623
216 759
139 
138 161 79 182 
161 79
138 161
138 182
207 238 722 141 490 676 508 727 
207 238
722 207
141 722
490 207
676 490
508 676
727 722
595 675 254 118 521 765 703 707 648 224 217 639 52 271 
595 675
254 595
118 675
521 675
765 675
703 254
707 675
648 675
224 703
217 224
639 707
52 648
271 254
39 439 331 681 
439 331
39 681
39 439
561 740 553 209 322 
740 322
561 740
740 553
553 209
619 760 386 
619 386
619 760
555 714 
555 714
245 597 5 225 
245 225
597 5
597 225
250 636 389 
636 389
250 636
469 492 463 
469 463
492 463
126 
69 783 
69 783
202 615 
202 615
18 33 409 468 230 442 
18 33
409 18
468 33
230 33
442 18
410 710 130 414 
710 130
410 710
410 414
252 744 657 695 9 337 571 549 221 391 315 
252 744
657 252
695 744
9 744
337 695
571 744
549 695
221 571
391 337
315 221
340 482 19 435 82 328 
340 482
19 482
435 19
82 19
328 340
11 388 661 
11 388
11 661
96 
61 355 155 
61 155
61 355
43 334 397 
43 397
43 334
81 640 13 71 573 91 505 
81 640
13 81
71 81
573 13
91 81
505 640
552 663 390 497 212 311 178 333 151 313 788 324 84 
552 663
390 663
497 390
212 663
311 390
178 311
333 390
151 212
313 178
788 151
324 497
84 151
249 687 374 173 421 59 400 148 587 180 753 31 8 269 598 
249 687
374 687
173 249
421 374
59 173
400 59
148 374
587 59
180 249
753 400
31 374
8 587
269 8
598 249
742 782 419 297 
742 297
742 782
782 419
377 545 441 450 15 45 316 559 330 341 37 683 
377 545
441 545
450 441
15 545
45 377
316 15
559 15
330 450
341 377
37 330
683 341
199 787 299 748 556 402 680 770 449 4 780 420 312 356 715 87 761 416 88 
199 787
299 787
748 199
556 748
402 556
680 556
770 402
449 199
4 748
780 199
420 402
312 748
356 787
715 449
87 356
761 356
416 312
88 715
51 
44 
274 367 685 213 73 736 16 628 124 
274 367
685 274
213 367
73 367
736 73
16 274
628 685
124 736
214 719 321 763 678 662 67 192 743 768 
214 719
321 214
763 214
678 719
662 214
67 719
192 214
743 214
768 743
120 425 459 351 255 
120 459
120 255
425 351
120 425
55 240 538 309 612 541 7 706 720 210 263 60 512 123 
55 240
538 240
309 538
612 55
541 309
7 612
706 541
720 612
210 612
263 541
60 7
512 60
123 309
111 493 98 77 49 153 268 35 589 131 175 519 
111 493
98 111
77 493
49 111
153 77
268 111
35 493
589 111
131 49
175 131
519 268
440 503 301 698 208 775 655 
440 503
301 503
698 503
208 503
775 301
655 208
185 320 528 700 694 600 629 525 739 405 
185 320
528 320
700 320
694 185
600 320
629 185
525 700
739 525
405 629
20 
