? 8 79 274 444 689 287 49 327 331 
? 8 472 765 481 351 636 46 73 38 
? 8 140 479 157 151 375 425 344 36 
? 8 423 717 415 482 682 757 754 687 
? 8 144 610 443 289 266 705 370 764 
? 8 225 439 489 614 90 122 100 627 
? 8 620 713 437 556 269 686 659 177 
? 8 333 590 238 145 500 96 471 98 
? 7 267 455 341 492 618 563 629 
? 7 23 737 741 97 366 104 680 
? 7 184 648 132 786 117 770 62 
? 7 134 201 143 545 466 1 76 
? 7 227 465 506 613 615 742 599 
? 7 237 795 435 332 299 639 525 
? 7 85 762 5 540 270 726 376 
? 7 252 566 459 457 745 313 141 
? 7 348 631 264 301 356 733 700 
? 7 501 594 34 509 392 206 127 
? 7 39 591 262 504 773 467 302 
? 6 583 604 600 314 426 190 
? 6 281 381 364 496 116 229 
? 6 119 359 78 772 322 577 
? 6 196 791 448 568 246 451 
? 6 19 561 154 258 625 255 
? 6 284 719 516 59 458 115 
? 6 339 743 628 495 41 630 
? 6 250 758 130 710 546 200 
? 6 355 410 771 714 781 305 
? 6 652 788 511 114 703 169 
? 6 312 693 570 240 368 231 
? 5 216 367 349 678 727 
? 5 162 268 533 24 539 
? 5 40 291 286 350 554 
? 5 473 514 692 168 549 
? 5 55 329 624 6 330 
? 5 317 750 307 16 665 
? 5 22 26 558 417 175 
? 5 574 643 105 555 638 
? 5 54 362 102 99 192 
? 5 142 649 336 474 30 
? 5 572 769 632 133 538 
? 5 369 475 338 708 468 
? 5 520 729 748 564 66 
? 5 0 27 217 512 730 
? 5 159 181 7 14 21 
? 5 272 476 325 401 136 
? 5 319 782 172 382 137 
? 5 446 797 342 224 42 
? 5 412 532 204 261 515 
? 5 309 598 282 254 92 
? 5 508 634 584 488 112 
? 5 668 725 89 147 80 
? 5 414 653 518 794 447 
? 4 273 601 663 283 
? 4 421 660 58 728 
? 4 242 523 440 77 
? 4 219 576 405 747 
? 4 185 646 271 715 
? 4 531 738 461 596 
? 4 57 542 397 547 
? 4 609 712 109 707 
? 4 3 404 234 428 
? 4 56 684 617 315 
? 4 233 460 275 165 
? 4 88 777 517 179 
? 4 276 484 337 280 
? 4 149 775 53 722 
? 4 389 416 706 75 
? 4 445 490 799 698 
? 4 52 645 74 429 
? 4 8 71 326 384 
? 4 345 654 292 778 
? 3 103 163 10 
? 3 380 402 548 
? 3 399 697 316 
? 3 290 363 731 
? 3 70 739 605 
? 3 124 529 125 
? 3 311 650 562 
? 3 535 734 798 
? 3 51 674 513 
? 3 571 690 223 
? 3 4 279 210 
? 3 135 155 783 
? 3 422 592 178 
? 3 288 469 666 
? 3 43 433 33 
? 3 48 419 587 
? 3 138 191 371 
? 3 387 644 239 
? 3 396 536 494 
? 3 17 602 526 
? 3 427 522 47 
? 3 391 691 671 
!
296 672 
296 672
118 694 759 188 298 171 158 434 579 37 
118 694
759 694
188 759
298 694
171 118
158 118
434 118
579 694
37 759
312 693 570 240 368 231 
240 231
693 570
312 693
570 231
312 368
414 653 518 794 447 
653 794
414 653
414 447
653 518
167 424 
167 424
107 744 
107 744
391 691 671 
391 691
391 671
668 725 89 147 80 
89 147
668 147
668 725
725 80
789 
427 522 47 
427 47
522 47
774 
763 
9 755 
9 755
345 654 292 778 
292 778
345 292
654 778
508 634 584 488 112 
508 634
634 584
508 112
488 112
357 528 
357 528
39 591 262 504 773 467 302 
39 262
504 773
262 302
39 591
467 302
39 773
17 602 526 
602 526
17 602
309 598 282 254 92 
309 92
309 254
598 254
282 254
431 597 
431 597
652 788 511 114 703 169 
652 114
788 114
652 511
511 703
652 169
442 507 197 420 93 621 321 430 180 86 91 28 230 695 761 543 
442 507
197 442
420 442
93 507
621 507
321 197
430 621
180 507
86 420
91 430
28 321
230 430
695 93
761 180
543 86
501 594 34 509 392 206 127 
594 206
509 206
501 594
501 34
509 127
501 392
657 753 
657 753
412 532 204 261 515 
532 204
412 515
412 204
204 261
446 797 342 224 42 
342 224
797 224
446 342
797 42
319 782 172 382 137 
782 172
382 137
319 782
319 382
285 383 436 393 235 334 524 18 358 390 667 787 623 
285 383
436 285
393 285
235 393
334 383
524 393
18 334
358 235
390 334
667 18
787 18
623 787
214 711 150 480 308 61 635 152 379 
214 711
150 711
480 214
308 214
61 711
635 308
152 61
379 711
247 519 
247 519
183 723 
183 723
65 121 320 553 411 499 464 551 398 31 
65 121
320 121
553 65
411 121
499 121
464 320
551 121
398 411
31 65
396 536 494 
396 536
536 494
355 410 771 714 781 305 
410 771
771 714
355 410
781 305
355 305
272 476 325 401 136 
272 476
272 136
476 401
476 325
387 644 239 
387 239
387 644
250 758 130 710 546 200 
250 758
758 130
130 200
758 710
250 546
339 743 628 495 41 630 
628 630
339 743
41 630
743 628
339 495
749 
8 71 326 384 
71 326
8 384
71 384
52 645 74 429 
52 74
52 429
645 429
709 
348 631 264 301 356 733 700 
301 356
631 301
631 700
348 700
264 301
733 700
297 779 35 589 673 449 585 527 173 521 335 148 784 20 361 
297 779
35 297
589 297
673 297
449 589
585 35
527 779
173 297
521 449
335 297
148 449
784 673
20 148
361 148
60 95 
60 95
138 191 371 
191 371
138 371
445 490 799 698 
445 799
490 799
799 698
48 419 587 
48 587
419 587
43 433 33 
43 33
43 433
685 
662 736 
662 736
655 
418 718 
418 718
12 253 
12 253
284 719 516 59 458 115 
516 458
284 719
284 115
719 516
59 458
642 
19 561 154 258 625 255 
19 625
561 258
19 154
258 625
625 255
389 416 706 75 
389 706
389 75
416 706
252 566 459 457 745 313 141 
745 313
252 745
566 457
457 745
566 459
252 141
69 310 193 94 732 108 199 215 580 63 603 251 
69 310
193 310
94 69
732 94
108 310
199 193
215 193
580 94
63 215
603 63
251 108
333 590 238 145 500 96 471 98 
333 145
471 98
145 500
500 96
590 96
590 238
96 98
483 565 
483 565
196 791 448 568 246 451 
196 451
791 451
448 568
196 448
448 246
626 
149 775 53 722 
149 53
149 775
53 722
276 484 337 280 
484 280
276 337
337 280
288 469 666 
288 666
288 469
619 
159 181 7 14 21 
159 21
7 21
7 14
181 21
111 256 
111 256
616 
612 
485 716 
485 716
422 592 178 
422 592
592 178
487 721 651 792 633 212 606 575 704 232 656 170 25 
487 721
651 487
792 721
633 487
212 721
606 721
575 633
704 721
232 487
656 721
170 656
25 792
620 713 437 556 269 686 659 177 
556 177
620 686
437 659
620 713
713 659
269 659
437 556
85 762 5 540 270 726 376 
85 762
270 726
762 376
540 726
85 540
5 540
0 27 217 512 730 
0 730
0 217
217 512
27 217
259 588 
259 588
567 
520 729 748 564 66 
729 748
729 66
520 748
729 564
560 
544 
119 359 78 772 322 577 
359 78
772 322
78 772
119 78
119 577
369 475 338 708 468 
369 475
369 468
338 468
369 708
293 776 724 470 113 101 441 463 552 454 249 385 503 702 462 582 304 699 688 277 498 751 265 
293 776
724 293
470 293
113 776
101 776
441 470
463 776
552 776
454 776
249 113
385 470
503 293
702 552
462 724
582 724
304 582
699 702
688 724
277 699
498 462
751 101
265 503
530 
510 
135 155 783 
155 783
135 155
237 795 435 332 299 639 525 
795 435
435 299
435 639
795 332
237 525
237 795
81 607 
81 607
497 
225 439 489 614 90 122 100 627 
225 489
122 627
614 100
439 489
439 90
614 90
614 122
4 279 210 
4 210
279 210
486 
477 
413 
88 777 517 179 
777 517
88 777
88 179
233 460 275 165 
233 275
233 165
460 275
572 769 632 133 538 
572 769
769 538
572 133
572 632
209 608 661 550 677 2 244 683 82 790 
209 608
661 608
550 209
677 608
2 550
244 677
683 209
82 677
790 550
227 465 506 613 615 742 599 
742 599
227 615
227 613
465 506
227 465
613 742
408 
571 690 223 
571 690
571 223
400 
386 
142 649 336 474 30 
649 30
336 30
142 649
336 474
144 610 443 289 266 705 370 764 
610 764
144 764
443 705
289 705
289 764
610 370
266 705
423 717 415 482 682 757 754 687 
717 415
423 415
717 682
482 682
682 687
423 757
423 754
51 674 513 
674 513
51 674
140 479 157 151 375 425 344 36 
479 425
140 425
151 36
151 375
140 36
425 344
157 375
56 684 617 315 
684 617
56 684
617 315
378 
3 404 234 428 
404 234
3 404
234 428
535 734 798 
535 734
734 798
54 362 102 99 192 
54 192
362 192
54 102
54 99
374 
343 
311 650 562 
311 650
650 562
340 
472 765 481 351 636 46 73 38 
472 481
351 73
765 481
472 38
765 636
351 46
481 46
134 201 143 545 466 1 76 
143 545
134 545
201 143
134 76
466 76
201 1
110 701 780 622 129 15 248 595 218 195 456 
110 701
780 701
622 110
129 701
15 701
248 110
595 780
218 780
195 595
456 701
324 
609 712 109 707 
609 712
712 109
609 707
57 542 397 547 
397 547
57 542
57 397
153 696 569 593 360 189 29 176 278 32 120 221 756 220 64 
153 696
569 153
593 153
360 153
189 696
29 696
176 153
278 696
32 278
120 569
221 569
756 696
220 593
64 593
260 578 581 187 202 68 746 198 263 406 
260 578
581 578
187 578
202 578
68 578
746 581
198 202
263 198
406 578
318 
300 752 
300 752
531 738 461 596 
738 596
531 738
531 461
185 646 271 715 
646 271
185 715
185 271
574 643 105 555 638 
574 638
555 638
643 555
105 638
124 529 125 
529 125
124 125
306 
22 26 558 417 175 
26 175
26 417
558 175
22 417
295 
294 
243 453 559 647 352 126 347 372 146 
243 453
559 453
647 243
352 647
126 243
347 453
372 243
146 647
281 381 364 496 116 229 
381 116
364 496
281 381
364 116
381 229
245 793 
245 793
222 
207 
219 576 405 747 
219 405
576 405
576 747
87 611 
87 611
70 739 605 
70 739
739 605
242 523 440 77 
242 523
523 77
440 77
203 
421 660 58 728 
660 58
421 58
660 728
186 
194 478 
194 478
290 363 731 
290 363
363 731
399 697 316 
399 697
399 316
395 681 
395 681
160 
317 750 307 16 665 
750 16
307 665
317 750
750 665
131 
55 329 624 6 330 
55 624
329 6
55 330
55 329
211 760 
211 760
184 648 132 786 117 770 62 
184 786
184 62
648 62
648 117
648 132
786 770
23 737 741 97 366 104 680 
741 97
737 741
23 97
23 104
737 366
97 680
79 274 444 689 287 49 327 331 
274 287
79 274
274 444
689 49
79 49
444 327
287 331
72 
139 640 182 432 537 675 377 670 241 586 573 641 208 353 
139 640
182 139
432 640
537 432
675 537
377 640
670 537
241 139
586 640
573 241
641 670
208 537
353 208
44 45 123 740 557 403 236 735 664 658 767 502 128 
44 45
123 44
740 44
557 740
403 557
236 44
735 236
664 123
658 44
767 45
502 45
128 236
583 604 600 314 426 190 
583 604
604 426
583 190
600 426
314 190
473 514 692 168 549 
473 514
514 168
473 692
473 549
40 291 286 350 554 
286 350
40 350
291 554
286 554
505 796 669 766 67 346 491 785 676 328 
505 796
669 505
766 505
67 766
346 766
491 669
785 505
676 766
328 346
156 493 409 679 768 365 450 164 106 161 373 407 438 323 452 
156 493
409 493
679 156
768 493
365 493
450 679
164 493
106 679
161 768
373 679
407 161
438 409
323 161
452 409
354 534 
354 534
303 394 
303 394
380 402 548 
380 402
380 548
84 205 
84 205
162 268 533 24 539 
162 268
162 24
268 539
268 533
267 455 341 492 618 563 629 
267 618
267 563
455 618
455 341
492 563
341 629
216 367 349 678 727 
216 367
367 727
216 678
349 678
103 163 10 
103 163
163 10
226 541 388 174 11 166 228 213 50 
226 541
388 541
174 226
11 541
166 388
228 226
213 174
50 213
13 
273 601 663 283 
601 663
273 601
601 283
257 637 
257 637
83 720 
83 720
