? 8 79 274 444 287 440 327 242 125 
? 8 250 758 130 200 290 736 363 710 
? 8 243 453 559 372 647 352 347 572 
? 8 226 388 541 174 11 166 213 50 
? 8 455 618 267 563 634 341 508 492 
? 8 5 361 85 762 270 392 726 770 
? 8 184 648 132 786 206 117 376 674 
? 8 264 348 631 733 301 210 700 254 
? 7 501 594 34 466 127 76 509 
? 7 150 214 711 480 308 57 635 
? 7 333 590 145 220 238 500 98 
? 7 40 291 366 350 588 554 623 
? 7 134 201 545 143 601 617 283 
? 7 237 795 435 332 299 178 525 
? 7 620 713 659 437 598 269 556 
? 7 322 359 119 772 473 657 406 
? 7 23 737 741 97 680 104 268 
? 7 489 614 439 100 90 225 55 
? 7 543 703 140 151 157 375 479 
? 6 38 516 719 115 155 284 
? 6 472 765 481 9 722 46 
? 6 133 185 715 567 586 494 
? 6 227 465 506 615 613 686 
? 6 412 532 234 204 515 75 
? 6 61 152 748 520 379 207 
? 6 162 533 24 306 539 259 
? 6 252 566 457 459 313 745 
? 6 196 791 568 451 448 71 
? 6 355 410 305 771 646 175 
? 6 16 307 750 665 642 316 
? 5 281 381 364 165 496 
? 5 216 367 727 349 109 
? 5 273 663 414 343 794 
? 5 417 546 558 714 26 
? 5 144 443 266 370 289 
? 5 54 102 362 99 523 
? 5 339 743 628 41 474 
? 5 154 369 625 258 19 
? 5 59 458 167 531 292 
? 5 668 725 692 413 147 
? 5 222 411 398 555 0 
? 5 142 356 336 30 649 
? 5 228 469 288 518 653 
? 5 219 405 576 747 324 
? 5 149 775 53 351 720 
? 5 14 777 517 637 181 
? 5 380 678 688 245 707 
? 5 36 404 344 3 107 
? 5 6 62 335 624 329 
? 5 421 660 58 177 354 
? 5 231 240 63 371 629 
? 5 114 169 89 504 168 
? 5 382 782 137 319 172 
? 4 105 574 244 666 
? 4 31 121 464 553 
? 4 342 797 446 2 
? 4 159 179 88 612 
? 4 271 781 418 396 
? 4 272 476 373 401 
? 4 337 778 87 484 
? 4 488 681 584 251 
? 4 122 734 627 330 
? 4 13 205 277 81 
? 4 503 560 265 445 
? 4 233 460 275 116 
? 4 742 763 497 391 
? 4 605 739 530 70 
? 4 538 793 769 752 
? 4 21 43 477 33 
? 4 561 712 47 609 
? 4 542 547 397 564 
? 4 135 738 596 74 
? 3 408 683 616 
? 3 7 48 536 
? 3 529 582 124 
? 3 422 639 630 
? 3 27 499 320 
? 3 687 697 399 
? 3 37 644 654 
? 3 295 746 378 
? 3 52 645 429 
? 3 80 549 514 
? 3 103 163 68 
? 3 92 282 309 
? 3 4 534 279 
? 3 311 650 8 
? 3 286 294 760 
? 3 223 571 22 
? 3 280 427 111 
? 3 217 303 512 
? 3 12 131 224 
? 3 112 211 138 
? 3 535 798 84 
? 3 729 774 428 
!
592 755 
592 755
415 482 423 717 610 682 757 705 754 764 
415 482
423 415
717 423
610 482
682 717
757 423
705 482
754 717
764 610
16 307 750 665 642 316 
16 750
307 642
307 665
665 316
750 665
382 782 137 319 172 
782 172
382 137
782 319
382 319
483 611 
483 611
247 433 
247 433
729 774 428 
729 428
729 774
114 169 89 504 168 
114 504
169 89
169 504
89 168
784 
535 798 84 
798 84
535 798
749 
728 
160 602 
160 602
135 738 596 74 
738 596
738 74
135 596
231 240 63 371 629 
231 240
240 371
240 629
231 63
699 753 
699 753
543 703 140 151 157 375 479 
140 479
151 375
703 151
543 703
140 375
543 157
112 211 138 
112 138
211 138
421 660 58 177 354 
177 354
660 58
421 58
421 177
276 579 
276 579
355 410 305 771 646 175 
410 771
355 410
355 305
355 646
355 175
442 507 197 420 93 321 695 430 91 180 261 621 86 230 744 761 
442 507
197 442
420 442
93 507
321 197
695 442
430 420
91 430
180 197
261 321
621 91
86 420
230 507
744 86
761 261
489 614 439 100 90 225 55 
614 55
489 225
614 100
489 439
439 90
614 90
394 730 
394 730
6 62 335 624 329 
6 335
62 329
6 329
624 329
36 404 344 3 107 
36 404
404 3
344 3
36 107
380 678 688 245 707 
380 678
678 245
688 707
380 707
285 383 436 393 334 358 18 235 524 390 194 667 787 
285 383
436 285
393 285
334 285
358 393
18 334
235 393
524 358
390 393
194 358
667 18
787 18
262 591 39 467 511 788 652 302 773 
262 591
39 591
467 591
511 591
788 39
652 788
302 39
773 652
599 691 
599 691
386 587 
386 587
118 694 759 188 171 158 434 298 709 565 
118 694
759 694
188 759
171 118
158 118
434 694
298 694
709 694
565 118
12 131 224 
131 224
12 224
196 791 568 451 448 71 
196 451
791 451
568 448
196 448
451 71
14 777 517 637 181 
14 777
517 637
777 517
14 181
217 303 512 
303 512
217 303
252 566 457 459 313 745 
313 745
252 745
566 457
457 745
566 459
162 533 24 306 539 259 
162 24
162 539
162 533
533 306
24 259
718 
542 547 397 564 
547 397
542 564
397 564
561 712 47 609 
561 609
561 712
712 47
716 
23 737 741 97 680 104 268 
741 97
737 741
104 268
23 97
23 104
97 680
44 45 123 557 740 236 658 664 403 735 128 767 502 65 690 
44 45
123 44
557 45
740 557
236 44
658 557
664 123
403 740
735 236
128 236
767 403
502 128
65 45
690 123
126 402 
126 402
280 427 111 
427 111
280 427
21 43 477 33 
43 33
21 477
21 33
223 571 22 
571 22
223 571
286 294 760 
294 760
286 294
706 
77 83 
77 83
685 
374 447 
374 447
783 789 
783 789
61 152 748 520 379 207 
379 207
61 152
748 379
61 748
61 520
672 
412 532 234 204 515 75 
532 204
412 515
532 75
234 204
412 204
538 793 769 752 
538 752
538 769
793 769
322 359 119 772 473 657 406 
322 772
322 657
119 473
359 772
322 406
119 772
505 796 669 346 766 67 491 431 676 799 328 785 
505 796
669 505
346 796
766 669
67 766
491 505
431 505
676 766
799 796
328 346
785 669
264 348 631 733 301 210 700 254 
348 254
631 301
631 700
348 700
264 210
210 254
733 700
239 662 
239 662
227 465 506 615 613 686 
227 615
227 613
613 686
465 506
227 465
607 
605 739 530 70 
739 70
605 739
739 530
742 763 497 391 
742 763
742 497
497 391
311 650 8 
311 650
311 8
597 
149 775 53 351 720 
53 351
149 53
149 775
149 720
10 723 
10 723
577 
562 
255 300 
255 300
4 534 279 
4 534
4 279
139 640 182 377 537 432 675 353 641 573 670 522 208 
139 640
182 640
377 139
537 182
432 139
675 537
353 537
641 139
573 139
670 537
522 139
208 353
184 648 132 786 206 117 376 674 
184 786
376 674
648 117
648 132
184 674
648 674
786 206
620 713 659 437 598 269 556 
620 598
713 598
659 437
713 659
659 269
437 556
219 405 576 747 324 
219 405
405 576
405 747
405 324
96 471 
96 471
548 
228 469 288 518 653 
228 469
288 518
469 288
288 653
490 
485 
133 185 715 567 586 494 
567 494
715 586
715 494
133 185
133 715
142 356 336 30 649 
142 356
30 649
336 30
142 649
156 493 409 365 679 450 768 164 407 161 136 544 323 452 438 42 141 632 318 325 106 400 419 
156 493
409 493
365 156
679 156
450 156
768 409
164 409
407 409
161 768
136 679
544 493
323 161
452 409
438 409
42 161
141 768
632 450
318 365
325 365
106 325
400 450
419 42
478 
425 
92 282 309 
92 309
282 309
237 795 435 332 299 178 525 
795 435
435 299
332 178
237 178
795 332
237 525
326 731 
326 731
424 
5 361 85 762 270 392 726 770 
85 762
361 85
762 770
270 726
5 85
726 770
270 392
103 163 68 
163 68
103 163
395 
387 
384 
233 460 275 116 
233 275
233 116
460 275
503 560 265 445 
265 445
503 560
560 445
222 411 398 555 0 
411 398
222 398
411 0
555 0
583 604 190 600 636 475 314 626 192 708 
583 604
190 583
600 583
636 583
475 604
314 636
626 604
192 600
708 604
134 201 545 143 601 617 283 
545 143
134 545
201 143
134 617
601 283
143 601
345 
80 549 514 
80 514
80 549
340 
338 
668 725 692 413 147 
668 147
668 725
725 413
692 413
455 618 267 563 634 341 508 492 
267 508
618 508
267 563
455 618
455 341
455 634
563 492
226 388 541 174 11 166 213 50 
226 11
388 11
541 174
388 541
388 166
166 213
166 50
52 645 429 
52 429
645 429
243 453 559 372 647 352 347 572 
243 453
243 347
453 559
372 572
647 347
372 347
243 352
13 205 277 81 
13 81
13 205
13 277
331 
122 734 627 330 
122 627
122 330
122 734
295 746 378 
295 378
295 746
59 458 167 531 292 
458 167
458 531
59 167
167 292
296 
253 
37 644 654 
37 644
644 654
229 
250 758 130 200 290 736 363 710 
736 710
250 363
250 758
758 130
130 200
250 290
758 710
40 291 366 350 588 554 623 
291 366
40 350
291 554
366 623
350 554
366 588
110 780 248 622 595 701 129 218 15 195 78 
110 780
248 110
622 110
595 780
701 595
129 248
218 701
15 595
195 595
78 248
203 
488 681 584 251 
488 251
488 681
488 584
337 778 87 484 
778 484
337 778
337 87
153 696 569 360 120 29 593 32 189 176 426 221 278 64 756 
153 696
569 696
360 569
120 153
29 569
593 153
32 153
189 569
176 360
426 360
221 153
278 153
64 32
756 426
198 263 49 312 603 368 693 202 689 570 
198 263
49 198
312 263
603 312
368 198
693 312
202 263
689 312
570 693
191 
256 468 
256 468
272 476 373 401 
272 476
476 401
272 373
271 781 418 396 
781 396
271 781
418 396
154 369 625 258 19 
625 19
154 19
625 258
154 369
687 697 399 
697 399
687 399
186 
339 743 628 41 474 
339 743
628 41
339 474
743 628
183 
146 
260 578 581 187 357 698 498 528 751 
260 578
581 578
187 260
357 260
698 260
498 578
528 260
751 187
472 765 481 9 722 46 
472 481
765 722
481 722
481 46
765 9
461 495 
461 495
95 
73 
159 179 88 612 
159 88
159 179
88 612
56 619 
56 619
27 499 320 
499 320
27 499
342 797 446 2 
342 2
797 2
342 446
72 
31 121 464 553 
31 464
121 553
31 121
66 
257 486 
257 486
422 639 630 
639 630
422 639
529 582 124 
529 124
529 582
519 551 
519 551
51 
54 102 362 99 523 
102 523
54 362
54 102
99 523
28 
144 443 266 370 289 
443 289
144 289
144 370
443 266
246 510 
246 510
333 590 145 220 238 500 98 
333 145
145 500
220 500
590 220
590 238
220 98
150 214 711 480 308 57 635 
150 214
480 635
711 308
150 711
150 635
57 635
79 274 444 287 440 327 242 125 
274 287
444 242
79 274
287 125
274 444
444 327
287 440
20 
297 779 35 589 513 449 673 521 60 585 173 148 527 540 
297 779
35 297
589 35
513 779
449 297
673 779
521 589
60 779
585 35
173 35
148 449
527 297
540 449
487 721 651 792 633 212 575 170 25 704 656 232 606 
487 721
651 487
792 721
633 487
212 792
575 721
170 212
25 792
704 487
656 170
232 25
606 721
38 516 719 115 155 284 
38 719
719 284
115 284
516 719
719 155
417 546 558 714 26 
417 26
558 26
417 546
714 26
273 663 414 343 794 
343 794
273 663
414 343
663 414
69 310 193 94 108 732 199 215 580 456 
69 310
193 310
94 69
108 193
732 94
199 108
215 193
580 108
456 310
293 776 724 113 470 441 101 385 463 552 462 702 249 454 304 
293 776
724 293
113 293
470 293
441 776
101 776
385 113
463 776
552 113
462 293
702 552
249 724
454 113
304 724
317 671 
317 671
315 684 
315 684
7 48 536 
48 536
7 48
389 416 
389 416
216 367 727 349 109 
216 367
367 727
216 349
349 109
501 594 34 466 127 76 509 
501 466
501 594
501 34
127 509
594 509
466 76
281 381 364 165 496 
281 165
364 496
281 381
281 364
408 683 616 
683 616
408 683
209 608 661 550 638 677 643 790 82 
209 608
661 608
550 209
638 209
677 608
643 677
790 550
82 677
1 
105 574 244 666 
574 244
105 666
105 574
241 655 
241 655
17 526 
17 526
