? 8 716 798 84 379 225 81 535 614 
? 8 613 615 227 506 465 763 599 742 
? 8 363 546 290 736 417 22 130 250 
? 8 296 401 672 55 476 619 352 126 
? 8 543 703 375 86 744 420 157 425 
? 8 114 230 93 169 507 442 197 75 
? 8 128 223 502 236 519 571 551 735 
? 8 368 689 49 198 79 312 263 274 
? 7 457 566 252 459 186 313 745 
? 7 271 536 494 781 418 586 396 
? 7 125 172 782 440 124 529 319 
? 7 289 443 610 144 764 705 697 
? 7 339 743 41 628 474 495 178 
? 7 171 655 158 644 118 573 37 
? 7 433 477 355 21 43 410 7 
? 7 567 718 185 641 715 133 670 
? 7 2 12 342 550 408 683 209 
? 7 156 493 164 409 407 679 365 
? 7 419 587 42 141 224 446 768 
? 6 698 746 295 498 462 582 
? 6 90 627 100 122 330 734 
? 6 548 559 380 453 402 243 
? 6 337 778 298 345 483 759 
? 6 134 143 201 545 283 76 
? 6 139 640 182 432 377 537 
? 6 287 444 242 331 523 99 
? 6 398 411 730 222 499 27 
? 6 28 321 36 261 180 107 
? 6 389 706 416 761 412 515 
? 6 74 284 783 719 458 516 
? 5 616 638 666 643 677 
? 5 106 373 272 325 684 
? 5 281 496 116 381 165 
? 5 390 524 358 18 235 
? 5 448 791 196 749 568 
? 5 208 353 675 305 646 
? 5 501 509 594 466 34 
? 5 512 790 303 217 386 
? 5 620 713 437 686 534 
? 5 60 729 784 520 748 
? 5 422 639 46 9 435 
? 5 4 210 282 264 348 
? 5 140 479 344 151 3 
? 5 497 556 671 177 691 
? 5 65 121 320 31 464 
? 5 414 794 518 343 374 
? 5 510 709 429 246 434 
? 5 88 612 33 777 181 
? 5 40 291 554 194 588 
? 5 394 661 608 0 244 
? 5 195 405 595 576 219 
? 5 688 707 265 609 463 
? 5 439 489 485 66 607 
? 4 94 732 248 202 
? 4 297 779 35 173 
? 4 505 796 785 597 
? 4 285 383 436 393 
? 4 317 665 415 682 
? 4 58 728 354 421 
? 4 542 547 57 150 
? 4 277 702 454 205 
? 4 486 517 637 257 
? 4 61 308 152 214 
? 4 59 596 135 531 
? 4 175 558 26 247 
? 4 565 654 188 276 
? 4 480 564 635 204 
? 4 266 562 200 8 
? 4 299 630 795 461 
? 4 220 590 238 96 
? 4 700 733 631 309 
? 4 53 592 351 755 
? 3 82 555 574 
? 3 32 64 229 
? 3 322 657 772 
? 3 400 632 450 
? 3 445 560 490 
? 3 159 179 48 
? 3 30 649 142 
? 3 311 650 710 
? 3 52 645 660 
? 3 714 771 239 
? 3 149 775 720 
? 3 673 774 585 
? 3 146 372 647 
? 3 167 789 38 
? 3 233 460 98 
? 3 369 475 47 
? 3 328 346 522 
? 3 92 269 254 
? 3 598 659 301 
? 3 89 725 668 
? 3 583 604 426 
? 3 72 617 127 
!
397 753 
397 753
213 228 50 174 166 469 11 388 253 541 
213 228
50 213
174 228
166 174
469 213
11 166
388 174
253 50
541 388
74 284 783 719 458 516 
458 516
284 719
719 516
74 783
783 458
439 489 485 66 607 
485 607
489 66
439 489
485 66
237 332 
237 332
731 758 
731 758
72 617 127 
72 617
617 127
688 707 265 609 463 
707 463
688 707
688 609
265 609
797 
583 604 426 
583 604
604 426
722 
712 
693 760 
693 760
53 592 351 755 
53 351
53 755
592 351
195 405 595 576 219 
195 405
405 219
195 576
195 595
378 406 
378 406
419 587 42 141 224 446 768 
419 141
419 224
42 768
141 446
587 42
42 141
89 725 668 
89 668
725 668
394 661 608 0 244 
661 608
394 608
394 0
394 244
572 769 
572 769
389 706 416 761 412 515 
706 412
389 515
412 515
706 761
706 416
148 361 5 540 449 85 762 521 513 589 270 726 335 62 206 770 
148 361
5 361
540 148
449 5
85 540
762 540
521 85
513 85
589 521
270 762
726 762
335 513
62 335
206 726
770 206
156 493 164 409 407 679 365 
156 493
156 679
409 679
164 365
493 407
679 365
336 738 
336 738
40 291 554 194 588 
291 554
40 554
40 194
291 588
88 612 33 777 181 
88 181
612 33
88 777
33 777
510 709 429 246 434 
429 434
510 709
429 246
510 429
97 680 23 737 259 741 306 24 104 268 366 533 211 
97 680
23 97
737 23
259 737
741 97
306 680
24 259
104 24
268 24
366 737
533 268
211 306
293 385 776 249 113 470 724 101 441 
293 385
776 293
249 293
113 776
470 113
724 249
101 249
441 385
192 600 
192 600
77 102 
77 102
51 786 648 184 624 117 674 6 376 132 
51 786
648 786
184 51
624 648
117 624
674 184
6 51
376 6
132 624
598 659 301 
598 659
659 301
28 321 36 261 180 107 
28 261
36 107
321 261
321 107
321 180
414 794 518 343 374 
794 343
414 343
794 374
518 374
92 269 254 
269 254
92 254
398 411 730 222 499 27 
398 411
398 222
499 27
730 499
411 730
287 444 242 331 523 99 
444 242
287 444
523 99
242 523
287 331
699 
700 733 631 309 
700 309
700 631
733 309
220 590 238 96 
220 96
220 590
590 238
690 
2 12 342 550 408 683 209 
342 683
342 550
2 342
12 408
683 209
2 12
569 696 153 685 189 83 176 29 360 593 120 221 471 756 278 
569 696
153 569
685 569
189 685
83 153
176 685
29 189
360 685
593 696
120 29
221 593
471 593
756 360
278 83
13 711 
13 711
328 346 522 
328 346
328 522
299 630 795 461 
299 461
299 630
299 795
369 475 47 
475 47
369 475
233 460 98 
233 98
233 460
663 
318 544 
318 544
653 
162 478 
162 478
326 384 
326 384
139 640 182 432 377 537 
139 640
139 432
182 537
182 432
139 377
623 
134 143 201 545 283 76 
143 545
134 545
143 201
134 76
143 283
266 562 200 8 
266 200
562 200
266 8
567 718 185 641 715 133 670 
185 670
567 641
185 133
641 715
718 715
718 670
19 561 676 431 255 491 258 766 669 625 154 67 
19 561
676 561
431 19
255 19
491 255
258 676
766 676
669 431
625 766
154 625
67 625
368 689 49 198 79 312 263 274 
689 312
198 263
49 198
689 263
79 274
368 274
49 79
155 481 
155 481
337 778 298 345 483 759 
778 298
337 759
778 759
337 345
483 759
606 
480 564 635 204 
480 635
480 204
564 635
565 654 188 276 
565 188
654 188
654 276
167 789 38 
789 38
167 38
553 
65 121 320 31 464 
31 464
65 121
65 31
121 320
78 747 
78 747
552 
538 
579 694 
579 694
146 372 647 
146 372
146 647
193 395 199 251 310 108 69 63 603 570 10 324 456 
193 395
199 193
251 395
310 395
108 199
69 108
63 251
603 251
570 63
10 310
324 10
456 10
128 223 502 236 519 571 551 735 
502 236
128 236
236 735
502 519
128 223
571 735
519 551
433 477 355 21 43 410 7 
355 410
477 355
21 7
433 477
433 21
43 7
497 556 671 177 691 
556 177
497 556
177 691
671 177
161 323 
161 323
532 
140 479 344 151 3 
140 479
344 3
140 151
140 3
527 
484 
548 559 380 453 402 243 
548 453
453 243
548 559
559 380
559 402
4 210 282 264 348 
4 210
4 264
264 348
282 264
618 634 455 584 508 492 191 267 563 341 294 138 112 629 488 371 350 681 580 240 286 231 215 
618 634
455 618
584 618
508 455
492 584
191 508
267 191
563 492
341 508
294 508
138 267
112 138
629 112
488 492
371 629
350 294
681 488
580 563
240 681
286 350
231 629
215 681
452 
438 
673 774 585 
673 585
774 585
171 655 158 644 118 573 37 
171 118
573 37
158 37
118 37
644 573
171 655
364 525 
364 525
404 
114 230 93 169 507 442 197 75 
507 442
442 197
114 230
230 93
93 169
93 442
197 75
149 775 720 
149 775
149 720
399 
392 
356 
175 558 26 247 
175 26
558 247
175 247
59 596 135 531 
59 531
596 531
596 135
422 639 46 9 435 
46 435
639 46
422 639
639 9
232 530 160 526 70 602 605 539 739 17 
232 530
160 232
526 232
70 160
602 526
605 70
539 530
739 539
17 539
339 743 41 628 474 495 178 
339 743
41 628
339 474
743 628
474 495
41 178
347 
714 771 239 
714 771
771 239
334 
329 
60 729 784 520 748 
729 748
520 748
60 520
784 520
543 703 375 86 744 420 157 425 
703 744
375 744
375 86
543 86
86 157
703 420
375 425
296 401 672 55 476 619 352 126 
296 55
296 352
401 126
619 126
476 126
55 619
296 672
52 645 660 
52 645
52 660
363 546 290 736 417 22 130 250 
363 250
22 250
546 290
290 417
363 130
417 250
736 22
61 308 152 214 
61 152
308 152
152 214
327 
486 517 637 257 
517 637
486 257
486 637
311 650 710 
311 710
311 650
620 713 437 686 534 
620 686
620 713
437 686
437 534
300 
292 
30 649 142 
30 649
649 142
288 
613 615 227 506 465 763 599 742 
599 742
615 227
613 227
506 465
227 465
615 763
763 599
289 443 610 144 764 705 697 
610 764
144 764
443 705
289 705
289 764
610 697
203 514 473 577 168 549 692 147 119 413 359 
203 514
473 203
577 473
168 203
549 577
692 514
147 692
119 549
413 692
359 119
279 
277 702 454 205 
702 454
702 205
277 702
542 547 57 150 
542 150
57 150
547 57
111 256 611 338 87 314 424 115 765 427 280 472 636 73 468 
111 256
611 111
338 256
87 611
314 338
424 111
115 87
765 424
427 87
280 427
472 765
636 314
73 472
468 427
216 727 752 245 799 109 678 367 349 793 
216 727
752 216
245 727
799 245
109 799
678 752
367 752
349 245
793 678
241 
137 382 
137 382
58 728 354 421 
58 421
728 421
354 421
317 665 415 682 
415 682
665 415
317 665
512 790 303 217 386 
512 303
303 386
790 303
790 217
159 179 48 
159 179
159 48
226 
501 509 594 466 34 
501 466
501 594
501 34
509 594
207 
190 
103 622 15 701 163 110 780 129 218 
103 622
15 103
701 15
163 103
110 163
780 15
129 163
218 110
90 627 100 122 330 734 
627 122
90 100
90 734
90 122
100 330
234 428 
234 428
136 
105 
285 383 436 393 
285 383
383 436
285 393
273 601 
273 601
445 560 490 
445 560
445 490
505 796 785 597 
505 796
505 785
796 597
95 
297 779 35 173 
297 779
779 173
35 173
80 
667 787 
667 787
400 632 450 
400 632
632 450
322 657 772 
322 772
322 657
387 662 
387 662
71 
208 353 675 305 646 
208 353
208 305
353 675
305 646
20 
448 791 196 749 568 
791 196
448 568
791 749
448 196
54 362 
54 362
125 172 782 440 124 529 319 
172 124
172 782
440 319
125 782
125 529
782 319
271 536 494 781 418 586 396 
781 396
271 781
536 396
494 586
418 396
536 494
716 798 84 379 225 81 535 614 
716 84
798 81
379 225
379 535
716 81
798 225
225 614
14 
652 773 511 504 591 262 788 39 430 91 621 302 467 695 
652 773
511 773
504 511
591 504
262 591
788 652
39 262
430 504
91 511
621 430
302 39
467 262
695 621
16 642 316 757 423 391 307 687 370 754 482 717 750 
16 642
316 642
757 16
423 316
391 423
307 642
687 423
370 757
754 687
482 370
717 687
750 307
698 746 295 498 462 582 
746 582
698 746
295 462
295 498
498 582
390 524 358 18 235 
524 18
358 18
358 235
390 358
281 496 116 381 165 
281 165
116 381
281 381
281 496
260 578 68 357 581 528 187 183 723 751 
260 578
68 578
357 260
581 357
528 357
187 578
183 68
723 183
751 581
170 656 212 704 721 792 275 575 487 651 25 333 500 145 633 
170 656
212 656
704 212
721 212
792 212
275 170
575 721
487 575
651 487
25 792
333 25
500 275
145 333
633 575
626 708 
626 708
304 503 
304 503
32 64 229 
64 229
32 64
56 315 
56 315
106 373 272 325 684 
373 325
106 373
373 272
106 684
457 566 252 459 186 313 745 
313 745
252 745
457 566
457 745
566 459
459 186
616 638 666 643 677 
616 677
643 677
638 677
616 666
82 555 574 
555 574
82 574
403 740 658 767 557 44 45 123 664 
403 740
658 740
767 658
557 740
44 767
45 44
123 44
664 123
1 
94 732 248 202 
94 732
732 248
248 202
340 451 
340 451
131 447 
131 447
