!
303 394 
303 394
388 541 226 166 174 213 11 228 50 469 
388 541
226 541
166 388
174 166
213 174
11 226
228 213
50 174
469 50
517 637 486 175 558 26 
517 637
486 637
175 637
558 175
26 558
351 775 149 722 165 
351 775
149 775
722 351
165 775
296 624 
296 624
131 186 
131 186
124 295 698 
124 295
698 295
223 502 247 690 257 
223 502
247 223
690 223
257 502
789 
105 288 12 
105 288
12 288
784 
783 
338 427 
338 427
336 738 461 649 
336 738
461 336
649 738
446 797 342 224 141 
446 797
342 797
224 797
141 797
103 657 
103 657
435 639 795 299 178 630 422 
435 639
795 435
299 435
178 435
630 435
422 639
84 798 13 
84 798
13 84
222 555 574 730 666 
222 555
574 555
730 222
666 574
277 462 
277 462
115 516 719 74 458 292 
115 516
719 516
74 516
458 719
292 115
156 493 409 365 679 450 161 164 768 407 400 106 136 419 318 452 
156 493
409 493
365 493
679 156
450 679
161 409
164 161
768 409
407 156
400 450
106 679
136 450
419 768
318 365
452 409
40 291 366 350 554 623 286 
40 291
366 40
350 40
554 350
623 366
286 350
81 205 
81 205
36 404 107 520 95 
36 404
107 36
520 404
95 36
260 581 187 746 498 
260 581
187 581
746 260
498 746
316 642 391 754 665 
316 642
391 316
754 391
665 754
209 608 661 550 677 82 683 244 790 2 638 643 616 
209 608
661 608
550 209
677 608
82 677
683 209
244 82
790 550
2 550
638 683
643 677
616 638
110 701 622 780 248 595 218 15 129 
110 701
622 110
780 701
248 110
595 701
218 110
15 701
129 110
167 579 
167 579
47 708 
47 708
65 121 320 464 31 27 411 553 398 499 
65 121
320 65
464 65
31 65
27 65
411 121
553 121
398 411
499 411
265 490 445 
265 490
445 490
294 634 191 508 584 194 
294 634
191 634
508 294
584 634
194 294
58 421 660 254 52 
58 421
660 421
254 58
52 421
4 92 686 
4 92
686 4
134 201 545 143 617 283 
134 201
545 134
143 134
617 201
283 134
333 590 145 238 500 471 
333 590
145 590
238 590
500 333
471 590
756 
468 483 328 484 
468 483
328 468
484 328
374 653 447 408 
374 653
447 653
408 653
753 
301 356 631 348 142 264 733 
301 356
631 356
348 301
142 356
264 348
733 301
285 383 436 393 334 235 358 390 524 588 18 606 633 787 602 
285 383
436 285
393 436
334 285
235 334
358 393
390 235
524 358
588 358
18 334
606 334
633 606
787 18
602 787
190 256 
190 256
72 544 1 
72 544
1 72
688 707 380 402 
688 707
380 707
402 707
317 671 742 
317 671
742 317
71 709 510 
71 709
510 71
731 
326 655 
326 655
720 
592 755 
592 755
433 646 
433 646
281 381 364 496 229 116 
281 381
364 281
496 381
229 381
116 281
718 
144 266 764 289 705 399 
144 266
764 144
289 144
705 764
399 764
272 476 352 401 
272 476
352 476
401 352
225 439 489 90 379 614 716 
225 439
489 439
90 439
379 439
614 90
716 225
139 640 182 432 537 377 675 670 353 573 208 241 
139 640
182 139
432 640
537 640
377 139
675 537
670 537
353 537
573 182
208 675
241 573
140 479 157 151 344 425 375 3 
140 479
157 140
151 479
344 157
425 140
375 157
3 151
207 564 
207 564
322 772 119 359 78 406 
322 772
119 772
359 119
78 772
406 322
672 
56 325 684 373 
56 325
684 325
373 325
22 736 239 519 
22 736
239 22
519 22
428 729 607 
428 729
607 729
650 
726 762 270 513 540 
726 762
270 762
513 762
540 762
386 512 
386 512
645 
644 
691 763 
691 763
109 300 597 
109 300
597 300
44 45 123 740 557 236 664 403 735 128 767 551 658 
44 45
123 44
740 44
557 740
236 44
664 123
403 740
735 236
128 236
767 44
551 44
658 45
62 770 85 184 376 206 786 594 
62 770
85 62
184 770
376 62
206 770
786 184
594 770
155 481 472 284 38 765 46 
155 481
472 481
284 155
38 284
765 472
46 481
692 725 668 80 89 
692 725
668 692
80 668
89 80
752 799 
752 799
619 
417 546 363 290 571 
417 546
363 546
290 546
571 417
612 
599 
268 533 162 306 24 739 
268 533
162 268
306 268
24 268
739 533
14 777 181 21 217 
14 777
181 14
21 14
217 14
442 507 197 420 93 321 695 28 430 91 75 621 504 261 86 761 114 543 703 180 773 744 169 
442 507
197 442
420 442
93 507
321 197
695 420
28 507
430 420
91 430
75 507
621 430
504 430
261 321
86 420
761 261
114 91
543 86
703 543
180 197
773 91
744 543
169 114
587 
586 
70 605 160 
70 605
160 70
54 102 362 192 258 137 782 
54 102
362 54
192 102
258 54
137 54
782 137
77 685 
77 685
529 
412 532 515 389 204 635 57 234 
412 532
515 412
389 412
204 532
635 204
57 635
234 635
337 654 276 
337 654
276 337
523 
509 
503 
7 781 536 396 
7 781
536 781
396 781
397 542 699 547 
397 542
699 397
547 397
227 465 613 615 506 
227 465
613 227
615 227
506 613
63 570 215 603 693 240 312 138 681 395 
63 570
215 63
603 63
693 570
240 63
312 603
138 570
681 63
395 63
150 480 711 214 308 152 61 
150 480
711 150
214 711
308 480
152 308
61 711
485 
8 384 451 
8 384
451 8
474 
454 
237 332 525 339 53 
237 332
525 237
339 332
53 525
620 713 269 437 659 177 556 598 
620 713
269 620
437 713
659 620
177 713
556 713
598 269
583 604 636 600 475 426 314 626 
583 604
636 604
600 583
475 604
426 600
314 475
626 583
17 539 478 
17 539
478 17
243 453 347 559 647 548 126 572 
243 453
347 453
559 453
647 243
548 453
126 453
572 243
87 611 280 778 
87 611
280 87
778 87
424 
6 335 330 627 
6 335
330 6
627 330
518 794 253 
518 794
253 518
641 715 538 793 769 
641 715
538 715
793 715
769 538
378 
372 
146 632 494 
146 632
494 632
371 
39 302 591 511 262 788 652 467 
39 302
591 39
511 39
262 591
788 39
652 262
467 591
267 455 618 341 563 492 629 
267 455
618 455
341 267
563 455
492 455
629 455
94 732 69 219 580 310 108 199 193 405 488 
94 732
69 94
219 732
580 94
310 69
108 69
199 69
193 310
405 310
488 193
331 
112 231 760 211 
112 231
760 231
211 760
159 323 88 179 
159 323
88 159
179 323
153 696 569 360 29 176 189 593 221 120 220 98 83 99 64 
153 696
569 153
360 569
29 696
176 696
189 696
593 153
221 593
120 153
220 593
98 593
83 696
99 696
64 98
505 796 669 522 766 67 346 676 369 785 
505 796
669 505
522 505
766 669
67 766
346 67
676 766
369 766
785 505
324 
416 706 
416 706
275 460 233 96 
275 460
233 460
96 275
59 596 531 135 
59 596
531 59
135 59
273 601 663 343 414 
273 601
663 273
343 601
414 343
734 748 60 
734 748
60 748
315 
19 561 154 491 625 
19 561
154 19
491 19
625 19
259 
255 
79 274 287 444 327 440 172 242 125 
79 274
287 274
444 274
327 79
440 79
172 274
242 444
125 274
132 329 648 55 117 100 
132 329
648 132
55 329
117 648
100 55
20 51 
20 51
251 
245 
309 700 282 210 
309 700
282 700
210 700
122 535 
122 535
387 662 246 
387 662
246 387
628 743 41 495 
628 743
41 743
495 628
230 
195 576 747 456 
195 576
747 195
456 195
183 
32 278 
32 278
431 712 609 
431 712
609 712
413 549 577 
413 549
577 549
30 279 
30 279
173 
355 410 771 418 714 
355 410
771 355
418 410
714 771
111 
473 514 168 203 147 
473 514
168 514
203 514
147 514
9 73 
9 73
250 758 130 710 200 311 562 
250 758
130 250
710 758
200 758
311 200
562 758
252 459 438 566 457 313 745 
252 459
438 459
566 252
457 252
313 252
745 252
415 482 717 610 443 423 682 687 
415 482
717 415
610 482
443 482
423 717
682 717
687 415
66 
487 721 792 651 212 170 25 704 575 232 656 530 526 667 
487 721
792 721
651 487
212 651
170 721
25 792
704 170
575 487
232 25
656 170
530 487
526 232
667 575
297 779 35 589 521 449 585 527 673 148 774 361 5 
297 779
35 779
589 297
521 779
449 589
585 35
527 779
673 585
148 449
774 585
361 148
5 148
23 737 741 97 680 104 
23 737
741 23
97 23
680 23
104 23
216 349 367 727 678 
216 349
367 216
727 349
678 216
370 757 307 16 750 
370 757
307 757
16 307
750 16
118 694 759 171 188 434 298 158 37 429 
118 694
759 694
171 118
188 694
434 118
298 118
158 171
37 118
429 118
293 776 724 113 470 441 101 385 463 249 552 582 751 702 304 
293 776
724 293
113 724
470 293
441 293
101 293
385 293
463 724
249 776
552 101
582 101
751 293
702 552
304 470
345 565 
345 565
68 357 
68 357
42 48 0 
42 48
0 48
10 163 
10 163
133 185 567 271 305 
133 185
567 133
271 185
305 185
34 501 466 127 392 76 674 
34 501
466 501
127 501
392 501
76 501
674 34
196 791 448 568 749 
196 791
448 196
568 196
749 791
319 382 560 
319 382
560 382
198 263 49 202 689 723 528 578 368 
198 263
49 198
202 198
689 49
723 198
528 198
578 528
368 49
33 
354 728 534 497 
354 728
534 354
497 728
340 697 
340 697
43 477 
43 477
