? 12 562 596 254 359 602 368 238 510 340 232 746 708 
? 12 332 749 272 743 298 202 13 130 138 494 664 271 
? 12 305 727 276 793 636 12 373 102 712 74 526 454 
? 11 98 448 66 673 31 517 729 386 282 250 230 
? 11 255 598 263 2 590 350 104 77 153 779 524 
? 11 431 643 246 660 654 248 347 315 644 356 704 
? 11 171 775 267 686 443 650 149 281 599 245 458 
? 9 6 444 96 175 280 532 760 110 588 
? 9 221 604 52 44 143 161 50 763 288 
? 9 506 785 397 222 544 165 539 270 610 
? 9 352 473 564 710 65 453 186 755 518 
? 8 76 129 365 113 218 310 574 472 
? 8 561 606 75 781 253 299 788 583 
? 8 70 407 132 137 593 465 23 624 
? 8 597 725 452 295 56 236 264 214 
? 8 404 789 523 164 618 693 481 150 
? 8 349 796 513 675 8 657 285 560 
? 8 626 798 35 127 286 797 291 111 
? 8 154 548 406 770 366 229 201 55 
? 7 72 745 439 405 479 40 141 
? 7 505 790 145 679 247 60 731 
? 7 119 756 382 495 273 663 552 
? 7 266 488 724 563 616 413 555 
? 7 78 136 620 600 182 608 268 
? 7 215 324 531 391 635 572 134 
? 7 482 640 275 671 611 595 772 
? 7 377 508 634 647 323 209 216 
? 7 117 269 307 503 408 702 442 
? 7 433 533 22 685 1 320 194 
? 6 225 690 581 160 501 669 
? 6 641 739 47 676 655 786 
? 6 177 697 118 239 322 61 
? 6 420 701 528 594 490 605 
? 6 95 326 551 487 403 11 
? 6 244 284 381 242 579 261 
? 6 97 500 199 337 101 84 
? 6 536 717 174 128 393 181 
? 6 87 455 300 383 709 499 
? 5 188 357 462 198 535 
? 5 627 737 665 765 540 
? 5 140 757 638 609 27 
? 5 311 646 787 112 659 
? 5 570 615 672 231 613 
? 5 274 585 648 371 625 
? 5 287 738 683 468 674 
? 5 68 430 217 571 762 
? 5 126 777 537 197 251 
? 5 80 621 516 262 89 
? 5 376 707 623 670 314 
? 4 422 553 193 234 
? 4 85 399 437 432 
? 4 496 748 617 46 
? 4 28 200 30 224 
? 4 19 99 734 740 
? 4 32 721 293 212 
? 4 344 345 0 16 
? 4 319 476 183 34 
? 4 471 632 14 534 
? 4 109 321 469 514 
? 4 283 681 791 421 
? 4 504 584 26 63 
? 4 545 723 179 668 
? 4 520 575 148 569 
? 4 24 440 249 303 
? 4 428 577 103 424 
? 4 170 378 492 69 
? 4 159 394 180 651 
? 4 158 385 351 666 
? 4 20 457 630 396 
? 4 39 226 483 289 
? 4 172 703 603 722 
? 4 195 714 771 719 
? 4 301 705 450 573 
? 4 418 736 414 133 
? 3 124 461 390 
? 3 380 486 491 
? 3 415 642 258 
? 3 51 426 484 
? 3 308 346 94 
? 3 152 451 423 
? 3 157 661 115 
? 3 565 568 607 
? 3 120 726 509 
? 3 192 463 317 
? 3 587 742 402 
? 3 558 769 554 
? 3 116 582 694 
? 3 71 730 474 
? 3 64 312 327 
? 3 706 774 38 
? 3 105 525 692 
? 3 257 277 37 
? 3 296 691 695 
? 3 167 401 233 
? 3 108 614 185 
? 3 21 744 578 
? 3 163 649 541 
? 3 7 741 773 
? 3 227 243 156 
? 3 25 369 367 
? 3 107 155 758 
? 3 419 715 57 
? 3 519 713 792 
? 3 151 316 86 
? 3 67 656 735 
? 3 206 782 580 
? 3 29 466 456 
? 3 530 718 106 
? 3 362 589 566 
? 3 438 567 10 
? 3 122 547 259 
? 3 42 73 228 
? 3 334 388 114 
? 3 203 764 446 
!
178 363 
178 363
87 455 300 383 709 499 
300 383
300 499
87 455
455 300
87 709
780 
536 717 174 128 393 181 
536 717
128 181
536 181
536 174
536 393
146 447 
146 447
418 736 414 133 
418 736
418 133
414 133
592 684 
592 684
330 459 
330 459
305 727 276 793 636 12 373 102 712 74 526 454 
305 727
305 793
793 526
276 454
276 526
276 12
636 712
793 102
727 636
636 373
373 74
776 
768 
766 
301 705 450 573 
705 450
301 450
450 573
203 764 446 
203 764
764 446
195 714 771 719 
195 771
195 714
714 719
376 707 623 670 314 
376 707
376 623
623 670
707 314
5 265 
5 265
761 
80 621 516 262 89 
621 516
80 621
80 89
80 262
460 521 
460 521
219 631 
219 631
334 388 114 
334 114
334 388
126 777 537 197 251 
777 197
777 537
537 251
126 537
42 73 228 
42 228
73 228
759 
470 480 
470 480
754 
144 187 
144 187
752 
122 547 259 
547 259
122 259
747 
223 374 
223 374
438 567 10 
438 10
438 567
698 
425 645 
425 645
362 589 566 
589 566
362 589
696 
433 533 22 685 1 320 194 
433 685
433 533
533 1
1 320
685 194
533 22
117 269 307 503 408 702 442 
117 269
408 702
117 307
269 702
503 408
702 442
689 
54 699 
54 699
172 703 603 722 
172 703
603 722
703 603
372 375 
372 375
39 226 483 289 
39 226
226 483
483 289
20 457 630 396 
20 396
20 457
20 630
377 508 634 647 323 209 216 
634 209
508 323
377 647
377 508
634 216
377 216
171 775 267 686 443 650 149 281 599 245 458 
686 458
650 245
443 281
686 599
171 775
650 149
171 267
267 458
443 458
267 149
158 385 351 666 
158 666
385 666
158 351
154 548 406 770 366 229 201 55 
770 229
548 406
154 406
229 55
548 770
366 229
548 201
260 750 
260 750
688 
352 473 564 710 65 453 186 755 518 
710 453
473 564
65 518
352 473
65 755
473 65
352 710
453 186
176 549 612 240 294 477 342 3 220 309 678 205 4 318 325 173 79 559 43 336 449 
176 549
612 549
240 176
294 176
477 549
342 176
3 612
220 240
309 612
678 176
205 294
4 612
318 612
325 318
173 318
79 240
559 220
43 612
336 678
449 559
252 751 
252 751
687 
530 718 106 
718 106
530 106
682 
17 527 
17 527
680 
677 
667 
653 
15 207 
15 207
159 394 180 651 
159 651
159 180
159 394
29 466 456 
29 456
29 466
652 
626 798 35 127 286 797 291 111 
127 797
626 797
286 291
798 35
291 111
798 286
626 35
349 796 513 675 8 657 285 560 
513 675
285 560
796 657
349 657
513 8
349 285
8 560
639 
343 475 
343 475
206 782 580 
206 782
782 580
67 656 735 
67 735
656 735
151 316 86 
151 316
316 86
306 389 
306 389
482 640 275 671 611 595 772 
671 772
275 611
640 275
482 640
482 671
611 595
395 435 
395 435
58 767 
58 767
97 500 199 337 101 84 
97 500
97 84
500 337
500 199
199 101
431 643 246 660 654 248 347 315 644 356 704 
248 644
347 315
431 643
347 644
246 315
356 704
431 660
643 248
246 654
643 356
147 168 
147 168
519 713 792 
519 792
713 792
92 162 
92 162
358 720 
358 720
637 
419 715 57 
715 57
419 57
191 601 
191 601
629 
123 348 
123 348
244 284 381 242 579 261 
244 284
242 579
244 579
284 381
284 261
619 
107 155 758 
107 155
107 758
83 728 
83 728
591 
576 
550 
25 369 367 
369 367
25 369
546 
355 753 
355 753
41 304 
41 304
227 243 156 
227 243
227 156
68 430 217 571 762 
68 430
217 762
430 217
68 571
7 741 773 
741 773
7 741
170 378 492 69 
170 378
378 492
378 69
166 700 
166 700
287 738 683 468 674 
738 674
287 738
287 468
738 683
169 409 
169 409
543 
529 
428 577 103 424 
428 424
577 424
428 103
274 585 648 371 625 
585 625
274 585
274 648
648 371
163 649 541 
649 541
163 649
515 
21 744 578 
744 578
21 744
24 440 249 303 
440 249
24 440
440 303
512 
520 575 148 569 
520 569
520 575
520 148
215 324 531 391 635 572 134 
215 134
324 391
215 324
215 635
531 391
531 572
255 598 263 2 590 350 104 77 153 779 524 
77 779
598 263
2 590
255 598
263 590
104 77
153 524
350 153
153 779
2 524
506 785 397 222 544 165 539 270 610 
506 785
397 610
785 397
270 610
785 222
544 165
785 544
222 539
184 189 
184 189
545 723 179 668 
545 723
179 668
723 179
511 
404 789 523 164 618 693 481 150 
523 164
523 481
404 164
618 150
789 150
693 481
789 481
332 749 272 743 298 202 13 130 138 494 664 271 
332 749
272 494
272 298
749 272
130 494
202 664
743 494
298 202
202 271
13 138
743 138
507 
502 
108 614 185 
614 185
108 185
504 584 26 63 
504 584
504 26
584 63
493 
485 
283 681 791 421 
283 791
283 421
283 681
45 441 
45 441
478 
464 
445 
125 142 
125 142
556 711 
556 711
167 401 233 
401 233
167 401
328 429 
328 429
9 410 
9 410
436 
296 691 695 
296 695
296 691
98 448 66 673 31 517 729 386 282 250 230 
517 729
448 66
673 31
98 66
386 250
448 673
31 386
250 230
66 729
448 282
434 
257 277 37 
257 277
277 37
597 725 452 295 56 236 264 214 
725 56
597 56
236 264
295 214
452 56
597 295
452 264
105 525 692 
525 692
105 525
279 586 
279 586
427 
706 774 38 
774 38
706 38
570 615 672 231 613 
570 672
615 672
615 613
570 231
417 
732 794 
732 794
416 
64 312 327 
312 327
64 312
400 733 
400 733
311 646 787 112 659 
646 787
311 646
787 659
646 112
70 407 132 137 593 465 23 624 
593 23
132 465
407 137
70 407
70 593
132 593
465 624
412 
71 730 474 
71 730
730 474
411 
116 582 694 
116 582
116 694
558 769 554 
769 554
558 554
109 321 469 514 
321 469
109 321
109 514
392 
587 742 402 
587 742
742 402
196 538 
196 538
192 463 317 
463 317
192 463
78 136 620 600 182 608 268 
136 620
182 608
608 268
78 600
620 268
78 136
387 
221 604 52 44 143 161 50 763 288 
161 288
44 288
52 763
221 604
221 44
143 161
52 44
604 50
384 
471 632 14 534 
471 14
14 534
471 632
398 795 
398 795
266 488 724 563 616 413 555 
724 563
616 413
563 413
266 488
266 413
488 555
119 756 382 495 273 663 552 
119 495
756 382
756 273
273 663
119 552
495 663
120 726 509 
726 509
120 726
505 790 145 679 247 60 731 
247 60
679 60
505 790
145 731
505 145
790 679
319 476 183 34 
319 476
476 34
319 183
379 
213 784 
213 784
211 783 
211 783
361 
360 
95 326 551 487 403 11 
551 11
487 403
551 403
95 326
326 403
344 345 0 16 
345 0
344 345
344 16
420 701 528 594 490 605 
420 701
594 490
528 490
420 528
594 605
354 
489 662 
489 662
32 721 293 212 
32 721
721 212
721 293
353 
177 697 118 239 322 61 
697 239
177 697
118 61
697 118
177 322
562 596 254 359 602 368 238 510 340 232 746 708 
359 602
596 510
254 510
510 340
368 340
562 596
562 602
238 340
254 232
562 746
232 708
341 
339 
338 
335 
333 
331 
329 
364 799 
364 799
313 
370 716 
370 716
256 467 
256 467
297 
19 99 734 740 
19 734
99 734
99 740
28 200 30 224 
28 200
28 224
28 30
292 
498 522 
498 522
140 757 638 609 27 
757 638
638 609
140 757
757 27
131 497 
131 497
290 
91 778 
91 778
278 
565 568 607 
565 568
565 607
241 
235 
210 
208 
496 748 617 46 
496 46
748 46
748 617
204 
641 739 47 676 655 786 
676 786
641 47
641 739
47 676
739 655
190 
157 661 115 
157 661
157 115
561 606 75 781 253 299 788 583 
788 583
561 606
606 788
606 75
561 781
75 253
781 299
139 
85 399 437 432 
85 399
85 437
85 432
48 557 
48 557
627 737 665 765 540 
737 665
627 540
737 540
737 765
135 
121 
100 
93 
76 129 365 113 218 310 574 472 
76 129
365 218
129 365
113 218
76 574
310 574
76 472
90 
72 745 439 405 479 40 141 
745 479
745 141
405 141
72 439
745 439
439 40
152 451 423 
451 423
152 451
88 
308 346 94 
308 346
346 94
622 628 
622 628
51 426 484 
51 426
426 484
415 642 258 
415 642
415 258
380 486 491 
486 491
380 491
6 444 96 175 280 532 760 110 588 
175 110
6 444
175 280
96 532
175 588
444 280
96 760
444 532
81 
62 
237 302 
237 302
225 690 581 160 501 669 
225 690
225 581
690 669
160 669
581 501
59 
53 
124 461 390 
124 390
461 390
542 633 
542 633
49 
36 
422 553 193 234 
422 193
422 234
553 234
188 357 462 198 535 
188 357
198 535
188 535
462 198
33 
18 
82 658 
82 658
