!
123 151 
123 151
127 797 626 35 45 798 
127 797
626 127
35 626
45 797
798 626
783 
536 717 393 181 174 319 
536 717
393 536
181 717
174 717
319 717
147 411 
147 411
172 475 703 603 
172 475
703 172
603 172
313 478 
313 478
290 593 
290 593
254 596 562 359 602 510 340 238 232 368 708 236 
254 596
562 596
359 596
602 359
510 254
340 254
238 562
232 602
368 254
708 254
236 510
776 
768 
759 
423 451 67 656 
423 451
67 423
656 423
156 227 522 
156 227
522 227
378 492 170 69 
378 492
170 378
69 378
28 200 695 224 474 
28 200
695 200
224 28
474 200
281 630 
281 630
747 
193 422 733 553 234 
193 422
733 193
553 422
234 733
622 732 
622 732
358 720 
358 720
38 706 144 
38 706
144 706
627 737 665 765 322 
627 737
665 737
765 665
322 765
251 435 169 
251 435
169 251
719 
384 389 
384 389
711 
353 591 
353 591
702 
427 476 34 
427 476
34 427
698 
456 799 
456 799
26 587 63 
26 587
63 587
696 
9 338 
9 338
228 795 398 
228 795
398 795
691 
513 675 349 761 8 796 560 
513 675
349 513
761 675
8 349
796 349
560 349
408 503 578 269 442 529 117 
408 503
578 408
269 503
442 503
529 503
117 269
689 
631 670 
631 670
507 721 410 212 
507 721
410 721
212 721
360 400 
360 400
258 419 388 57 
258 419
388 258
57 419
128 292 516 80 
128 292
516 128
80 516
244 284 261 381 472 242 210 
244 284
261 244
381 284
472 244
242 284
210 244
506 785 544 397 222 557 165 192 610 270 539 
506 785
544 785
397 506
222 785
557 785
165 544
192 165
610 397
270 610
539 222
21 744 694 116 
21 744
694 744
116 744
215 324 531 316 572 635 617 348 
215 324
531 324
316 324
572 215
635 215
617 531
348 215
426 680 
426 680
682 
597 725 56 295 264 452 767 58 1 
597 725
56 597
295 56
264 725
452 264
767 295
58 767
1 767
176 549 612 294 240 477 3 220 342 402 309 205 678 325 173 4 196 79 318 559 449 
176 549
612 549
294 176
240 549
477 176
3 612
220 240
342 549
402 612
309 612
205 294
678 294
325 309
173 325
4 3
196 325
79 240
318 173
559 220
449 559
483 639 
483 639
667 
450 573 705 
450 573
705 450
657 
50 467 
50 467
653 
652 
645 
576 
208 716 
208 716
509 726 120 155 
509 726
120 726
155 120
589 769 362 
589 769
362 589
569 
641 739 655 40 439 786 664 676 
641 739
655 739
40 739
439 40
786 739
664 641
676 786
6 444 96 175 447 110 588 280 
6 444
96 444
175 6
447 6
110 444
588 444
280 175
555 
594 605 
594 605
106 558 554 
106 558
554 558
108 480 614 
108 480
614 108
19 740 425 
19 740
425 19
142 219 
142 219
154 548 406 770 201 366 243 
154 548
406 548
770 154
201 548
366 770
243 548
237 302 
237 302
131 722 
131 722
78 136 608 268 620 600 
78 136
608 136
268 136
620 608
600 268
221 604 44 52 491 143 161 256 125 167 288 
221 604
44 604
52 604
491 221
143 604
161 44
256 221
125 221
167 52
288 161
153 278 
153 278
87 709 328 
87 709
328 87
333 511 
333 511
417 751 
417 751
543 
10 512 438 
10 512
438 10
84 241 
84 241
538 
36 392 
36 392
157 661 88 379 158 778 
157 661
88 157
379 157
158 157
778 88
519 
625 718 530 
625 718
530 625
135 372 
135 372
515 
493 
464 
152 344 5 
152 344
5 344
460 
434 527 
434 527
259 547 
259 547
83 436 728 
83 436
728 436
405 745 308 72 336 
405 745
308 405
72 745
336 405
546 565 692 
546 565
692 565
64 312 327 86 
64 312
327 64
86 64
669 771 
669 771
274 648 585 371 311 
274 648
585 274
371 648
311 648
213 784 
213 784
459 
446 
55 206 481 489 
55 206
481 55
489 206
561 606 75 781 583 
561 606
75 606
781 561
583 75
20 628 396 
20 628
396 628
445 
231 570 54 
231 570
54 570
496 748 391 46 
496 748
391 748
46 748
432 
16 89 0 345 
16 89
0 89
345 0
197 537 126 777 429 293 32 
197 537
126 537
777 126
429 537
293 777
32 293
431 643 660 654 248 246 356 347 644 704 315 
431 643
660 431
654 643
248 431
246 654
356 431
347 248
644 347
704 660
315 347
171 775 267 686 443 650 458 599 658 
171 775
267 171
686 171
443 686
650 267
458 650
599 686
658 443
499 501 
499 501
85 437 399 457 
85 437
399 85
457 85
416 
404 789 523 164 618 150 53 693 
404 789
523 404
164 523
618 789
150 789
53 404
693 150
332 749 272 743 298 202 130 13 138 590 494 271 
332 749
272 332
743 749
298 332
202 272
130 202
13 272
138 202
590 138
494 298
271 590
414 
412 
184 380 90 
184 380
90 380
595 671 637 525 
595 671
637 671
525 671
387 
375 
159 394 651 107 
159 394
651 159
107 159
341 502 
341 502
374 
370 
367 
223 567 
223 567
115 683 
115 683
105 497 687 
105 497
687 105
329 659 
329 659
265 735 
265 735
363 
385 666 780 
385 666
780 385
66 98 448 729 673 31 517 623 386 707 230 
66 98
448 98
729 66
673 66
31 448
517 729
623 517
386 448
707 517
230 31
355 
42 207 556 
42 207
556 42
76 129 218 365 579 574 113 734 
76 129
218 76
365 218
579 129
574 129
113 365
734 129
277 320 37 
277 320
37 277
621 766 
621 766
354 
182 750 586 
182 750
586 750
482 640 611 275 772 
482 640
611 640
275 611
772 275
351 
94 346 
94 346
343 
195 791 592 
195 791
592 195
299 788 
299 788
225 690 581 160 714 
225 690
581 690
160 225
714 160
266 488 616 563 724 413 619 485 
266 488
616 266
563 488
724 563
413 616
619 724
485 488
335 
390 461 124 
390 461
124 461
323 
250 470 282 
250 470
282 250
418 736 133 
418 736
133 736
283 681 421 684 
283 681
421 283
684 681
310 
568 607 17 
568 607
17 607
330 760 
330 760
504 584 742 
504 584
742 584
119 756 495 382 663 552 273 
119 756
495 119
382 756
663 119
552 119
273 119
303 
352 473 564 755 65 186 710 518 453 
352 473
564 352
755 352
65 564
186 473
710 564
518 65
453 710
297 
428 577 29 466 
428 577
29 577
466 428
49 566 
49 566
377 508 647 209 216 792 634 
377 508
647 508
209 508
216 647
792 377
634 647
638 757 609 140 27 764 203 
638 757
609 638
140 757
27 757
764 638
203 757
339 632 194 
339 632
194 632
177 697 118 239 61 540 74 
177 697
118 177
239 697
61 177
540 118
74 177
646 787 112 713 
646 787
112 646
713 646
289 
178 361 
178 361
662 782 
662 782
285 
279 
433 533 685 22 364 257 
433 533
685 433
22 433
364 433
257 433
520 575 148 550 
520 575
148 520
550 520
188 357 462 376 198 535 
188 357
462 357
376 357
198 188
535 376
262 
395 409 
395 409
71 730 30 754 
71 730
30 71
754 730
260 
109 321 542 633 469 514 
109 321
542 109
633 109
469 109
514 109
305 727 276 793 526 636 12 688 102 629 373 712 
305 727
276 727
793 305
526 305
636 276
12 276
688 305
102 793
629 727
373 727
712 727
253 
252 
249 
245 
235 
229 
214 
180 758 
180 758
204 
304 752 
304 752
211 498 
211 498
190 
179 613 615 699 
179 613
615 613
699 179
286 291 111 774 
286 291
111 286
774 291
187 
81 700 
81 700
420 701 307 528 490 
420 701
307 420
528 701
490 528
479 532 
479 532
183 
43 168 
43 168
166 
545 723 668 
545 723
668 723
162 
146 
139 
134 
300 383 455 753 
300 383
455 383
753 383
122 
301 534 14 296 471 454 
301 534
14 534
296 534
471 534
454 301
121 
39 226 794 
39 226
794 226
505 790 145 679 60 247 731 317 
505 790
145 790
679 790
60 505
247 145
731 790
317 247
103 
287 738 468 674 
287 738
468 738
674 738
189 486 
189 486
233 314 401 306 763 
233 314
401 233
306 314
763 233
101 
100 
93 
92 
70 407 746 132 624 137 465 23 
70 407
746 70
132 70
624 70
137 70
465 70
23 407
91 
95 326 487 441 11 403 551 
95 326
487 326
441 326
11 326
403 326
551 487
51 484 672 
51 484
672 51
82 
47 580 141 
47 580
141 580
424 677 
424 677
25 521 369 
25 521
369 25
541 649 163 
541 649
163 649
7 741 773 
7 741
773 7
255 598 263 2 350 77 104 524 779 
255 598
263 598
2 598
350 2
77 263
104 77
524 598
779 104
73 
62 
331 715 
331 715
68 430 571 217 762 185 
68 430
571 68
217 68
762 430
185 68
59 
48 
415 642 334 
415 642
334 642
191 601 
191 601
41 
33 
24 440 114 463 
24 440
114 24
463 440
97 500 337 99 199 
97 500
337 500
99 97
199 337
18 
15 
149 582 
149 582
