? 12 332 749 272 202 743 298 130 13 138 563 724 590 
? 12 305 727 793 276 636 12 712 102 373 526 454 688 
? 12 255 598 263 2 350 153 77 779 104 524 271 447 
? 11 562 596 254 359 602 510 232 238 368 340 746 
? 11 66 98 448 729 31 673 282 386 517 250 623 
? 11 221 604 44 52 491 161 167 256 125 143 763 
? 11 431 643 654 660 246 248 644 704 315 347 356 
? 9 506 785 544 222 397 539 557 48 610 
? 9 266 488 616 413 494 619 485 555 664 
? 9 597 725 264 56 295 452 236 708 767 
? 9 482 640 671 275 595 611 17 105 772 
? 8 404 789 523 164 150 618 481 693 
? 8 420 701 307 528 117 490 594 269 
? 8 352 473 564 710 65 453 186 518 
? 8 6 444 110 96 588 175 72 199 
? 8 244 284 381 242 472 218 261 614 
? 8 78 136 620 608 268 553 600 182 
? 8 408 503 578 529 442 702 543 341 
? 8 177 239 697 118 322 61 74 627 
? 7 76 129 365 579 750 113 384 
? 7 377 508 647 216 209 353 361 
? 7 505 790 145 679 731 247 60 
? 7 171 267 775 686 650 443 281 
? 7 0 344 89 345 16 152 451 
? 7 215 324 531 316 134 572 391 
? 7 70 407 137 132 593 465 290 
? 7 617 748 496 46 369 776 460 
? 7 641 739 280 40 655 439 479 
? 7 68 430 230 571 470 217 480 
? 6 433 533 277 320 37 257 
? 6 95 326 487 551 403 441 
? 6 311 646 787 659 648 112 
? 6 638 757 609 140 764 27 
? 6 119 495 756 663 265 552 
? 6 349 513 796 675 560 285 
? 6 75 606 561 781 583 312 
? 6 21 582 744 245 116 694 
? 6 14 471 534 632 301 339 
? 5 55 206 366 489 770 
? 5 300 383 499 455 166 
? 5 428 577 424 29 103 
? 5 197 537 777 32 126 
? 5 71 730 30 474 666 
? 5 376 535 707 357 631 
? 5 109 321 514 633 469 
? 5 613 615 179 672 699 
? 5 35 798 626 286 797 
? 5 429 709 87 651 674 
? 5 405 745 662 532 354 
? 4 233 401 314 198 
? 4 97 500 337 84 
? 4 287 738 683 468 
? 4 193 733 422 234 
? 4 406 548 154 201 
? 4 24 440 317 114 
? 4 80 621 516 382 
? 4 151 635 327 64 
? 4 536 717 144 174 
? 4 378 492 69 170 
? 4 195 714 669 791 
? 4 158 385 780 351 
? 4 364 685 466 799 
? 4 188 462 656 67 
? 4 665 737 765 540 
? 4 274 585 9 625 
? 4 51 484 426 231 
? 4 225 690 581 160 
? 4 319 476 59 183 
? 4 283 681 421 414 
? 4 28 200 691 224 
? 4 504 584 742 26 
? 4 148 786 676 782 
? 4 38 393 111 774 
? 4 449 736 133 418 
? 3 172 703 603 
? 3 128 292 181 
? 3 228 398 73 
? 3 120 726 304 
? 3 39 226 794 
? 3 157 661 778 
? 3 94 522 308 
? 3 212 721 507 
? 3 19 734 99 
? 3 107 159 394 
? 3 189 486 521 
? 3 20 457 622 
? 3 156 227 211 
? 3 85 437 399 
? 3 520 575 569 
? 3 258 388 415 
? 3 124 760 461 
? 3 293 410 338 
? 3 192 463 165 
? 3 554 558 769 
? 3 10 438 374 
? 3 390 542 146 
? 3 545 723 668 
? 3 541 649 163 
? 3 323 371 106 
? 3 7 773 741 
? 3 270 728 436 
? 3 296 695 573 
? 3 1 214 667 
? 3 223 567 512 
? 3 47 580 141 
? 3 566 747 589 
? 3 155 180 509 
? 3 139 599 630 
? 3 303 715 419 
? 3 450 705 392 
? 3 497 525 565 
? 3 11 658 82 
? 3 412 740 425 
? 3 568 607 754 
!
260 310 
260 310
14 471 534 632 301 339 
301 339
14 471
14 534
471 301
632 301
792 
21 582 744 245 116 694 
582 116
21 116
245 116
245 694
582 744
100 456 
100 456
449 736 133 418 
736 418
133 418
449 736
637 687 
637 687
363 530 
363 530
255 598 263 2 350 153 77 779 104 524 271 447 
77 779
598 263
350 447
153 447
255 598
77 104
153 524
153 779
263 2
2 524
2 271
788 
783 
759 
38 393 111 774 
111 774
393 111
38 111
568 607 754 
568 754
568 607
148 786 676 782 
148 786
786 676
148 782
405 745 662 532 354 
405 354
745 354
745 532
405 662
203 446 
203 446
758 
429 709 87 651 674 
429 87
709 651
429 651
87 674
241 538 
241 538
23 515 
23 515
412 740 425 
412 740
412 425
35 798 626 286 797 
626 797
35 798
798 286
35 626
11 658 82 
658 82
11 658
752 
54 92 
54 92
732 
5 735 
5 735
720 
497 525 565 
525 565
497 565
700 
22 194 
22 194
450 705 392 
450 705
450 392
696 
123 335 
123 335
303 715 419 
303 715
715 419
692 
68 430 230 571 470 217 480 
68 430
230 571
68 230
430 217
217 480
571 470
641 739 280 40 655 439 479 
641 739
40 439
280 655
739 655
280 439
439 479
689 
711 755 
711 755
504 584 742 26 
504 584
504 26
584 742
135 372 
135 372
28 200 691 224 
28 200
28 224
200 691
283 681 421 414 
283 421
283 414
283 681
617 748 496 46 369 776 460 
496 46
617 460
748 46
617 748
369 460
369 776
431 643 654 660 246 248 644 704 315 347 356 
248 644
315 347
431 643
644 347
246 315
704 356
431 660
643 248
654 246
643 356
319 476 59 183 
319 476
319 59
319 183
177 239 697 118 322 61 74 627 
239 697
177 74
177 697
118 61
697 118
177 322
322 627
191 396 
191 396
680 
482 640 671 275 595 611 17 105 772 
671 772
640 17
105 772
482 105
275 611
640 275
482 640
595 611
176 549 240 294 612 342 477 3 309 336 220 173 205 325 678 402 4 559 318 196 79 
176 549
240 549
294 176
612 549
342 176
477 294
3 612
309 612
336 549
220 549
173 549
205 176
325 173
678 294
402 325
4 3
559 220
318 173
196 318
79 240
122 187 
122 187
677 
139 599 630 
139 630
139 599
670 
213 784 
213 784
653 
652 
645 
639 
204 302 
204 302
225 690 581 160 
225 690
225 581
690 160
155 180 509 
155 180
180 509
629 
408 503 578 529 442 702 543 341 
578 442
408 702
529 341
503 529
408 503
578 543
442 702
78 136 620 608 268 553 600 182 
136 620
608 182
608 268
620 553
78 600
620 268
78 136
605 
184 380 
184 380
566 747 589 
566 589
747 589
47 580 141 
47 580
580 141
223 567 512 
223 567
567 512
50 219 
50 219
70 407 137 132 593 465 290 
132 465
407 137
407 290
70 407
70 593
132 593
101 330 
101 330
63 210 
63 210
75 606 561 781 583 312 
606 561
75 606
75 583
583 312
561 781
221 604 44 52 491 161 167 256 125 143 763 
44 161
52 763
221 604
491 125
221 44
221 125
167 763
604 167
161 143
491 256
131 576 
131 576
1 214 667 
1 214
1 667
142 411 
142 411
570 698 
570 698
591 
296 695 573 
296 695
296 573
185 762 
185 762
574 
587 768 
587 768
349 513 796 675 560 285 
513 675
560 285
349 796
349 285
349 675
550 
270 728 436 
270 728
728 436
162 642 
162 642
546 
527 
511 
7 773 741 
773 741
7 741
502 
624 722 
624 722
42 556 
42 556
323 371 106 
323 371
371 106
613 615 179 672 699 
613 179
615 672
613 699
613 615
541 649 163 
541 649
649 163
51 484 426 231 
51 231
426 231
484 231
684 771 
684 771
109 321 514 633 469 
109 633
321 469
109 321
514 633
8 657 
8 657
493 
483 
274 585 9 625 
585 625
274 585
9 625
376 535 707 357 631 
357 631
376 707
376 535
535 357
545 723 668 
545 723
723 668
478 
390 542 146 
390 146
542 146
665 737 765 540 
665 737
737 540
737 765
475 
188 462 656 67 
188 67
188 462
656 67
215 324 531 316 134 572 391 
215 134
324 391
215 324
316 134
531 391
531 572
66 98 448 729 31 673 282 386 517 250 623 
729 517
66 448
31 673
66 98
386 250
448 673
31 386
66 729
282 623
448 623
597 725 264 56 295 452 236 708 767 
725 708
56 708
597 56
264 236
452 767
452 708
597 295
264 452
243 498 
243 498
364 685 466 799 
466 799
685 466
364 685
464 
244 284 381 242 472 218 261 614 
244 284
381 472
242 472
244 218
244 242
242 614
284 261
305 727 793 276 636 12 712 102 373 526 454 688 
305 727
305 793
793 526
276 454
276 526
793 688
276 12
636 712
793 102
727 636
636 373
459 
458 
10 438 374 
10 438
438 374
158 385 780 351 
385 780
158 780
158 351
445 
434 
195 714 669 791 
714 669
714 791
195 791
169 251 
169 251
432 
417 
416 
147 168 
147 168
252 751 
252 751
554 558 769 
554 769
554 558
249 331 
249 331
306 389 
306 389
400 
192 463 165 
463 165
192 165
562 596 254 359 602 510 232 238 368 340 746 
359 602
596 510
254 510
510 340
368 340
562 596
562 602
238 340
254 232
562 746
395 
293 410 338 
293 338
293 410
6 444 110 96 588 175 72 199 
110 175
6 444
588 72
175 72
444 72
96 199
444 96
124 760 461 
124 760
124 461
682 795 
682 795
387 
258 388 415 
258 388
258 415
71 730 30 474 666 
730 30
474 666
71 730
730 474
379 
62 288 
62 288
370 
520 575 569 
520 569
520 575
49 718 
49 718
197 537 777 32 126 
197 777
537 777
197 32
537 126
352 473 564 710 65 453 186 518 
710 453
473 564
65 518
352 473
473 65
352 710
453 186
367 
85 437 399 
85 399
85 437
362 
156 227 211 
156 227
227 211
20 457 622 
20 622
20 457
378 492 69 170 
378 170
378 492
378 69
358 
189 486 521 
486 521
189 521
360 586 
360 586
107 159 394 
107 159
159 394
0 344 89 345 16 152 451 
0 345
89 16
345 152
0 344
344 89
89 451
355 
266 488 616 413 494 619 485 555 664 
616 413
413 664
266 488
488 485
266 413
494 619
494 664
488 555
348 
536 717 144 174 
144 174
536 717
536 174
375 761 
375 761
171 267 775 686 650 443 281 
443 281
171 775
171 267
171 686
686 443
267 650
505 790 145 679 731 247 60 
247 60
679 60
505 790
145 731
505 145
790 679
19 734 99 
19 734
734 99
377 508 647 216 209 353 361 
377 647
377 508
377 216
216 209
209 353
647 361
151 635 327 64 
151 635
635 64
327 64
346 
259 547 
259 547
519 713 
519 713
343 
333 
119 495 756 663 265 552 
119 495
495 265
663 265
119 552
756 663
80 621 516 382 
621 516
80 621
80 382
638 757 609 140 764 27 
638 757
638 609
757 140
140 764
757 27
329 
409 435 
409 435
24 440 317 114 
440 114
440 317
24 114
328 
311 646 787 659 648 112 
646 787
311 646
787 659
311 648
646 112
332 749 272 202 743 298 130 13 138 563 724 590 
563 724
332 749
13 590
202 724
272 298
749 272
272 130
202 298
272 743
13 138
743 138
313 
299 
297 
289 
279 
278 
253 
88 115 
88 115
235 
262 427 
262 427
501 719 
501 719
229 
406 548 154 201 
406 548
406 154
548 201
193 733 422 234 
193 733
193 422
422 234
208 
601 628 
601 628
428 577 424 29 103 
428 424
577 424
428 103
577 29
423 467 
423 467
207 
334 634 
334 634
190 
212 721 507 
212 721
721 507
178 
149 
121 
108 
287 738 683 468 
287 738
287 468
738 683
93 
95 326 487 551 403 441 
487 403
551 403
95 326
326 403
326 441
91 
94 522 308 
94 522
94 308
420 701 307 528 117 490 594 269 
420 701
117 269
307 117
490 594
528 490
420 528
701 307
90 
97 500 337 84 
97 500
97 84
500 337
25 592 
25 592
300 383 499 455 166 
300 383
300 499
300 455
383 166
86 
83 
81 
58 
404 789 523 164 150 618 481 693 
523 164
523 481
404 164
150 618
789 150
481 693
789 481
57 
76 129 365 579 750 113 384 
579 384
76 129
76 579
129 365
76 750
365 113
157 661 778 
157 661
157 778
53 
39 226 794 
39 226
39 794
291 706 
291 706
120 726 304 
726 304
120 726
228 398 73 
398 73
228 398
128 292 181 
128 181
128 292
506 785 544 222 397 539 557 48 610 
506 785
544 557
397 610
785 397
785 222
785 557
544 48
222 539
45 
43 
127 716 
127 716
433 533 277 320 37 257 
533 277
433 277
320 37
433 257
533 37
41 
36 
172 703 603 
172 703
703 603
273 766 
273 766
34 
33 
233 401 314 198 
233 401
401 314
401 198
55 206 366 489 770 
55 206
55 770
55 366
489 770
18 
15 
237 753 
237 753
