? 12 332 749 272 743 298 202 13 130 494 563 590 271 
? 12 305 727 793 276 373 12 636 526 102 712 454 450 
? 12 506 785 397 544 222 728 557 610 270 48 539 165 
? 11 562 596 254 602 359 238 232 368 340 510 746 
? 11 66 98 448 729 673 31 707 517 282 386 623 
? 11 221 604 44 52 256 161 143 167 288 491 147 
? 11 513 675 761 349 285 8 796 560 375 657 135 
? 9 431 643 654 660 644 704 248 246 347 
? 9 171 775 443 686 267 650 458 599 658 
? 9 154 548 406 770 201 366 523 164 55 
? 9 505 790 145 679 731 247 60 317 303 
? 8 377 508 647 634 511 792 216 209 
? 8 266 488 616 724 413 664 485 555 
? 8 561 606 75 781 788 312 583 495 
? 8 255 598 263 2 350 104 138 77 
? 8 225 690 581 714 160 669 501 719 
? 8 65 518 158 564 352 157 780 385 
? 8 175 280 444 479 6 739 439 641 
? 8 127 797 626 35 798 45 370 716 
? 7 404 789 618 150 693 53 692 
? 7 70 407 137 23 132 465 290 
? 7 287 738 683 468 751 674 115 
? 7 482 640 671 275 611 105 772 
? 7 516 621 80 292 128 119 766 
? 7 218 365 113 579 76 504 129 
? 7 95 326 551 487 403 11 441 
? 7 301 534 14 471 705 296 632 
? 7 244 284 242 381 261 472 63 
? 7 193 553 422 234 733 620 586 
? 6 376 535 357 631 198 670 
? 6 597 725 264 56 295 452 
? 6 68 430 571 217 762 230 
? 6 97 500 199 337 84 584 
? 6 28 200 695 30 224 546 
? 6 215 324 531 572 635 151 
? 6 118 177 239 697 329 61 
? 6 433 533 685 277 37 257 
? 6 408 503 529 269 578 117 
? 5 197 537 777 9 32 
? 5 737 765 665 627 297 
? 5 536 717 181 144 174 
? 5 159 651 107 180 251 
? 5 449 736 133 418 414 
? 5 16 345 89 0 344 
? 5 646 787 311 112 453 
? 5 85 437 399 457 628 
? 5 1 320 767 214 22 
? 5 617 748 496 391 46 
? 5 78 136 608 268 600 
? 4 283 681 421 592 
? 4 420 701 356 307 
? 4 87 455 383 300 
? 4 286 291 111 774 
? 4 428 577 103 424 
? 4 24 440 114 57 
? 4 319 476 183 552 
? 4 613 615 699 484 
? 4 233 314 401 306 
? 4 638 757 609 140 
? 4 71 730 759 666 
? 4 148 676 786 575 
? 4 182 750 310 279 
? 4 7 741 773 362 
? 4 405 745 72 588 
? 4 109 633 514 321 
? 4 258 415 388 419 
? 4 67 451 735 423 
? 4 124 461 542 760 
? 4 38 393 706 203 
? 4 587 742 26 384 
? 4 212 721 293 338 
? 4 378 492 69 170 
? 4 39 226 794 483 
? 4 94 346 308 662 
? 3 364 466 194 
? 3 429 709 328 
? 3 195 499 791 
? 3 206 229 17 
? 3 274 585 371 
? 3 155 726 120 
? 3 19 99 734 
? 3 490 672 315 
? 3 25 369 521 
? 3 661 778 379 
? 3 550 595 687 
? 3 40 580 47 
? 3 51 426 231 
? 3 116 582 694 
? 3 21 744 493 
? 3 530 625 718 
? 3 188 462 50 
? 3 568 607 565 
? 3 545 723 179 
? 3 554 558 769 
? 3 64 327 123 
? 3 663 756 382 
? 3 27 122 547 
? 3 54 92 570 
? 3 163 649 541 
? 3 473 710 186 
? 3 83 713 519 
? 3 178 648 361 
? 3 213 784 289 
? 3 603 703 172 
? 3 126 435 169 
? 3 146 779 278 
? 3 189 380 90 
? 3 322 688 540 
? 3 29 691 475 
? 3 191 601 396 
? 3 400 614 185 
? 3 10 438 512 
? 3 227 522 156 
? 3 410 507 363 
!
497 525 
497 525
408 503 529 269 578 117 
269 117
503 529
408 269
408 503
408 578
783 
433 533 685 277 37 257 
533 277
433 685
433 277
433 257
533 37
341 502 
341 502
94 346 308 662 
346 308
94 346
308 662
354 720 
354 720
343 456 
343 456
506 785 397 544 222 728 557 610 270 48 539 165 
506 785
544 557
397 610
222 728
785 397
610 270
728 539
785 222
785 557
544 165
544 48
782 
768 
764 
39 226 794 483 
39 226
226 483
39 794
410 507 363 
410 363
507 363
378 492 69 170 
378 170
378 492
378 69
78 136 608 268 600 
608 268
78 600
136 268
78 136
141 655 
141 655
758 
617 748 496 391 46 
496 46
748 46
617 748
617 391
639 732 
639 732
249 387 
249 387
227 522 156 
227 522
227 156
1 320 767 214 22 
320 214
1 320
767 214
1 22
10 438 512 
10 438
10 512
755 
210 389 
210 389
752 
566 680 
566 680
747 
400 614 185 
614 185
400 614
740 
34 446 
34 446
191 601 396 
191 601
191 396
722 
162 591 
162 591
29 691 475 
29 691
29 475
711 
193 553 422 234 733 620 586 
193 733
193 422
553 620
422 234
553 234
620 586
244 284 242 381 261 472 63 
261 63
244 284
381 472
242 472
244 242
284 261
702 
390 469 
390 469
212 721 293 338 
212 721
721 293
721 338
260 360 
260 360
587 742 26 384 
587 742
742 26
26 384
38 393 706 203 
393 706
38 393
706 203
301 534 14 471 705 296 632 
14 471
534 14
301 471
534 296
301 632
301 705
513 675 761 349 285 8 796 560 375 657 135 
8 375
513 675
285 560
796 657
761 285
349 657
513 375
761 135
349 285
8 560
124 461 542 760 
124 760
542 760
124 461
127 797 626 35 798 45 370 716 
127 797
797 626
35 798
127 716
626 35
370 716
45 716
108 470 
108 470
696 
505 790 145 679 731 247 60 317 303 
247 60
679 60
505 790
679 303
317 303
145 731
505 145
790 679
176 549 612 294 240 342 477 3 678 4 173 309 220 402 325 318 336 79 559 43 205 
176 549
612 549
294 176
240 176
342 549
477 549
3 612
678 176
4 3
173 678
309 612
220 240
402 309
325 612
318 173
336 678
79 240
559 220
43 612
205 294
125 411 
125 411
689 
322 688 540 
322 540
322 688
682 
460 776 
460 776
668 
659 
653 
652 
353 715 
353 715
67 451 735 423 
451 423
735 423
67 735
189 380 90 
189 380
380 90
642 
175 280 444 479 6 739 439 641 
175 439
444 6
175 280
739 641
280 444
479 439
280 739
65 518 158 564 352 157 780 385 
780 385
65 518
518 158
564 352
65 564
518 157
158 780
630 
684 771 
684 771
146 779 278 
146 779
779 278
126 435 169 
126 435
435 169
603 703 172 
703 172
603 703
36 573 
36 573
95 326 551 487 403 11 441 
551 11
487 403
551 403
95 326
326 403
326 441
593 637 
593 637
121 619 
121 619
118 177 239 697 329 61 
239 697
118 329
177 697
118 61
118 697
221 604 44 52 256 161 143 167 288 491 147 
161 288
44 288
221 604
221 44
52 167
221 491
604 167
161 143
167 147
256 491
394 409 
394 409
213 784 289 
213 289
213 784
168 763 
168 763
313 478 
313 478
629 
178 648 361 
178 648
178 361
15 556 
15 556
605 
81 700 
81 700
215 324 531 572 635 151 
215 324
215 151
215 635
531 572
324 531
576 
83 713 519 
83 519
83 713
190 259 
190 259
574 
543 
538 
473 710 186 
473 710
710 186
528 
339 667 
339 667
152 219 
152 219
163 649 541 
649 541
163 649
85 437 399 457 628 
85 457
437 457
85 399
399 628
54 92 570 
92 570
54 570
258 415 388 419 
258 388
258 419
258 415
131 624 
131 624
646 787 311 112 453 
646 787
646 311
311 453
646 112
302 753 
302 753
527 
524 
109 633 514 321 
109 633
109 321
633 514
16 345 89 0 344 
345 0
16 89
345 344
89 344
27 122 547 
27 547
122 547
515 
663 756 382 
756 382
663 756
405 745 72 588 
745 588
72 588
405 745
509 
7 741 773 362 
741 773
7 741
7 362
218 365 113 579 76 504 129 
113 504
76 129
218 365
579 76
365 129
218 113
66 98 448 729 673 31 707 517 282 386 623 
729 517
66 448
673 31
66 98
448 673
31 386
66 729
282 623
707 623
673 707
154 548 406 770 201 366 523 164 55 
523 164
548 406
154 406
548 770
770 55
366 55
366 164
548 201
184 486 
184 486
182 750 310 279 
182 310
182 750
310 279
498 
225 690 581 714 160 669 501 719 
225 690
225 719
714 669
581 719
690 669
714 160
581 501
305 727 793 276 373 12 636 526 102 712 454 450 
305 727
305 793
793 526
276 454
454 450
276 526
276 12
636 712
793 102
727 636
373 636
489 
481 
64 327 123 
64 123
64 327
148 676 786 575 
148 786
676 786
676 575
480 
474 
71 730 759 666 
71 759
71 730
730 666
236 708 
236 708
442 
436 
434 
262 273 
262 273
110 532 
110 532
554 558 769 
554 769
554 558
459 645 
459 645
331 334 
331 334
432 
545 723 179 
545 723
723 179
562 596 254 602 359 238 232 368 340 510 746 
602 359
596 510
254 510
340 510
368 340
562 596
562 602
238 340
254 232
562 746
427 
568 607 565 
568 565
607 565
255 598 263 2 350 104 138 77 
598 263
255 598
104 77
255 138
263 2
598 104
350 77
188 462 50 
188 462
188 50
49 589 
49 589
425 
530 625 718 
625 718
530 718
449 736 133 418 414 
736 418
133 418
133 414
449 736
416 
73 398 
73 398
412 
21 744 493 
21 744
21 493
204 237 
204 237
159 651 107 180 251 
159 651
107 180
159 107
651 251
561 606 75 781 788 312 583 495 
788 583
561 606
606 788
606 75
312 583
561 781
606 495
395 
116 582 694 
116 582
116 694
392 
51 426 231 
51 231
426 231
40 580 47 
40 580
40 47
638 757 609 140 
638 757
638 609
757 140
374 
550 595 687 
595 687
550 595
467 656 
467 656
661 778 379 
661 379
778 379
516 621 80 292 128 119 766 
80 292
516 621
119 766
516 80
292 119
621 128
372 
171 775 443 686 267 650 458 599 658 
686 458
686 599
171 775
171 267
267 458
443 458
267 650
599 658
367 
233 314 401 306 
233 306
233 401
314 306
243 464 
243 464
482 640 671 275 611 105 772 
671 772
105 772
482 105
275 611
640 275
482 640
287 738 683 468 751 674 115 
683 115
738 674
287 738
287 468
738 683
468 751
25 369 521 
369 521
25 521
70 407 137 23 132 465 290 
23 290
132 465
407 137
407 290
70 407
70 132
613 615 699 484 
613 699
613 615
615 484
358 
153 447 
153 447
594 698 
594 698
355 
351 
28 200 695 30 224 546 
224 546
28 200
200 695
28 546
28 30
319 476 183 552 
319 476
476 552
183 552
97 500 199 337 84 584 
97 500
97 84
500 337
84 584
500 199
348 
245 281 
245 281
24 440 114 57 
440 114
24 114
24 57
335 
68 430 571 217 762 230 
68 430
571 230
68 230
217 762
430 217
332 749 272 743 298 202 13 130 494 563 590 271 
332 749
13 590
272 494
202 563
272 298
749 272
130 494
743 494
298 202
202 271
743 13
333 
330 
316 
304 
299 
265 
253 
106 323 
106 323
252 
20 622 
20 622
223 567 
223 567
250 
428 577 103 424 
428 424
577 424
428 103
286 291 111 774 
286 774
291 774
291 111
241 
520 569 
520 569
536 717 181 144 174 
144 174
536 717
536 181
181 144
91 445 
91 445
235 
96 196 
96 196
211 
490 672 315 
490 672
672 315
208 
187 
166 
149 
87 455 383 300 
383 300
87 455
455 300
142 
597 725 264 56 295 452 
725 56
597 56
56 452
597 295
264 452
139 
19 99 734 
19 734
99 734
266 488 616 724 413 664 485 555 
724 664
616 413
413 664
266 488
488 485
266 413
488 555
134 
420 701 356 307 
420 701
356 307
701 356
677 799 
677 799
737 765 665 627 297 
737 665
737 765
737 627
765 297
101 
100 
93 
88 
377 508 647 634 511 792 216 209 
634 209
508 511
792 216
377 511
377 647
377 792
634 216
86 
404 789 618 150 693 53 692 
618 150
789 150
404 789
618 53
789 692
404 693
155 726 120 
155 120
155 726
82 
274 585 371 
274 585
274 371
228 795 
228 795
206 229 17 
206 229
206 17
195 499 791 
195 499
195 791
429 709 328 
429 709
429 328
431 643 654 660 644 704 248 246 347 
644 248
431 643
644 347
431 660
643 248
654 246
431 246
660 704
74 
62 
192 463 
192 463
376 535 357 631 198 670 
357 670
535 198
357 631
376 535
535 357
59 
58 
364 466 194 
466 194
364 466
417 754 
417 754
41 
33 
283 681 421 592 
283 421
283 681
283 592
197 537 777 9 32 
197 777
9 32
777 9
537 777
18 
5 
42 207 
42 207
