? 12 156 227 464 133 696 559 160 243 736 211 522 449 
? 12 228 795 398 207 42 102 73 15 629 780 682 276 
? 12 210 384 579 218 244 113 504 63 26 261 389 584 
? 11 647 792 634 377 508 353 209 216 591 511 519 
? 11 570 615 54 231 672 613 484 699 698 179 347 
? 11 121 148 47 676 786 520 782 580 575 662 141 
? 11 364 677 685 799 428 577 424 29 103 433 33 
? 9 531 752 391 617 496 748 324 134 304 
? 9 14 36 392 301 534 471 705 450 339 
? 9 1 320 37 767 214 277 533 257 56 
? 9 427 476 59 34 583 319 552 183 788 
? 8 89 345 0 16 344 735 152 265 
? 8 173 318 196 325 588 532 678 538 
? 8 282 386 689 250 31 230 448 673 
? 8 493 512 10 139 438 458 116 245 
? 8 410 507 293 9 585 721 625 32 
? 8 64 327 123 253 312 635 348 86 
? 8 88 661 157 778 379 115 518 91 
? 8 309 402 43 612 742 3 4 241 
? 7 486 521 189 184 380 367 653 
? 7 93 599 281 686 443 630 69 
? 7 107 180 651 758 159 394 18 
? 7 431 643 502 660 644 605 654 
? 7 469 542 321 390 459 109 645 
? 7 332 749 272 202 298 743 13 
? 7 668 723 545 657 135 796 375 
? 7 67 451 423 5 656 188 462 
? 7 85 437 432 457 399 20 27 
? 7 21 744 582 694 235 578 149 
? 6 352 473 564 755 710 453 
? 6 8 349 560 513 675 285 
? 6 132 624 576 465 722 603 
? 6 176 549 477 294 240 342 
? 6 408 503 442 702 529 269 
? 6 119 756 766 663 262 382 
? 6 266 488 616 563 485 724 
? 6 130 271 664 619 138 739 
? 6 671 772 275 595 611 482 
? 5 305 727 636 793 526 
? 5 561 781 606 75 467 
? 5 506 544 785 557 397 
? 5 369 460 25 421 776 
? 5 83 713 610 728 436 
? 5 483 794 289 226 639 
? 5 562 596 254 368 602 
? 5 601 622 396 191 628 
? 5 669 771 684 714 791 
? 5 326 441 95 487 403 
? 5 407 593 70 290 23 
? 4 164 523 404 789 
? 4 205 336 405 308 
? 4 49 566 769 589 
? 4 126 435 251 777 
? 4 38 393 706 144 
? 4 283 592 681 414 
? 4 65 711 158 556 
? 4 505 790 145 247 
? 4 181 717 536 174 
? 4 446 638 757 764 
? 4 646 787 112 61 
? 4 420 701 307 356 
? 4 221 604 52 125 
? 4 652 738 683 204 
? 4 79 143 44 288 
? 4 110 444 720 6 
? 4 147 763 168 167 
? 4 376 535 707 623 
? 4 354 745 72 358 
? 4 68 217 762 430 
? 4 99 412 740 19 
? 4 187 203 140 774 
? 4 55 206 489 366 
? 4 550 569 416 640 
? 4 501 753 499 302 
? 3 300 383 355 
? 3 71 730 759 
? 3 127 797 626 
? 3 17 434 607 
? 3 101 760 199 
? 3 219 631 670 
? 3 249 317 463 
? 3 94 346 498 
? 3 263 598 255 
? 3 361 371 106 
? 3 57 331 419 
? 3 171 775 267 
? 3 41 726 509 
? 3 87 328 455 
? 3 84 97 500 
? 3 278 447 77 
? 3 340 510 236 
? 3 429 709 537 
? 3 490 594 248 
? 3 7 773 741 
? 3 322 688 239 
? 3 190 259 547 
? 3 568 692 565 
? 3 273 299 495 
? 3 478 649 163 
? 3 637 687 525 
? 3 213 784 39 
? 3 225 690 581 
? 3 178 274 648 
? 3 233 768 401 
? 3 185 480 108 
? 3 175 280 524 
? 3 100 703 131 
? 3 385 666 351 
? 3 66 98 729 
? 3 104 779 461 
? 3 256 491 90 
? 3 40 439 479 
? 3 53 150 417 
? 3 554 747 558 
!
573 695 
573 695
671 772 275 595 611 482 
671 772
275 611
671 482
671 275
595 611
783 
130 271 664 619 138 739 
619 739
271 739
130 619
271 664
619 138
284 472 
284 472
501 753 499 302 
753 302
501 499
499 302
222 539 
222 539
232 359 
232 359
210 384 579 218 244 113 504 63 26 261 389 584 
210 244
504 584
384 579
63 261
113 504
579 244
504 26
113 63
218 244
218 113
389 584
770 
761 
746 
550 569 416 640 
569 416
569 640
550 569
554 747 558 
747 558
554 747
55 206 489 366 
55 206
55 366
55 489
407 593 70 290 23 
290 23
593 23
407 290
407 70
105 497 
105 497
733 
326 441 95 487 403 
487 403
326 95
326 403
326 441
323 333 
323 333
215 316 
215 316
53 150 417 
53 150
150 417
669 771 684 714 791 
669 714
714 791
771 714
669 684
40 439 479 
40 439
439 479
732 
153 350 
153 350
731 
270 659 
270 659
719 
256 491 90 
256 90
256 491
718 
35 798 
35 798
104 779 461 
104 461
104 779
716 
306 314 
306 314
66 98 729 
66 98
66 729
712 
21 744 582 694 235 578 149 
21 582
694 149
21 235
744 578
744 582
21 149
85 437 432 457 399 20 27 
437 20
85 457
437 457
85 399
432 457
432 27
704 
618 754 
618 754
187 203 140 774 
203 140
187 140
187 774
201 252 
201 252
99 412 740 19 
99 412
99 19
99 740
68 217 762 430 
68 430
217 762
217 430
67 451 423 5 656 188 462 
451 423
67 423
423 656
5 656
67 188
188 462
364 677 685 799 428 577 424 29 103 433 33 
428 424
685 433
577 424
677 433
428 103
685 33
799 33
364 677
799 29
799 577
354 745 72 358 
745 72
354 745
72 358
309 402 43 612 742 3 4 241 
43 4
309 43
43 742
402 3
612 3
3 4
742 241
46 195 
46 195
700 
427 476 59 34 583 319 552 183 788 
427 788
583 788
476 319
427 552
476 788
59 319
476 34
552 183
182 750 279 600 586 268 620 608 260 553 310 136 129 78 360 76 422 574 400 193 234 
182 750
279 182
600 750
586 750
268 600
620 268
608 620
260 586
553 608
310 279
136 608
129 260
78 136
360 260
76 129
422 553
574 76
400 360
193 422
234 400
470 571 
470 571
680 
385 666 351 
385 666
666 351
667 
118 329 
118 329
650 
642 
633 
609 
80 621 
80 621
376 535 707 623 
376 707
376 623
376 535
100 703 131 
703 131
100 703
587 
88 661 157 778 379 115 518 91 
88 778
157 379
661 379
88 91
661 518
115 91
157 91
64 327 123 253 312 635 348 86 
253 348
635 348
327 312
64 123
64 312
64 635
327 86
572 
641 655 
641 655
175 280 524 
175 280
280 524
185 480 108 
185 480
480 108
233 768 401 
233 401
233 768
60 679 
60 679
668 723 545 657 135 796 375 
657 796
723 545
723 135
657 375
723 657
668 723
120 155 
120 155
363 530 
363 530
266 488 616 563 485 724 
563 724
266 488
616 563
488 485
266 616
121 148 47 676 786 520 782 580 575 662 141 
148 786
676 786
148 662
121 47
520 575
580 662
47 676
676 575
782 662
580 141
28 200 
28 200
178 274 648 
274 648
178 274
286 291 
286 291
30 546 
30 546
555 
225 690 581 
225 690
225 581
378 492 
378 492
551 
224 475 
224 475
119 756 766 663 262 382 
119 766
756 382
119 382
756 663
766 262
543 
213 784 39 
213 39
213 784
665 765 
665 765
541 
540 
528 
637 687 525 
637 687
687 525
527 
81 166 
81 166
212 338 
212 338
478 649 163 
478 649
478 163
601 622 396 191 628 
191 628
601 191
622 396
396 628
273 299 495 
273 495
273 299
147 763 168 167 
763 168
763 167
147 167
124 330 
124 330
562 596 254 368 602 
596 254
562 596
562 602
596 368
198 411 
198 411
517 
516 
110 444 720 6 
110 720
444 6
110 444
483 794 289 226 639 
794 289
483 226
483 794
794 639
568 692 565 
568 565
568 692
515 
190 259 547 
259 547
190 547
79 143 44 288 
44 288
79 288
79 143
514 
652 738 683 204 
652 738
738 683
738 204
332 749 272 202 298 743 13 
332 749
272 298
749 272
202 298
272 743
743 13
570 615 54 231 672 613 484 699 698 179 347 
615 698
570 484
570 347
613 179
672 347
54 672
54 699
615 672
613 699
231 484
1 320 37 767 214 277 533 257 56 
277 533
320 214
1 277
1 37
1 320
277 257
767 257
767 56
154 548 
154 548
221 604 52 125 
221 604
221 125
604 52
494 
410 507 293 9 585 721 625 32 
721 32
585 625
293 9
9 721
293 625
410 9
507 293
228 795 398 207 42 102 73 15 629 780 682 276 
207 42
780 682
42 629
795 42
73 780
398 780
228 629
15 629
228 102
102 276
102 682
481 
474 
322 688 239 
688 239
322 688
420 701 307 356 
420 701
307 356
701 356
468 
466 
646 787 112 61 
646 61
646 787
112 61
177 697 
177 697
456 
454 
440 
48 192 
48 192
445 674 
445 674
7 773 741 
773 741
7 741
242 614 
242 614
693 751 
693 751
426 
490 594 248 
490 248
490 594
647 792 634 377 508 353 209 216 591 511 519 
634 209
508 511
377 591
792 216
511 519
377 519
647 591
792 377
634 216
353 209
418 
429 709 537 
709 537
429 537
493 512 10 139 438 458 116 245 
512 139
10 438
10 116
116 245
139 458
458 245
493 512
340 510 236 
340 510
340 236
194 632 
194 632
413 
278 447 77 
447 77
278 447
83 713 610 728 436 
713 610
713 728
713 436
83 610
406 
223 567 
223 567
395 
84 97 500 
97 500
84 97
2 590 
2 590
369 460 25 421 776 
25 421
369 460
369 776
421 776
282 386 689 250 31 230 448 673 
31 673
386 250
448 673
386 31
250 230
282 448
689 250
387 
87 328 455 
87 455
328 455
381 
41 726 509 
726 509
41 726
171 775 267 
171 775
171 267
446 638 757 764 
638 757
638 764
446 764
374 
57 331 419 
57 331
57 419
169 409 
169 409
361 371 106 
361 106
371 106
469 542 321 390 459 109 645 
390 645
469 321
469 645
321 109
542 109
542 459
372 
14 36 392 301 534 471 705 450 339 
301 339
14 471
14 534
450 339
301 471
705 450
36 705
392 471
370 
181 717 536 174 
717 536
181 536
536 174
92 415 
92 415
431 643 502 660 644 605 654 
605 654
431 643
431 660
643 502
431 654
643 644
107 180 651 758 159 394 18 
651 159
107 180
107 159
758 18
159 394
651 758
263 598 255 
263 598
598 255
93 599 281 686 443 630 69 
281 443
599 686
599 443
630 69
281 630
93 686
505 790 145 247 
505 790
505 145
790 247
365 
303 715 
303 715
425 734 
425 734
362 
357 
408 503 442 702 529 269 
408 702
503 529
702 269
408 503
442 702
65 711 158 556 
65 158
711 556
65 711
176 549 477 294 240 342 
176 549
549 240
176 294
477 294
240 342
341 
51 315 
51 315
283 592 681 414 
592 414
283 414
283 681
337 
132 624 576 465 722 603 
132 465
722 603
465 722
624 465
132 576
156 227 464 133 696 559 160 243 736 211 522 449 
559 449
227 243
243 522
133 160
696 160
133 736
227 464
736 449
464 559
156 227
211 522
335 
313 
311 
296 
295 
287 
264 
128 292 
128 292
246 
62 161 
62 161
452 708 
452 708
238 
38 393 706 144 
393 706
38 393
706 144
126 435 251 777 
126 777
435 251
126 251
237 
297 373 
297 373
506 544 785 557 397 
506 785
544 557
785 397
785 557
162 334 
162 334
229 
24 114 
24 114
220 
94 346 498 
94 346
94 498
208 
197 
186 
172 
49 566 769 589 
566 589
49 769
769 589
170 
8 349 560 513 675 285 
513 675
560 285
8 513
349 285
8 560
165 
249 317 463 
317 463
249 317
173 318 196 325 588 532 678 538 
173 318
318 196
318 532
325 538
173 538
588 678
588 532
151 
205 336 405 308 
405 308
205 405
336 405
627 737 
627 737
561 781 606 75 467 
561 606
606 75
561 781
781 467
146 
142 
137 
122 
89 345 0 16 344 735 152 265 
345 0
89 16
345 152
345 344
89 344
89 265
735 265
117 
486 521 189 184 380 367 653 
486 521
184 653
189 367
521 367
189 380
380 653
219 631 670 
631 670
219 670
111 
101 760 199 
760 199
101 760
258 388 
258 388
17 434 607 
17 607
434 607
127 797 626 
127 797
797 626
71 730 759 
71 759
71 730
531 752 391 617 496 748 324 134 304 
531 752
752 617
531 748
391 324
324 134
531 496
391 617
391 304
96 
74 
82 658 
82 658
352 473 564 755 710 453 
710 453
473 564
352 473
352 710
352 755
58 
50 
300 383 355 
300 383
300 355
597 725 
597 725
45 
22 
164 523 404 789 
164 523
164 404
404 789
305 727 636 793 526 
305 727
305 793
793 526
727 636
12 
11 
343 691 
343 691
