? 10 311 737 710 220 384 25 356 177 309 201 
? 8 312 575 458 596 349 542 1 13 
? 8 191 417 6 713 397 769 722 387 
? 7 371 581 26 248 520 337 354 
? 7 121 555 739 53 113 426 534 
? 4 545 798 338 254 
? 3 488 510 668 
!
719 
121 555 739 53 113 426 534 
555 426
53 113
121 739
121 426
739 113
555 534
317 357 654 447 301 568 127 147 268 134 73 493 86 791 59 50 732 718 358 602 590 256 272 251 504 516 319 203 152 554 370 618 289 560 302 656 57 
317 357
654 317
447 357
301 654
568 447
127 301
147 447
268 654
134 568
73 447
493 127
86 134
791 268
59 127
50 493
732 791
718 732
358 447
602 358
590 127
256 590
272 590
251 86
504 272
516 602
319 516
203 251
152 86
554 718
370 554
618 504
289 256
560 251
302 516
656 152
57 656
300 527 31 429 83 620 126 276 646 359 132 140 11 288 730 761 709 160 217 505 483 247 137 320 128 282 145 506 169 785 348 490 648 360 185 183 670 674 378 64 598 
300 527
31 527
429 300
83 429
620 31
126 527
276 126
646 276
359 646
132 620
140 646
11 132
288 126
730 646
761 429
709 132
160 709
217 730
505 646
483 505
247 288
137 483
320 11
128 247
282 11
145 128
506 160
169 288
785 132
348 785
490 282
648 490
360 128
185 483
183 785
670 185
674 648
378 348
64 761
598 483
2 460 293 625 558 466 219 734 446 653 445 735 105 167 476 455 314 517 449 508 399 179 58 514 246 601 266 63 614 
2 460
293 460
625 460
558 460
466 558
219 466
734 219
446 734
653 293
445 466
735 445
105 219
167 734
476 445
455 167
314 735
517 735
449 734
508 517
399 167
179 399
58 517
514 167
246 508
601 105
266 399
63 601
614 601
494 
278 750 206 108 230 112 663 414 700 88 427 622 592 294 
278 750
206 278
108 750
230 108
112 108
663 206
414 230
700 108
88 230
427 663
622 427
592 108
294 230
403 613 515 499 707 703 327 751 8 537 340 482 752 579 260 389 290 468 93 77 124 
403 613
515 613
499 613
707 515
703 707
327 703
751 515
8 703
537 707
340 403
482 537
752 482
579 340
260 340
389 482
290 327
468 389
93 468
77 468
124 482
371 581 26 248 520 337 354 
371 337
520 337
581 337
581 26
520 354
248 354
295 472 547 430 487 52 120 747 155 799 470 797 250 222 530 612 486 257 99 373 166 
295 472
547 472
430 472
487 472
52 472
120 430
747 120
155 430
799 155
470 52
797 799
250 799
222 747
530 52
612 797
486 797
257 250
99 222
373 797
166 530
392 763 743 738 380 209 49 170 101 328 71 585 787 586 390 574 652 773 641 788 591 238 645 441 193 154 283 733 333 756 89 82 507 281 578 595 345 464 351 350 258 315 522 511 492 
392 763
743 763
738 763
380 763
209 392
49 392
170 743
101 743
328 49
71 738
585 328
787 380
586 738
390 49
574 787
652 787
773 574
641 652
788 390
591 788
238 390
645 586
441 585
193 645
154 645
283 328
733 585
333 574
756 645
89 591
82 390
507 154
281 773
578 733
595 328
345 773
464 595
351 464
350 464
258 507
315 333
522 756
511 522
492 507
332 372 275 692 609 292 265 742 469 233 39 346 686 80 55 197 749 385 418 583 214 726 20 207 704 310 413 91 
332 372
275 372
692 332
609 332
292 609
265 372
742 372
469 292
233 609
39 742
346 39
686 39
80 686
55 469
197 80
749 346
385 233
418 197
583 385
214 385
726 214
20 55
207 214
704 726
310 20
413 214
91 704
541 655 321 382 582 161 158 465 795 15 335 498 
541 655
321 655
382 541
582 655
161 582
158 321
465 541
795 582
15 161
335 161
498 15
69 599 
69 599
291 367 225 168 119 521 407 559 28 213 524 538 218 95 467 702 34 533 
291 367
225 291
168 367
119 291
521 291
407 168
559 291
28 407
213 119
524 168
538 168
218 367
95 524
467 367
702 407
34 702
533 467
452 721 461 780 637 677 297 790 198 699 781 187 693 216 267 606 474 
452 721
461 721
780 452
637 721
677 780
297 780
790 677
198 461
699 780
781 297
187 637
693 781
216 187
267 677
606 198
474 198
279 630 402 562 29 757 529 41 463 115 636 580 708 66 398 643 634 180 364 146 775 543 687 
279 630
402 279
562 279
29 402
757 402
529 757
41 29
463 562
115 463
636 463
580 115
708 463
66 708
398 463
643 66
634 643
180 29
364 643
146 41
775 180
543 775
687 146
176 438 776 157 695 199 679 758 535 40 305 650 33 308 363 9 296 406 731 104 649 690 139 616 149 12 336 229 394 
176 438
776 438
157 438
695 157
199 776
679 438
758 176
535 758
40 758
305 695
650 535
33 199
308 199
363 308
9 758
296 305
406 305
731 308
104 406
649 406
690 104
139 406
616 104
149 139
12 139
336 308
229 616
394 731
243 539 478 369 647 657 792 162 459 324 588 14 425 111 17 90 10 556 
243 539
478 539
369 478
647 478
657 647
792 539
162 647
459 539
324 162
588 647
14 162
425 459
111 459
17 588
90 588
10 425
556 588
481 666 784 3 671 440 253 215 431 503 561 765 131 619 436 762 361 303 720 362 593 605 526 138 432 98 759 736 249 456 96 117 109 325 231 684 566 635 129 576 669 680 571 518 412 234 252 342 682 23 644 159 165 741 195 480 4 662 163 711 
481 666
784 666
3 666
671 784
440 784
253 440
215 253
431 481
503 671
561 503
765 481
131 431
619 131
436 431
762 440
361 765
303 253
720 561
362 503
593 720
605 303
526 362
138 361
432 765
98 526
759 432
736 593
249 432
456 361
96 249
117 605
109 720
325 619
231 436
684 619
566 98
635 231
129 109
576 231
669 117
680 98
571 720
518 249
412 249
234 576
252 117
342 605
682 684
23 362
644 109
159 566
165 680
741 566
195 635
480 759
4 231
662 682
163 412
711 342
502 753 724 56 608 567 589 135 148 286 299 171 683 263 410 
502 753
724 753
56 724
608 724
567 724
589 724
135 589
148 567
286 567
299 286
171 299
683 171
263 683
410 683
545 798 338 254 
798 338
798 254
545 798
496 793 353 435 423 150 376 673 779 623 549 144 714 531 30 525 767 37 43 621 236 255 368 772 285 366 172 228 141 457 173 557 188 755 395 789 685 615 232 569 18 419 604 194 509 87 501 754 330 241 381 42 208 274 21 103 451 519 
496 793
353 496
435 793
423 496
150 793
376 496
673 423
779 673
623 423
549 150
144 376
714 376
531 353
30 435
525 531
767 779
37 30
43 549
621 435
236 714
255 621
368 30
772 368
285 37
366 368
172 767
228 714
141 236
457 368
173 457
557 141
188 557
755 525
395 172
789 366
685 141
615 557
232 395
569 228
18 141
419 789
604 457
194 255
509 755
87 194
501 604
754 509
330 569
241 501
381 173
42 228
208 685
274 754
21 18
103 255
451 395
519 87
76 611 401 240 694 44 796 107 47 36 443 164 19 454 
76 611
401 611
240 401
694 611
44 76
796 44
107 694
47 796
36 240
443 107
164 36
19 36
454 36
415 617 116 227 100 210 428 638 540 347 264 433 594 143 485 740 189 32 766 178 565 536 603 313 67 224 627 322 202 632 572 546 200 716 182 422 375 675 62 223 434 133 691 287 204 727 0 631 484 306 552 424 284 689 782 277 442 51 665 130 136 409 110 61 659 174 355 383 479 723 658 
415 617
116 617
227 617
100 415
210 116
428 100
638 415
540 428
347 540
264 347
433 638
594 428
143 100
485 594
740 143
189 264
32 740
766 433
178 740
565 264
536 766
603 264
313 766
67 485
224 178
627 536
322 627
202 224
632 178
572 627
546 740
200 632
716 224
182 546
422 572
375 716
675 716
62 716
223 422
434 546
133 632
691 434
287 691
204 223
727 287
0 675
631 0
484 675
306 204
552 631
424 133
284 484
689 424
782 631
277 284
442 424
51 631
665 51
130 782
136 130
409 424
110 136
61 130
659 306
174 689
355 130
383 284
479 136
723 383
658 689
764 778 331 242 551 396 477 181 500 473 642 386 190 491 118 92 237 280 75 600 35 774 550 548 239 728 678 45 688 339 715 610 717 444 783 495 664 528 24 323 22 786 106 114 563 725 
764 778
331 778
242 764
551 764
396 242
477 778
181 396
500 396
473 764
642 396
386 477
190 386
491 473
118 190
92 500
237 500
280 491
75 386
600 280
35 642
774 92
550 551
548 280
239 75
728 550
678 386
45 728
688 550
339 118
715 688
610 190
717 678
444 339
783 717
495 35
664 688
528 548
24 678
323 92
22 24
786 783
106 717
114 495
563 728
725 495
175 512 102 318 523 304 46 352 334 475 771 696 273 629 
175 512
102 175
318 102
523 175
304 523
46 318
352 523
334 46
475 318
771 318
696 334
273 318
629 696
628 660 72 672 244 513 489 151 60 271 153 307 235 676 770 577 226 633 587 584 186 640 794 85 564 
628 660
72 628
672 628
244 72
513 244
489 244
151 489
60 244
271 60
153 489
307 489
235 307
676 672
770 676
577 676
226 153
633 226
587 577
584 587
186 587
640 587
794 587
85 633
564 794
311 737 710 220 384 25 356 177 309 201 
710 220
737 710
311 710
25 356
220 25
177 309
356 201
737 384
311 177
697 706 746 142 16 27 544 196 74 388 712 54 156 698 
697 706
746 706
142 706
16 706
27 697
544 16
196 544
74 196
388 27
712 388
54 388
156 388
698 156
488 510 668 
488 510
488 668
471 
48 122 391 573 125 701 748 416 81 94 681 626 437 270 400 221 341 408 78 532 97 212 65 261 329 462 38 326 393 262 343 745 421 245 497 570 404 70 365 553 123 448 
48 122
391 48
573 391
125 122
701 125
748 48
416 391
81 48
94 122
681 573
626 701
437 94
270 701
400 681
221 270
341 681
408 437
78 400
532 341
97 125
212 221
65 701
261 78
329 221
462 65
38 97
326 408
393 65
262 462
343 262
745 408
421 329
245 393
497 400
570 745
404 38
70 262
365 245
553 497
123 404
448 329
68 639 192 420 624 777 768 298 269 705 377 405 211 259 450 
68 639
192 639
420 68
624 192
777 192
768 192
298 420
269 768
705 624
377 768
405 705
211 377
259 298
450 211
667 760 439 374 184 453 379 651 344 607 661 411 597 729 316 205 744 84 7 79 
667 760
439 667
374 667
184 667
453 667
379 760
651 184
344 184
607 379
661 651
411 607
597 607
729 661
316 661
205 661
744 411
84 744
7 379
79 744
191 417 6 713 397 769 722 387 
6 713
397 387
6 397
191 417
191 713
397 769
769 722
312 575 458 596 349 542 1 13 
575 458
312 458
575 596
349 1
312 542
596 349
1 13
5 
