? 10 121 739 113 356 710 25 311 737 384 220 
? 8 95 524 538 407 54 156 69 20 
? 8 211 450 259 468 77 752 93 775 
? 7 158 321 290 655 541 382 582 
? 7 580 708 114 543 465 668 622 
? 4 15 161 498 795 
? 3 88 294 592 
!
700 
580 708 114 543 465 668 622 
580 114
668 622
580 708
465 622
114 543
580 668
317 357 654 447 301 568 127 268 147 134 86 358 493 73 732 791 59 590 516 256 718 602 560 504 272 618 152 370 319 203 251 554 302 398 289 57 634 
317 357
654 317
447 357
301 317
568 447
127 301
268 654
147 447
134 568
86 134
358 447
493 127
73 568
732 268
791 732
59 301
590 127
516 73
256 590
718 268
602 516
560 86
504 590
272 504
618 504
152 86
370 732
319 516
203 86
251 203
554 370
302 319
398 319
289 256
57 152
634 319
743 763 392 738 380 170 101 209 787 49 586 71 574 773 390 641 652 585 328 441 238 788 645 283 756 333 154 733 591 193 507 89 82 281 350 796 315 44 345 340 578 
743 763
392 763
738 743
380 743
170 743
101 763
209 392
787 380
49 743
586 738
71 586
574 170
773 574
390 71
641 787
652 641
585 49
328 585
441 585
238 390
788 390
645 586
283 585
756 574
333 574
154 645
733 652
591 328
193 154
507 154
89 591
82 788
281 773
350 283
796 756
315 333
44 315
345 773
340 773
578 733
300 527 31 83 620 126 11 359 276 132 646 288 709 217 160 730 505 140 483 247 169 137 506 128 183 670 145 785 348 
300 527
31 527
83 300
620 31
126 527
11 620
359 126
276 359
132 11
646 359
288 126
709 132
217 646
160 709
730 646
505 730
140 505
483 730
247 288
169 288
137 483
506 160
128 247
183 11
670 137
145 128
785 183
348 785
451 
191 417 6 769 713 383 397 722 387 74 196 494 119 168 
191 417
6 417
769 417
713 6
383 769
397 713
722 383
387 713
74 387
196 74
494 383
119 74
168 119
332 372 275 609 692 265 292 742 233 469 39 197 686 55 346 385 80 749 207 214 583 
332 372
275 372
609 332
692 275
265 332
292 275
742 372
233 332
469 292
39 742
197 742
686 742
55 469
346 686
385 265
80 686
749 686
207 385
214 385
583 385
158 321 290 655 541 382 582 
655 582
158 321
382 582
541 382
158 290
321 541
76 611 240 401 267 163 693 522 781 699 297 511 452 461 721 198 474 4 579 260 258 
76 611
240 611
401 611
267 611
163 611
693 163
522 76
781 163
699 781
297 163
511 522
452 699
461 452
721 452
198 461
474 198
4 474
579 76
260 579
258 511
176 438 157 776 695 758 199 679 40 535 650 363 308 9 305 33 731 406 296 649 690 104 616 139 336 149 443 12 229 394 107 637 780 790 545 798 47 187 542 254 694 492 719 677 338 
176 438
157 176
776 438
695 157
758 176
199 776
679 695
40 776
535 695
650 776
363 776
308 363
9 758
305 695
33 199
731 199
406 305
296 758
649 305
690 406
104 406
616 104
139 406
336 731
149 139
443 149
12 139
229 616
394 731
107 229
637 149
780 12
790 12
545 336
798 545
47 616
187 637
542 187
254 798
694 107
492 336
719 394
677 780
338 492
628 660 72 672 244 151 513 489 60 307 271 153 676 770 577 235 226 584 614 587 186 633 794 85 601 640 63 564 
628 660
72 628
672 628
244 72
151 628
513 244
489 244
60 244
307 489
271 489
153 271
676 244
770 676
577 676
235 307
226 235
584 577
614 235
587 577
186 587
633 614
794 587
85 226
601 633
640 794
63 85
564 186
26 371 520 337 599 354 323 488 510 712 388 698 
26 371
520 26
337 26
599 26
354 520
323 337
488 520
510 488
712 520
388 712
698 712
360 410 
360 410
515 613 687 403 499 751 707 703 595 327 464 146 351 537 41 29 378 180 
515 613
687 613
403 515
499 687
751 515
707 515
703 707
595 403
327 703
464 595
146 687
351 464
537 351
41 146
29 41
378 29
180 378
293 460 2 625 558 653 466 449 446 219 105 734 167 455 514 399 179 
293 460
2 460
625 2
558 460
653 293
466 558
449 293
446 466
219 446
105 449
734 446
167 734
455 167
514 105
399 167
179 399
295 472 547 430 487 52 120 747 799 797 222 470 530 612 486 155 250 373 99 166 257 771 269 
295 472
547 295
430 472
487 472
52 547
120 487
747 120
799 120
797 799
222 747
470 52
530 52
612 797
486 612
155 797
250 797
373 486
99 222
166 530
257 250
771 99
269 612
243 539 478 369 647 657 656 162 792 459 725 324 588 14 425 111 10 364 643 556 90 559 34 17 581 28 702 213 66 
243 539
478 243
369 539
647 478
657 647
656 243
162 647
792 243
459 656
725 243
324 162
588 162
14 162
425 656
111 425
10 425
364 725
643 364
556 324
90 588
559 111
34 556
17 90
581 14
28 559
702 588
213 111
66 364
502 753 476 724 246 608 508 135 58 567 56 589 517 598 185 286 735 445 
502 753
476 753
724 753
246 502
608 724
508 246
135 724
58 508
567 724
56 724
589 58
517 508
598 589
185 135
286 56
735 517
445 735
496 793 150 353 376 423 435 714 623 779 144 673 549 531 525 30 43 236 285 37 767 621 772 255 228 366 141 368 173 557 457 685 755 172 615 18 395 569 419 789 232 87 42 188 330 194 509 501 8 754 604 381 103 208 274 22 21 444 339 519 
496 793
150 793
353 496
376 496
423 353
435 793
714 376
623 423
779 623
144 150
673 779
549 150
531 353
525 531
30 549
43 549
236 714
285 43
37 30
767 779
621 779
772 285
255 779
228 236
366 772
141 236
368 366
173 368
557 141
457 368
685 141
755 767
172 767
615 531
18 236
395 172
569 228
419 285
789 419
232 395
87 621
42 18
188 685
330 569
194 87
509 755
501 457
8 789
754 509
604 501
381 173
103 194
208 18
274 754
22 381
21 685
444 501
339 444
519 87
697 706 746 142 218 16 521 533 467 225 367 291 27 544 310 
697 706
746 706
142 706
218 697
16 706
521 218
533 16
467 533
225 218
367 225
291 367
27 218
544 16
310 27
15 161 498 795 
15 498
15 161
15 795
481 666 784 3 671 440 253 503 431 561 215 619 593 131 303 765 436 362 361 720 526 138 605 762 736 98 432 456 635 117 759 249 669 109 571 566 518 96 234 576 684 129 644 412 159 231 325 342 680 23 252 682 480 165 741 711 195 662 
481 666
784 666
3 784
671 666
440 3
253 440
503 671
431 666
561 503
215 440
619 431
593 561
131 619
303 215
765 503
436 431
362 503
361 765
720 561
526 503
138 765
605 303
762 605
736 605
98 526
432 765
456 361
635 436
117 215
759 432
249 432
669 117
109 720
571 720
566 98
518 249
96 249
234 436
576 436
684 619
129 109
644 109
412 249
159 571
231 635
325 619
342 117
680 98
23 526
252 669
682 684
480 759
165 98
741 566
711 342
195 635
662 684
278 750 91 206 418 726 704 112 108 413 414 230 663 427 
278 750
91 278
206 91
418 91
726 418
704 206
112 278
108 112
413 206
414 108
230 112
663 206
427 663
415 617 116 100 227 210 428 638 540 347 264 594 32 433 143 189 740 766 485 565 536 603 178 224 313 322 627 202 182 67 632 572 546 200 422 716 675 223 62 133 287 434 375 204 727 691 0 631 484 306 689 284 424 552 51 277 665 442 110 782 136 729 130 409 61 659 479 355 421 723 174 
415 617
116 415
100 415
227 617
210 116
428 100
638 415
540 428
347 210
264 347
594 540
32 617
433 638
143 100
189 264
740 143
766 433
485 594
565 540
536 766
603 189
178 740
224 536
313 766
322 536
627 766
202 178
182 485
67 594
632 178
572 627
546 182
200 632
422 572
716 422
675 716
223 627
62 675
133 632
287 546
434 287
375 675
204 572
727 287
691 287
0 675
631 0
484 675
306 204
689 434
284 484
424 133
552 631
51 0
277 284
665 51
442 424
110 424
782 631
136 110
729 689
130 136
409 442
61 130
659 306
479 110
355 130
421 61
723 659
174 442
48 122 391 748 573 701 125 416 81 681 94 221 400 437 532 270 626 462 408 341 65 78 329 38 261 97 212 448 70 497 404 245 343 393 5 262 570 745 326 429 50 123 553 365 761 64 
48 122
391 122
748 48
573 391
701 122
125 701
416 701
81 391
681 81
94 391
221 416
400 681
437 94
532 681
270 221
626 701
462 125
408 437
341 532
65 701
78 400
329 221
38 462
261 400
97 38
212 701
448 221
70 462
497 78
404 97
245 65
343 70
393 65
5 261
262 343
570 408
745 408
326 437
429 404
50 448
123 404
553 261
365 245
761 38
64 343
282 490 648 674 279 562 630 463 320 402 636 529 757 115 
282 490
648 282
674 490
279 648
562 490
630 279
463 562
320 279
402 279
636 463
529 402
757 402
115 463
667 760 439 344 374 184 607 651 661 453 379 658 205 411 597 744 316 7 148 79 263 171 84 683 299 
667 760
439 667
344 760
374 667
184 667
607 667
651 760
661 651
453 651
379 453
658 661
205 661
411 379
597 411
744 411
316 661
7 205
148 744
79 744
263 316
171 7
84 597
683 205
299 171
121 739 113 356 710 25 311 737 384 220 
710 220
710 737
710 311
121 739
356 25
25 220
739 113
113 356
737 384
68 639 124 192 624 420 777 768 298 405 705 389 377 482 
68 639
124 639
192 639
624 192
420 624
777 624
768 192
298 420
405 777
705 624
389 298
377 768
482 389
88 294 592 
88 294
294 592
335 
764 778 331 396 551 242 477 181 500 473 491 386 190 237 642 550 45 239 280 548 92 75 715 728 610 35 118 600 678 688 563 717 783 774 495 664 24 241 786 248 106 528 
764 778
331 778
396 764
551 331
242 396
477 778
181 242
500 396
473 778
491 473
386 477
190 386
237 242
642 242
550 551
45 550
239 190
280 491
548 280
92 237
75 386
715 550
728 45
610 239
35 550
118 239
600 548
678 386
688 550
563 45
717 678
783 717
774 642
495 688
664 688
24 678
241 239
786 783
248 237
106 717
528 548
216 312 458 596 575 349 1 606 164 19 454 36 13 471 266 
216 312
458 312
596 312
575 458
349 458
1 349
606 349
164 606
19 164
454 19
36 19
13 19
471 13
266 471
175 512 523 46 102 318 304 352 696 334 273 475 426 629 534 53 309 177 201 555 
175 512
523 175
46 512
102 512
318 102
304 523
352 523
696 102
334 696
273 318
475 273
426 696
629 696
534 352
53 629
309 475
177 273
201 53
555 53
211 450 259 468 77 752 93 775 
77 93
211 450
468 752
468 77
211 259
259 93
77 775
95 524 538 407 54 156 69 20 
95 407
156 69
54 156
95 524
538 407
95 69
524 20
314 
