? 10 121 739 555 113 201 53 426 629 356 177 
? 8 76 611 401 240 267 699 677 315 
? 8 158 321 655 290 541 335 582 465 
? 7 294 592 700 795 382 498 161 
? 7 13 19 36 471 662 4 474 
? 4 693 781 297 579 
? 3 488 668 599 
!
710 
13 19 36 471 662 4 474 
19 662
36 474
13 662
13 36
13 4
471 4
743 763 392 170 738 101 209 380 49 787 574 71 586 788 773 390 641 585 652 328 238 441 756 645 193 591 733 154 283 333 89 507 281 345 44 796 350 
743 763
392 763
170 763
738 743
101 743
209 763
380 743
49 392
787 380
574 101
71 738
586 738
788 71
773 574
390 788
641 787
585 49
652 641
328 585
238 390
441 585
756 738
645 586
193 645
591 238
733 652
154 645
283 585
333 574
89 591
507 154
281 773
345 773
44 333
796 44
350 585
300 527 745 326 83 620 31 429 94 408 437 126 123 404 359 570 276 38 132 646 11 217 505 288 97 730 140 709 160 761 320 483 122 247 137 573 125 128 391 261 462 
300 527
745 300
326 300
83 326
620 300
31 620
429 83
94 745
408 94
437 408
126 745
123 429
404 123
359 126
570 126
276 359
38 404
132 620
646 359
11 132
217 646
505 646
288 276
97 38
730 646
140 646
709 132
160 709
761 97
320 11
483 730
122 437
247 570
137 505
573 122
125 122
128 247
391 122
261 247
462 97
293 460 625 2 466 558 653 219 734 446 449 105 455 445 735 167 399 179 476 601 514 614 517 63 508 314 633 266 85 
293 460
625 460
2 460
466 460
558 466
653 293
219 466
734 219
446 734
449 734
105 449
455 105
445 466
735 445
167 734
399 167
179 167
476 2
601 449
514 455
614 601
517 735
63 514
508 517
314 735
633 601
266 167
85 514
670 
458 575 312 216 596 349 606 1 721 452 461 164 198 454 
458 575
312 458
216 312
596 458
349 575
606 349
1 349
721 216
452 721
461 721
164 1
198 461
454 164
332 372 275 609 265 292 692 469 742 233 346 39 686 385 80 749 55 726 214 197 583 
332 372
275 372
609 275
265 372
292 275
692 609
469 292
742 692
233 609
346 742
39 346
686 742
385 233
80 686
749 39
55 469
726 385
214 385
197 726
583 385
294 592 700 795 382 498 161 
294 700
382 161
592 795
592 382
795 498
294 592
667 760 439 453 374 379 607 184 651 344 411 661 658 597 205 744 7 316 79 683 84 
667 760
439 667
453 667
374 439
379 667
607 379
184 667
651 607
344 184
411 374
661 651
658 661
597 379
205 651
744 411
7 205
316 661
79 744
683 205
84 744
317 357 654 447 301 568 127 147 493 365 268 134 245 73 86 358 791 59 50 732 393 602 212 590 718 289 256 65 251 152 448 516 319 272 203 504 554 370 329 626 302 57 618 221 70 
317 357
654 317
447 357
301 357
568 447
127 301
147 568
493 127
365 317
268 654
134 568
245 365
73 568
86 134
358 447
791 268
59 791
50 365
732 791
393 245
602 358
212 365
590 127
718 732
289 590
256 289
65 393
251 134
152 86
448 50
516 602
319 516
272 590
203 251
504 272
554 732
370 554
329 50
626 65
302 516
57 152
618 504
221 329
70 65
515 613 687 403 499 595 751 703 707 327 464 146 351 578 537 470 775 82 340 52 530 506 260 295 21 547 472 166 
515 613
687 613
403 613
499 687
595 613
751 687
703 515
707 703
327 703
464 595
146 687
351 464
578 146
537 464
470 537
775 578
82 351
340 775
52 470
530 52
506 775
260 775
295 52
21 295
547 295
472 295
166 530
120 747 487 430 250 257 799 797 309 273 155 612 
120 747
487 747
430 487
250 747
257 250
799 250
797 799
309 257
273 309
155 797
612 797
15 534 
15 534
400 681 78 497 479 5 532 81 341 48 748 553 410 701 360 145 416 270 
400 681
78 400
497 78
479 681
5 78
532 681
81 400
341 532
48 81
748 48
553 5
410 553
701 48
360 410
145 360
416 701
270 701
697 706 746 142 467 310 27 544 74 196 20 54 713 156 69 387 397 
697 706
746 697
142 706
467 706
310 697
27 310
544 467
74 544
196 544
20 310
54 27
713 196
156 54
69 54
387 713
397 387
628 660 672 513 72 244 60 151 489 153 271 307 676 770 235 577 584 226 587 186 794 640 564 
628 660
672 660
513 628
72 628
244 72
60 244
151 513
489 151
153 489
271 153
307 153
676 271
770 676
235 307
577 676
584 676
226 307
587 577
186 587
794 186
640 794
564 794
279 630 402 490 648 183 562 529 282 757 29 674 785 378 348 41 463 115 636 580 66 708 398 634 180 364 643 64 262 
279 630
402 279
490 279
648 490
183 648
562 490
529 402
282 490
757 529
29 402
674 490
785 648
378 785
348 785
41 529
463 562
115 463
636 463
580 115
66 115
708 115
398 636
634 708
180 348
364 634
643 364
64 398
262 64
478 539 243 369 647 657 162 792 656 14 459 324 560 90 34 581 698 371 
478 539
243 539
369 478
647 478
657 478
162 647
792 243
656 539
14 162
459 162
324 162
560 539
90 647
34 90
581 14
698 34
371 581
496 793 353 423 435 376 150 623 144 779 714 549 673 531 30 525 43 767 236 621 772 37 368 255 615 557 228 173 457 18 141 366 285 685 395 789 569 755 419 172 87 232 501 754 42 604 188 509 8 381 330 208 194 339 451 22 519 103 274 444 
496 793
353 496
423 353
435 423
376 496
150 376
623 423
144 793
779 623
714 376
549 144
673 623
531 376
30 435
525 531
43 549
767 779
236 714
621 779
772 43
37 30
368 37
255 621
615 531
557 236
228 236
173 368
457 37
18 236
141 236
366 368
285 43
685 141
395 767
789 366
569 228
755 395
419 789
172 395
87 255
232 395
501 457
754 755
42 228
604 501
188 557
509 754
8 419
381 173
330 569
208 18
194 255
339 381
451 395
22 381
519 87
103 381
274 509
444 339
91 206 278 704 750 418 413 663 414 427 622 88 230 112 108 
91 206
278 91
704 206
750 278
418 91
413 206
663 206
414 663
427 663
622 427
88 414
230 414
112 88
108 230
693 781 297 579 
693 781
693 297
693 579
481 666 3 784 671 440 253 503 431 561 215 765 131 619 361 593 526 362 605 303 436 720 138 432 98 234 456 249 736 117 762 759 109 566 571 576 635 96 669 325 684 129 231 412 644 680 342 252 518 23 682 480 159 165 195 741 711 163 
481 666
3 666
784 3
671 666
440 3
253 440
503 671
431 666
561 503
215 253
765 481
131 431
619 131
361 765
593 784
526 503
362 526
605 253
303 253
436 431
720 561
138 361
432 765
98 561
234 436
456 361
249 432
736 605
117 605
762 215
759 432
109 720
566 98
571 720
576 234
635 131
96 432
669 117
325 619
684 325
129 109
231 635
412 432
644 109
680 566
342 605
252 117
518 234
23 362
682 684
480 138
159 566
165 566
195 635
741 680
711 342
163 412
383 722 769 417 191 6 343 263 169 171 520 354 510 26 
383 722
769 722
417 383
191 417
6 191
343 722
263 343
169 263
171 169
520 343
354 520
510 520
26 354
415 617 116 227 100 638 428 540 210 347 264 433 740 189 143 594 766 565 485 536 32 313 603 178 67 202 224 322 627 632 546 422 572 182 200 716 223 675 133 434 375 287 691 204 727 0 62 631 484 306 284 689 424 442 51 782 277 110 729 409 136 659 130 552 665 61 723 421 355 494 174 
415 617
116 617
227 415
100 415
638 617
428 100
540 428
210 428
347 210
264 347
433 638
740 100
189 347
143 740
594 540
766 433
565 264
485 594
536 766
32 143
313 433
603 189
178 740
67 594
202 178
224 178
322 536
627 536
632 178
546 485
422 224
572 627
182 546
200 632
716 224
223 572
675 716
133 632
434 133
375 675
287 546
691 287
204 223
727 287
0 675
62 675
631 0
484 62
306 204
284 484
689 434
424 689
442 424
51 484
782 51
277 284
110 424
729 689
409 424
136 110
659 306
130 782
552 136
665 51
61 130
723 659
421 665
355 130
494 665
174 424
764 778 396 331 242 477 551 473 181 190 500 386 642 491 280 548 550 237 239 118 92 75 728 35 45 600 774 688 678 715 717 610 783 664 241 495 528 563 24 106 323 114 786 248 725 337 
764 778
396 764
331 778
242 396
477 764
551 331
473 764
181 396
190 473
500 242
386 190
642 551
491 473
280 331
548 280
550 642
237 242
239 190
118 239
92 500
75 239
728 550
35 550
45 728
600 280
774 181
688 550
678 386
715 45
717 678
610 239
783 717
664 688
241 239
495 35
528 473
563 728
24 678
106 717
323 774
114 495
786 106
248 323
725 495
337 323
175 512 99 102 318 46 523 304 222 352 696 334 771 475 
175 512
99 175
102 512
318 102
46 318
523 175
304 512
222 523
352 523
696 318
334 696
771 99
475 318
291 367 225 119 168 407 28 559 521 538 213 10 218 111 556 95 702 425 17 533 524 712 588 388 16 
291 367
225 291
119 291
168 225
407 291
28 291
559 28
521 225
538 407
213 119
10 28
218 521
111 213
556 28
95 538
702 28
425 111
17 556
533 119
524 95
712 17
588 17
388 556
16 533
121 739 555 113 201 53 426 629 356 177 
113 201
555 426
113 53
121 739
53 356
121 426
739 201
426 629
356 177
93 338 77 258 798 468 298 389 482 752 511 124 522 486 
93 338
77 93
258 93
798 338
468 77
298 468
389 298
482 389
752 468
511 258
124 752
522 511
486 124
488 668 599 
668 599
488 668
543 
176 438 776 157 695 679 40 535 199 650 758 305 296 33 308 363 9 731 406 649 104 690 139 616 443 12 149 336 107 229 394 187 47 780 790 637 545 492 542 254 719 694 
176 438
776 438
157 438
695 157
679 157
40 438
535 176
199 776
650 776
758 40
305 695
296 438
33 776
308 33
363 776
9 758
731 308
406 305
649 406
104 406
690 104
139 649
616 104
443 649
12 139
149 139
336 731
107 616
229 616
394 731
187 443
47 616
780 12
790 780
637 149
545 336
492 47
542 443
254 394
719 394
694 229
502 753 246 724 58 589 56 608 567 135 598 185 148 299 286 
502 753
246 502
724 753
58 246
589 246
56 724
608 724
567 724
135 724
598 56
185 589
148 567
299 148
286 148
211 450 377 777 405 705 384 768 624 192 737 220 639 311 420 259 68 373 25 269 
211 450
377 450
777 450
405 377
705 777
384 377
768 377
624 777
192 624
737 384
220 737
639 192
311 737
420 639
259 420
68 639
373 768
25 737
269 373
158 321 655 290 541 335 582 465 
655 582
158 321
158 290
541 582
321 541
541 465
290 335
76 611 401 240 267 699 677 315 
611 240
240 267
267 699
401 677
611 401
76 611
76 315
207 
