? 15 420 514 554 331 600 288 157 250 607 33 297 316 338 530 76 
? 15 333 508 718 586 13 671 392 251 321 548 438 184 310 598 195 
? 14 2 30 484 790 71 81 761 205 212 353 763 389 203 35 
? 12 177 792 537 482 275 5 441 551 175 416 222 472 
? 11 354 739 689 575 247 506 471 540 409 623 599 
? 10 14 213 406 373 127 652 683 549 10 188 
? 9 25 562 691 221 301 546 402 133 512 
? 9 17 789 217 91 415 532 199 349 643 
? 8 278 706 526 317 657 201 538 126 
? 8 434 758 756 181 106 394 596 46 
? 8 405 614 731 39 65 720 382 583 
? 7 113 446 775 257 491 702 764 
? 7 227 616 40 336 72 605 200 
? 7 449 533 123 403 777 543 410 
? 6 20 61 211 384 134 407 
? 5 712 760 110 375 516 
? 5 240 300 243 380 448 
? 4 452 630 206 178 
? 4 653 673 393 388 
? 3 144 780 771 
? 3 399 640 585 
!
355 594 84 361 696 784 741 85 523 495 444 754 162 785 752 465 322 274 735 124 47 69 359 131 60 377 576 719 787 617 350 581 467 156 94 7 98 105 146 709 609 304 290 682 714 458 453 88 
355 594
84 594
361 355
696 355
784 84
741 84
85 696
523 84
495 696
444 355
754 355
162 523
785 594
752 162
465 523
322 495
274 85
735 752
124 465
47 124
69 85
359 85
131 735
60 274
377 735
576 47
719 131
787 696
617 784
350 617
581 576
467 69
156 752
94 581
7 467
98 124
105 7
146 94
709 7
609 274
304 60
290 7
682 735
714 576
458 98
453 581
88 453
427 497 4 658 525 751 237 745 285 457 31 783 788 193 638 478 602 43 604 665 342 496 659 
427 497
4 497
658 497
525 497
751 427
237 427
745 427
285 751
457 4
31 285
783 4
788 285
193 237
638 285
478 457
602 525
43 745
604 457
665 43
342 237
496 43
659 665
333 508 718 586 13 671 392 251 321 548 438 184 310 598 195 
586 13
586 438
251 321
508 548
251 310
333 671
184 195
438 310
333 508
13 671
718 310
548 195
333 392
392 598
45 432 367 487 145 535 59 262 165 655 579 100 51 276 488 572 725 688 459 679 786 477 510 121 348 78 16 339 779 328 480 104 347 160 667 
45 432
367 432
487 45
145 45
535 367
59 535
262 535
165 367
655 45
579 145
100 579
51 145
276 59
488 165
572 45
725 579
688 432
459 535
679 579
786 165
477 51
510 535
121 477
348 487
78 572
16 121
339 477
779 786
328 78
480 367
104 339
347 78
160 16
667 339
90 522 
90 522
180 
240 300 243 380 448 
240 448
380 448
240 243
240 300
242 298 767 337 64 489 750 299 435 154 258 716 563 656 690 733 418 436 734 23 
242 298
767 242
337 242
64 242
489 298
750 767
299 767
435 242
154 242
258 298
716 750
563 489
656 299
690 656
733 656
418 690
436 690
734 258
23 563
36 365 149 261 190 66 649 360 325 748 115 676 96 344 794 391 9 346 664 318 765 21 77 234 564 1 179 271 372 329 644 320 668 308 536 335 231 343 479 469 573 75 747 38 544 351 
36 365
149 365
261 365
190 149
66 36
649 66
360 66
325 649
748 66
115 66
676 190
96 325
344 325
794 360
391 748
9 325
346 96
664 748
318 676
765 96
21 765
77 346
234 765
564 346
1 664
179 564
271 391
372 664
329 346
644 765
320 372
668 271
308 329
536 329
335 668
231 320
343 77
479 335
469 231
573 343
75 343
747 343
38 320
544 335
351 343
226 309 628 700 408 468 174 192 295 421 314 280 705 699 28 639 424 738 358 753 451 
226 309
628 226
700 226
408 628
468 226
174 226
192 226
295 226
421 226
314 226
280 628
705 226
699 628
28 192
639 408
424 309
738 468
358 421
753 28
451 753
449 533 123 403 777 543 410 
449 123
123 543
533 123
533 403
449 410
403 777
207 229 220 63 83 8 793 249 150 172 80 566 326 708 611 646 37 74 119 445 235 798 547 447 48 164 677 228 
207 229
220 229
63 207
83 229
8 63
793 229
249 207
150 8
172 207
80 8
566 220
326 220
708 83
611 83
646 80
37 80
74 229
119 611
445 63
235 646
798 8
547 235
447 37
48 708
164 83
677 220
228 611
399 640 585 
640 585
399 640
227 616 40 336 72 605 200 
227 616
227 200
227 40
605 200
40 72
40 336
27 797 707 163 202 485 796 130 255 401 439 132 519 302 369 429 466 701 95 728 710 58 378 73 660 109 666 799 766 147 168 26 524 494 592 345 732 319 744 270 303 606 470 209 498 697 327 279 387 24 778 32 505 281 
27 797
707 797
163 27
202 797
485 707
796 27
130 707
255 202
401 130
439 255
132 485
519 707
302 485
369 485
429 796
466 796
701 796
95 255
728 519
710 202
58 519
378 202
73 707
660 202
109 519
666 130
799 132
766 132
147 710
168 439
26 255
524 130
494 255
592 109
345 766
732 710
319 466
744 710
270 524
303 270
606 303
470 494
209 732
498 796
697 378
327 345
279 319
387 345
24 524
778 470
32 710
505 279
281 697
653 673 393 388 
673 393
653 393
653 388
20 61 211 384 134 407 
211 407
20 61
211 134
384 407
61 407
431 624 244 621 246 626 414 53 54 269 277 531 55 143 580 613 120 520 128 577 481 680 173 293 138 376 286 736 631 622 759 187 443 437 93 103 70 460 
431 624
244 624
621 624
246 621
626 246
414 621
53 626
54 246
269 246
277 53
531 269
55 531
143 414
580 531
613 143
120 531
520 269
128 143
577 128
481 55
680 481
173 481
293 520
138 481
376 577
286 577
736 520
631 173
622 293
759 613
187 622
443 138
437 293
93 622
103 376
70 759
460 138
420 514 554 331 600 288 157 250 607 33 297 316 338 530 76 
554 250
157 607
250 338
600 33
514 288
600 250
600 157
420 514
514 331
554 530
297 316
331 607
316 530
607 76
417 570 395 19 159 167 57 141 186 189 268 248 264 315 219 313 253 711 681 558 256 171 571 34 692 118 717 795 371 499 182 400 357 542 44 241 260 746 15 456 397 461 684 713 634 82 
417 570
395 570
19 570
159 19
167 395
57 19
141 417
186 159
189 570
268 189
248 19
264 19
315 167
219 315
313 189
253 189
711 253
681 19
558 264
256 248
171 681
571 264
34 159
692 558
118 692
717 253
795 171
371 171
499 371
182 717
400 717
357 371
542 219
44 717
241 315
260 400
746 253
15 315
456 711
397 400
461 499
684 357
713 456
634 219
82 746
14 213 406 373 127 652 683 549 10 188 
652 10
406 127
14 127
683 549
373 127
213 373
14 188
549 10
213 10
230 284 
230 284
144 780 771 
144 780
144 771
405 614 731 39 65 720 382 583 
405 731
614 731
614 39
65 583
405 65
405 720
720 382
527 601 254 125 757 239 565 528 686 225 781 155 450 422 637 291 559 574 669 
527 601
254 601
125 601
757 601
239 254
565 254
528 239
686 601
225 686
781 527
155 125
450 686
422 125
637 757
291 757
559 450
574 155
669 528
452 630 206 178 
452 630
452 206
630 178
18 151 11 584 645 368 591 588 636 305 534 755 332 170 152 208 698 474 425 
18 151
11 18
584 18
645 18
368 151
591 18
588 18
636 368
305 11
534 151
755 305
332 591
170 645
152 588
208 18
698 332
474 636
425 305
148 198 101 306 627 455 502 169 330 116 108 374 307 675 362 426 
148 198
101 198
306 148
627 198
455 148
502 198
169 148
330 198
116 330
108 198
374 198
307 148
675 306
362 330
426 455
296 463 749 742 663 245 632 635 259 52 618 194 413 62 196 266 726 672 215 
296 463
749 296
742 296
663 296
245 463
632 742
635 632
259 463
52 245
618 663
194 635
413 618
62 413
196 194
266 194
726 413
672 663
215 196
503 774 139 557 412 703 740 185 385 693 49 724 12 112 629 442 430 593 67 476 
503 774
139 774
557 774
412 774
703 774
740 503
185 503
385 503
693 503
49 693
724 385
12 185
112 693
629 112
442 112
430 112
593 693
67 12
476 112
2 30 484 790 71 81 761 205 212 353 763 389 203 35 
30 81
71 763
212 389
30 761
484 81
71 212
2 30
212 353
790 353
353 203
484 763
205 389
71 35
113 446 775 257 491 702 764 
775 702
113 446
257 764
775 491
257 491
113 257
434 758 756 181 106 394 596 46 
434 758
394 596
106 394
758 106
181 46
434 181
434 756
483 619 111 292 366 282 770 311 323 370 56 68 641 294 238 721 555 552 727 515 620 197 553 283 651 597 140 50 363 86 462 214 569 
483 619
111 483
292 111
366 111
282 483
770 619
311 366
323 483
370 282
56 370
68 111
641 292
294 366
238 641
721 56
555 370
552 370
727 370
515 555
620 294
197 721
553 620
283 197
651 197
597 370
140 283
50 140
363 555
86 56
462 727
214 363
569 727
177 792 537 482 275 5 441 551 175 416 222 472 
537 441
482 275
5 551
537 275
5 222
551 175
441 222
482 472
177 441
177 792
177 416
17 789 217 91 415 532 199 349 643 
415 643
217 91
91 643
17 532
789 415
91 349
789 199
17 91
501 769 272 267 87 685 224 161 204 654 404 529 79 464 41 97 633 670 356 550 743 567 521 
501 769
272 501
267 272
87 267
685 501
224 267
161 267
204 267
654 267
404 654
529 404
79 224
464 404
41 161
97 79
633 404
670 404
356 161
550 654
743 404
567 97
521 567
354 739 689 575 247 506 471 540 409 623 599 
689 540
354 540
506 623
354 739
506 409
575 247
471 623
739 623
689 575
247 599
142 390 704 210 500 216 176 364 423 287 608 419 568 517 183 492 341 625 386 136 490 493 791 252 776 513 117 782 595 223 486 
142 390
704 142
210 704
500 704
216 142
176 142
364 704
423 390
287 500
608 176
419 423
568 419
517 210
183 517
492 183
341 423
625 419
386 419
136 176
490 386
493 136
791 568
252 490
776 136
513 183
117 568
782 776
595 776
223 493
486 782
712 760 110 375 516 
760 516
712 375
110 516
712 760
42 590 723 454 642 440 587 0 578 556 647 561 509 191 129 6 545 22 428 381 433 650 233 166 518 137 263 89 662 722 768 541 398 772 715 504 539 
42 590
723 590
454 723
642 42
440 642
587 454
0 723
578 440
556 440
647 0
561 590
509 642
191 440
129 647
6 440
545 0
22 509
428 556
381 440
433 587
650 428
233 0
166 433
518 454
137 454
263 428
89 428
662 137
722 642
768 433
541 650
398 129
772 129
715 428
504 768
539 647
278 706 526 317 657 201 538 126 
706 657
526 126
317 657
278 201
317 538
278 706
278 526
379 661 507 153 674 29 236 218 99 122 610 762 92 340 612 729 107 232 473 615 
379 661
507 379
153 379
674 507
29 674
236 379
218 507
99 153
122 379
610 99
762 122
92 99
340 99
612 340
729 340
107 507
232 218
473 612
615 610
25 562 691 221 301 546 402 133 512 
546 402
691 221
25 221
402 133
25 562
562 546
25 512
301 546
324 687 352 589 312 582 158 603 737 273 560 695 265 383 730 289 334 678 135 475 396 773 3 648 511 694 114 102 411 
324 687
352 687
589 324
312 687
582 324
158 687
603 324
737 582
273 589
560 687
695 273
265 312
383 582
730 695
289 695
334 737
678 695
135 289
475 589
396 273
773 383
3 589
648 135
511 475
694 695
114 589
102 511
411 694
