? 15 537 792 441 175 177 482 5 529 551 222 275 633 541 743 464 
? 15 289 730 135 695 694 396 273 114 589 3 312 324 687 352 265 
? 14 134 598 559 407 781 254 239 210 500 287 460 704 447 443 
? 12 290 709 7 467 65 69 304 252 60 274 85 754 
? 11 279 319 247 720 498 599 359 466 505 785 494 
? 10 117 791 178 70 759 568 286 631 173 577 
? 9 42 590 642 561 22 509 137 6 166 
? 9 73 666 270 303 606 30 109 710 32 
? 8 375 760 110 585 516 640 106 394 
? 8 308 644 372 573 329 75 343 351 
? 8 33 157 600 607 250 39 331 288 
? 7 451 753 358 342 659 705 28 
? 7 643 780 744 217 697 147 721 
? 7 179 564 346 77 307 747 320 
? 6 380 410 448 533 403 553 
? 5 712 798 192 181 518 
? 5 297 755 554 514 420 
? 4 550 777 685 650 
? 4 335 668 271 23 
? 3 282 770 552 
? 3 128 376 617 
!
195 211 548 82 321 508 746 542 718 184 333 310 241 634 392 437 511 671 102 251 586 20 182 260 61 313 13 475 219 253 711 334 93 384 268 713 438 456 603 34 383 15 293 141 189 717 315 773 
195 211
548 211
82 195
321 548
508 321
746 82
542 195
718 508
184 82
333 508
310 184
241 542
634 746
392 718
437 184
511 392
671 392
102 392
251 310
586 251
20 241
182 634
260 182
61 20
313 542
13 586
475 511
219 313
253 634
711 253
334 475
93 437
384 102
268 253
713 260
438 251
456 182
603 334
34 268
383 334
15 241
293 713
141 313
189 268
717 456
315 219
773 603
66 360 748 261 649 190 794 115 676 344 325 149 664 36 391 318 365 9 1 96 234 765 21 
66 360
748 360
261 66
649 261
190 66
794 748
115 190
676 115
344 794
325 344
149 649
664 794
36 149
391 115
318 391
365 36
9 344
1 664
96 9
234 9
765 234
21 96
289 730 135 695 694 396 273 114 589 3 312 324 687 352 265 
396 324
135 3
396 589
324 687
687 352
695 694
695 3
289 694
695 114
114 589
694 273
312 687
730 273
135 265
53 277 269 54 246 531 626 461 397 621 414 431 520 624 684 171 680 580 55 256 499 244 795 400 357 371 44 481 120 187 736 613 681 138 143 
53 277
269 277
54 269
246 54
531 269
626 246
461 53
397 461
621 626
414 621
431 621
520 531
624 431
684 624
171 461
680 520
580 520
55 680
256 171
499 171
244 624
795 256
400 397
357 499
371 357
44 400
481 55
120 680
187 520
736 187
613 120
681 795
138 481
143 613
89 665 
89 665
76 
297 755 554 514 420 
755 554
514 420
554 514
297 554
161 224 267 79 97 204 272 41 567 356 654 501 521 87 449 522 769 123 670 404 
161 224
267 161
79 224
97 79
204 267
272 267
41 204
567 97
356 41
654 204
501 272
521 356
87 204
449 356
522 449
769 501
123 521
670 654
404 670
223 595 593 493 486 442 776 693 476 630 136 49 112 430 782 574 412 503 629 703 452 225 774 385 185 686 139 492 450 155 176 216 339 183 51 517 740 206 608 557 104 579 724 667 125 422 
223 595
593 595
493 223
486 493
442 593
776 486
693 595
476 593
630 442
136 486
49 693
112 693
430 476
782 630
574 430
412 49
503 412
629 693
703 412
452 630
225 112
774 703
385 703
185 629
686 225
139 385
492 782
450 574
155 450
176 136
216 176
339 503
183 492
51 339
517 183
740 774
206 183
608 216
557 339
104 339
579 51
724 557
667 579
125 686
422 185
417 570 186 159 395 19 167 248 57 264 571 118 558 692 622 513 737 560 364 582 158 
417 570
186 417
159 570
395 417
19 159
167 395
248 159
57 186
264 57
571 264
118 571
558 571
692 558
622 248
513 622
737 167
560 737
364 513
582 737
158 582
179 564 346 77 307 747 320 
564 346
179 564
179 77
77 307
307 747
346 320
368 534 636 645 152 387 151 18 766 345 698 382 588 327 332 584 170 591 11 592 799 208 180 58 305 132 350 474 
368 534
636 368
645 636
152 534
387 368
151 387
18 151
766 387
345 766
698 152
382 152
588 645
327 345
332 698
584 151
170 18
591 588
11 18
592 382
799 766
208 584
180 382
58 592
305 170
132 58
350 208
474 170
128 376 617 
128 376
376 617
643 780 744 217 697 147 721 
780 147
643 217
643 147
217 697
744 217
643 721
162 581 576 377 94 245 453 714 47 719 742 632 52 752 735 88 131 465 523 124 146 84 405 635 98 266 731 741 156 749 463 296 194 594 787 495 444 530 355 425 338 784 614 322 196 361 682 215 696 316 458 259 105 663 
162 581
576 162
377 581
94 377
245 94
453 245
714 576
47 714
719 377
742 453
632 576
52 632
752 719
735 752
88 742
131 735
465 47
523 465
124 465
146 719
84 523
405 632
635 52
98 124
266 405
731 98
741 84
156 146
749 88
463 749
296 463
194 635
594 741
787 131
495 787
444 787
530 731
355 594
425 530
338 425
784 741
614 194
322 444
196 194
361 355
682 156
215 614
696 355
316 338
458 425
259 682
105 322
663 749
335 668 271 23 
335 271
668 271
668 23
380 410 448 533 403 553 
380 533
448 533
380 403
410 448
410 553
491 775 446 214 113 363 764 702 10 549 257 515 555 462 597 86 349 683 727 284 789 370 532 199 652 56 17 651 228 91 174 213 323 569 230 144 771 415 
491 775
446 491
214 446
113 214
363 214
764 775
702 113
10 113
549 764
257 113
515 363
555 515
462 363
597 555
86 462
349 764
683 549
727 597
284 349
789 284
370 515
532 284
199 532
652 10
56 370
17 284
651 86
228 652
91 789
174 257
213 652
323 56
569 727
230 683
144 651
771 651
415 91
537 792 441 175 177 482 5 529 551 222 275 633 541 743 464 
537 441
482 275
5 551
537 275
5 222
175 551
177 541
441 222
529 743
441 177
177 464
792 633
792 177
529 633
473 762 122 729 435 612 236 337 507 615 733 298 107 656 92 489 379 218 610 232 64 661 242 153 716 674 154 605 340 299 418 99 563 528 767 565 750 227 411 547 200 669 436 690 29 38 
473 762
122 762
729 122
435 473
612 729
236 473
337 435
507 236
615 729
733 435
298 435
107 612
656 733
92 729
489 337
379 507
218 489
610 92
232 236
64 298
661 379
242 64
153 379
716 733
674 661
154 64
605 656
340 610
299 716
418 733
99 340
563 489
528 615
767 242
565 610
750 242
227 418
411 605
547 153
200 299
669 411
436 418
690 436
29 674
38 154
117 791 178 70 759 568 286 631 173 577 
178 631
791 178
117 286
178 173
791 759
70 173
568 286
568 173
759 577
197 378 
197 378
282 770 552 
282 552
282 770
33 157 600 607 250 39 331 288 
157 39
157 607
33 600
600 250
157 600
607 331
331 288
398 545 772 129 647 233 0 620 539 311 292 587 662 619 416 483 723 238 454 
398 545
772 398
129 545
647 545
233 129
0 233
620 233
539 233
311 772
292 311
587 647
662 587
619 311
416 620
483 619
723 587
238 620
454 587
550 777 685 650 
550 777
777 650
550 685
165 262 779 725 367 786 535 459 488 480 390 419 142 625 490 423 386 393 341 
165 262
779 165
725 779
367 262
786 725
535 367
459 535
488 535
480 459
390 779
419 779
142 390
625 419
490 625
423 419
386 490
393 480
341 423
468 628 699 226 408 700 295 309 280 504 738 768 433 421 314 445 
468 628
699 628
226 628
408 699
700 468
295 700
309 226
280 468
504 700
738 504
768 295
433 768
421 738
314 421
445 309
25 672 221 691 562 618 726 133 413 62 583 301 402 512 388 673 103 546 653 
25 672
221 25
691 221
562 691
618 221
726 618
133 562
413 726
62 413
583 62
301 562
402 301
512 62
388 402
673 301
103 402
546 673
653 583
40 336 538 72 317 201 657 278 544 526 734 616 126 706 258 648 469 479 678 231 
40 336
538 40
72 336
317 72
201 317
657 538
278 657
544 657
526 278
734 544
616 201
126 278
706 526
258 734
648 201
469 258
479 544
678 616
231 469
134 598 559 407 781 254 239 210 500 287 460 704 447 443 
500 287
500 460
598 559
287 704
254 239
781 254
559 239
210 704
134 407
134 559
704 443
254 447
134 210
451 753 358 342 659 705 28 
705 28
451 342
451 659
753 659
753 28
358 342
308 644 372 573 329 75 343 351 
343 351
573 351
372 351
644 75
644 573
308 329
372 329
83 172 119 611 793 326 708 220 637 566 229 164 67 12 249 677 207 48 291 373 74 63 646 757 80 235 8 601 150 639 37 527 424 
83 172
119 172
611 119
793 172
326 793
708 326
220 708
637 83
566 326
229 793
164 637
67 119
12 164
249 708
677 566
207 229
48 611
291 677
373 67
74 48
63 207
646 249
757 291
80 646
235 80
8 63
601 757
150 8
639 74
37 80
527 601
424 639
290 709 7 467 65 69 304 252 60 274 85 754 
290 7
709 7
467 65
69 85
60 274
274 85
290 467
7 304
709 69
60 754
467 252
73 666 270 303 606 30 109 710 32 
270 303
710 32
303 30
606 109
666 270
73 109
666 606
666 710
101 148 455 306 627 198 330 169 116 46 108 426 502 756 675 758 374 596 536 399 496 434 362 
101 148
455 101
306 101
627 148
198 627
330 198
169 455
116 198
46 330
108 46
426 306
502 116
756 169
675 756
758 675
374 108
596 426
536 756
399 108
496 374
434 675
362 399
279 319 247 720 498 599 359 466 505 785 494 
247 466
247 785
319 720
359 466
279 720
720 359
498 785
359 505
279 494
599 505
50 389 205 763 212 353 203 35 140 90 71 300 283 641 240 81 209 484 366 281 68 24 790 543 761 524 294 732 243 111 2 
50 389
205 389
763 205
212 763
353 205
203 353
35 763
140 35
90 140
71 212
300 203
283 140
641 50
240 300
81 71
209 35
484 71
366 641
281 283
68 366
24 484
790 81
543 240
761 790
524 24
294 641
732 209
243 240
111 68
2 24
712 798 192 181 518 
192 518
712 181
712 798
798 192
78 471 506 572 409 328 540 347 623 739 688 160 348 655 188 354 16 45 121 59 575 14 778 276 477 432 679 470 487 406 689 26 127 145 100 510 609 
78 471
506 471
572 78
409 78
328 471
540 409
347 328
623 506
739 347
688 739
160 540
348 688
655 348
188 160
354 739
16 188
45 655
121 16
59 348
575 354
14 160
778 575
276 59
477 121
432 45
679 432
470 778
487 432
406 16
689 575
26 470
127 14
145 487
100 487
510 100
609 354
375 760 110 585 516 640 106 394 
106 394
375 640
760 516
110 516
760 394
585 516
375 106
27 701 797 439 707 485 369 796 202 429 401 255 728 130 302 519 163 660 95 168 
27 701
797 27
439 701
707 27
485 707
369 707
796 439
202 439
429 796
401 707
255 202
728 369
130 401
302 485
519 302
163 130
660 255
95 255
168 660
42 590 642 561 22 509 137 6 166 
42 590
42 137
22 509
590 642
22 166
590 6
137 166
642 561
658 751 525 497 783 4 427 285 478 237 788 31 638 602 457 745 193 381 715 578 722 428 263 440 191 472 43 604 556 
658 751
525 751
497 751
783 525
4 497
427 497
285 783
478 525
237 478
788 285
31 285
638 285
602 237
457 427
745 4
193 457
381 237
715 788
578 381
722 715
428 722
263 428
440 578
191 440
472 263
43 745
604 43
556 263
