? 15 296 463 88 749 453 742 245 663 52 632 618 62 413 196 221 
? 15 78 328 623 354 160 506 347 540 572 532 471 230 409 683 199 
? 14 50 763 205 203 484 353 71 81 212 389 761 790 281 2 
? 12 177 792 537 441 175 482 743 633 551 416 529 462 
? 11 214 363 446 113 10 491 775 651 549 702 764 
? 10 278 706 126 526 657 317 336 72 201 648 
? 9 643 780 415 217 91 789 17 284 144 
? 9 227 616 436 669 411 694 538 605 40 
? 8 76 607 39 215 259 682 247 689 
? 8 13 671 598 475 438 559 407 452 
? 8 562 691 25 546 653 672 301 133 
? 7 376 402 577 103 286 70 759 
? 7 23 75 106 573 394 747 585 
? 7 565 615 528 781 473 114 730 
? 6 110 516 760 375 712 652 
? 5 138 173 791 178 631 
? 5 512 726 583 252 673 
? 4 630 782 134 206 
? 4 603 773 135 3 
? 3 117 388 490 
? 3 200 544 188 
!
355 594 696 84 523 361 784 495 85 741 274 787 322 465 719 735 105 47 124 60 131 69 359 714 377 467 581 576 444 785 617 752 7 350 98 94 162 754 599 290 609 709 731 156 304 146 65 319 
355 594
696 355
84 594
523 594
361 594
784 594
495 355
85 696
741 355
274 85
787 495
322 495
465 84
719 84
735 495
105 355
47 465
124 465
60 85
131 735
69 60
359 361
714 523
377 735
467 322
581 377
576 581
444 696
785 361
617 784
752 131
7 69
350 617
98 465
94 581
162 735
754 85
599 359
290 7
609 85
709 467
731 124
156 735
304 7
146 131
65 290
319 609
207 229 220 8 63 119 646 793 80 150 611 74 326 235 83 708 172 249 639 677 37 566 637 
207 229
220 229
8 207
63 8
119 229
646 229
793 220
80 63
150 8
611 119
74 229
326 229
235 220
83 611
708 220
172 611
249 220
639 207
677 172
37 8
566 220
637 566
78 328 623 354 160 506 347 540 572 532 471 230 409 683 199 
347 540
623 230
683 199
354 540
532 471
328 354
623 532
623 506
471 683
160 409
78 328
78 623
160 506
78 572
427 497 658 525 4 751 193 788 745 285 602 457 638 31 783 715 43 604 659 496 665 358 451 374 753 342 472 399 116 362 108 222 314 738 5 
427 497
658 497
525 427
4 427
751 525
193 497
788 658
745 427
285 525
602 497
457 193
638 285
31 285
783 638
715 783
43 4
604 43
659 604
496 604
665 604
358 604
451 659
374 496
753 451
342 358
472 788
399 659
116 43
362 659
108 362
222 472
314 451
738 358
5 222
393 778 
393 778
30 
512 726 583 252 673 
512 726
726 252
512 673
583 252
18 151 584 368 645 534 636 588 170 591 332 698 208 152 514 297 420 180 498 288 
18 151
584 151
368 151
645 18
534 18
636 645
588 645
170 588
591 588
332 588
698 332
208 584
152 591
514 332
297 591
420 514
180 698
498 584
288 420
417 570 395 167 189 219 315 313 141 711 253 34 182 634 241 746 260 15 542 293 195 548 82 184 713 61 321 211 93 20 310 508 437 333 622 718 392 736 187 383 513 511 251 334 102 586 
417 570
395 570
167 395
189 417
219 189
315 219
313 189
141 219
711 189
253 711
34 253
182 711
634 253
241 219
746 253
260 253
15 315
542 219
293 182
195 241
548 241
82 746
184 82
713 260
61 15
321 82
211 746
93 293
20 61
310 82
508 321
437 93
333 508
622 93
718 508
392 718
736 93
187 622
383 20
513 622
511 718
251 513
334 511
102 511
586 251
148 198 627 306 455 502 169 330 101 46 675 596 426 536 756 181 307 434 758 351 343 
148 198
627 148
306 148
455 148
502 198
169 455
330 198
101 198
46 198
675 455
596 148
426 306
536 627
756 169
181 426
307 675
434 675
758 181
351 434
343 351
565 615 528 781 473 114 730 
615 528
528 730
615 781
565 615
114 730
528 473
142 390 704 210 216 500 287 786 176 460 725 779 165 364 341 568 262 419 517 608 579 423 183 625 443 667 386 492 
142 390
704 142
210 704
216 390
500 704
287 210
786 390
176 216
460 500
725 786
779 786
165 786
364 500
341 704
568 341
262 786
419 165
517 704
608 216
579 786
423 568
183 210
625 419
443 568
667 786
386 419
492 183
200 544 188 
200 544
200 188
23 75 106 573 394 747 585 
75 394
23 106
106 394
106 573
573 747
75 585
27 797 707 439 202 485 130 401 255 429 796 519 132 95 378 73 666 701 163 369 728 302 466 710 168 494 732 58 32 592 109 660 766 270 524 327 470 799 24 697 35 279 26 505 345 575 303 720 387 209 382 606 147 744 
27 797
707 27
439 27
202 797
485 707
130 707
401 130
255 202
429 797
796 429
519 707
132 519
95 255
378 95
73 130
666 73
701 202
163 130
369 519
728 401
302 519
466 796
710 202
168 796
494 202
732 710
58 707
32 710
592 132
109 519
660 255
766 796
270 401
524 130
327 796
470 95
799 796
24 524
697 710
35 732
279 168
26 697
505 466
345 592
575 470
303 270
720 279
387 345
209 32
382 58
606 303
147 710
744 697
603 773 135 3 
135 3
603 773
773 3
110 516 760 375 712 652 
516 760
375 712
110 516
760 712
110 652
42 590 723 454 642 440 587 191 0 509 578 22 647 556 650 381 545 433 263 129 166 722 137 518 233 6 768 428 237 561 539 398 295 541 275 89 478 705 
42 590
723 590
454 723
642 42
440 642
587 454
191 440
0 590
509 642
578 440
22 642
647 0
556 440
650 556
381 440
545 647
433 454
263 556
129 647
166 509
722 191
137 587
518 590
233 0
6 642
768 433
428 556
237 381
561 440
539 0
398 129
295 768
541 650
275 541
89 556
478 381
705 509
296 463 88 749 453 742 245 663 52 632 618 62 413 196 221 
749 453
663 221
88 453
296 463
453 742
62 413
463 742
52 632
632 196
296 618
62 221
88 245
742 632
618 221
431 624 244 684 621 626 246 357 414 53 371 461 499 269 171 54 277 397 531 118 248 681 256 400 692 795 55 580 264 571 143 717 520 558 128 120 19 613 44 268 680 159 186 481 456 57 
431 624
244 624
684 244
621 431
626 621
246 621
357 684
414 244
53 621
371 357
461 626
499 357
269 246
171 499
54 626
277 246
397 269
531 269
118 357
248 499
681 248
256 371
400 397
692 118
795 171
55 269
580 531
264 692
571 692
143 246
717 400
520 580
558 571
128 143
120 128
19 248
613 143
44 400
268 44
680 626
159 19
186 19
481 580
456 400
57 19
278 706 126 526 657 317 336 72 201 648 
317 336
706 657
657 336
126 526
126 648
278 201
278 706
278 526
72 201
349 771 
349 771
117 388 490 
117 388
117 490
562 691 25 546 653 672 301 133 
25 672
691 25
562 672
546 133
562 546
653 133
546 301
242 767 298 750 38 716 733 734 258 299 656 563 64 418 489 469 435 154 690 
242 767
298 242
750 767
38 767
716 298
733 242
734 750
258 750
299 298
656 733
563 298
64 38
418 258
489 563
469 767
435 298
154 563
690 418
630 782 134 206 
630 782
782 134
134 206
379 661 507 153 674 612 447 29 547 610 762 218 729 236 232 337 107 92 122 
379 661
507 379
153 379
674 661
612 379
447 674
29 447
547 447
610 612
762 612
218 507
729 610
236 762
232 218
337 218
107 729
92 153
122 762
324 687 352 589 312 273 582 695 265 158 678 737 289 384 396 560 
324 687
352 687
589 324
312 352
273 589
582 589
695 312
265 312
158 582
678 695
737 582
289 273
384 324
396 273
560 582
12 164 740 422 67 385 406 127 557 724 49 373 339 99 228 48 14 340 213 
12 164
740 164
422 12
67 12
385 12
406 67
127 67
557 406
724 557
49 557
373 67
339 557
99 164
228 373
48 228
14 127
340 99
213 67
504 700 226 628 421 309 468 408 280 174 569 192 445 28 699 640 798 257 597 424 
504 700
226 700
628 226
421 700
309 226
468 226
408 226
280 226
174 408
569 174
192 309
445 309
28 192
699 309
640 309
798 445
257 408
597 569
424 309
50 763 205 203 484 353 71 81 212 389 761 790 281 2 
212 281
763 71
212 389
71 281
484 81
50 484
81 761
81 2
50 763
353 212
353 790
203 353
205 389
376 402 577 103 286 70 759 
577 103
402 286
376 103
103 759
376 402
70 759
13 671 598 475 438 559 407 452 
671 407
598 559
13 438
13 407
438 452
671 475
598 407
97 567 79 521 123 224 161 267 356 410 449 380 448 243 204 533 41 522 654 769 501 550 670 272 543 240 685 777 87 464 300 404 403 
97 567
79 97
521 567
123 567
224 97
161 79
267 161
356 567
410 123
449 521
380 123
448 521
243 123
204 267
533 123
41 224
522 267
654 267
769 267
501 769
550 41
670 521
272 501
543 243
240 243
685 501
777 161
87 272
464 685
300 543
404 654
403 79
177 792 537 441 175 482 743 633 551 416 529 462 
537 441
175 551
537 482
743 529
177 441
792 633
177 792
441 175
633 529
177 416
416 462
227 616 436 669 411 694 538 605 40 
227 616
669 411
616 694
227 411
436 40
227 40
669 605
436 538
45 432 487 367 535 59 145 488 276 51 477 655 100 679 121 688 510 480 16 104 348 459 739 
45 432
487 432
367 432
535 367
59 535
145 487
488 535
276 59
51 145
477 51
655 45
100 145
679 45
121 477
688 59
510 51
480 367
16 121
104 121
348 535
459 59
739 59
214 363 446 113 10 491 775 651 549 702 764 
446 549
214 491
775 702
363 651
446 113
363 702
10 764
214 775
113 10
10 491
112 225 686 185 574 693 223 430 155 476 136 450 629 125 703 442 593 493 254 776 595 527 139 412 291 486 601 774 239 503 757 
112 225
686 225
185 112
574 225
693 112
223 112
430 112
155 225
476 574
136 112
450 225
629 185
125 686
703 112
442 223
593 693
493 442
254 125
776 442
595 493
527 254
139 185
412 703
291 125
486 776
601 125
774 139
239 254
503 774
757 125
138 173 791 178 631 
178 631
138 631
791 178
173 178
36 365 149 261 190 649 66 360 325 676 748 115 794 96 21 318 344 664 346 391 234 765 9 1 271 77 564 668 179 320 329 372 308 644 335 231 479 
36 365
149 365
261 36
190 36
649 36
66 649
360 66
325 149
676 66
748 360
115 360
794 360
96 325
21 96
318 190
344 748
664 794
346 96
391 318
234 664
765 234
9 325
1 664
271 318
77 765
564 346
668 271
179 564
320 1
329 234
372 234
308 1
644 320
335 271
231 320
479 335
76 607 39 215 259 682 247 689 
607 39
76 607
39 215
247 689
259 682
682 689
607 247
338 425 250 530 266 458 614 316 305 755 157 635 405 33 331 600 554 474 194 11 
338 425
250 425
530 425
266 338
458 338
614 266
316 250
305 250
755 305
157 250
635 614
405 635
33 157
331 157
600 157
554 331
474 755
194 614
11 305
643 780 415 217 91 789 17 284 144 
643 415
217 91
789 144
643 91
780 17
415 789
780 144
284 144
483 619 111 292 311 282 366 323 772 370 56 68 641 662 294 721 555 770 620 552 90 238 515 140 197 86 727 283 553 
483 619
111 483
292 111
311 483
282 483
366 111
323 282
772 619
370 323
56 370
68 311
641 111
662 370
294 292
721 56
555 56
770 282
620 292
552 370
90 721
238 294
515 555
140 90
197 721
86 56
727 370
283 140
553 311
