!
466 719 227 229 751 734 74 364 400 27 57 127 437 661 392 387 258 377 654 766 580 25 240 446 575 502 394 166 273 236 463 130 764 420 632 682 590 767 793 208 453 282 311 373 235 120 94 302 475 35 641 685 581 84 42 153 541 79 739 289 472 135 167 138 660 389 230 269 540 749 180 271 191 411 559 45 225 507 306 318 768 362 487 189 691 687 275 9 460 797 34 375 70 535 349 606 715 103 292 548 532 776 659 20 178 658 588 296 224 603 33 631 90 187 60 242 183 1 633 196 671 634 343 139 134 185 523 194 736 307 740 278 263 629 108 533 40 479 646 471 145 550 43 675 334 239 121 360 133 416 732 613 29 272 63 287 410 542 4 611 536 359 288 245 142 228 345 190 110 544 531 462 551 597 
466 719
227 719
229 466
751 466
734 227
74 466
364 227
400 751
27 400
57 227
127 364
437 400
661 364
392 734
387 734
258 27
377 437
654 387
766 654
580 387
25 661
240 387
446 400
575 446
502 127
394 502
166 377
273 166
236 240
463 166
130 236
764 377
420 25
632 25
682 502
590 502
767 764
793 632
208 463
453 767
282 208
311 453
373 590
235 453
120 166
94 373
302 373
475 302
35 235
641 302
685 311
581 453
84 35
42 641
153 641
541 84
79 641
739 641
289 641
472 35
135 475
167 475
138 84
660 581
389 739
230 660
269 389
540 660
749 94
180 269
271 540
191 269
411 540
559 411
45 42
225 79
507 269
306 541
318 306
768 559
362 269
487 180
189 362
691 189
687 487
275 225
9 189
460 318
797 559
34 9
375 275
70 687
535 306
349 275
606 535
715 34
103 797
292 349
548 70
532 9
776 103
659 532
20 349
178 659
658 178
588 659
296 588
224 189
603 776
33 103
631 776
90 631
187 292
60 20
242 588
183 603
1 178
633 242
196 349
671 242
634 187
343 292
139 1
134 633
185 343
523 1
194 634
736 185
307 523
740 523
278 307
263 671
629 1
108 523
533 263
40 523
479 40
646 633
471 108
145 646
550 646
43 145
675 533
334 108
239 646
121 43
360 121
133 533
416 239
732 121
613 732
29 732
272 29
63 533
287 108
410 133
542 121
4 334
611 410
536 133
359 4
288 611
245 272
142 360
228 359
345 228
190 345
110 228
544 110
531 228
462 228
551 544
597 551
122 451 118 327 203 670 618 265 331 30 499 771 758 406 14 268 209 714 222 51 757 743 500 6 247 470 412 44 665 50 93 439 381 604 673 574 583 37 610 281 87 774 314 718 741 505 198 473 627 161 277 624 667 64 213 379 215 595 358 344 784 233 781 769 107 538 528 186 469 77 647 24 252 88 36 59 402 417 765 221 702 366 777 655 623 301 109 374 480 324 254 697 148 441 637 270 522 638 432 677 72 656 585 676 335 321 657 492 99 450 488 798 692 666 567 259 188 48 509 119 696 298 513 164 782 761 428 459 476 630 615 206 571 262 683 700 260 790 650 539 711 490 276 202 640 587 779 199 468 563 261 286 175 112 332 223 132 330 75 689 617 442 5 26 644 620 116 525 662 645 395 123 371 504 600 255 80 514 582 226 66 423 748 465 708 684 294 482 737 503 642 237 264 173 81 241 299 501 168 709 626 56 605 422 794 649 508 348 549 792 69 477 449 430 171 729 85 705 775 612 698 413 710 172 396 146 435 100 41 61 701 770 787 778 608 193 266 326 408 688 83 97 274 62 454 403 154 96 744 566 419 17 795 141 785 31 143 65 639 668 643 376 16 712 46 409 690 746 553 554 217 32 163 95 337 177 596 136 788 0 733 545 693 341 407 382 556 98 414 370 182 218 448 695 8 721 207 253 753 527 201 124 569 436 772 150 369 104 315 317 750 699 365 493 747 197 565 635 151 39 713 573 496 783 102 680 754 210 704 570 290 91 181 529 195 599 720 293 516 789 727 137 248 231 361 555 386 204 418 78 316 2 511 796 152 184 92 730 421 614 558 723 707 384 169 672 346 309 157 23 128 773 159 636 577 725 192 716 219 742 285 393 440 214 19 47 160 300 378 279 537 481 114 55 561 648 76 619 328 356 363 425 131 249 351 353 82 170 497 464 456 652 3 383 54 68 10 560 589 251 329 621 706 401 786 147 11 495 106 357 799 584 745 669 372 250 405 86 564 246 674 724 686 731 310 398 431 350 368 755 15 433 524 426 760 457 526 404 73 12 506 336 578 586 791 681 342 347 489 572 498 510 601 380 515 429 22 616 543 367 415 452 354 622 388 534 478 518 562 305 461 111 291 521 144 179 339 447 592 653 594 738 756 295 232 759 126 557 607 115 485 200 49 105 474 243 220 455 520 211 283 530 598 28 385 216 444 53 391 445 238 313 174 129 352 726 424 303 18 427 728 762 162 340 679 517 52 319 355 257 628 434 494 284 576 593 156 234 7 256 149 320 71 483 512 323 101 117 125 244 38 89 552 205 546 113 21 752 579 308 591 694 165 67 140 651 325 780 333 467 663 486 678 664 703 717 58 176 722 267 304 297 609 322 155 399 280 158 338 491 763 13 212 547 602 312 519 443 390 397 458 625 484 438 735 568 
122 451
118 451
327 118
203 327
670 327
618 327
265 451
331 327
30 203
499 618
771 265
758 30
406 670
14 265
268 203
209 331
714 406
222 499
51 714
757 771
743 758
500 670
6 14
247 265
470 222
412 618
44 412
665 268
50 757
93 50
439 6
381 757
604 93
673 439
574 665
583 439
37 6
610 439
281 381
87 470
774 439
314 93
718 714
741 93
505 470
198 314
473 741
627 439
161 673
277 470
624 714
667 741
64 412
213 665
379 37
215 505
595 667
358 627
344 714
784 473
233 379
781 213
769 505
107 574
538 233
528 44
186 64
469 667
77 213
647 77
24 469
252 528
88 161
36 24
59 627
402 252
417 769
765 402
221 107
702 784
366 252
777 221
655 24
623 777
301 77
109 77
374 765
480 374
324 233
254 59
697 24
148 595
441 59
637 59
270 24
522 148
638 702
432 480
677 637
72 24
656 702
585 441
676 441
335 441
321 221
657 522
492 77
99 657
450 99
488 702
798 623
692 221
666 99
567 702
259 567
188 702
48 676
509 301
119 567
696 637
298 696
513 676
164 148
782 164
761 450
428 48
459 761
476 585
630 72
615 259
206 72
571 476
262 666
683 476
700 509
260 206
790 206
650 206
539 259
711 615
490 298
276 666
202 490
640 650
587 711
779 790
199 476
468 711
563 571
261 276
286 563
175 615
112 298
332 509
223 666
132 262
330 99
75 640
689 563
617 761
442 223
5 202
26 202
644 617
620 790
116 132
525 640
662 525
645 782
395 645
123 662
371 620
504 644
600 132
255 442
80 255
514 539
582 255
226 116
66 442
423 123
748 662
465 112
708 226
684 468
294 689
482 132
737 620
503 26
642 662
237 371
264 75
173 237
81 294
241 226
299 26
501 294
168 748
709 237
626 748
56 168
605 81
422 226
794 626
649 173
508 241
348 395
549 626
792 237
69 173
477 81
449 514
430 348
171 430
729 422
85 173
705 168
775 422
612 775
698 66
413 649
710 775
172 168
396 649
146 294
435 413
100 626
41 146
61 792
701 396
770 396
787 626
778 626
608 605
193 775
266 146
326 605
408 61
688 612
83 396
97 266
274 649
62 193
454 605
403 146
154 408
96 612
744 608
566 266
419 96
17 96
795 477
141 705
785 193
31 154
143 408
65 154
639 62
668 65
643 608
376 705
16 668
712 96
46 795
409 46
690 792
746 31
553 266
554 266
217 376
32 376
163 172
95 46
337 46
177 775
596 96
136 32
788 62
0 146
733 376
545 46
693 788
341 668
407 341
382 65
556 376
98 83
414 98
370 596
182 65
218 337
448 146
695 143
8 744
721 744
207 668
253 721
753 46
527 370
201 554
124 690
569 337
436 554
772 693
150 772
369 370
104 744
315 253
317 569
750 556
699 407
365 315
493 414
747 32
197 772
565 750
635 104
151 747
39 569
713 493
573 436
496 788
783 695
102 496
680 635
754 496
210 182
704 750
570 704
290 369
91 704
181 713
529 317
195 317
599 197
720 713
293 163
516 680
789 750
727 407
137 407
248 529
231 529
361 573
555 573
386 197
204 704
418 783
78 516
316 789
2 516
511 204
796 516
152 570
184 231
92 573
730 496
421 184
614 496
558 796
723 754
707 2
384 529
169 707
672 169
346 384
309 558
157 316
23 614
128 39
773 421
159 317
636 773
577 152
725 727
192 157
716 23
219 614
742 672
285 181
393 742
440 742
214 92
19 169
47 672
160 92
300 92
378 421
279 23
537 214
481 440
114 279
55 440
561 378
648 55
76 577
619 92
328 707
356 309
363 393
425 378
131 725
249 131
351 783
353 159
82 346
170 440
497 309
464 316
456 279
652 249
3 346
383 170
54 464
68 716
10 76
560 652
589 249
251 10
329 47
621 356
706 652
401 621
786 160
147 249
11 652
495 249
106 786
357 648
799 383
584 106
745 170
669 147
372 378
250 114
405 170
86 357
564 584
246 405
674 799
724 464
686 669
731 621
310 745
398 86
431 564
350 372
368 147
755 405
15 310
433 250
524 250
426 431
760 497
457 495
526 564
404 368
73 114
12 76
506 431
336 786
578 506
586 433
791 760
681 584
342 336
347 681
489 431
572 372
498 760
510 755
601 669
380 621
515 404
429 310
22 86
616 498
543 12
367 578
415 724
452 724
354 11
622 336
388 250
534 433
478 669
518 674
562 380
305 368
461 367
111 562
291 534
521 354
144 755
179 73
339 478
447 144
592 147
653 144
594 498
738 594
756 562
295 457
232 12
759 756
126 562
557 305
607 594
115 594
485 756
200 724
49 534
105 115
474 179
243 105
220 756
455 380
520 521
211 179
283 105
530 105
598 126
28 243
385 485
216 452
444 521
53 429
391 216
445 53
238 53
313 485
174 592
129 474
352 391
726 216
424 726
303 22
18 105
427 354
728 521
762 303
162 339
340 216
679 174
517 238
52 598
319 53
355 162
257 517
628 313
434 679
494 679
284 679
576 49
593 319
156 517
234 162
7 391
256 628
149 726
320 474
71 726
483 593
512 726
323 628
101 7
117 728
125 7
244 7
38 679
89 162
552 89
205 455
546 89
113 323
21 320
752 256
579 244
308 483
591 149
694 483
165 117
67 726
140 546
651 517
325 546
780 140
333 591
467 129
663 467
486 651
678 323
664 140
703 678
717 165
58 21
176 125
722 591
267 38
304 165
297 267
609 58
322 205
155 322
399 651
280 399
158 67
338 752
491 176
763 155
13 155
212 13
547 21
602 280
312 338
519 651
443 267
390 267
397 722
458 663
625 21
484 140
438 338
735 338
568 280
