!
466 719 227 229 751 734 74 364 127 27 400 57 387 437 661 377 392 654 446 240 575 25 682 502 766 580 394 258 236 463 166 130 273 632 764 420 590 767 793 390 208 282 311 235 453 302 373 35 120 153 581 685 167 739 94 641 475 79 84 42 135 289 230 660 138 541 389 269 180 691 472 540 271 411 749 225 191 559 507 45 768 487 362 460 275 535 318 306 70 9 189 797 687 658 34 224 715 349 296 375 103 606 532 20 776 292 588 178 60 659 603 548 90 631 33 196 183 242 1 343 187 633 671 634 139 185 523 307 629 134 479 194 263 40 278 471 108 533 675 740 334 43 145 550 646 416 360 121 438 542 4 133 732 239 272 29 613 287 536 63 410 611 359 142 288 245 228 345 110 190 544 531 462 597 
466 719
227 466
229 719
751 719
734 227
74 719
364 227
127 364
27 229
400 751
57 127
387 734
437 400
661 734
377 400
392 734
654 387
446 400
240 387
575 751
25 661
682 25
502 127
766 74
580 240
394 661
258 751
236 240
463 437
166 437
130 236
273 166
632 394
764 166
420 25
590 502
767 166
793 420
390 793
208 273
282 463
311 767
235 311
453 311
302 590
373 590
35 282
120 235
153 793
581 235
685 581
167 153
739 302
94 302
641 153
475 302
79 641
84 35
42 641
135 641
289 79
230 685
660 230
138 84
541 581
389 302
269 389
180 269
691 269
472 138
540 581
271 540
411 472
749 180
225 79
191 135
559 271
507 180
45 289
768 540
487 749
362 191
460 540
275 225
535 559
318 559
306 230
70 487
9 362
189 362
797 559
687 70
658 9
34 9
224 189
715 70
349 275
296 70
375 275
103 797
606 535
532 9
20 349
776 103
292 349
588 9
178 588
60 224
659 588
603 103
548 687
90 776
631 90
33 90
196 20
183 603
242 588
1 20
343 349
187 292
633 242
671 588
634 187
139 1
185 634
523 1
307 523
629 523
134 1
479 307
194 185
263 479
40 263
278 40
471 523
108 523
533 263
675 533
740 523
334 108
43 548
145 43
550 145
646 263
416 43
360 43
121 43
438 334
542 121
4 334
133 533
732 121
239 542
272 732
29 732
613 360
287 334
536 133
63 272
410 133
611 410
359 4
142 360
288 410
245 29
228 359
345 4
110 228
190 345
544 359
531 110
462 228
597 544
122 451 118 327 265 203 758 670 618 331 268 771 30 209 499 406 757 14 714 222 412 743 6 51 500 44 470 665 50 93 439 604 583 87 247 610 161 673 381 574 473 198 774 281 741 314 718 624 37 186 277 505 213 627 667 64 379 233 215 358 655 595 107 538 769 781 528 784 252 344 469 647 702 77 765 24 221 36 402 88 638 324 777 697 480 301 366 656 59 441 417 374 623 109 637 148 72 270 254 522 585 321 432 488 492 567 450 99 692 676 657 335 48 666 677 509 798 259 298 630 164 696 119 428 476 761 683 779 790 188 587 539 617 459 650 782 206 615 276 700 260 262 199 202 640 261 571 490 332 468 175 711 563 513 75 132 689 286 223 442 644 525 620 662 503 5 395 26 116 123 330 645 514 264 504 708 582 371 423 255 112 501 226 748 294 299 482 241 737 709 173 66 85 237 642 80 626 422 649 56 465 600 688 168 684 605 348 81 794 477 778 171 710 705 792 698 172 430 449 549 508 729 612 775 100 643 61 435 146 396 41 413 69 787 326 770 403 701 408 193 274 83 266 639 795 454 608 62 419 154 96 566 141 31 97 17 143 785 16 553 65 746 668 596 376 46 0 409 690 163 32 712 554 744 207 337 95 98 182 136 341 217 177 124 448 788 693 407 414 556 218 8 733 382 370 753 527 695 104 545 436 699 772 569 369 150 750 573 317 365 721 315 635 253 493 181 201 713 197 747 496 39 293 151 599 754 680 704 195 78 720 102 529 210 137 516 783 555 570 789 290 248 91 727 231 730 565 773 418 169 184 2 152 361 92 386 316 309 636 723 558 796 614 204 128 707 421 346 214 219 672 23 725 384 159 716 537 192 742 114 577 157 160 47 279 76 19 511 285 378 363 440 481 300 561 55 393 398 251 425 619 356 353 351 652 3 82 170 249 383 464 745 10 68 621 328 497 456 147 11 250 246 357 329 372 495 686 54 560 401 350 368 405 506 799 786 674 342 131 724 584 86 706 648 731 669 564 478 431 755 310 106 526 515 426 404 572 12 760 557 380 15 791 336 457 589 681 433 524 22 73 111 367 347 616 489 498 291 429 622 510 534 354 305 578 474 232 562 415 452 521 200 339 144 586 543 738 295 388 461 592 518 598 594 759 447 756 179 653 601 115 216 485 126 53 49 211 283 607 105 243 391 220 455 520 238 427 385 174 355 28 726 444 313 284 303 434 162 424 728 530 352 628 517 18 576 319 762 129 234 256 679 71 257 445 512 149 7 117 483 244 593 156 125 101 320 323 579 38 340 494 52 694 113 89 546 399 752 67 333 140 308 205 591 552 703 651 664 678 21 176 717 267 458 165 547 304 58 322 155 280 491 158 519 297 625 663 338 212 609 722 13 467 486 325 602 780 443 312 736 763 735 397 568 484 551 
122 451
118 122
327 118
265 122
203 327
758 203
670 327
618 670
331 203
268 758
771 265
30 265
209 203
499 268
406 670
757 771
14 265
714 406
222 268
412 406
743 758
6 14
51 406
500 714
44 412
470 222
665 714
50 757
93 50
439 6
604 93
583 439
87 470
247 439
610 583
161 14
673 439
381 50
574 665
473 50
198 473
774 439
281 50
741 93
314 741
718 714
624 665
37 673
186 44
277 87
505 87
213 665
627 774
667 741
64 412
379 673
233 379
215 667
358 774
655 473
595 215
107 213
538 233
769 595
781 87
528 64
784 473
252 528
344 665
469 741
647 186
702 784
77 213
765 252
24 469
221 107
36 24
402 765
88 538
638 702
324 233
777 221
697 215
480 765
301 77
366 402
656 702
59 358
441 59
417 777
374 402
623 777
109 480
637 59
148 595
72 784
270 148
254 637
522 417
585 324
321 777
432 480
488 254
492 301
567 702
450 522
99 450
692 301
676 585
657 450
335 637
48 88
666 99
677 488
509 301
798 777
259 488
298 637
630 72
164 270
696 298
119 630
428 335
476 676
761 450
683 476
779 72
790 779
188 259
587 567
539 188
617 761
459 761
650 790
782 650
206 790
615 259
276 450
700 509
260 206
262 666
199 683
202 335
640 650
261 761
571 683
490 335
332 700
468 615
175 615
711 468
563 199
513 563
75 650
132 262
689 563
286 563
223 666
442 276
644 761
525 640
620 206
662 790
503 490
5 298
395 644
26 202
116 132
123 662
330 761
645 395
514 539
264 645
504 644
708 442
582 442
371 587
423 662
255 582
112 26
501 689
226 116
748 662
294 689
299 112
482 255
241 226
737 123
709 371
173 709
66 582
85 173
237 173
642 748
80 582
626 748
422 241
649 173
56 626
465 514
600 241
688 241
168 626
684 173
605 294
348 645
81 294
794 168
477 81
778 748
171 645
710 504
705 168
792 237
698 710
172 168
430 705
449 684
549 168
508 600
729 688
612 241
775 612
100 626
643 605
61 792
435 449
146 501
396 435
41 146
413 435
69 173
787 642
326 605
770 435
403 146
701 649
408 792
193 775
274 770
83 435
266 41
639 66
795 477
454 795
608 299
62 193
419 729
154 408
96 612
566 266
141 56
31 154
97 146
17 96
143 408
785 193
16 31
553 266
65 154
746 787
668 65
596 96
376 172
46 795
0 41
409 46
690 143
163 376
32 376
712 17
554 41
744 643
207 143
337 46
95 337
98 396
182 65
136 32
341 668
217 32
177 785
124 143
448 97
788 193
693 62
407 341
414 98
556 376
218 337
8 744
733 556
382 690
370 17
753 218
527 370
695 207
104 8
545 337
436 554
699 341
772 693
569 218
369 370
150 693
750 556
573 448
317 569
365 744
721 365
315 365
635 104
253 315
493 207
181 414
201 573
713 181
197 772
747 556
496 772
39 569
293 376
151 747
599 750
754 496
680 104
704 747
195 39
78 181
720 713
102 754
529 317
210 182
137 210
516 680
783 210
555 201
570 750
789 750
290 369
248 529
91 750
727 699
231 529
730 754
565 789
773 39
418 137
169 680
184 231
2 516
152 747
361 573
92 201
386 772
316 789
309 516
636 773
723 754
558 516
796 2
614 723
204 704
128 39
707 2
421 231
346 248
214 92
219 614
672 169
23 386
725 727
384 529
159 231
716 23
537 214
192 316
742 672
114 219
577 204
157 192
160 92
47 672
279 114
76 152
19 169
511 577
285 309
378 421
363 773
440 742
481 672
300 160
561 378
55 440
393 481
398 378
251 789
425 378
619 160
356 309
353 384
351 418
652 511
3 346
82 346
170 440
249 652
383 170
464 192
745 440
10 251
68 23
621 356
328 169
497 356
456 614
147 249
11 652
250 68
246 170
357 378
329 621
372 561
495 147
686 147
54 251
560 76
401 621
350 372
368 147
405 383
506 3
799 393
786 300
674 799
342 786
131 652
724 464
584 3
86 357
706 11
648 674
731 401
669 147
564 584
478 669
431 564
755 405
310 755
106 786
526 431
515 669
426 431
404 249
572 350
12 560
760 351
557 669
380 401
15 310
791 760
336 342
457 404
589 495
681 584
433 250
524 433
22 372
73 456
111 621
367 431
347 431
616 760
489 431
498 760
291 433
429 310
622 336
510 383
534 524
354 11
305 368
578 367
474 433
232 12
562 380
415 724
452 54
521 354
200 724
339 760
144 755
586 464
543 12
738 791
295 457
388 534
461 367
592 669
518 799
598 562
594 498
759 380
447 799
756 562
179 534
653 755
601 592
115 498
216 452
485 756
126 380
53 15
49 200
211 179
283 115
607 115
105 283
243 105
391 216
220 756
455 598
520 354
238 53
427 520
385 562
174 592
355 295
28 283
726 216
444 12
313 220
284 174
303 22
434 174
162 355
424 452
728 520
530 283
352 200
628 313
517 238
18 105
576 391
319 517
762 22
129 211
234 162
256 628
679 434
71 216
257 238
445 238
512 391
149 726
7 391
117 434
483 447
244 7
593 483
156 238
125 7
101 125
320 211
323 628
579 7
38 679
340 7
494 434
52 256
694 483
113 323
89 162
546 89
399 257
752 256
67 149
333 444
140 546
308 483
205 752
591 149
552 546
703 752
651 257
664 140
678 703
21 320
176 125
717 117
267 38
458 21
165 117
547 21
304 165
58 547
322 205
155 322
280 651
491 125
158 67
519 399
297 267
625 320
663 21
338 752
212 155
609 129
722 591
13 155
467 547
486 280
325 546
602 280
780 664
443 267
312 338
736 205
763 13
735 312
397 591
568 280
484 780
551 568
