!
466 719 227 751 229 734 437 364 74 400 27 127 57 392 387 377 661 766 654 575 258 25 240 682 446 502 580 236 394 463 420 166 273 764 130 632 767 590 793 390 208 453 373 311 235 120 302 153 581 167 739 475 42 94 685 84 641 135 79 289 389 541 138 230 35 749 660 540 269 191 472 180 271 225 45 318 559 691 507 411 306 362 768 487 797 687 9 275 189 715 34 460 70 349 535 375 606 224 103 658 776 532 296 20 292 548 659 588 603 178 187 90 631 33 242 1 183 60 196 671 634 343 633 185 307 139 523 278 194 740 263 134 40 108 629 533 479 675 646 471 334 43 550 416 121 145 239 133 613 287 360 542 63 732 438 272 4 29 410 536 611 288 359 245 142 345 228 110 544 190 531 462 551 597 
466 719
227 466
751 466
229 466
734 227
437 751
364 227
74 227
400 751
27 400
127 364
57 364
392 734
387 734
377 437
661 387
766 387
654 661
575 27
258 575
25 654
240 387
682 25
446 437
502 127
580 387
236 575
394 25
463 377
420 25
166 463
273 463
764 463
130 236
632 25
767 273
590 502
793 632
390 793
208 273
453 767
373 682
311 453
235 767
120 311
302 373
153 632
581 311
167 302
739 302
475 302
42 475
94 739
685 581
84 581
641 475
135 739
79 641
289 641
389 135
541 581
138 84
230 235
35 84
749 135
660 581
540 230
269 389
191 269
472 84
180 389
271 660
225 79
45 289
318 271
559 271
691 269
507 269
411 559
306 318
362 691
768 559
487 507
797 559
687 487
9 362
275 225
189 9
715 687
34 9
460 768
70 687
349 275
535 460
375 275
606 535
224 189
103 797
658 9
776 103
532 34
296 70
20 349
292 349
548 70
659 34
588 659
603 103
178 659
187 292
90 776
631 90
33 90
242 659
1 20
183 603
60 20
196 292
671 588
634 187
343 187
633 659
185 634
307 343
139 1
523 307
278 343
194 634
740 185
263 60
134 307
40 263
108 523
629 307
533 263
479 40
675 263
646 263
471 108
334 108
43 646
550 533
416 646
121 43
145 121
239 145
133 533
613 121
287 334
360 43
542 416
63 263
732 121
438 334
272 732
4 334
29 732
410 133
536 410
611 410
288 611
359 4
245 29
142 613
345 287
228 345
110 228
544 359
190 228
531 228
462 531
551 544
597 551
122 451 118 327 203 618 670 30 499 265 771 758 406 331 268 714 222 209 757 14 743 247 51 583 6 610 500 44 665 412 470 439 93 381 50 277 574 673 87 314 604 198 473 161 505 624 281 718 774 627 741 37 186 667 213 344 215 64 379 107 358 781 233 595 538 647 769 697 784 469 528 252 702 77 402 24 36 221 765 623 417 254 777 366 301 59 324 677 148 480 109 374 656 270 638 441 637 655 88 72 567 488 432 657 321 585 492 676 450 522 335 99 48 798 666 509 692 696 298 259 630 476 262 761 164 571 188 206 119 683 260 790 700 779 276 650 459 615 782 640 539 711 112 199 428 223 202 587 513 617 563 468 132 175 332 525 75 689 395 442 330 116 644 5 261 490 26 662 514 620 286 482 255 123 645 504 371 582 748 226 423 294 503 66 264 85 422 237 600 241 709 708 737 173 642 81 501 348 649 605 626 299 56 710 688 168 171 684 794 508 430 477 326 69 792 465 698 80 449 61 775 729 413 778 172 612 705 146 396 608 435 549 701 41 770 787 643 408 100 193 403 83 795 266 785 62 454 274 97 96 733 31 16 154 744 419 17 143 566 65 95 746 553 668 177 46 217 690 141 382 32 376 639 0 554 712 337 409 545 596 788 124 163 407 341 136 693 207 556 414 699 182 370 8 448 436 527 218 98 695 201 569 721 772 253 747 369 317 365 195 565 197 573 599 750 753 104 493 181 783 713 315 293 496 290 39 151 137 361 704 150 720 102 210 789 570 680 529 727 516 754 248 231 635 78 555 418 159 316 2 204 169 92 796 184 723 730 152 614 214 558 386 672 91 707 346 421 309 384 23 577 192 773 157 742 128 725 440 300 160 537 716 219 636 19 561 285 47 76 481 55 378 363 511 114 279 353 393 131 356 357 351 251 589 82 170 54 497 68 3 249 652 246 383 648 10 425 147 328 464 621 329 745 619 350 669 11 401 372 15 250 405 342 686 799 426 724 398 674 786 456 404 584 86 706 755 524 106 564 731 495 431 526 310 368 12 291 433 760 489 506 478 578 572 601 73 336 560 415 681 367 457 461 498 429 144 791 515 518 510 22 380 305 557 452 622 295 354 738 111 653 616 347 562 521 388 200 594 49 211 534 543 232 592 759 339 586 756 243 447 179 115 174 474 598 607 216 283 220 53 444 520 530 105 126 385 391 485 726 728 455 424 303 313 238 319 28 628 679 427 284 593 162 762 52 18 340 434 517 445 352 355 234 257 576 7 256 483 494 129 512 320 244 205 117 149 38 323 579 71 125 625 113 333 308 156 89 694 101 546 752 591 703 663 325 140 651 21 780 165 664 304 678 717 67 176 552 399 736 280 267 155 322 486 491 297 338 547 609 458 602 763 568 312 13 722 58 397 443 467 158 735 212 484 519 282 
122 451
118 122
327 118
203 327
618 327
670 618
30 203
499 203
265 30
771 265
758 499
406 670
331 203
268 758
714 406
222 758
209 30
757 771
14 771
743 758
247 14
51 406
583 771
6 14
610 583
500 618
44 406
665 499
412 406
470 222
439 6
93 743
381 771
50 93
277 470
574 665
673 6
87 574
314 93
604 93
198 93
473 50
161 439
505 743
624 665
281 381
718 44
774 583
627 439
741 93
37 673
186 412
667 741
213 665
344 186
215 667
64 714
379 37
107 213
358 627
781 107
233 379
595 667
538 379
647 213
769 595
697 769
784 473
469 667
528 64
252 528
702 784
77 213
402 528
24 469
36 24
221 781
765 402
623 221
417 623
254 358
777 623
366 765
301 77
59 358
324 538
677 254
148 595
480 765
109 480
374 480
656 702
270 36
638 358
441 59
637 59
655 215
88 441
72 24
567 72
488 702
432 480
657 148
321 777
585 324
492 301
676 585
450 657
522 450
335 637
99 450
48 676
798 99
666 450
509 301
692 509
696 637
298 637
259 638
630 72
476 585
262 666
761 657
164 148
571 476
188 259
206 72
119 259
683 476
260 206
790 206
700 509
779 72
276 450
650 206
459 761
615 259
782 164
640 650
539 259
711 615
112 637
199 683
428 335
223 262
202 335
587 711
513 683
617 761
563 571
468 711
132 262
175 711
332 700
525 650
75 650
689 563
395 459
442 276
330 617
116 132
644 761
5 112
261 442
490 696
26 202
662 525
514 175
620 790
286 689
482 116
255 442
123 620
645 395
504 644
371 620
582 442
748 662
226 116
423 662
294 689
503 26
66 582
264 525
85 615
422 226
237 371
600 226
241 226
709 620
708 241
737 620
173 237
642 748
81 294
501 294
348 264
649 514
605 81
626 748
299 605
56 626
710 582
688 241
168 626
171 645
684 468
794 626
508 688
430 348
477 81
326 605
69 173
792 173
465 649
698 710
80 66
449 649
61 792
775 582
729 241
413 649
778 794
172 168
612 241
705 172
146 501
396 69
608 605
435 396
549 626
701 435
41 146
770 413
787 168
643 608
408 61
100 794
193 775
403 41
83 435
795 41
266 146
785 193
62 193
454 477
274 435
97 146
96 612
733 348
31 787
16 31
154 408
744 608
419 729
17 96
143 408
566 266
65 154
95 795
746 31
553 97
668 65
177 193
46 608
217 430
690 408
141 172
382 690
32 778
376 32
639 62
0 795
554 41
712 96
337 46
409 46
545 744
596 96
788 62
124 143
163 32
407 668
341 407
136 376
693 788
207 690
556 376
414 690
699 341
182 65
370 596
8 608
448 553
436 554
527 370
218 337
98 690
695 690
201 436
569 337
721 569
772 693
253 721
747 778
369 527
317 218
365 721
195 569
565 556
197 772
573 201
599 197
750 556
753 337
104 365
493 695
181 98
783 695
713 493
315 253
293 747
496 772
290 496
39 569
151 747
137 182
361 573
704 556
150 496
720 713
102 370
210 783
789 750
570 293
680 104
529 317
727 407
516 680
754 496
248 529
231 529
635 516
78 516
555 573
418 783
159 248
316 197
2 680
204 704
169 2
92 573
796 516
184 231
723 150
730 754
152 704
614 754
214 92
558 796
386 316
672 169
91 750
707 796
346 248
421 184
309 516
384 529
23 614
577 152
192 316
773 39
157 192
742 315
128 39
725 210
440 672
300 92
160 92
537 214
716 23
219 614
636 184
19 680
561 384
285 796
47 672
76 577
481 440
55 440
378 561
363 440
511 577
114 723
279 114
353 384
393 742
131 725
356 2
357 378
351 418
251 316
589 725
82 346
170 440
54 577
497 356
68 716
3 346
249 589
652 249
246 170
383 170
648 170
10 251
425 561
147 249
328 19
464 10
621 356
329 621
745 383
619 160
350 425
669 147
11 652
401 621
372 425
15 246
250 716
405 170
342 300
686 669
799 357
426 425
724 464
398 378
674 383
786 214
456 114
404 147
584 426
86 372
706 652
755 405
524 250
106 584
564 584
731 401
495 404
431 3
526 564
310 755
368 404
12 76
291 250
433 524
760 351
489 431
506 431
478 669
578 489
572 350
601 404
73 250
336 342
560 12
415 724
681 584
367 489
457 368
461 367
498 760
429 310
144 755
791 760
515 457
518 674
510 144
22 372
380 621
305 669
557 495
452 724
622 336
295 686
354 652
738 457
111 329
653 246
616 498
347 584
562 380
521 354
388 433
200 415
594 498
49 200
211 73
534 433
543 12
232 521
592 478
759 380
339 457
586 49
756 562
243 791
447 799
179 211
115 498
174 592
474 179
598 562
607 616
216 452
283 115
220 756
53 429
444 543
520 354
530 115
105 283
126 380
385 756
391 216
485 756
726 216
728 520
455 115
424 216
303 447
313 220
238 313
319 653
28 243
628 756
679 174
427 354
284 679
593 447
162 28
762 303
52 455
18 105
340 391
434 174
517 238
445 53
352 391
355 162
234 18
257 517
576 391
7 391
256 628
483 319
494 174
129 211
512 7
320 129
244 7
205 115
117 728
149 216
38 679
323 628
579 244
71 726
125 244
625 129
113 323
333 149
308 593
156 256
89 162
694 483
101 7
546 89
752 256
591 149
703 628
663 586
325 234
140 546
651 257
21 320
780 140
165 117
664 546
304 165
678 703
717 165
67 591
176 591
552 664
399 651
736 205
280 399
267 38
155 205
322 155
486 280
491 101
297 165
338 752
547 21
609 547
458 625
602 280
763 205
568 280
312 338
13 155
722 591
58 21
397 591
443 267
467 58
158 67
735 312
212 13
484 664
519 113
282 397
