!
466 719 227 734 74 751 229 364 400 57 27 661 387 127 392 437 580 654 377 258 240 446 25 394 502 766 575 166 236 273 682 463 130 764 632 420 208 793 590 282 767 311 453 373 235 302 120 739 581 94 167 230 84 153 79 685 641 35 541 42 135 289 475 138 660 540 271 749 269 389 411 180 45 225 691 559 318 507 487 768 362 191 687 797 189 9 306 275 34 70 535 375 460 458 532 715 224 349 103 606 663 776 658 292 659 296 588 548 20 603 196 631 60 90 187 178 33 1 183 242 671 343 633 139 634 185 523 134 194 307 40 263 479 108 629 740 278 533 646 471 43 334 416 675 550 145 239 613 121 542 63 133 732 29 536 272 4 360 410 287 611 288 359 142 245 345 228 190 110 544 531 462 551 597 
466 719
227 719
734 719
74 719
751 466
229 751
364 227
400 751
57 364
27 74
661 364
387 734
127 364
392 734
437 400
580 387
654 387
377 400
258 27
240 387
446 27
25 661
394 25
502 127
766 437
575 446
166 377
236 240
273 437
682 502
463 377
130 236
764 166
632 394
420 25
208 463
793 420
590 502
282 258
767 764
311 767
453 311
373 590
235 208
302 590
120 235
739 302
581 453
94 739
167 739
230 581
84 120
153 167
79 153
685 453
641 79
35 84
541 581
42 739
135 302
289 641
475 739
138 84
660 581
540 581
271 660
749 94
269 739
389 135
411 138
180 269
45 289
225 79
691 269
559 411
318 559
507 749
487 180
768 559
362 269
191 269
687 487
797 559
189 362
9 180
306 660
275 225
34 189
70 687
535 797
375 275
460 559
458 318
532 34
715 70
224 9
349 275
103 797
606 535
663 458
776 103
658 9
292 349
659 532
296 659
588 659
548 715
20 349
603 776
196 20
631 776
60 20
90 631
187 349
178 588
33 631
1 20
183 603
242 659
671 242
343 1
633 671
139 60
634 292
185 634
523 1
134 242
194 634
307 523
40 307
263 40
479 40
108 523
629 40
740 108
278 523
533 263
646 533
471 108
43 646
334 108
416 43
675 263
550 416
145 416
239 416
613 145
121 43
542 121
63 416
133 533
732 613
29 732
536 133
272 732
4 334
360 121
410 133
287 4
611 410
288 410
359 4
142 360
245 611
345 287
228 345
190 228
110 345
544 359
531 345
462 531
551 544
597 551
122 451 118 327 203 618 265 670 331 499 771 268 30 406 757 758 14 222 714 209 412 500 743 6 610 247 51 44 583 665 470 439 93 50 381 574 87 673 314 161 604 627 473 277 741 37 505 198 213 667 186 718 64 774 281 379 358 595 107 215 344 784 624 233 528 769 781 469 538 647 88 252 765 109 77 24 702 402 221 36 655 777 301 480 623 366 374 697 148 417 270 254 324 656 441 59 522 321 637 492 488 585 72 432 657 48 638 567 99 335 450 188 676 696 164 666 298 798 509 259 692 677 779 782 476 761 630 206 262 119 683 260 571 790 700 650 587 539 459 513 640 615 202 617 490 276 711 199 175 261 563 468 286 428 5 75 132 689 332 26 223 525 644 442 620 395 645 662 330 112 514 482 123 255 504 116 371 600 226 582 80 264 503 748 294 642 241 422 737 237 299 173 423 501 709 508 605 626 794 684 708 348 168 465 85 66 56 81 792 729 710 649 100 477 698 705 172 171 430 413 449 435 775 549 612 61 688 69 146 326 778 608 396 41 643 193 408 141 770 97 83 787 266 785 62 701 795 419 154 96 17 274 566 143 690 454 65 217 403 46 639 668 744 16 376 746 31 337 733 712 95 554 124 0 32 163 553 407 448 596 693 177 341 382 207 409 98 556 414 695 136 788 8 545 370 721 182 569 527 753 104 218 699 436 772 573 253 315 565 365 369 599 317 201 747 750 493 210 151 102 150 713 39 293 496 195 78 197 783 704 635 181 137 680 529 727 720 516 789 248 231 290 570 558 159 555 152 418 754 92 184 204 2 316 796 128 169 91 309 361 730 614 773 636 723 511 386 672 384 421 23 214 219 157 716 285 346 363 192 707 725 577 742 160 300 114 279 481 378 47 55 393 76 440 619 537 561 356 19 82 745 497 351 328 398 3 54 170 652 464 249 425 383 456 621 147 353 648 131 68 251 706 426 372 405 674 669 357 589 401 495 786 329 731 350 10 799 106 584 11 524 404 431 250 724 86 564 489 755 246 433 526 506 760 791 310 686 368 342 111 415 12 560 380 15 336 557 457 73 347 586 515 681 518 461 534 578 22 478 622 498 354 305 367 616 452 653 521 543 572 429 49 562 295 200 601 144 738 510 179 339 592 594 474 447 455 232 756 388 485 211 126 53 174 607 115 220 105 520 598 391 427 291 216 530 728 283 759 726 243 238 18 313 444 28 679 434 284 517 303 355 162 628 234 762 424 576 385 352 244 257 7 319 483 445 593 256 101 52 149 117 129 323 340 38 320 125 512 579 71 205 308 694 89 494 546 21 140 67 752 158 591 156 165 486 703 651 113 678 722 664 333 304 176 609 325 280 717 780 519 155 297 322 552 399 212 267 338 58 467 736 443 625 763 547 13 312 397 735 568 602 438 390 491 484 472 
122 451
118 122
327 118
203 327
618 327
265 122
670 618
331 618
499 327
771 265
268 499
30 203
406 670
757 771
758 203
14 771
222 758
714 406
209 758
412 714
500 327
743 209
6 14
610 14
247 6
51 714
44 412
583 247
665 714
470 222
439 583
93 743
50 93
381 50
574 665
87 574
673 439
314 93
161 673
604 50
627 439
473 50
277 470
741 93
37 673
505 87
198 741
213 574
667 741
186 51
718 186
64 186
774 583
281 583
379 37
358 627
595 667
107 213
215 595
344 718
784 473
624 718
233 379
528 64
769 595
781 107
469 741
538 379
647 213
88 233
252 528
765 252
109 765
77 213
24 469
702 784
402 528
221 781
36 24
655 469
777 221
301 77
480 765
623 221
366 765
374 252
697 769
148 769
417 769
270 36
254 358
324 233
656 784
441 538
59 441
522 769
321 777
637 59
492 301
488 702
585 324
72 24
432 480
657 417
48 585
638 488
567 488
99 657
335 637
450 99
188 72
676 585
696 254
164 270
666 99
298 637
798 666
509 301
259 702
692 509
677 254
779 72
782 270
476 585
761 99
630 72
206 779
262 798
119 206
683 476
260 72
571 476
790 206
700 509
650 790
587 72
539 259
459 450
513 683
640 650
615 539
202 335
617 761
490 696
276 450
711 615
199 571
175 615
261 276
563 571
468 711
286 563
428 476
5 298
75 640
132 262
689 202
332 700
26 689
223 450
525 640
644 459
442 276
620 779
395 164
645 395
662 640
330 99
112 298
514 539
482 442
123 662
255 442
504 644
116 132
371 620
600 116
226 116
582 255
80 582
264 395
503 5
748 662
294 689
642 748
241 116
422 241
737 371
237 371
299 503
173 237
423 123
501 689
709 237
508 241
605 26
626 748
794 748
684 709
708 116
348 395
168 626
465 539
85 237
66 582
56 626
81 294
792 237
729 508
710 255
649 173
100 626
477 81
698 255
705 168
172 168
171 395
430 348
413 649
449 465
435 649
775 708
549 56
612 241
61 792
688 241
69 709
146 294
326 299
778 168
608 605
396 435
41 146
643 608
193 775
408 737
141 100
770 435
97 146
83 396
787 778
266 146
785 193
62 710
701 649
795 41
419 508
154 408
96 612
17 96
274 701
566 266
143 408
690 143
454 81
65 154
217 348
403 41
46 795
639 193
668 65
744 608
16 154
376 141
746 549
31 746
337 46
733 376
712 96
95 337
554 97
124 143
0 795
32 376
163 32
553 266
407 668
448 97
596 96
693 62
177 693
341 407
382 143
207 143
409 337
98 83
556 376
414 207
695 414
136 556
788 693
8 744
545 46
370 596
721 744
182 668
569 337
527 370
753 0
104 8
218 569
699 746
436 554
772 788
573 448
253 569
315 721
565 772
365 315
369 370
599 565
317 409
201 573
747 699
750 556
493 695
210 699
151 747
102 527
150 370
713 493
39 569
293 750
496 772
195 39
78 414
197 772
783 210
704 750
635 78
181 713
137 783
680 181
529 317
727 182
720 713
516 181
789 750
248 529
231 529
290 102
570 704
558 516
159 231
555 201
152 704
418 210
754 496
92 573
184 231
204 152
2 680
316 789
796 2
128 39
169 2
91 750
309 796
361 92
730 496
614 730
773 39
636 773
723 614
511 204
386 197
672 169
384 231
421 231
23 614
214 92
219 23
157 23
716 23
285 558
346 384
363 253
192 157
707 2
725 210
577 152
742 672
160 92
300 160
114 219
279 23
481 672
378 421
47 672
55 742
393 128
76 577
440 55
619 346
537 214
561 378
356 558
19 707
82 346
745 440
497 796
351 137
328 481
398 561
3 346
54 76
170 440
652 152
464 316
249 652
425 378
383 170
456 279
621 356
147 249
353 184
648 170
131 147
68 23
251 464
706 147
426 3
372 378
405 383
674 383
669 147
357 674
589 147
401 621
495 147
786 537
329 621
731 401
350 372
10 464
799 674
106 426
584 3
11 652
524 68
404 147
431 3
250 524
724 464
86 357
564 584
489 431
755 405
246 755
433 250
526 584
506 584
760 497
791 760
310 755
686 589
368 404
342 786
111 731
415 724
12 577
560 706
380 401
15 310
336 342
557 669
457 495
73 114
347 431
586 464
515 457
681 564
518 674
461 372
534 524
578 506
22 461
478 147
622 336
498 760
354 11
305 404
367 461
616 760
452 724
653 648
521 11
543 12
572 372
429 15
49 586
562 380
295 457
200 49
601 669
144 246
738 616
510 674
179 524
339 457
592 669
594 498
474 179
447 674
455 562
232 521
756 562
388 586
485 756
211 179
126 455
53 310
174 592
607 498
115 498
220 756
105 115
520 354
598 562
391 452
427 368
291 534
216 391
530 105
728 520
283 105
759 220
726 216
243 530
238 53
18 105
313 220
444 543
28 105
679 174
434 174
284 679
517 238
303 447
355 305
162 355
628 220
234 28
762 303
424 216
576 200
385 598
352 391
244 352
257 238
7 244
319 518
483 319
445 53
593 483
256 628
101 7
52 126
149 726
117 434
129 179
323 628
340 391
38 174
320 211
125 101
512 7
579 7
71 726
205 126
308 483
694 483
89 162
494 38
546 89
21 320
140 546
67 149
752 256
158 67
591 149
156 517
165 117
486 517
703 752
651 486
113 220
678 703
722 591
664 546
333 67
304 165
176 591
609 21
325 89
280 486
717 304
780 140
519 651
155 205
297 165
322 155
552 546
399 651
212 155
267 297
338 752
58 21
467 58
736 155
443 267
625 609
763 155
547 467
13 155
312 338
397 722
735 678
568 486
602 280
438 338
390 304
491 176
484 664
472 579
