? 8 1 664 213 431 756 707 470 303 
? 7 23 495 609 455 491 705 479 
? 6 443 669 275 105 708 490 
? 6 93 261 703 667 400 343 
? 6 4 331 504 683 313 109 
? 6 411 798 751 432 488 36 
? 6 161 320 452 68 336 287 
? 6 414 540 451 724 289 516 
? 6 410 761 47 484 142 417 
? 6 245 674 352 638 506 334 
? 6 88 595 256 438 733 678 
? 5 8 693 509 441 372 
? 5 172 677 208 360 35 
? 5 720 765 139 263 107 
? 5 129 676 173 182 27 
? 5 503 568 630 319 448 
? 5 412 471 769 397 715 
? 5 507 747 590 662 134 
? 5 41 603 494 728 115 
? 5 205 691 361 314 9 
? 5 527 578 650 111 716 
? 5 722 735 779 564 713 
? 5 215 268 196 447 465 
? 5 262 473 726 39 738 
? 5 430 555 225 240 440 
? 4 55 446 615 183 
? 4 211 766 467 80 
? 4 34 257 345 358 
? 4 64 453 74 101 
? 4 86 759 684 169 
? 4 75 620 489 297 
? 4 740 741 502 391 
? 4 553 675 511 104 
? 4 633 670 44 492 
? 4 204 272 264 99 
? 4 40 69 718 701 
? 4 605 671 482 237 
? 4 401 646 542 406 
? 4 136 640 160 52 
? 4 601 787 575 637 
? 4 165 687 514 197 
? 4 243 581 330 370 
? 4 121 132 151 271 
? 4 295 354 66 600 
? 4 368 498 499 21 
? 4 220 373 536 635 
? 4 468 774 42 26 
? 4 131 218 29 388 
? 4 312 463 177 376 
? 4 235 528 185 559 
? 4 203 356 3 753 
? 4 437 477 768 246 
? 4 365 788 643 736 
? 4 103 141 190 618 
? 4 176 487 385 645 
? 4 91 723 267 54 
? 4 178 419 154 158 
? 4 634 665 45 348 
? 4 12 539 224 434 
? 4 128 776 545 623 
? 4 420 535 457 544 
? 4 560 786 292 519 
? 4 587 636 328 369 
? 4 13 130 355 326 
? 3 500 760 515 
? 3 233 341 298 
? 3 7 476 82 
? 3 299 785 558 
? 3 71 278 660 
? 3 14 424 513 
? 3 62 255 739 
? 3 282 359 795 
? 3 311 763 405 
? 3 534 700 113 
? 3 421 445 231 
? 3 120 329 731 
? 3 57 752 732 
? 3 60 402 648 
? 3 85 460 567 
? 3 521 746 216 
? 3 5 332 745 
? 3 399 450 719 
? 3 520 599 171 
? 3 293 682 193 
? 3 135 226 122 
? 3 546 639 137 
? 3 241 613 124 
? 3 474 551 202 
? 3 146 532 63 
? 3 284 621 294 
? 3 296 764 614 
? 3 144 283 307 
? 3 523 563 217 
? 3 338 767 49 
? 3 390 483 351 
? 3 70 247 344 
? 3 25 102 325 
? 3 43 125 87 
? 3 251 784 389 
? 3 72 392 380 
? 3 98 655 525 
? 3 94 308 382 
? 3 335 346 757 
? 3 744 749 681 
? 3 67 188 239 
!
799 
586 793 
586 793
67 188 239 
67 188
67 239
797 
796 
13 130 355 326 
130 355
13 355
13 326
38 61 
38 61
791 
587 636 328 369 
587 636
328 369
636 369
143 508 
143 508
569 773 
569 773
357 428 
357 428
744 749 681 
744 749
744 681
430 555 225 240 440 
555 225
225 240
430 555
240 440
207 679 
207 679
780 
770 
762 
335 346 757 
335 346
346 757
758 
94 308 382 
94 308
308 382
560 786 292 519 
786 292
560 292
292 519
327 496 
327 496
262 473 726 39 738 
473 726
262 726
726 39
726 738
755 
88 595 256 438 733 678 
88 438
88 256
88 595
438 733
595 678
754 
215 268 196 447 465 
268 447
215 196
215 268
268 465
750 
697 748 
697 748
743 
742 
737 
734 
730 
291 386 
291 386
98 655 525 
98 525
655 525
588 711 
588 711
554 574 
554 574
729 
725 
252 466 
252 466
710 
100 606 
100 606
413 771 
413 771
709 
704 
1 664 213 431 756 707 470 303 
756 303
664 213
1 664
756 707
213 470
1 756
664 431
260 690 
260 690
695 
187 702 
187 702
324 644 
324 644
694 
692 
420 535 457 544 
420 535
457 544
535 544
72 392 380 
72 392
392 380
106 626 
106 626
280 286 
280 286
353 435 
353 435
317 790 
317 790
689 
258 604 
258 604
673 
128 776 545 623 
128 776
776 545
776 623
672 
722 735 779 564 713 
735 713
722 735
722 564
722 779
279 717 
279 717
663 
147 592 
147 592
12 539 224 434 
12 539
539 224
12 434
81 395 
81 395
661 
659 
527 578 650 111 716 
527 111
527 578
650 111
111 716
251 784 389 
251 784
251 389
634 665 45 348 
634 665
634 348
45 348
658 
657 
178 419 154 158 
419 158
178 419
178 154
653 
91 723 267 54 
723 267
91 723
723 54
43 125 87 
43 125
125 87
651 
647 
25 102 325 
25 325
25 102
176 487 385 645 
176 487
487 645
176 385
641 
632 
103 141 190 618 
190 618
103 190
141 618
629 
70 247 344 
247 344
70 247
439 510 
439 510
628 
365 788 643 736 
365 788
365 643
788 736
627 
119 309 
119 309
624 
437 477 768 246 
437 768
437 477
768 246
622 
617 
390 483 351 
390 483
483 351
245 674 352 638 506 334 
245 674
674 638
352 506
245 352
245 334
616 
270 475 
270 475
203 356 3 753 
356 3
203 3
356 753
610 
607 
602 
338 767 49 
767 49
338 767
541 688 
541 688
598 
523 563 217 
563 217
523 217
144 283 307 
144 307
283 307
591 
589 
625 652 
625 652
15 384 
15 384
585 
296 764 614 
296 614
764 614
582 
580 
698 781 
698 781
235 528 185 559 
528 185
235 528
235 559
410 761 47 484 142 417 
761 142
410 47
410 761
410 417
761 484
579 
572 
566 
547 
543 
538 
530 
526 
284 621 294 
621 294
284 621
347 407 
347 407
312 463 177 376 
312 463
312 376
312 177
146 532 63 
532 63
146 63
362 649 
362 649
517 
501 
205 691 361 314 9 
205 361
205 691
691 314
691 9
159 481 
159 481
131 218 29 388 
131 218
218 29
218 388
497 
474 551 202 
474 551
474 202
241 613 124 
241 613
613 124
546 639 137 
546 639
546 137
221 265 
221 265
17 18 
17 18
222 422 
222 422
108 565 
108 565
480 
212 375 
212 375
478 
135 226 122 
135 226
135 122
469 
462 
456 
84 404 
84 404
454 
112 427 
112 427
444 
423 458 
423 458
304 381 
304 381
393 459 
393 459
398 642 
398 642
442 
249 789 
249 789
433 
164 238 
164 238
429 
418 
58 772 
58 772
415 
409 
468 774 42 26 
468 42
468 774
42 26
349 416 
349 416
83 114 
83 114
220 373 536 635 
220 536
373 635
536 635
403 
368 498 499 21 
368 21
368 498
499 21
394 
50 236 
50 236
387 
383 
379 
414 540 451 724 289 516 
414 540
540 724
540 289
451 516
414 516
295 354 66 600 
66 600
295 354
354 600
378 
121 132 151 271 
121 151
151 271
121 132
371 
556 596 
556 596
367 
41 603 494 728 115 
41 115
41 603
494 115
494 728
507 747 590 662 134 
507 662
507 134
507 590
747 662
293 682 193 
293 193
682 193
366 
363 
199 552 
199 552
342 
138 377 
138 377
232 266 
232 266
631 727 
631 727
243 581 330 370 
243 581
581 370
330 370
412 471 769 397 715 
412 715
471 397
397 715
412 769
340 
522 597 
522 597
165 687 514 197 
165 687
165 197
165 514
339 
337 
333 
323 
601 787 575 637 
601 575
601 637
787 637
322 
321 
161 320 452 68 336 287 
68 336
161 320
320 336
452 287
161 452
186 486 
186 486
318 
162 396 
162 396
315 
310 
305 
302 
290 
288 
520 599 171 
599 171
520 171
285 
281 
276 
274 
399 450 719 
399 719
450 719
505 561 
505 561
301 548 
301 548
5 332 745 
5 332
332 745
145 706 
145 706
306 472 
306 472
273 
503 568 630 319 448 
568 630
503 630
568 319
503 448
577 686 
577 686
512 619 
512 619
269 
426 533 
426 533
521 746 216 
521 216
746 216
277 654 
277 654
259 
573 593 
573 593
30 782 
30 782
254 
136 640 160 52 
136 640
136 160
160 52
229 594 
229 594
163 485 
163 485
85 460 567 
460 567
85 460
253 
230 583 
230 583
250 
248 
244 
60 402 648 
60 402
60 648
401 646 542 406 
401 646
542 406
401 542
242 
73 666 
73 666
198 584 
198 584
57 752 732 
752 732
57 752
228 
120 329 731 
120 731
329 731
223 
214 
210 
605 671 482 237 
605 671
605 482
482 237
209 
571 775 
571 775
206 
40 69 718 701 
69 718
40 701
40 69
23 495 609 455 491 705 479 
23 495
491 705
495 705
495 479
23 609
455 479
374 778 
374 778
201 
200 
195 
192 
449 721 
449 721
191 
204 272 264 99 
204 272
272 264
272 99
316 685 
316 685
189 
184 
181 
92 493 
92 493
129 676 173 182 27 
129 173
129 676
676 27
129 182
720 765 139 263 107 
720 765
720 263
765 139
139 107
179 
531 783 
531 783
421 445 231 
421 231
445 231
175 
534 700 113 
534 700
534 113
89 777 
89 777
461 562 
461 562
633 670 44 492 
670 492
633 492
670 44
174 
170 
537 656 
537 656
411 798 751 432 488 36 
411 798
798 36
411 432
751 432
488 36
311 763 405 
311 763
763 405
4 331 504 683 313 109 
331 109
504 313
331 683
4 683
504 109
194 529 
194 529
167 
549 557 
549 557
282 359 795 
359 795
282 359
11 576 
11 576
166 
157 
172 677 208 360 35 
208 35
172 677
677 208
172 360
126 696 
126 696
153 
152 
234 680 
234 680
150 
149 
148 
140 
8 693 509 441 372 
8 509
8 693
509 372
693 441
133 
62 255 739 
62 739
62 255
14 424 513 
14 424
424 513
71 278 660 
71 660
278 660
127 
123 
350 712 
350 712
464 794 
464 794
118 
117 
93 261 703 667 400 343 
93 261
703 667
261 703
261 400
93 343
553 675 511 104 
553 675
553 511
675 104
299 785 558 
299 785
299 558
48 219 
48 219
51 425 
51 425
116 
7 476 82 
476 82
7 82
110 
300 524 
300 524
740 741 502 391 
741 391
740 502
740 741
97 
96 
155 570 
155 570
95 
233 341 298 
233 298
341 298
90 
75 620 489 297 
75 620
489 297
620 489
168 180 
168 180
79 
86 759 684 169 
759 169
684 169
86 759
78 
443 669 275 105 708 490 
443 275
275 105
443 669
669 490
443 708
550 699 
550 699
500 760 515 
500 760
760 515
77 
611 668 
611 668
608 792 
608 792
227 436 
227 436
65 
59 
64 453 74 101 
64 453
453 101
74 101
56 
46 
37 
156 364 
156 364
34 257 345 358 
34 257
34 345
257 358
211 766 467 80 
211 766
467 80
211 80
33 
20 408 
20 408
76 518 
76 518
53 714 
53 714
19 612 
19 612
32 
31 
28 
24 
22 
55 446 615 183 
55 446
55 615
446 183
16 
10 
6 
2 
0 
