!
0 
1 2 
1 2
3 4 5 
3 4
4 5
6 
7 
8 9 10 11 
8 9
9 10
10 11
12 13 
12 13
14 
15 16 17 18 
15 16
16 17
17 18
19 20 
19 20
21 22 
21 22
23 24 
23 24
25 26 27 
25 26
26 27
28 29 30 31 32 
28 29
29 30
30 31
31 32
33 34 
33 34
35 
36 
37 
38 39 40 
38 39
39 40
41 
42 43 44 
42 43
43 44
45 46 47 48 
45 46
46 47
47 48
49 50 
49 50
51 52 53 54 55 
51 52
52 53
53 54
54 55
56 
57 58 59 60 61 62 
57 58
58 59
59 60
60 61
61 62
63 
64 65 66 67 68 
64 65
65 66
66 67
67 68
69 
70 71 
70 71
72 
73 
74 
75 
76 
77 78 
77 78
79 80 81 
79 80
80 81
82 83 
82 83
84 85 
84 85
86 
87 
88 89 
88 89
90 
91 92 
91 92
93 94 
93 94
95 
96 
97 98 99 100 101 102 103 104 
97 98
98 99
99 100
100 101
101 102
102 103
103 104
105 106 
105 106
107 
108 109 
108 109
110 111 
110 111
112 
113 
114 115 116 117 
114 115
115 116
116 117
118 119 120 
118 119
119 120
121 122 
121 122
123 124 
123 124
125 126 
125 126
127 128 
127 128
129 
130 131 
130 131
132 
133 134 135 136 
133 134
134 135
135 136
137 
138 139 140 141 142 
138 139
139 140
140 141
141 142
143 144 
143 144
145 
146 147 
146 147
148 149 150 151 
148 149
149 150
150 151
152 153 
152 153
154 
155 
156 157 158 159 160 
156 157
157 158
158 159
159 160
161 162 163 
161 162
162 163
164 165 166 167 
164 165
165 166
166 167
168 
169 
170 171 172 173 
170 171
171 172
172 173
174 
175 176 177 178 
175 176
176 177
177 178
179 180 181 
179 180
180 181
182 
183 
184 185 186 
184 185
185 186
187 188 189 190 
187 188
188 189
189 190
191 
192 
193 194 195 196 
193 194
194 195
195 196
197 
198 199 200 
198 199
199 200
201 202 
201 202
203 
204 205 206 207 
204 205
205 206
206 207
208 
209 210 
209 210
211 
212 213 214 215 
212 213
213 214
214 215
216 
217 
218 219 220 
218 219
219 220
221 222 223 224 225 226 
221 222
222 223
223 224
224 225
225 226
227 
228 229 
228 229
230 231 232 233 
230 231
231 232
232 233
234 
235 
236 
237 238 239 
237 238
238 239
240 241 
240 241
242 
243 244 245 
243 244
244 245
246 247 248 
246 247
247 248
249 
250 
251 252 
251 252
253 254 
253 254
255 
256 257 258 
256 257
257 258
259 
260 
261 262 
261 262
263 264 265 266 
263 264
264 265
265 266
267 268 269 270 271 272 
267 268
268 269
269 270
270 271
271 272
273 
274 
275 
276 
277 
278 
279 
280 
281 282 283 
281 282
282 283
284 285 
284 285
286 287 288 289 
286 287
287 288
288 289
290 291 292 
290 291
291 292
293 294 
293 294
295 
296 
297 298 299 300 301 
297 298
298 299
299 300
300 301
302 303 
302 303
304 305 306 307 
304 305
305 306
306 307
308 
309 310 311 
309 310
310 311
312 313 314 
312 313
313 314
315 316 317 
315 316
316 317
318 319 
318 319
320 321 
320 321
322 323 
322 323
324 325 
324 325
326 
327 328 
327 328
329 
330 331 332 
330 331
331 332
333 
334 
335 
336 337 
336 337
338 
339 340 
339 340
341 
342 343 
342 343
344 345 
344 345
346 347 
346 347
348 349 
348 349
350 
351 352 
351 352
353 
354 355 
354 355
356 
357 
358 359 
358 359
360 
361 
362 363 364 365 
362 363
363 364
364 365
366 367 
366 367
368 369 
368 369
370 371 372 373 
370 371
371 372
372 373
374 
375 376 377 378 
375 376
376 377
377 378
379 
380 381 
380 381
382 
383 
384 
385 386 387 388 389 390 
385 386
386 387
387 388
388 389
389 390
391 392 393 394 
391 392
392 393
393 394
395 
396 397 398 399 
396 397
397 398
398 399
400 
401 402 
401 402
403 
404 405 406 407 408 
404 405
405 406
406 407
407 408
409 410 411 412 413 
409 410
410 411
411 412
412 413
414 415 416 
414 415
415 416
417 
418 
419 420 
419 420
421 
422 423 
422 423
424 425 
424 425
426 427 
426 427
428 429 430 431 
428 429
429 430
430 431
432 433 434 435 436 
432 433
433 434
434 435
435 436
437 
438 439 
438 439
440 441 442 443 
440 441
441 442
442 443
444 
445 
446 
447 
448 449 450 451 
448 449
449 450
450 451
452 
453 
454 455 456 457 458 459 
454 455
455 456
456 457
457 458
458 459
460 461 
460 461
462 
463 464 
463 464
465 
466 
467 
468 
469 
470 
471 472 473 
471 472
472 473
474 
475 
476 
477 
478 479 480 
478 479
479 480
481 482 
481 482
483 484 
483 484
485 486 487 
485 486
486 487
488 489 
488 489
490 491 
490 491
492 
493 494 495 496 497 
493 494
494 495
495 496
496 497
498 499 
498 499
500 501 
500 501
502 
503 504 
503 504
505 506 507 
505 506
506 507
508 509 
508 509
510 
511 512 
511 512
513 514 
513 514
515 
516 517 518 519 
516 517
517 518
518 519
520 521 
520 521
522 523 
522 523
524 525 526 
524 525
525 526
527 
528 529 
528 529
530 
531 
532 
533 534 535 
533 534
534 535
536 537 538 539 
536 537
537 538
538 539
540 
541 542 
541 542
543 544 
543 544
545 546 547 
545 546
546 547
548 
549 550 551 
549 550
550 551
552 
553 
554 
555 556 557 558 
555 556
556 557
557 558
559 
560 561 
560 561
562 
563 564 565 566 
563 564
564 565
565 566
567 568 569 570 571 572 573 
567 568
568 569
569 570
570 571
571 572
572 573
574 575 
574 575
576 
577 
578 
579 
580 581 
580 581
582 
583 584 585 586 
583 584
584 585
585 586
587 588 
587 588
589 
590 
591 
592 593 
592 593
594 595 596 597 598 
594 595
595 596
596 597
597 598
599 600 601 602 603 
599 600
600 601
601 602
602 603
604 
605 606 
605 606
607 608 609 
607 608
608 609
610 
611 612 613 
611 612
612 613
614 615 
614 615
616 617 
616 617
618 619 620 621 
618 619
619 620
620 621
622 
623 
624 625 
624 625
626 627 628 629 630 631 
626 627
627 628
628 629
629 630
630 631
632 633 634 
632 633
633 634
635 636 637 638 639 640 
635 636
636 637
637 638
638 639
639 640
641 642 
641 642
643 
644 645 
644 645
646 647 648 
646 647
647 648
649 650 
649 650
651 
652 
653 654 655 656 657 
653 654
654 655
655 656
656 657
658 659 
658 659
660 
661 
662 663 
662 663
664 
665 
666 
667 
668 669 670 671 672 
668 669
669 670
670 671
671 672
673 
674 675 676 
674 675
675 676
677 678 679 
677 678
678 679
680 681 682 
680 681
681 682
683 
684 
685 686 
685 686
687 688 
687 688
689 
690 
691 692 693 694 695 696 
691 692
692 693
693 694
694 695
695 696
697 698 699 700 
697 698
698 699
699 700
701 702 703 
701 702
702 703
704 705 
704 705
706 707 
706 707
708 
709 710 711 
709 710
710 711
712 
713 714 
713 714
715 716 717 718 
715 716
716 717
717 718
719 
720 
721 722 
721 722
723 
724 725 726 
724 725
725 726
727 
728 729 730 731 
728 729
729 730
730 731
732 733 
732 733
734 
735 736 737 738 
735 736
736 737
737 738
739 
740 741 742 743 744 745 
740 741
741 742
742 743
743 744
744 745
746 747 
746 747
748 749 750 
748 749
749 750
751 
752 753 
752 753
754 755 
754 755
756 757 
756 757
758 
759 
760 761 762 763 
760 761
761 762
762 763
764 
765 
766 
767 768 
767 768
769 770 771 772 
769 770
770 771
771 772
773 774 775 776 
773 774
774 775
775 776
777 
778 779 
778 779
780 781 
780 781
782 783 
782 783
784 785 
784 785
786 
787 
788 
789 
790 
791 792 793 794 
791 792
792 793
793 794
795 
796 
797 
798 
799 
