? 8 23 495 491 609 705 455 146 126 
? 7 172 677 208 35 360 746 310 
? 6 1 664 213 303 373 756 
? 6 275 443 669 105 708 445 
? 6 93 261 703 667 173 343 
? 6 245 674 352 334 396 366 
? 6 411 798 751 432 488 36 
? 6 414 540 451 724 221 289 
? 6 479 519 714 560 771 250 
? 6 161 320 336 452 68 192 
? 6 243 581 330 760 500 370 
? 5 720 765 139 107 263 
? 5 88 595 256 438 733 
? 5 129 676 635 27 792 
? 5 8 693 509 308 94 
? 5 34 345 257 358 177 
? 5 590 747 483 507 662 
? 5 178 419 482 237 605 
? 5 380 683 390 109 4 
? 5 211 766 467 764 80 
? 5 331 504 313 622 436 
? 5 503 568 630 691 319 
? 5 410 761 47 142 227 
? 5 401 542 646 406 84 
? 5 196 215 268 447 341 
? 4 262 473 726 191 
? 4 546 639 137 162 
? 4 99 272 264 204 
? 4 295 354 72 600 
? 4 13 130 355 323 
? 4 86 759 169 684 
? 4 527 578 650 111 
? 4 553 675 700 125 
? 4 136 640 160 194 
? 4 121 151 132 601 
? 4 220 536 431 587 
? 4 740 741 391 502 
? 4 41 603 115 494 
? 4 311 763 212 14 
? 4 75 620 216 489 
? 4 402 648 60 468 
? 4 420 535 472 544 
? 4 365 788 687 165 
? 4 64 453 74 95 
? 4 205 361 314 43 
? 4 131 218 112 29 
? 4 69 701 40 718 
? 4 103 618 141 190 
? 4 633 670 492 44 
? 4 397 715 412 471 
? 4 48 795 359 282 
? 4 368 498 21 241 
? 4 722 735 779 623 
? 4 203 356 3 663 
? 4 25 185 235 550 
? 4 55 446 183 615 
? 4 634 665 200 45 
? 4 91 267 723 54 
? 4 104 164 274 30 
? 4 437 477 768 417 
? 4 240 555 430 344 
? 4 42 774 7 26 
? 4 12 539 224 434 
? 4 408 678 486 73 
? 3 513 593 424 
? 3 399 450 719 
? 3 247 732 752 
? 3 332 745 252 
? 3 197 514 226 
? 3 225 575 465 
? 3 85 460 567 
? 3 71 660 278 
? 3 280 490 163 
? 3 400 621 294 
? 3 231 421 325 
? 3 300 524 510 
? 3 234 680 584 
? 3 62 255 363 
? 3 561 682 293 
? 3 171 520 599 
? 3 51 425 796 
? 3 39 738 187 
? 3 284 327 523 
? 3 202 474 551 
? 3 176 487 385 
? 3 328 369 249 
? 3 11 576 625 
? 3 251 645 389 
? 3 155 570 521 
? 3 637 787 271 
? 3 67 188 239 
? 3 120 731 562 
? 3 338 767 49 
? 3 769 776 545 
? 3 217 563 37 
? 3 157 449 77 
? 3 518 558 76 
? 3 144 283 464 
? 3 233 298 556 
? 3 441 613 372 
? 3 106 374 626 
? 3 335 448 135 
? 3 775 794 307 
? 3 5 466 681 
? 3 154 611 668 
!
799 
266 461 
266 461
154 611 668 
154 611
611 668
797 
791 
408 678 486 73 
678 73
408 73
678 486
564 631 
564 631
790 
12 539 224 434 
12 539
539 224
12 434
312 596 
312 596
199 258 
199 258
386 548 
386 548
5 466 681 
5 681
5 466
196 215 268 447 341 
268 447
196 215
215 268
196 341
119 381 
119 381
783 
782 
781 
775 794 307 
775 307
775 794
780 
335 448 135 
448 135
335 448
42 774 7 26 
42 26
42 7
42 774
90 182 
90 182
401 542 646 406 84 
401 646
542 406
401 542
646 84
778 
243 581 330 760 500 370 
243 500
581 500
581 370
330 370
581 760
773 
410 761 47 142 227 
761 142
410 47
410 761
410 227
770 
133 405 
133 405
762 
758 
755 
750 
749 
134 168 
134 168
106 374 626 
374 626
106 626
624 636 
624 636
10 70 
10 70
748 
743 
265 698 
265 698
742 
152 506 
152 506
123 304 
123 304
737 
736 
23 495 491 609 705 455 146 126 
23 495
491 126
491 705
23 126
609 146
609 126
455 146
175 201 
175 201
734 
122 689 
122 689
427 793 
427 793
730 
729 
240 555 430 344 
555 430
240 555
240 344
441 613 372 
613 372
441 613
333 554 
333 554
375 707 
375 707
50 505 
50 505
244 415 
244 415
727 
189 287 
189 287
725 
437 477 768 417 
437 768
477 417
437 477
721 
503 568 630 691 319 
568 630
503 630
568 319
503 691
511 534 
511 534
702 
81 395 
81 395
104 164 274 30 
104 164
104 274
164 30
279 717 
279 717
697 
695 
331 504 313 622 436 
504 313
504 622
331 504
331 436
233 298 556 
233 298
298 556
91 267 723 54 
267 723
91 723
723 54
694 
685 
634 665 200 45 
634 665
634 200
634 45
679 
55 446 183 615 
55 446
55 615
446 183
144 283 464 
283 464
144 283
673 
672 
518 558 76 
558 76
518 76
25 185 235 550 
25 550
185 550
235 550
661 
659 
203 356 3 663 
356 3
203 3
203 663
658 
157 449 77 
157 449
449 77
0 384 
0 384
657 
722 735 779 623 
722 735
722 623
722 779
653 
273 739 
273 739
651 
368 498 21 241 
368 21
368 498
498 241
649 
647 
217 563 37 
217 563
563 37
161 320 336 452 68 192 
336 68
161 320
320 336
161 452
161 192
644 
377 569 
377 569
48 795 359 282 
795 359
48 795
359 282
642 
641 
638 
769 776 545 
769 776
776 545
207 602 
207 602
632 
338 767 49 
767 49
338 767
120 731 562 
120 731
120 562
629 
619 
353 435 
353 435
128 206 
128 206
617 
67 188 239 
67 188
67 239
616 
610 
170 666 
170 666
397 715 412 471 
715 412
397 471
397 715
479 519 714 560 771 250 
479 519
479 714
519 560
560 250
479 771
606 
598 
597 
591 
589 
588 
585 
583 
637 787 271 
787 271
637 787
56 627 
56 627
633 670 492 44 
670 492
633 492
670 44
155 570 521 
155 521
155 570
186 403 
186 403
582 
579 
211 766 467 764 80 
211 764
211 766
764 80
467 80
89 326 
89 326
103 618 141 190 
618 190
103 190
618 141
577 
251 645 389 
645 389
251 389
11 576 625 
11 576
11 625
328 369 249 
369 249
328 369
58 643 
58 643
537 709 
537 709
219 398 
219 398
259 711 
259 711
574 
382 484 
382 484
573 
176 487 385 
176 487
176 385
572 
565 
549 
198 367 
198 367
547 
515 699 
515 699
541 
242 324 
242 324
20 253 
20 253
422 454 
422 454
17 418 
17 418
538 
393 407 
393 407
533 
149 166 
149 166
530 
529 
83 114 
83 114
517 
508 
69 701 40 718 
69 718
701 40
69 40
248 772 
248 772
61 228 
61 228
131 218 112 29 
131 218
218 112
218 29
501 
205 361 314 43 
205 361
205 314
361 43
497 
329 604 
329 604
485 
480 
478 
414 540 451 724 221 289 
414 540
540 724
540 289
221 289
414 451
64 453 74 95 
64 453
64 95
453 74
469 
365 788 687 165 
687 165
365 687
365 788
462 
309 704 
309 704
459 
380 683 390 109 4 
683 4
683 390
683 109
380 4
178 419 482 237 605 
482 605
178 482
482 237
178 419
202 474 551 
474 551
202 474
457 
456 
306 628 
306 628
444 
351 571 
351 571
57 543 
57 543
528 559 
528 559
420 535 472 544 
420 535
535 472
472 544
590 747 483 507 662 
590 483
507 662
590 507
747 483
442 
348 526 
348 526
402 648 60 468 
648 468
402 60
648 60
440 
439 
433 
429 
75 620 216 489 
75 620
75 216
620 489
428 
426 
411 798 751 432 488 36 
411 798
798 36
411 432
751 432
488 36
92 493 
92 493
423 
499 692 
499 692
416 
413 
409 
394 
383 
379 
284 327 523 
284 523
284 327
378 
362 
357 
349 
39 738 187 
39 187
738 187
580 686 
580 686
404 713 
404 713
51 425 796 
51 425
425 796
101 754 
101 754
594 784 
594 784
347 
34 345 257 358 177 
34 257
34 177
34 345
358 177
181 387 
181 387
317 706 
317 706
342 
270 516 
270 516
171 520 599 
171 599
171 520
512 607 
512 607
340 
232 552 
232 552
260 652 
260 652
339 
311 763 212 14 
311 763
763 14
311 212
147 337 
147 337
108 522 
108 522
561 682 293 
561 682
682 293
322 
388 586 
388 586
318 
316 
315 
62 255 363 
255 363
62 255
41 603 115 494 
41 115
41 603
115 494
305 
98 525 
98 525
496 592 
496 592
234 680 584 
234 680
234 584
302 
300 524 510 
524 510
300 524
301 
291 
290 
740 741 391 502 
741 391
740 502
740 741
288 
346 757 
346 757
286 
220 536 431 587 
220 536
536 431
431 587
172 677 208 35 360 746 310 
208 35
360 746
172 677
677 208
172 360
746 310
557 671 
557 671
285 
281 
269 
254 
656 744 
656 744
246 
121 151 132 601 
121 151
121 132
121 601
66 392 
66 392
238 
229 
223 
470 710 
470 710
8 693 509 308 94 
8 509
308 94
8 693
693 308
129 676 635 27 792 
129 676
635 792
676 27
27 792
222 
52 371 
52 371
231 421 325 
231 421
231 325
214 
400 621 294 
621 294
400 294
159 481 
159 481
321 531 
321 531
136 640 160 194 
136 640
136 160
640 194
210 
209 
116 180 
116 180
245 674 352 334 396 366 
245 674
334 366
352 396
245 352
245 334
280 490 163 
280 490
490 163
93 261 703 667 173 343 
93 261
703 667
667 173
261 703
173 343
193 230 
193 230
195 
292 786 
292 786
71 660 278 
71 660
660 278
100 458 
100 458
184 
179 
88 595 256 438 733 
88 438
88 256
88 595
438 733
350 712 
350 712
174 
167 
236 566 
236 566
158 
153 
150 
148 
720 765 139 107 263 
720 765
720 263
765 139
139 107
145 
85 460 567 
460 567
85 460
225 575 465 
225 575
225 465
197 514 226 
514 226
197 514
143 
140 
38 728 
38 728
63 688 
63 688
138 
127 
275 443 669 105 708 445 
275 443
275 105
443 669
443 708
669 445
553 675 700 125 
553 675
553 125
553 700
332 745 252 
332 745
332 252
277 654 
277 654
33 463 
33 463
124 
247 732 752 
247 732
732 752
118 
608 789 
608 789
527 578 650 111 
527 111
527 578
650 111
117 
113 
753 777 
753 777
110 
399 450 719 
399 719
450 719
102 
86 759 169 684 
759 169
169 684
86 759
19 612 
19 612
97 
13 130 355 323 
130 355
13 355
13 323
96 
1 664 213 303 373 756 
303 756
664 213
1 664
1 756
213 373
82 476 
82 476
513 593 424 
513 593
593 424
87 
690 716 
690 716
156 364 
156 364
299 785 
299 785
79 
78 
295 354 72 600 
72 600
295 354
354 600
65 
59 
53 
296 614 
296 614
99 272 264 204 
272 204
272 264
99 272
546 639 137 162 
546 639
546 137
137 162
46 
276 475 
276 475
15 297 
15 297
532 696 
532 696
376 655 
376 655
32 
31 
28 
24 
22 
262 473 726 191 
473 726
262 726
726 191
18 
16 
9 
6 
2 
