? 8 414 540 451 724 289 221 698 516 
? 7 411 798 432 488 522 751 36 
? 6 275 443 669 105 708 244 
? 6 23 495 491 609 705 146 
? 6 93 261 703 667 343 173 
? 6 720 765 139 263 107 691 
? 6 1 664 213 431 303 373 
? 6 479 519 714 786 126 560 
? 6 245 674 352 366 334 466 
? 6 161 320 452 336 68 552 
? 6 410 761 142 477 47 417 
? 5 172 677 208 35 746 
? 5 412 471 397 769 715 
? 5 8 693 509 308 441 
? 5 262 473 726 39 191 
? 5 264 272 99 204 638 
? 5 129 676 733 792 27 
? 5 215 268 196 447 465 
? 5 503 630 568 135 319 
? 5 88 595 256 438 678 
? 5 590 747 483 180 507 
? 5 243 581 500 330 699 
? 5 546 639 537 162 648 
? 5 80 492 764 633 467 
? 5 527 578 779 650 111 
? 4 44 670 696 455 
? 4 233 341 151 298 
? 4 241 613 768 372 
? 4 365 788 687 165 
? 4 420 535 472 544 
? 4 34 257 345 358 
? 4 40 69 718 203 
? 4 178 482 605 237 
? 4 42 468 774 7 
? 4 331 504 313 4 
? 4 295 354 100 600 
? 4 205 361 314 9 
? 4 86 759 684 700 
? 4 401 542 646 406 
? 4 121 132 637 601 
? 4 48 795 141 359 
? 4 220 536 763 608 
? 4 400 621 284 294 
? 4 91 723 267 54 
? 4 136 640 160 52 
? 4 553 675 104 113 
? 4 13 130 355 785 
? 4 64 453 74 101 
? 4 41 603 115 494 
? 4 368 498 21 475 
? 4 380 683 390 662 
? 4 109 436 259 622 
? 4 460 567 85 18 
? 4 103 618 278 190 
? 4 430 555 240 225 
? 4 3 356 422 517 
? 4 722 735 564 727 
? 4 211 766 194 157 
? 4 75 620 216 489 
? 4 446 615 55 539 
? 4 707 756 470 587 
? 4 740 741 502 391 
? 4 14 513 593 424 
? 4 171 476 599 46 
? 3 131 218 29 
? 3 202 474 392 
? 3 280 490 653 
? 3 137 744 681 
? 3 144 464 283 
? 3 634 665 200 
? 3 399 450 602 
? 3 176 487 385 
? 3 25 185 528 
? 3 230 682 293 
? 3 234 680 721 
? 3 57 732 70 
? 3 332 745 5 
? 3 98 376 655 
? 3 236 566 793 
? 3 60 402 671 
? 3 81 760 370 
? 3 197 514 226 
? 3 92 660 71 
? 3 389 645 362 
? 3 706 752 317 
? 3 300 524 510 
? 3 217 563 523 
? 3 328 369 212 
? 3 207 445 421 
? 3 255 739 62 
? 3 73 408 666 
? 3 84 713 690 
? 3 575 787 755 
? 3 156 364 159 
? 3 67 188 239 
? 3 297 521 155 
? 3 499 692 12 
? 3 51 425 796 
? 3 11 576 625 
? 3 168 571 351 
? 3 545 776 128 
? 3 254 556 271 
? 3 112 187 388 
? 3 338 767 49 
? 3 63 532 296 
!
797 
734 748 
734 748
63 532 296 
63 532
63 296
794 
790 
171 476 599 46 
171 599
171 46
476 46
339 549 
339 549
781 
14 513 593 424 
513 593
14 424
593 424
572 783 
572 783
116 409 
116 409
96 395 
96 395
338 767 49 
767 49
338 767
527 578 779 650 111 
527 111
527 578
779 111
779 650
342 617 
342 617
780 
773 
770 
112 187 388 
112 187
187 388
762 
254 556 271 
556 271
254 271
740 741 502 391 
741 391
740 502
740 741
133 573 
133 573
80 492 764 633 467 
492 633
80 764
80 467
80 492
754 
410 761 142 477 47 417 
761 142
410 47
410 761
477 47
477 417
750 
546 639 537 162 648 
546 639
162 648
546 537
537 162
743 
347 449 
347 449
742 
737 
731 
729 
717 
493 589 
493 589
545 776 128 
776 128
545 776
26 520 
26 520
32 672 
32 672
716 
710 
152 758 
152 758
697 
508 644 
508 644
145 711 
145 711
695 
694 
414 540 451 724 289 221 698 516 
414 540
540 724
540 289
451 516
414 516
289 698
221 698
10 229 
10 229
689 
102 286 
102 286
169 209 
169 209
688 
685 
707 756 470 587 
707 756
470 587
756 587
168 571 351 
571 351
168 571
2 784 
2 784
260 631 
260 631
299 326 
299 326
249 306 
249 306
679 
371 736 
371 736
673 
446 615 55 539 
446 55
615 55
55 539
663 
243 581 500 330 699 
243 500
581 500
581 330
500 699
353 704 
353 704
661 
181 658 
181 658
75 620 216 489 
75 620
75 216
620 489
95 626 
95 626
659 
657 
590 747 483 180 507 
590 483
590 507
747 483
747 180
11 576 625 
11 576
11 625
211 766 194 157 
766 157
194 157
211 766
656 
651 
722 735 564 727 
722 735
722 564
735 727
649 
3 356 422 517 
3 356
3 422
422 517
51 425 796 
51 425
425 796
647 
642 
499 692 12 
499 12
692 12
430 555 240 225 
555 225
240 225
430 555
641 
636 
103 618 278 190 
618 190
103 190
103 278
629 
297 521 155 
521 155
297 155
333 597 
333 597
628 
460 567 85 18 
460 567
460 85
460 18
627 
423 458 
423 458
619 
109 436 259 622 
436 259
109 622
109 436
607 
606 
67 188 239 
67 188
67 239
161 320 452 336 68 552 
336 68
161 320
452 552
320 336
161 452
592 
416 652 
416 652
380 683 390 662 
390 662
683 390
380 683
591 
586 
585 
156 364 159 
156 364
156 159
134 551 
134 551
584 
575 787 755 
575 787
787 755
84 713 690 
84 713
713 690
582 
579 
478 533 
478 533
170 291 
170 291
577 
73 408 666 
73 408
408 666
574 
569 
124 456 
124 456
368 498 21 475 
368 475
368 21
368 498
245 674 352 366 334 466 
245 674
366 334
352 466
245 352
245 334
554 
548 
547 
543 
538 
530 
529 
526 
255 739 62 
739 62
255 62
462 791 
462 791
41 603 115 494 
41 115
41 603
115 494
207 445 421 
207 445
207 421
344 440 
344 440
525 
512 
88 595 256 438 678 
88 438
88 256
88 595
595 678
186 486 
186 486
64 453 74 101 
64 453
453 101
74 101
505 
328 369 212 
369 212
328 369
217 563 523 
217 563
217 523
300 524 510 
524 510
300 524
379 501 
379 501
616 719 
616 719
307 775 
307 775
147 580 
147 580
497 
53 179 
53 179
485 
706 752 317 
706 752
706 317
484 
469 
454 
175 480 
175 480
444 
346 757 
346 757
442 
623 686 
623 686
138 324 
138 324
550 730 
550 730
282 398 
282 398
437 
58 439 
58 439
433 
140 404 
140 404
429 
428 
143 610 
143 610
427 
426 
13 130 355 785 
130 355
13 355
13 785
252 396 
252 396
164 273 
164 273
553 675 104 113 
553 675
553 113
675 104
418 
136 640 160 52 
136 640
136 160
160 52
415 
386 481 
386 481
413 
407 
403 
479 519 714 786 126 560 
479 519
479 714
786 560
519 786
519 126
91 723 267 54 
723 267
91 723
723 54
394 
400 621 284 294 
621 294
621 284
400 294
381 
231 515 
231 515
378 
503 630 568 135 319 
630 568
503 630
568 319
630 135
215 268 196 447 465 
268 447
215 196
215 268
268 465
389 645 362 
389 645
389 362
375 
363 
108 565 
108 565
357 
232 435 
232 435
90 182 
90 182
323 558 
323 558
220 536 763 608 
220 536
220 608
763 608
129 676 733 792 27 
129 676
676 27
792 27
129 733
348 
43 125 
43 125
48 795 141 359 
795 359
48 795
141 359
340 
329 
327 
322 
121 132 637 601 
121 637
121 132
121 601
318 
316 
1 664 213 431 303 373 
664 213
431 373
1 664
213 373
1 303
0 384 
0 384
315 
321 583 
321 583
310 
305 
302 
301 
290 
288 
92 660 71 
660 71
92 71
287 
285 
281 
279 
197 514 226 
514 226
197 514
374 778 
374 778
127 570 
127 570
81 760 370 
81 760
760 370
405 789 
405 789
309 562 
309 562
276 
264 272 99 204 638 
272 204
264 272
272 99
204 638
235 598 
235 598
377 434 
377 434
274 
360 771 
360 771
60 402 671 
60 671
60 402
393 459 
393 459
270 
247 702 
247 702
337 496 
337 496
269 
401 542 646 406 
401 646
542 406
401 542
349 799 
349 799
118 612 
118 612
236 566 793 
236 566
236 793
265 
367 632 
367 632
258 
253 
248 
98 376 655 
98 376
98 655
86 759 684 700 
759 684
86 759
86 700
246 
311 624 
311 624
250 292 
250 292
332 745 5 
332 5
332 745
242 
57 732 70 
732 70
57 70
238 
228 
227 
205 361 314 9 
205 361
205 314
314 9
224 
251 594 
251 594
223 
295 354 100 600 
295 100
354 100
354 600
411 798 432 488 522 751 36 
522 36
411 798
798 522
411 432
432 751
488 36
531 725 
531 725
222 
219 
214 
206 
709 749 
709 749
201 
331 504 313 4 
504 313
331 504
331 4
76 518 
76 518
199 
198 
195 
304 588 
304 588
262 473 726 39 191 
473 726
262 726
726 39
726 191
8 693 509 308 441 
8 509
8 693
308 441
693 308
192 
193 561 
193 561
234 680 721 
234 680
680 721
189 
230 682 293 
682 293
230 293
120 604 
120 604
106 419 
106 419
42 468 774 7 
42 468
468 774
42 7
184 
183 
557 559 
557 559
720 765 139 263 107 691 
720 765
720 263
765 139
263 691
139 107
25 185 528 
185 528
25 528
93 261 703 667 343 173 
93 261
703 667
667 173
261 703
343 173
383 635 
383 635
174 
82 506 
82 506
176 487 385 
176 487
176 385
210 701 
210 701
167 
166 
412 471 397 769 715 
412 715
471 397
397 715
412 769
266 461 
266 461
163 
158 
177 596 
177 596
154 
153 
150 
149 
172 677 208 35 746 
208 35
172 677
677 208
172 746
148 
399 450 602 
399 450
399 602
634 665 200 
634 665
634 200
144 464 283 
464 283
144 283
123 
122 
541 614 
541 614
387 728 
387 728
119 
117 
23 495 491 609 705 146 
23 495
491 705
495 705
609 146
23 146
178 482 605 237 
482 605
178 482
482 237
137 744 681 
137 681
744 681
50 738 
50 738
335 448 
335 448
114 
280 490 653 
280 490
490 653
110 
277 654 
277 654
40 69 718 203 
69 718
69 203
40 69
97 
87 
19 753 
19 753
83 
202 474 392 
474 392
202 392
79 
34 257 345 358 
34 257
34 345
257 358
643 772 
643 772
78 
420 535 472 544 
420 535
535 472
472 544
77 
275 443 669 105 708 244 
275 443
275 105
105 244
443 669
708 244
312 463 
312 463
131 218 29 
131 218
218 29
65 
325 457 
325 457
611 668 
611 668
66 72 
66 72
61 
59 
365 788 687 165 
687 165
365 687
365 788
56 
45 
38 
350 712 
350 712
241 613 768 372 
241 372
241 613
241 768
233 341 151 298 
233 298
151 298
341 151
37 
511 534 
511 534
30 782 
30 782
94 382 
94 382
89 777 
89 777
33 
31 
28 
24 
22 
44 670 696 455 
44 670
44 696
696 455
20 
17 
16 
15 
6 
