? 8 275 443 669 105 708 421 163 450 
? 7 23 495 705 146 491 479 609 
? 6 121 132 637 151 601 341 
? 6 1 664 213 373 756 303 
? 6 93 261 667 343 703 400 
? 6 411 798 432 488 751 36 
? 6 414 540 451 289 221 724 
? 6 245 674 334 352 466 366 
? 6 64 453 74 626 101 154 
? 6 161 320 336 452 68 192 
? 6 172 677 208 360 35 114 
? 5 503 630 568 319 689 
? 5 483 590 747 168 662 
? 5 173 676 129 27 635 
? 5 205 691 314 361 139 
? 5 410 761 47 142 504 
? 5 8 693 308 441 509 
? 5 34 345 257 556 358 
? 5 48 795 190 359 103 
? 5 88 595 256 438 733 
? 5 80 764 467 211 614 
? 5 86 759 169 684 113 
? 5 40 69 718 701 203 
? 5 3 356 753 222 422 
? 5 720 765 263 107 9 
? 4 165 687 514 788 
? 4 262 473 726 427 
? 4 75 620 297 489 
? 4 397 715 412 206 
? 4 42 468 774 82 
? 4 527 578 650 140 
? 4 243 581 500 370 
? 4 553 675 511 700 
? 4 215 268 196 447 
? 4 722 735 779 564 
? 4 420 535 472 212 
? 4 368 498 21 692 
? 4 380 683 507 4 
? 4 55 615 446 12 
? 4 136 160 640 52 
? 4 241 613 499 372 
? 4 240 430 555 225 
? 4 264 272 99 204 
? 4 176 487 385 362 
? 4 401 542 646 406 
? 4 295 354 600 72 
? 4 492 670 633 44 
? 4 482 605 419 237 
? 4 220 536 792 593 
? 4 41 603 494 61 
? 4 207 231 445 699 
? 4 227 417 331 436 
? 4 85 460 567 454 
? 4 332 745 162 5 
? 4 216 746 521 384 
? 4 437 477 148 773 
? 4 43 125 534 87 
? 4 523 580 563 217 
? 4 267 723 91 54 
? 4 25 185 325 528 
? 4 740 741 391 502 
? 4 408 678 73 188 
? 4 402 648 60 546 
? 4 280 490 286 244 
? 3 560 786 519 
? 3 104 164 782 
? 3 197 226 135 
? 3 311 763 587 
? 3 247 732 752 
? 3 431 707 383 
? 3 131 218 29 
? 3 202 392 474 
? 3 71 660 92 
? 3 13 130 355 
? 3 26 476 171 
? 3 769 776 623 
? 3 134 390 180 
? 3 251 645 784 
? 3 144 571 464 
? 3 14 513 424 
? 3 63 541 455 
? 3 137 744 681 
? 3 537 639 749 
? 3 634 665 348 
? 3 11 576 283 
? 3 520 599 46 
? 3 141 618 772 
? 3 233 298 271 
? 3 425 796 51 
? 3 293 682 561 
? 3 194 766 157 
? 3 294 621 284 
? 3 19 118 612 
? 3 53 714 126 
? 3 312 463 33 
? 3 115 728 791 
? 3 313 622 109 
? 3 120 731 57 
? 3 376 655 98 
? 3 399 719 602 
? 3 255 739 346 
? 3 350 712 673 
? 3 39 738 112 
? 3 515 760 554 
? 3 128 545 727 
!
799 
22 418 
22 418
128 545 727 
545 727
128 727
797 
790 
280 490 286 244 
280 490
490 286
490 244
458 606 
458 606
783 
402 648 60 546 
402 60
648 60
402 546
70 543 
70 543
307 794 
307 794
210 517 
210 517
515 760 554 
760 554
515 760
720 765 263 107 9 
720 765
720 263
720 9
765 107
434 616 
434 616
781 
778 
770 
39 738 112 
738 112
39 112
762 
350 712 673 
350 673
350 712
408 678 73 188 
678 73
408 73
408 188
329 604 
329 604
3 356 753 222 422 
3 356
3 422
753 222
3 222
754 
172 677 208 360 35 114 
208 35
172 677
677 208
360 114
172 360
750 
40 69 718 701 203 
69 718
69 203
40 701
40 69
748 
198 459 
198 459
737 
736 
730 
725 
711 
116 484 
116 484
255 739 346 
255 346
255 739
456 698 
456 698
296 688 
296 688
704 
695 
248 439 
248 439
694 
250 292 
250 292
433 671 
433 671
690 
686 
275 443 669 105 708 421 163 450 
275 443
275 105
443 669
105 163
669 421
443 708
163 450
349 717 
349 717
679 
143 644 
143 644
309 423 
309 423
672 
661 
740 741 391 502 
741 391
740 502
740 741
399 719 602 
399 719
399 602
200 526 
200 526
184 475 
184 475
20 301 
20 301
428 657 
428 657
659 
152 252 
152 252
653 
25 185 325 528 
185 528
25 528
185 325
651 
86 759 169 684 113 
759 169
169 684
86 759
86 113
254 755 
254 755
649 
228 462 
228 462
267 723 91 54 
267 723
723 91
723 54
56 697 
56 697
647 
642 
80 764 467 211 614 
764 211
211 614
80 764
80 467
376 655 98 
376 98
655 98
523 580 563 217 
563 217
523 217
523 580
641 
638 
43 125 534 87 
43 125
125 87
125 534
636 
437 477 148 773 
477 773
437 477
437 148
120 731 57 
120 57
731 57
632 
631 
313 622 109 
622 109
313 109
216 746 521 384 
216 521
216 746
521 384
629 
628 
332 745 162 5 
745 162
332 5
332 745
627 
115 728 791 
115 728
728 791
209 709 
209 709
624 
85 460 567 454 
460 567
85 460
567 454
619 
508 594 
508 594
617 
227 417 331 436 
227 436
227 417
227 331
610 
607 
312 463 33 
463 33
312 463
161 320 336 452 68 192 
336 68
161 320
320 336
161 452
161 192
598 
106 685 
106 685
207 231 445 699 
207 445
207 231
445 699
597 
591 
589 
53 714 126 
53 714
53 126
84 713 
84 713
588 
19 118 612 
19 612
19 118
294 621 284 
294 621
621 284
586 
585 
260 416 
260 416
259 381 
259 381
582 
194 766 157 
766 157
194 157
579 
577 
186 486 
186 486
41 603 494 61 
41 61
41 603
494 61
64 453 74 626 101 154 
64 453
453 626
453 101
74 154
74 101
574 
572 
569 
565 
547 
544 
538 
529 
293 682 561 
682 561
293 682
405 789 
405 789
220 536 792 593 
220 536
536 792
220 593
425 796 51 
425 51
425 796
371 742 
371 742
525 
516 
88 595 256 438 733 
88 438
88 256
88 595
438 733
17 734 
17 734
482 605 419 237 
482 605
482 237
419 237
512 
233 298 271 
233 298
298 271
141 618 772 
141 772
618 772
520 599 46 
599 46
520 46
277 552 
277 552
28 324 
28 324
532 696 
532 696
253 666 
253 666
506 
270 276 
270 276
501 
11 576 283 
11 576
576 283
497 
493 
485 
181 658 
181 658
478 
496 592 
496 592
470 
321 583 
321 583
449 721 
449 721
317 706 
317 706
191 505 
191 505
469 
100 266 
100 266
448 
377 389 
377 389
444 
442 
278 398 
278 398
426 
415 
492 670 633 44 
492 670
492 633
670 44
187 702 
187 702
413 771 
413 771
295 354 600 72 
600 72
295 354
354 600
409 
401 542 646 406 
401 646
542 406
401 542
404 
7 758 
7 758
403 
394 
387 
245 674 334 352 466 366 
245 674
334 366
352 466
245 352
245 334
176 487 385 362 
176 487
176 385
487 362
386 
264 272 99 204 
272 204
264 272
272 99
379 
177 596 
177 596
378 
48 795 190 359 103 
795 359
190 103
48 795
190 359
34 345 257 556 358 
34 257
34 345
257 358
34 556
634 665 348 
634 665
634 348
375 
367 
396 429 
396 429
363 
327 337 
327 337
518 558 
518 558
481 548 
481 548
240 430 555 225 
555 225
240 225
430 555
8 693 308 441 509 
8 509
8 693
308 441
693 308
357 
232 435 
232 435
241 613 499 372 
613 499
241 372
241 613
347 
342 
340 
339 
136 160 640 52 
136 640
136 160
160 52
333 
326 
414 540 451 289 221 724 
414 540
540 724
540 289
289 221
414 451
530 656 
530 656
322 
236 793 
236 793
318 
316 
315 
310 
306 
305 
537 639 749 
537 639
537 749
304 
302 
300 
291 
137 744 681 
137 681
744 681
81 729 
81 729
111 716 
111 716
63 541 455 
63 541
63 455
335 757 
335 757
214 550 
214 550
290 
410 761 47 142 504 
761 142
410 47
410 761
410 504
351 775 
351 775
90 710 
90 710
288 
235 557 
235 557
14 513 424 
14 424
513 424
584 663 
584 663
287 
393 407 
393 407
89 777 
89 777
285 
55 615 446 12 
55 446
55 615
55 12
344 440 
344 440
62 238 
62 238
144 571 464 
144 571
144 464
282 
50 388 
50 388
281 
279 
274 
251 645 784 
251 784
645 784
380 683 507 4 
507 4
683 507
380 4
273 
510 524 
510 524
365 643 
365 643
134 390 180 
134 390
390 180
269 
769 776 623 
769 776
769 623
265 
258 
249 
368 498 21 692 
368 692
368 21
498 692
246 
328 369 
328 369
242 
420 535 472 212 
420 212
420 535
535 472
23 495 705 146 491 479 609 
23 495
705 491
495 705
146 609
495 479
23 146
768 780 
768 780
229 
223 
201 
199 
66 551 
66 551
195 
722 735 779 564 
722 735
722 564
722 779
37 471 
37 471
189 
182 
179 
573 608 
573 608
205 691 314 361 139 
205 361
205 691
691 314
314 139
173 676 129 27 635 
173 129
173 676
676 27
27 635
175 
94 382 
94 382
26 476 171 
26 171
26 476
174 
13 130 355 
130 355
13 355
330 743 
330 743
178 374 
178 374
215 268 196 447 
268 447
215 196
215 268
170 
167 
58 219 
58 219
411 798 432 488 751 36 
411 798
798 36
411 432
432 751
488 36
71 660 92 
71 660
71 92
93 261 667 343 703 400 
93 261
667 703
261 703
261 400
93 343
353 654 
353 654
166 
575 787 
575 787
202 392 474 
392 474
202 392
457 533 
457 533
159 
158 
483 590 747 168 662 
483 590
483 747
747 662
747 168
156 364 
156 364
153 
150 
299 785 
299 785
149 
147 
145 
138 
503 630 568 319 689 
630 568
630 689
503 630
568 319
133 
131 218 29 
131 218
218 29
431 707 383 
431 383
431 707
247 732 752 
247 732
732 752
127 
124 
465 480 
465 480
193 566 
193 566
123 
122 
1 664 213 373 756 303 
756 303
664 213
1 664
1 756
213 373
553 675 511 700 
553 675
553 511
511 700
311 763 587 
311 763
311 587
625 652 
625 652
0 15 
0 15
119 
197 226 135 
197 135
226 135
117 
461 562 
461 562
243 581 500 370 
243 500
581 500
581 370
110 
108 
155 570 
155 570
102 
104 164 782 
104 164
164 782
97 
527 578 650 140 
527 578
527 650
578 140
76 323 
76 323
96 
42 468 774 82 
42 468
42 82
468 774
95 
121 132 637 151 601 341 
121 151
121 637
121 132
151 341
121 601
183 767 
183 767
560 786 519 
560 786
786 519
83 
67 239 
67 239
234 680 
234 680
395 522 
395 522
79 
78 
397 715 412 206 
715 412
397 715
715 206
77 
65 
59 
224 539 
224 539
75 620 297 489 
75 620
297 489
620 489
262 473 726 427 
726 427
473 726
262 726
45 
549 559 
549 559
230 531 
230 531
49 338 
49 338
611 668 
611 668
38 
32 
31 
30 
24 
165 687 514 788 
165 687
165 514
687 788
18 
16 
10 
6 
2 
