!
173 323 307 614 639 55 169 626 628 43 128 611 488 296 238 367 657 565 759 624 12 257 301 758 57 540 160 127 72 201 700 65 94 777 90 749 601 161 696 223 682 618 260 651 646 446 50 622 756 489 294 546 545 610 376 102 341 277 342 293 206 352 619 436 788 731 455 385 598 617 599 49 14 569 332 773 283 608 748 432 89 3 291 229 189 706 115 403 113 69 423 793 530 170 136 520 19 330 218 533 544 80 358 664 56 542 159 88 555 785 683 137 744 394 196 399 621 659 272 468 95 687 558 797 233 5 148 561 413 252 306 230 351 131 526 111 370 368 133 647 1 256 329 478 726 240 766 661 669 100 742 737 274 637 183 231 125 492 210 220 4 282 271 449 591 395 226 491 739 437 498 380 640 171 537 377 435 139 322 762 799 140 512 357 310 466 484 529 723 384 772 258 158 192 689 35 675 250 574 712 142 521 582 587 388 174 235 680 23 302 782 776 79 132 663 392 202 775 343 577 243 0 654 28 563 427 
173 323
307 173
614 323
639 173
55 639
169 173
626 614
628 55
43 55
128 626
611 614
488 628
296 128
238 43
367 626
657 611
565 657
759 367
624 238
12 628
257 624
301 657
758 12
57 488
540 657
160 301
127 296
72 628
201 624
700 57
65 201
94 700
777 72
90 127
749 777
601 749
161 540
696 161
223 90
682 601
618 749
260 696
651 759
646 618
446 646
50 260
622 446
756 446
489 50
294 223
546 260
545 651
610 651
376 622
102 546
341 489
277 446
342 341
293 294
206 277
352 622
619 545
436 342
788 619
731 489
455 376
385 455
598 385
617 610
599 731
49 617
14 731
569 619
332 436
773 293
283 773
608 455
748 569
432 617
89 332
3 14
291 89
229 89
189 14
706 89
115 189
403 598
113 706
69 773
423 69
793 403
530 423
170 793
136 432
520 3
19 229
330 69
218 170
533 19
544 330
80 748
358 520
664 218
56 80
542 423
159 520
88 664
555 533
785 520
683 555
137 555
744 137
394 683
196 137
399 555
621 159
659 785
272 621
468 744
95 659
687 196
558 544
797 95
233 394
5 797
148 272
561 558
413 558
252 272
306 687
230 561
351 233
131 351
526 306
111 399
370 306
368 88
133 148
647 561
1 111
256 230
329 306
478 413
726 306
240 95
766 111
661 131
669 351
100 766
742 1
737 726
274 669
637 1
183 726
231 647
125 231
492 742
210 726
220 637
4 220
282 256
271 661
449 274
591 231
395 449
226 271
491 210
739 449
437 220
498 226
380 282
640 380
171 640
537 226
377 742
435 240
139 640
322 640
762 171
799 591
140 368
512 437
357 799
310 799
466 380
484 762
529 466
723 484
384 529
772 512
258 723
158 384
192 772
689 357
35 192
675 529
250 675
574 384
712 529
142 250
521 689
582 384
587 258
388 140
174 521
235 587
680 689
23 675
302 142
782 302
776 680
79 174
132 587
663 23
392 776
202 574
775 174
343 23
577 23
243 302
0 243
654 680
28 343
563 663
427 235
112 263 33 695 732 752 26 337 438 635 141 456 175 104 340 795 417 46 672 311 406 753 292 314 244 710 694 593 224 543 727 305 126 594 264 317 457 331 768 407 534 249 200 73 374 348 780 486 203 354 215 487 172 743 736 386 390 25 276 24 420 245 459 91 325 754 353 117 518 717 254 248 746 120 600 462 34 698 396 625 755 398 632 333 604 393 156 308 32 7 350 289 573 473 198 241 191 74 722 620 430 190 691 186 513 135 181 725 13 67 22 765 391 119 320 584 531 493 688 110 373 168 602 124 467 566 631 209 387 285 63 288 421 318 234 222 349 648 609 667 212 106 53 87 751 60 670 355 188 649 509 372 143 267 300 180 673 247 720 653 326 232 536 697 567 21 404 738 568 176 6 792 495 75 150 61 361 728 588 375 153 517 64 345 147 383 453 70 475 213 321 711 149 410 464 505 627 541 96 225 193 155 734 409 718 458 416 8 269 693 434 30 286 686 786 724 309 114 443 199 791 262 82 633 297 779 471 481 239 83 109 583 146 747 704 461 287 59 356 789 261 721 496 784 400 278 44 701 715 514 615 554 790 645 692 636 572 101 265 27 76 31 707 760 20 494 560 284 154 414 548 81 650 607 17 709 270 660 745 280 503 781 519 116 38 195 419 730 684 182 559 510 590 281 603 642 299 51 185 219 525 10 93 335 379 629 163 714 678 242 623 122 454 397 228 129 366 783 47 798 424 562 42 207 556 108 575 500 402 472 656 37 359 334 184 346 764 273 448 205 528 757 157 527 227 616 418 208 666 613 378 236 144 327 105 550 581 538 204 381 470 761 429 662 716 482 237 369 729 66 401 452 336 214 763 771 11 750 328 480 539 411 634 164 338 447 547 497 16 221 705 442 92 166 549 506 444 451 690 36 677 39 585 515 535 439 504 740 485 441 490 211 365 733 165 511 178 595 312 253 187 708 433 460 255 382 570 774 551 48 580 9 52 107 15 177 279 268 339 167 138 507 592 463 315 523 557 344 796 
112 263
33 263
695 263
732 112
752 732
26 695
337 695
438 695
635 732
141 337
456 33
175 33
104 141
340 752
795 340
417 340
46 795
672 438
311 46
406 26
753 337
292 417
314 46
244 292
710 753
694 46
593 710
224 710
543 694
727 244
305 593
126 672
594 593
264 406
317 456
457 594
331 694
768 292
407 317
534 457
249 407
200 331
73 200
374 331
348 534
780 126
486 348
203 249
354 203
215 780
487 768
172 374
743 73
736 73
386 354
390 486
25 215
276 390
24 487
420 534
245 736
459 390
91 487
325 374
754 25
353 25
117 754
518 353
717 245
254 743
248 386
746 386
120 325
600 254
462 600
34 248
698 248
396 245
625 600
755 248
398 698
632 420
333 518
604 632
393 353
156 604
308 117
32 333
7 625
350 755
289 308
573 276
473 308
198 34
241 698
191 396
74 573
722 120
620 396
430 350
190 620
691 32
186 241
513 350
135 74
181 722
725 181
13 156
67 186
22 513
765 725
391 74
119 22
320 191
584 620
531 156
493 190
688 691
110 573
373 584
168 320
602 181
124 110
467 168
566 289
631 584
209 110
387 602
285 531
63 631
288 602
421 373
318 467
234 566
222 288
349 391
648 285
609 13
667 318
212 566
106 119
53 212
87 209
751 609
60 285
670 168
355 387
188 355
649 751
509 222
372 355
143 649
267 87
300 267
180 212
673 234
247 143
720 670
653 673
326 673
232 667
536 509
697 188
567 720
21 63
404 349
738 180
568 493
176 247
6 751
792 267
495 326
75 60
150 6
61 792
361 150
728 61
588 648
375 60
153 495
517 421
64 180
345 404
147 495
383 106
453 568
70 568
475 383
213 383
321 372
711 361
149 64
410 728
464 383
505 375
627 536
541 213
96 541
225 792
193 738
155 404
734 627
409 505
718 410
458 225
416 155
8 475
269 458
693 627
434 734
30 147
286 734
686 269
786 232
724 711
309 193
114 30
443 724
199 114
791 786
262 96
82 724
633 458
297 505
779 297
471 149
481 724
239 791
83 686
109 786
583 309
146 453
747 633
704 416
461 704
287 262
59 109
356 583
789 747
261 718
721 146
496 297
784 114
400 287
278 721
44 409
701 44
715 701
514 59
615 59
554 461
790 400
645 416
692 471
636 59
572 721
101 791
265 715
27 645
76 583
31 261
707 27
760 701
20 789
494 779
560 461
284 101
154 461
414 20
548 554
81 154
650 583
607 790
17 650
709 17
270 707
660 548
745 83
280 650
503 31
781 287
519 44
116 745
38 784
195 284
419 414
730 101
684 503
182 684
559 27
510 414
590 707
281 195
603 781
642 76
299 572
51 510
185 494
219 51
525 559
10 650
93 603
335 760
379 510
629 379
163 636
714 660
678 51
242 519
623 116
122 81
454 242
397 603
228 38
129 623
366 163
783 397
47 122
798 454
424 714
562 335
42 47
207 629
556 366
108 684
575 10
500 366
402 562
472 228
656 556
37 379
359 281
334 730
184 335
346 129
764 334
273 47
448 281
205 575
528 334
757 242
157 472
527 656
227 575
616 397
418 402
208 205
666 757
613 227
378 273
236 528
144 184
327 402
105 378
550 108
581 273
538 334
204 666
381 538
470 616
761 105
429 448
662 157
716 418
482 662
237 144
369 757
729 227
66 369
401 761
452 616
336 346
214 448
763 613
771 66
11 729
750 208
328 429
480 336
539 381
411 750
634 144
164 336
338 237
447 761
547 381
497 550
16 716
221 662
705 750
442 214
92 66
166 750
549 164
506 442
444 705
451 764
690 705
36 452
677 452
39 447
585 328
515 451
535 447
439 497
504 581
740 504
485 447
441 221
490 515
211 16
365 504
733 444
165 740
511 36
178 439
595 482
312 504
253 733
187 365
708 511
433 485
460 178
255 11
382 164
570 382
774 490
551 255
48 570
580 774
9 36
52 211
107 551
15 442
177 107
279 253
268 338
339 460
167 165
138 268
507 339
592 595
463 92
315 485
523 507
557 535
344 339
796 253
347 703 162 469 217 685 476 130 134 597 524 778 479 522 84 553 290 45 41 681 431 62 415 445 194 719 425 389 151 658 630 405 216 360 671 769 638 98 702 78 363 502 450 408 655 676 501 483 40 18 477 77 428 71 118 364 179 426 668 713 362 29 121 295 316 787 85 576 303 86 641 552 516 643 275 123 579 145 508 699 586 605 68 298 606 465 2 99 532 103 197 741 324 313 571 319 652 770 679 665 735 674 422 474 58 259 767 54 440 152 266 371 499 564 644 794 304 246 612 251 578 596 97 589 412 
347 703
162 347
469 162
217 162
685 162
476 347
130 217
134 703
597 685
524 134
778 130
479 134
522 524
84 522
553 476
290 553
45 597
41 479
681 778
431 45
62 681
415 778
445 62
194 41
719 415
425 719
389 194
151 719
658 425
630 194
405 719
216 45
360 658
671 431
769 405
638 216
98 425
702 638
78 151
363 671
502 702
450 389
408 405
655 363
676 363
501 78
483 676
40 408
18 450
477 408
77 655
428 501
71 477
118 98
364 18
179 483
426 364
668 118
713 118
362 483
29 428
121 29
295 71
316 40
787 502
85 668
576 118
303 428
86 179
641 29
552 655
516 362
643 118
275 29
123 18
579 303
145 71
508 123
699 579
586 508
605 86
68 145
298 643
606 699
465 552
2 85
99 605
532 99
103 643
197 99
741 606
324 579
313 741
571 532
319 605
652 532
770 571
679 313
665 586
735 665
674 516
422 735
474 652
58 770
259 674
767 422
54 770
440 54
152 440
266 259
371 2
499 371
564 259
644 564
794 324
304 770
246 474
612 371
251 644
578 304
596 246
97 612
589 97
412 97
