!
272 621 148 252 159 5 133 95 785 351 797 659 669 274 520 131 358 233 661 240 113 395 449 739 706 394 683 3 271 537 19 435 89 189 115 100 229 599 226 498 332 766 555 731 744 399 291 533 14 111 436 137 468 1 341 342 220 102 637 489 4 196 50 437 492 546 432 742 617 260 136 49 377 512 687 737 651 726 161 610 696 210 772 370 759 306 56 748 183 367 526 788 491 540 611 569 545 329 35 619 192 657 80 626 614 301 128 647 160 357 561 283 231 591 307 296 125 323 173 565 174 230 799 169 256 521 330 310 544 773 775 69 558 127 293 689 530 758 523 223 423 282 507 294 12 639 79 344 339 90 55 158 628 542 680 380 238 413 43 624 257 488 654 776 72 384 466 201 529 574 582 777 392 57 640 139 65 601 749 700 322 735 171 712 94 52 422 682 762 618 202 675 767 484 250 23 756 646 446 622 343 123 723 28 142 665 426 258 577 376 663 364 450 277 138 18 586 563 206 508 302 630 352 587 782 268 
272 621
148 272
252 148
159 621
5 252
133 252
95 5
785 159
351 148
797 95
659 95
669 351
274 669
520 785
131 351
358 785
233 131
661 131
240 797
113 520
395 274
449 395
739 449
706 113
394 233
683 394
3 358
271 661
537 271
19 683
435 240
89 706
189 3
115 189
100 661
229 89
599 706
226 271
498 226
332 89
766 100
555 683
731 599
744 555
399 744
291 229
533 555
14 731
111 766
436 332
137 399
468 137
1 111
341 436
342 436
220 1
102 14
637 220
489 341
4 220
196 137
50 489
437 4
492 637
546 102
432 291
742 492
617 432
260 50
136 432
49 617
377 492
512 437
687 196
737 742
651 342
726 737
161 260
610 651
696 161
210 737
772 512
370 726
759 161
306 370
56 687
748 432
183 370
367 759
526 370
788 748
491 210
540 161
611 540
569 788
545 788
329 526
35 772
619 788
192 35
657 540
80 56
626 367
614 626
301 657
128 626
647 329
160 301
357 491
561 647
283 569
231 647
591 231
307 614
296 128
125 231
323 307
173 323
565 160
174 192
230 561
799 591
169 296
256 230
521 174
330 283
310 799
544 330
773 283
775 174
69 773
558 230
127 296
293 773
689 521
530 69
758 565
523 293
223 127
423 530
282 256
507 293
294 523
12 758
639 173
79 775
344 223
339 294
90 127
55 639
158 310
628 639
542 544
680 689
380 282
238 55
413 558
43 238
624 238
257 624
488 628
654 79
776 680
72 488
384 158
466 380
201 624
529 466
574 384
582 574
777 72
392 776
57 488
640 380
139 640
65 201
601 777
749 601
700 57
322 139
735 654
171 640
712 529
94 700
52 201
422 735
682 601
762 171
618 682
202 582
675 712
767 422
484 762
250 675
23 675
756 618
646 756
446 646
622 446
343 23
123 735
723 484
28 343
142 250
665 767
426 123
258 723
577 23
376 446
663 577
364 426
450 28
277 376
138 622
18 364
586 123
563 577
206 277
508 586
302 142
630 563
352 138
587 258
782 302
268 352
244 292 727 311 417 795 340 768 314 46 752 331 694 732 635 487 543 374 24 263 91 456 112 172 200 325 33 73 26 120 695 438 175 722 141 736 725 765 317 104 181 406 337 245 672 743 602 264 288 717 396 753 222 387 710 407 493 126 593 190 509 254 305 224 620 249 600 188 625 354 462 355 191 594 203 697 536 372 584 457 386 7 631 320 63 746 534 373 780 486 421 348 568 248 34 627 168 390 215 693 321 459 698 198 21 276 453 70 467 734 755 350 398 25 434 430 286 754 318 670 117 241 420 513 517 186 667 353 518 720 74 22 573 308 567 135 473 119 67 333 232 632 393 604 156 289 146 32 391 691 106 13 110 349 721 278 124 209 531 213 688 566 786 96 572 383 234 109 541 475 87 285 464 404 59 791 212 609 300 648 636 514 326 673 267 53 239 751 262 649 615 653 299 60 8 247 345 792 143 155 180 495 101 61 284 176 728 287 163 416 738 153 195 790 400 6 147 75 225 361 150 281 366 588 607 375 410 500 730 64 556 149 711 269 656 193 718 458 30 645 409 707 461 781 704 505 527 686 114 633 199 27 270 93 724 603 448 747 309 359 481 83 82 789 154 560 554 784 779 429 590 297 583 443 261 81 334 471 783 397 528 660 764 20 548 356 414 328 692 496 525 214 44 236 715 381 701 31 419 559 745 17 709 76 538 650 38 510 280 265 494 539 122 714 219 116 585 51 503 760 379 442 47 519 684 629 42 616 10 678 547 424 642 506 623 185 129 182 207 273 335 470 452 228 242 105 15 37 378 454 472 761 451 515 108 562 490 401 575 346 798 774 157 402 581 677 205 580 36 447 246 227 208 662 511 757 418 184 482 550 666 336 39 144 535 485 613 327 708 237 729 596 9 204 433 66 369 480 716 740 164 763 221 504 750 77 771 165 411 365 11 315 705 634 497 16 312 474 338 187 549 557 690 166 441 167 92 444 439 465 595 427 733 652 552 382 253 211 48 178 570 478 235 255 84 592 279 460 551 
244 292
727 244
311 292
417 292
795 311
340 417
768 244
314 311
46 314
752 340
331 314
694 331
732 752
635 732
487 768
543 694
374 331
24 487
263 732
91 24
456 543
112 263
172 374
200 543
325 172
33 456
73 200
26 263
120 325
695 26
438 695
175 33
722 120
141 175
736 73
725 722
765 725
317 456
104 141
181 722
406 26
337 438
245 736
672 438
743 245
602 181
264 406
288 602
717 245
396 717
753 337
222 288
387 602
710 753
407 317
493 120
126 672
593 710
190 493
509 222
254 743
305 593
224 710
620 396
249 407
600 254
188 387
625 600
354 249
462 600
355 188
191 396
594 305
203 249
697 355
536 509
372 697
584 620
457 594
386 354
7 625
631 584
320 584
63 631
746 462
534 457
373 320
780 126
486 407
421 373
348 486
568 372
248 386
34 248
627 536
168 320
390 486
215 780
693 627
321 568
459 390
698 248
198 746
21 63
276 390
453 568
70 453
467 168
734 321
755 698
350 34
398 755
25 215
434 734
430 198
286 734
754 25
318 467
670 168
117 754
241 755
420 534
513 241
517 421
186 241
667 318
353 25
518 353
720 670
74 459
22 513
573 74
308 117
567 670
135 74
473 308
119 22
67 119
333 518
232 667
632 420
393 518
604 632
156 632
289 117
146 21
32 333
391 135
691 32
106 119
13 156
110 573
349 391
721 146
278 721
124 110
209 110
531 13
213 667
688 393
566 289
786 232
96 213
572 278
383 213
234 566
109 786
541 213
475 383
87 209
285 531
464 383
404 349
59 109
791 786
212 566
609 531
300 404
648 285
636 572
514 59
326 234
673 326
267 300
53 212
239 791
751 609
262 96
649 751
615 59
653 673
299 572
60 285
8 475
247 124
345 300
792 267
143 649
155 404
180 53
495 326
101 239
61 792
284 239
176 143
728 61
287 262
163 636
416 155
738 180
153 495
195 284
790 262
400 287
6 751
147 153
75 60
225 792
361 6
150 361
281 195
366 163
588 648
607 790
375 75
410 728
500 366
730 101
64 180
556 500
149 64
711 361
269 225
656 556
193 738
718 410
458 225
30 147
645 416
409 375
707 645
461 416
781 287
704 645
505 409
527 656
686 269
114 30
633 458
199 114
27 645
270 707
93 781
724 711
603 781
448 281
747 633
309 193
359 281
481 724
83 686
82 724
789 633
154 461
560 154
554 747
784 199
779 588
429 448
590 270
297 779
583 309
443 82
261 481
81 154
334 730
471 779
783 603
397 783
528 334
660 554
764 334
20 789
548 81
356 583
414 20
328 429
692 471
496 297
525 270
214 448
44 505
236 528
715 44
381 236
701 715
31 261
419 414
559 525
745 83
17 356
709 17
76 692
538 236
650 17
38 709
510 419
280 709
265 715
494 779
539 381
122 548
714 660
219 510
116 745
585 328
51 219
503 31
760 701
379 510
442 214
47 122
519 44
684 503
629 379
42 47
616 397
10 650
678 51
547 539
424 714
642 76
506 442
623 116
185 494
129 678
182 684
207 629
273 47
335 760
470 616
452 616
228 38
242 519
105 559
15 442
37 207
378 273
454 242
472 228
761 105
451 764
515 451
108 684
562 335
490 515
401 761
575 10
346 129
798 454
774 547
157 472
402 562
581 424
677 452
205 575
580 774
36 452
447 401
246 774
227 575
208 205
662 157
511 677
757 242
418 402
184 798
482 662
550 108
666 757
336 346
39 447
144 184
535 447
485 447
613 227
327 402
708 511
237 184
729 227
596 246
9 36
204 666
433 485
66 757
369 204
480 336
716 418
740 581
164 336
763 613
221 662
504 740
750 208
77 451
771 66
165 39
411 750
365 504
11 729
315 433
705 750
634 144
497 550
16 716
312 504
474 246
338 237
187 365
549 164
557 433
690 705
166 411
441 221
167 165
92 66
444 166
439 497
465 474
595 690
427 315
733 444
652 474
552 465
382 480
253 733
211 16
48 382
178 497
570 382
478 312
235 557
255 11
84 427
592 595
279 253
460 178
551 255
85 668 713 118 2 298 643 428 576 98 303 78 579 501 324 360 787 699 679 313 103 151 641 702 371 741 499 658 606 425 502 794 275 612 769 29 719 638 121 415 216 97 405 516 644 564 45 251 589 362 483 40 259 316 597 681 685 674 179 217 412 778 431 86 408 266 130 469 162 445 62 676 671 295 605 319 363 703 655 347 71 553 290 477 68 152 197 99 145 440 41 476 389 54 532 571 479 194 770 134 58 524 522 304 578 0 243 132 385 598 455 463 403 793 608 170 88 218 664 107 177 796 368 140 388 
85 668
713 85
118 713
2 668
298 2
643 298
428 85
576 643
98 118
303 428
78 428
579 303
501 78
324 579
360 98
787 576
699 579
679 324
313 679
103 643
151 360
641 699
702 787
371 298
741 313
499 371
658 360
606 699
425 658
502 702
794 324
275 641
612 371
769 501
29 641
719 151
638 702
121 29
415 719
216 638
97 612
405 769
516 787
644 103
564 644
45 658
251 644
589 97
362 516
483 362
40 121
259 564
316 40
597 45
681 405
685 597
674 259
179 483
217 685
412 97
778 217
431 45
86 179
408 40
266 259
130 217
469 597
162 469
445 681
62 445
676 179
671 431
295 40
605 86
319 605
363 676
703 162
655 363
347 703
71 295
553 431
290 553
477 71
68 295
152 319
197 605
99 197
145 68
440 152
41 62
476 553
389 41
54 440
532 99
571 532
479 41
194 389
770 571
134 479
58 770
524 134
522 524
304 58
578 304
0 134
243 0
132 0
385 132
598 385
455 598
463 385
403 463
793 403
608 455
170 793
88 793
218 170
664 218
107 88
177 107
796 177
368 796
140 368
388 140
