!
173 323 307 614 639 626 55 628 169 43 128 488 238 296 611 72 624 565 759 657 12 367 160 540 301 758 57 257 127 700 65 201 777 90 94 601 696 749 161 223 618 682 651 523 260 446 622 646 50 756 546 545 610 489 341 277 376 293 342 102 352 206 788 436 385 619 731 598 455 49 14 599 569 617 332 283 608 291 773 748 432 3 89 189 229 403 706 115 69 113 793 423 136 170 520 544 330 218 19 80 533 358 664 159 56 542 88 555 785 683 137 196 399 394 744 659 621 272 687 468 233 558 95 5 797 413 561 306 148 230 252 351 131 111 370 133 766 647 526 256 1 240 726 329 669 478 661 100 742 737 183 274 637 492 210 231 271 220 4 282 395 125 491 226 449 739 591 498 377 437 380 171 640 537 139 435 799 322 762 140 512 357 310 466 484 723 529 258 772 384 35 192 689 158 675 712 574 250 582 167 142 521 587 388 174 23 302 680 776 235 663 132 557 782 79 202 775 392 577 343 243 654 0 563 28 630 
173 323
307 173
614 323
639 173
626 614
55 639
628 639
169 626
43 55
128 626
488 628
238 43
296 128
611 626
72 488
624 238
565 307
759 611
657 611
12 72
367 759
160 657
540 657
301 160
758 12
57 488
257 624
127 296
700 57
65 43
201 624
777 488
90 127
94 700
601 777
696 540
749 777
161 696
223 90
618 749
682 618
651 367
523 223
260 161
446 682
622 446
646 622
50 260
756 446
546 260
545 651
610 651
489 260
341 489
277 622
376 446
293 523
342 341
102 546
352 277
206 277
788 545
436 342
385 206
619 788
731 489
598 385
455 598
49 610
14 102
599 731
569 788
617 49
332 436
283 619
608 598
291 332
773 283
748 569
432 617
3 14
89 332
189 3
229 89
403 598
706 89
115 189
69 773
113 706
793 403
423 69
136 432
170 793
520 3
544 69
330 544
218 170
19 229
80 748
533 19
358 520
664 218
159 520
56 80
542 69
88 664
555 533
785 358
683 555
137 555
196 137
399 137
394 683
744 555
659 785
621 159
272 621
687 196
468 744
233 394
558 330
95 659
5 659
797 659
413 558
561 56
306 687
148 272
230 561
252 148
351 233
131 351
111 468
370 306
133 252
766 111
647 561
526 306
256 230
1 111
240 95
726 370
329 306
669 351
478 413
661 131
100 766
742 1
737 726
183 726
274 669
637 1
492 637
210 726
231 647
271 661
220 492
4 220
282 256
395 274
125 231
491 183
226 271
449 274
739 395
591 231
498 226
377 492
437 220
380 282
171 380
640 171
537 271
139 171
435 133
799 591
322 139
762 171
140 88
512 377
357 799
310 799
466 380
484 762
723 484
529 466
258 484
772 512
384 529
35 772
192 35
689 310
158 384
675 529
712 529
574 384
250 675
582 574
167 258
142 250
521 689
587 258
388 140
174 521
23 675
302 142
680 689
776 680
235 587
663 23
132 587
557 235
782 302
79 680
202 582
775 174
392 776
577 23
343 23
243 302
654 79
0 243
563 577
28 343
630 563
112 263 33 732 695 752 26 141 438 635 456 175 104 340 337 795 46 417 672 311 244 753 406 292 314 710 305 694 727 593 224 126 543 317 594 264 457 331 768 407 534 200 73 374 249 348 780 215 203 486 354 743 487 172 386 390 25 459 91 24 276 736 245 754 325 717 420 248 353 518 117 120 254 746 34 396 462 600 625 333 632 698 755 398 604 393 573 308 156 32 198 74 289 350 7 241 473 191 691 620 722 430 186 135 190 725 513 181 13 22 765 320 67 391 119 493 584 531 110 124 688 209 467 168 631 373 566 602 649 63 285 387 318 609 648 288 421 667 234 222 212 349 106 751 53 670 87 355 326 60 188 509 143 404 673 697 267 180 232 247 300 536 653 720 372 567 21 738 568 176 495 6 792 375 61 345 361 517 588 150 75 728 453 147 213 475 383 321 70 64 225 149 153 410 464 711 541 96 155 627 193 409 718 505 269 734 286 8 693 434 30 416 724 786 262 458 686 114 199 481 779 309 791 297 146 82 109 633 83 471 443 461 692 287 789 356 784 496 583 278 645 261 514 704 721 59 747 239 44 715 615 701 572 400 790 101 27 636 707 20 76 31 494 607 660 554 154 560 414 81 284 17 709 745 519 265 650 270 280 781 548 195 760 684 503 419 38 730 116 510 219 603 185 10 379 590 163 93 51 122 281 299 642 335 242 182 678 525 783 629 714 623 108 366 454 129 559 397 47 228 798 424 42 562 207 575 500 556 37 472 402 205 764 656 359 334 346 273 528 448 757 157 418 527 184 227 616 613 208 666 144 236 378 105 429 204 237 550 581 761 381 662 482 470 729 327 716 369 538 66 401 452 336 214 771 763 16 328 539 750 411 221 338 11 480 634 164 92 447 497 547 705 442 166 677 39 585 444 535 451 36 690 515 549 506 504 740 365 485 211 439 490 441 733 595 178 312 382 165 253 774 52 708 433 255 796 187 9 107 570 580 511 48 279 551 460 15 339 344 138 268 294 463 507 315 592 177 368 530 
112 263
33 112
732 112
695 263
752 732
26 695
141 33
438 695
635 732
456 33
175 33
104 141
340 752
337 438
795 340
46 795
417 340
672 438
311 46
244 311
753 141
406 26
292 244
314 46
710 753
305 710
694 314
727 244
593 305
224 753
126 672
543 694
317 456
594 593
264 406
457 593
331 694
768 292
407 317
534 457
200 331
73 200
374 331
249 407
348 534
780 126
215 780
203 249
486 348
354 203
743 73
487 768
172 374
386 354
390 486
25 215
459 390
91 487
24 91
276 390
736 73
245 736
754 25
325 172
717 245
420 348
248 386
353 25
518 353
117 754
120 325
254 743
746 254
34 248
396 245
462 254
600 462
625 600
333 353
632 420
698 248
755 698
398 698
604 632
393 518
573 459
308 117
156 604
32 333
198 34
74 573
289 117
350 34
7 254
241 698
473 308
191 717
691 32
620 191
722 120
430 198
186 241
135 74
190 620
725 722
513 350
181 722
13 632
22 513
765 725
320 620
67 186
391 74
119 22
493 190
584 620
531 13
110 573
124 110
688 393
209 110
467 7
168 467
631 584
373 320
566 289
602 181
649 124
63 631
285 531
387 602
318 467
609 649
648 285
288 602
421 584
667 318
234 566
222 288
212 566
349 391
106 119
751 609
53 212
670 467
87 209
355 602
326 234
60 285
188 355
509 222
143 649
404 349
673 326
697 188
267 87
180 53
232 667
247 143
300 267
536 697
653 673
720 670
372 188
567 720
21 63
738 180
568 372
176 143
495 326
6 751
792 267
375 60
61 792
345 404
361 6
517 421
588 375
150 361
75 60
728 61
453 568
147 495
213 667
475 213
383 475
321 372
70 568
64 180
225 267
149 64
153 673
410 728
464 475
711 361
541 213
96 541
155 404
627 536
193 738
409 75
718 410
505 409
269 728
734 627
286 734
8 475
693 627
434 286
30 147
416 155
724 711
786 232
262 96
458 269
686 269
114 30
199 114
481 724
779 588
309 193
791 786
297 779
146 21
82 724
109 786
633 458
83 686
471 149
443 82
461 416
692 471
287 262
789 633
356 309
784 199
496 297
583 356
278 146
645 155
261 481
514 109
704 461
721 278
59 109
747 633
239 791
44 409
715 44
615 59
701 715
572 721
400 287
790 400
101 791
27 645
636 572
707 645
20 747
76 356
31 261
494 779
607 790
660 747
554 660
154 461
560 645
414 20
81 660
284 101
17 356
709 17
745 83
519 44
265 715
650 17
270 707
280 650
781 287
548 81
195 284
760 701
684 31
503 31
419 20
38 784
730 101
116 745
510 414
219 510
603 781
185 494
10 650
379 510
590 270
163 636
93 603
51 219
122 560
281 195
299 278
642 76
335 760
242 519
182 684
678 219
525 270
783 603
629 510
714 414
623 116
108 684
366 163
454 242
129 678
559 27
397 603
47 122
228 38
798 454
424 714
42 47
562 335
207 629
575 10
500 366
556 500
37 207
472 38
402 562
205 575
764 607
656 556
359 195
334 764
346 129
273 47
528 334
448 359
757 242
157 472
418 402
527 656
184 335
227 575
616 397
613 227
208 205
666 798
144 184
236 334
378 273
105 378
429 448
204 666
237 144
550 108
581 42
761 105
381 236
662 157
482 662
470 616
729 227
327 402
716 418
369 757
538 236
66 369
401 761
452 616
336 346
214 448
771 66
763 729
16 716
328 429
539 381
750 208
411 750
221 662
338 237
11 763
480 336
634 16
164 336
92 66
447 761
497 550
547 381
705 750
442 214
166 411
677 452
39 447
585 328
444 705
535 447
451 677
36 452
690 705
515 451
549 164
506 442
504 581
740 504
365 504
485 447
211 634
439 497
490 515
441 221
733 444
595 690
178 497
312 504
382 480
165 740
253 733
774 490
52 211
708 677
433 485
255 253
796 253
187 740
9 36
107 255
570 382
580 774
511 677
48 570
279 253
551 255
460 178
15 442
339 178
344 460
138 338
268 138
294 460
463 92
507 339
315 433
592 595
177 551
368 279
530 382
71 477 295 145 68 408 508 40 316 586 18 364 123 426 389 445 62 681 450 665 405 121 29 194 767 769 41 735 778 501 415 641 719 422 275 130 78 151 217 699 479 579 606 303 428 360 741 685 703 134 425 347 313 658 98 162 45 324 597 679 469 85 524 522 668 713 2 702 638 118 476 431 84 298 576 643 553 502 216 794 290 427 787 671 371 499 103 612 483 363 516 676 362 655 179 97 86 564 589 644 605 412 251 77 259 674 552 99 319 266 197 532 465 571 440 152 770 54 652 58 474 304 578 246 596 
71 477
295 71
145 71
68 145
408 295
508 477
40 295
316 40
586 508
18 508
364 18
123 364
426 18
389 364
445 389
62 445
681 62
450 364
665 586
405 681
121 316
29 121
194 450
767 665
769 405
41 194
735 767
778 681
501 769
415 769
641 29
719 415
422 735
275 641
130 778
78 501
151 719
217 130
699 275
479 41
579 699
606 699
303 579
428 641
360 151
741 699
685 217
703 130
134 479
425 360
347 703
313 579
658 425
98 425
162 685
45 658
324 313
597 685
679 313
469 162
85 98
524 134
522 524
668 85
713 668
2 85
702 98
638 702
118 713
476 347
431 597
84 524
298 2
576 118
643 576
553 476
502 702
216 638
794 679
290 553
427 84
787 576
671 216
371 298
499 371
103 643
612 371
483 638
363 671
516 483
676 363
362 516
655 363
179 483
97 612
86 179
564 103
589 97
644 564
605 86
412 97
251 564
77 655
259 564
674 259
552 77
99 605
319 605
266 259
197 99
532 197
465 552
571 532
440 197
152 440
770 571
54 440
652 465
58 770
474 652
304 58
578 304
246 474
596 246
