!
446 622 756 376 277 646 206 682 618 94 455 598 385 749 601 352 777 700 608 72 57 488 628 65 793 403 170 639 55 12 43 758 238 218 201 624 664 565 257 173 88 323 307 169 160 127 90 301 614 296 657 626 128 223 611 344 540 367 759 696 523 161 293 260 546 50 651 140 545 489 102 610 341 342 788 773 619 14 731 436 283 569 49 599 530 388 423 69 617 332 748 189 115 3 432 291 544 330 706 89 229 113 136 542 80 520 19 358 533 56 159 785 555 558 683 413 659 137 196 394 272 399 621 95 797 561 744 468 230 687 233 5 148 256 252 306 370 351 647 526 111 240 329 131 133 726 766 1 100 669 661 282 183 737 231 210 742 274 637 171 492 640 380 762 125 139 220 322 4 271 449 395 591 491 739 498 377 435 437 799 484 226 537 466 310 258 723 357 529 512 384 250 675 587 142 235 712 158 574 582 772 557 689 302 132 192 35 521 782 23 174 663 243 680 0 776 343 202 427 577 392 563 79 524 28 84 
446 622
756 446
376 622
277 376
646 446
206 376
682 756
618 682
94 646
455 206
598 455
385 598
749 618
601 749
352 385
777 749
700 94
608 455
72 601
57 94
488 777
628 488
65 57
793 385
403 793
170 793
639 628
55 639
12 72
43 55
758 12
238 43
218 170
201 65
624 201
664 218
565 758
257 624
173 55
88 664
323 173
307 323
169 323
160 565
127 257
90 127
301 160
614 323
296 169
657 301
626 614
128 626
223 90
611 614
344 223
540 657
367 626
759 367
696 540
523 223
161 696
293 523
260 161
546 260
50 260
651 367
140 88
545 651
489 260
102 260
610 651
341 489
342 341
788 545
773 293
619 788
14 102
731 14
436 342
283 619
569 619
49 610
599 731
530 773
388 140
423 530
69 423
617 49
332 436
748 569
189 14
115 189
3 189
432 617
291 332
544 530
330 544
706 332
89 332
229 89
113 706
136 432
542 330
80 748
520 3
19 291
358 520
533 19
56 80
159 520
785 358
555 533
558 330
683 555
413 558
659 785
137 555
196 137
394 683
272 159
399 555
621 272
95 659
797 95
561 56
744 399
468 744
230 561
687 196
233 394
5 797
148 621
256 230
252 272
306 687
370 306
351 233
647 561
526 370
111 468
240 797
329 306
131 351
133 252
726 370
766 111
1 111
100 766
669 351
661 669
282 256
183 726
737 726
231 647
210 737
742 1
274 669
637 742
171 282
492 637
640 171
380 282
762 171
125 231
139 640
220 637
322 171
4 220
271 661
449 274
395 274
591 231
491 183
739 395
498 271
377 492
435 395
437 220
799 591
484 762
226 498
537 739
466 380
310 799
258 484
723 484
357 799
529 466
512 377
384 529
250 723
675 250
587 258
142 250
235 587
712 529
158 310
574 384
582 574
772 512
557 235
689 158
302 142
132 587
192 772
35 192
521 689
782 302
23 675
174 521
663 23
243 782
680 689
0 243
776 680
343 23
202 574
427 557
577 23
392 776
563 577
79 521
524 0
28 23
84 427
112 263 33 732 695 26 752 635 141 438 456 337 175 104 340 795 46 417 311 672 753 406 314 292 244 710 593 694 543 224 305 264 727 126 594 331 317 457 768 407 534 73 200 374 249 348 780 486 203 354 743 172 215 487 390 736 386 24 25 459 276 420 245 325 91 754 117 254 248 600 120 353 396 717 518 462 625 398 698 746 755 34 333 604 632 7 573 393 308 156 473 32 289 350 241 198 191 74 620 186 135 722 430 190 691 513 67 13 181 725 22 765 119 584 493 391 320 531 688 110 373 124 168 467 566 602 631 63 209 234 288 609 318 648 421 285 387 222 212 349 667 106 53 751 87 188 355 670 60 509 649 143 300 326 673 372 697 653 180 247 232 404 267 536 567 568 21 792 176 720 61 75 738 495 150 588 361 6 453 517 345 147 728 383 213 70 375 64 464 475 153 225 711 149 410 321 541 155 96 193 627 505 409 734 718 8 269 30 693 434 416 786 286 262 686 309 724 114 458 199 297 791 481 82 146 779 109 583 633 443 747 83 287 461 514 471 692 261 496 59 784 645 721 44 701 704 278 239 789 17 356 715 400 572 265 790 615 101 707 554 31 76 20 27 636 494 81 414 284 154 745 760 650 270 781 560 607 280 519 419 548 38 195 709 684 503 660 116 10 730 510 642 51 219 93 603 281 185 590 379 299 714 335 525 559 163 454 629 678 182 424 623 122 783 129 562 397 242 47 500 207 42 366 108 764 228 472 575 556 798 402 656 528 359 334 273 346 205 157 448 37 378 527 418 184 227 616 666 757 236 208 237 144 581 105 729 327 429 550 401 470 381 613 761 482 662 204 538 369 66 716 452 336 214 763 771 11 539 750 328 411 634 338 480 16 547 447 164 705 166 92 497 221 451 39 442 677 444 690 585 535 504 515 36 506 740 549 490 439 365 48 211 485 441 733 511 382 253 595 165 312 52 187 178 433 177 255 774 460 580 570 294 9 551 339 15 279 708 268 138 107 592 315 507 167 463 796 478 368 
112 263
33 112
732 263
695 263
26 695
752 732
635 732
141 33
438 695
456 33
337 438
175 33
104 141
340 752
795 340
46 795
417 340
311 46
672 438
753 337
406 672
314 46
292 417
244 292
710 753
593 710
694 314
543 694
224 710
305 593
264 406
727 292
126 672
594 305
331 694
317 456
457 594
768 244
407 317
534 457
73 543
200 73
374 331
249 407
348 534
780 126
486 348
203 407
354 203
743 73
172 374
215 780
487 768
390 486
736 73
386 354
24 487
25 215
459 486
276 390
420 534
245 736
325 172
91 24
754 25
117 754
254 743
248 386
600 254
120 325
353 25
396 245
717 245
518 353
462 600
625 254
398 248
698 248
746 462
755 248
34 248
333 353
604 420
632 604
7 625
573 390
393 518
308 117
156 632
473 308
32 333
289 117
350 34
241 398
198 350
191 396
74 573
620 191
186 241
135 74
722 120
430 198
190 620
691 32
513 350
67 241
13 156
181 722
725 181
22 513
765 725
119 22
584 620
493 190
391 74
320 584
531 13
688 393
110 573
373 584
124 110
168 191
467 168
566 289
602 181
631 584
63 631
209 110
234 566
288 602
609 13
318 467
648 691
421 631
285 648
387 602
222 288
212 566
349 391
667 318
106 119
53 212
751 609
87 209
188 387
355 188
670 467
60 285
509 222
649 751
143 649
300 391
326 234
673 234
372 355
697 188
653 234
180 53
247 143
232 667
404 349
267 300
536 697
567 670
568 355
21 63
792 267
176 247
720 567
61 87
75 60
738 180
495 673
150 751
588 75
361 150
6 150
453 21
517 421
345 300
147 495
728 61
383 106
213 383
70 568
375 60
64 180
464 383
475 464
153 495
225 792
711 150
149 64
410 728
321 568
541 213
155 404
96 541
193 738
627 536
505 75
409 505
734 697
718 410
8 475
269 61
30 153
693 627
434 734
416 155
786 567
286 734
262 96
686 269
309 193
724 711
114 30
458 269
199 114
297 409
791 786
481 724
82 724
146 21
779 297
109 786
583 309
633 458
443 82
747 633
83 686
287 262
461 416
514 109
471 64
692 471
261 481
496 297
59 109
784 114
645 416
721 146
44 409
701 44
704 461
278 721
239 791
789 633
17 583
356 583
715 701
400 287
572 721
265 701
790 400
615 109
101 791
707 8
554 747
31 261
76 692
20 747
27 645
636 572
494 496
81 554
414 20
284 101
154 81
745 83
760 701
650 17
270 707
781 287
560 154
607 790
280 650
519 496
419 414
548 81
38 784
195 284
709 280
684 82
503 31
660 548
116 31
10 650
730 101
510 414
642 692
51 510
219 51
93 781
603 781
281 195
185 494
590 707
379 419
299 572
714 419
335 760
525 270
559 27
163 636
454 519
629 510
678 219
182 684
424 714
623 116
122 548
783 603
129 678
562 335
397 603
242 454
47 122
500 163
207 629
42 47
366 500
108 503
764 93
228 38
472 228
575 10
556 500
798 454
402 562
656 556
528 764
359 284
334 528
273 47
346 129
205 575
157 472
448 359
37 207
378 273
527 656
418 402
184 335
227 575
616 397
666 454
757 666
236 528
208 205
237 666
144 184
581 424
105 378
729 227
327 418
429 448
550 108
401 105
470 616
381 236
613 227
761 105
482 472
662 482
204 666
538 381
369 666
66 369
716 418
452 616
336 346
214 448
763 729
771 66
11 763
539 381
750 208
328 429
411 750
634 144
338 237
480 336
16 634
547 539
447 761
164 336
705 750
166 750
92 66
497 550
221 662
451 764
39 447
442 214
677 452
444 705
690 705
585 328
535 447
504 581
515 451
36 452
506 442
740 504
549 164
490 515
439 497
365 504
48 164
211 16
485 447
441 221
733 444
511 677
382 480
253 733
595 690
165 39
312 504
52 211
187 740
178 497
433 485
177 253
255 177
774 547
460 178
580 774
570 48
294 460
9 36
551 255
339 178
15 442
279 253
708 511
268 338
138 268
107 255
592 595
315 485
507 339
167 165
463 92
796 279
478 312
368 279
347 703 162 217 469 685 130 597 476 134 778 553 522 479 290 681 431 45 415 41 62 445 719 194 151 425 658 405 360 630 389 671 638 216 769 702 98 78 363 450 408 502 676 501 655 483 40 364 477 77 18 71 362 428 179 118 426 713 787 295 121 29 316 668 576 641 86 85 552 516 303 643 123 145 579 275 68 508 605 586 699 465 2 298 606 532 741 99 103 197 313 571 319 324 679 770 652 665 474 674 735 54 58 767 422 259 440 266 499 152 564 371 654 304 794 644 251 246 578 612 97 596 589 775 412 
347 703
162 703
217 703
469 162
685 469
130 217
597 685
476 347
134 347
778 130
553 476
522 134
479 134
290 553
681 130
431 553
45 597
415 681
41 479
62 681
445 681
719 415
194 41
151 719
425 151
658 425
405 719
360 658
630 194
389 194
671 431
638 658
216 638
769 405
702 638
98 425
78 151
363 671
450 630
408 445
502 702
676 363
501 78
655 363
483 676
40 408
364 450
477 408
77 363
18 364
71 477
362 483
428 501
179 483
118 98
426 18
713 118
787 502
295 40
121 40
29 121
316 40
668 713
576 787
641 29
86 179
85 668
552 655
516 362
303 641
643 576
123 426
145 71
579 641
275 641
68 145
508 123
605 86
586 508
699 579
465 552
2 85
298 643
606 699
532 552
741 606
99 532
103 298
197 99
313 606
571 532
319 605
324 313
679 324
770 571
652 532
665 586
474 652
674 516
735 123
54 197
58 770
767 665
422 735
259 674
440 54
266 259
499 2
152 440
564 103
371 499
654 735
304 58
794 324
644 564
251 644
246 474
578 304
612 371
97 612
596 246
589 97
775 654
412 97
