? 5 325 787 28 214 684 
? 5 146 577 671 73 360 
? 5 60 112 648 486 768 
? 4 316 576 637 591 
? 3 269 285 790 
!
495 698 475 302 713 76 443 771 606 180 387 593 661 586 265 331 354 505 19 619 778 369 542 245 757 224 262 191 333 532 263 718 673 169 422 127 762 330 526 414 30 799 563 90 147 742 691 216 773 785 69 782 77 311 449 587 195 79 238 200 128 583 74 35 605 240 642 612 123 348 17 
495 698
475 698
302 495
713 302
76 475
443 475
771 76
606 302
180 443
387 180
593 387
661 593
586 593
265 586
331 586
354 265
505 354
19 354
619 331
778 505
369 505
542 505
245 369
757 354
224 757
262 245
191 619
333 191
532 224
263 333
718 333
673 262
169 532
422 169
127 191
762 127
330 532
526 673
414 422
30 532
799 526
563 414
90 718
147 718
742 147
691 799
216 563
773 90
785 127
69 673
782 785
77 773
311 691
449 69
587 773
195 216
79 195
238 587
200 216
128 77
583 311
74 583
35 742
605 195
240 587
642 74
612 79
123 785
348 240
17 612
588 672 307 33 63 749 705 394 93 375 155 7 595 136 198 292 770 343 296 9 743 430 660 695 83 189 315 465 625 205 701 207 545 530 610 512 164 732 130 65 696 579 407 498 47 624 484 95 634 474 735 643 403 515 640 552 531 664 629 236 372 337 423 628 409 89 429 132 213 217 31 
588 672
307 672
33 307
63 672
749 588
705 307
394 705
93 749
375 63
155 375
7 155
595 93
136 63
198 595
292 155
770 705
343 93
296 705
9 375
743 296
430 198
660 430
695 595
83 9
189 695
315 189
465 743
625 315
205 189
701 343
207 430
545 198
530 83
610 292
512 610
164 625
732 701
130 512
65 7
696 136
579 512
407 530
498 65
47 465
624 65
484 530
95 624
634 130
474 696
735 95
643 164
403 732
515 407
640 474
552 407
531 47
664 643
629 531
236 403
372 236
337 484
423 640
628 474
409 634
89 579
429 634
132 429
213 372
217 89
31 89
60 112 648 486 768 
60 112
486 768
112 648
60 486
488 744 250 309 111 543 51 608 786 494 678 385 228 219 408 166 221 270 479 722 282 689 332 729 20 
488 744
250 744
309 488
111 309
543 744
51 250
608 51
786 543
494 111
678 494
385 51
228 678
219 608
408 786
166 408
221 408
270 228
479 219
722 408
282 166
689 270
332 494
729 282
20 729
359 
162 178 378 554 342 487 370 345 103 550 641 42 175 251 36 766 21 177 150 685 769 501 649 390 419 665 267 75 707 139 493 478 679 115 71 300 
162 178
378 178
554 162
342 378
487 554
370 162
345 370
103 342
550 178
641 342
42 550
175 487
251 487
36 103
766 345
21 641
177 175
150 103
685 766
769 21
501 150
649 150
390 685
419 42
665 21
267 769
75 419
707 685
139 685
493 501
478 267
679 75
115 550
71 707
300 115
428 460 291 623 517 304 456 5 364 294 551 522 210 
428 460
291 428
623 291
517 623
304 517
456 304
5 456
364 517
294 304
551 364
522 551
210 522
11 231 508 264 798 298 457 283 
11 231
508 231
264 231
798 264
298 508
457 798
283 298
203 281 
203 281
269 285 790 
269 285
269 790
146 577 671 73 360 
146 577
146 73
577 671
577 360
176 469 102 49 420 225 651 257 728 41 185 366 491 341 37 582 516 652 514 470 26 620 336 485 566 703 129 119 454 694 711 656 734 184 91 663 767 557 62 536 380 751 229 125 301 723 760 796 138 404 323 248 499 4 715 197 122 720 377 754 
176 469
102 176
49 176
420 102
225 102
651 420
257 651
728 225
41 728
185 49
366 41
491 728
341 49
37 491
582 185
516 366
652 582
514 257
470 185
26 37
620 470
336 620
485 582
566 26
703 485
129 26
119 485
454 336
694 129
711 694
656 711
734 119
184 711
91 656
663 656
767 703
557 734
62 620
536 734
380 91
751 184
229 767
125 536
301 767
723 536
760 557
796 301
138 663
404 301
323 138
248 138
499 62
4 723
715 404
197 323
122 723
720 499
377 4
754 4
340 442 633 230 462 293 559 693 639 397 747 418 402 680 686 382 421 687 556 239 290 12 529 190 124 226 29 578 682 405 755 480 463 
340 442
633 340
230 442
462 442
293 633
559 462
693 230
639 293
397 293
747 462
418 230
402 747
680 693
686 397
382 686
421 639
687 686
556 421
239 418
290 687
12 239
529 12
190 239
124 190
226 124
29 290
578 421
682 12
405 402
755 29
480 29
463 578
158 194 34 692 438 417 109 609 574 
158 194
34 158
692 34
438 194
417 438
109 417
609 417
574 34
413 523 237 38 658 618 733 272 584 570 259 289 615 797 78 388 220 339 72 
413 523
237 523
38 413
658 413
618 658
733 237
272 733
584 413
570 584
259 618
289 259
615 289
797 615
78 570
388 78
220 797
339 388
72 339
154 401 168 489 335 23 87 242 558 575 699 561 53 439 547 192 630 179 646 674 303 141 268 513 276 153 3 704 381 446 650 116 25 261 274 97 314 603 725 794 80 66 400 350 546 151 504 719 436 573 310 149 549 533 288 730 613 126 761 222 724 544 716 647 461 107 142 607 497 777 121 396 752 209 395 352 596 81 46 784 313 783 131 
154 401
168 154
489 168
335 401
23 489
87 489
242 23
558 87
575 335
699 335
561 575
53 575
439 558
547 53
192 699
630 699
179 53
646 242
674 192
303 561
141 646
268 646
513 674
276 630
153 646
3 303
704 276
381 276
446 141
650 513
116 446
25 646
261 547
274 116
97 3
314 25
603 261
725 650
794 381
80 276
66 80
400 80
350 400
546 261
151 25
504 350
719 116
436 261
573 151
310 725
149 719
549 97
533 549
288 149
730 436
613 573
126 288
761 310
222 533
724 126
544 288
716 400
647 549
461 549
107 126
142 761
607 544
497 222
777 497
121 142
396 107
752 730
209 613
395 497
352 121
596 647
81 752
46 596
784 395
313 607
783 81
131 724
140 726 54 645 329 244 159 10 56 683 135 355 669 657 717 43 490 227 739 539 540 434 279 280 287 562 406 631 466 243 170 45 167 774 601 319 483 441 321 548 92 437 99 44 255 110 788 358 555 708 324 425 468 212 101 
140 726
54 140
645 726
329 140
244 54
159 244
10 244
56 726
683 10
135 645
355 329
669 10
657 683
717 645
43 669
490 43
227 355
739 657
539 739
540 135
434 539
279 355
280 490
287 540
562 227
406 717
631 279
466 683
243 739
170 406
45 490
167 243
774 279
601 774
319 601
483 466
441 406
321 319
548 45
92 548
437 434
99 167
44 321
255 562
110 548
788 110
358 255
555 44
708 321
324 437
425 324
468 324
212 708
101 324
316 576 637 591 
316 576
576 637
637 591
297 453 0 635 621 626 389 398 564 653 589 94 22 368 741 528 507 492 706 174 617 193 357 455 253 644 427 252 
297 453
0 453
635 0
621 635
626 635
389 621
398 389
564 398
653 626
589 453
94 589
22 653
368 22
741 368
528 564
507 528
492 368
706 528
174 741
617 368
193 626
357 528
455 193
253 174
644 193
427 22
252 492
278 520 318 48 133 581 338 521 700 88 553 86 363 392 712 15 527 356 277 120 560 108 376 187 349 580 690 738 249 496 614 299 186 432 206 
278 520
318 278
48 278
133 278
581 520
338 278
521 48
700 338
88 581
553 700
86 338
363 88
392 86
712 553
15 133
527 553
356 88
277 392
120 15
560 356
108 86
376 277
187 560
349 120
580 527
690 349
738 560
249 15
496 527
614 738
299 614
186 356
432 356
206 108
271 450 467 137 764 791 602 502 410 594 260 448 326 571 740 148 172 524 384 599 258 793 393 202 327 27 199 
271 450
467 450
137 450
764 271
791 271
602 764
502 602
410 450
594 791
260 594
448 602
326 410
571 594
740 571
148 448
172 260
524 172
384 172
599 326
258 448
793 599
393 258
202 599
327 393
27 327
199 148
84 204 727 511 218 537 320 58 482 306 592 161 636 118 750 
84 204
727 84
511 204
218 84
537 218
320 727
58 320
482 58
306 537
592 537
161 320
636 306
118 592
750 636
18 399 312 781 70 541 600 569 157 246 233 604 731 241 383 611 365 171 16 284 745 459 568 756 632 638 697 758 353 98 328 24 590 114 32 361 500 305 201 
18 399
312 18
781 18
70 399
541 70
600 399
569 312
157 569
246 541
233 312
604 233
731 569
241 70
383 241
611 157
365 241
171 600
16 365
284 16
745 284
459 611
568 611
756 745
632 731
638 365
697 383
758 600
353 284
98 632
328 284
24 758
590 638
114 632
32 24
361 24
500 758
305 361
201 459
322 379 371 61 525 572 59 668 677 2 104 40 431 681 182 659 256 753 295 55 82 
322 379
371 379
61 379
525 61
572 322
59 371
668 572
677 668
2 668
104 2
40 104
431 677
681 431
182 40
659 681
256 431
753 659
295 659
55 295
82 40
411 481 308 273 710 266 736 464 518 509 
411 481
308 481
273 411
710 273
266 273
736 266
464 266
518 464
509 518
452 737 113 714 776 676 
452 737
113 452
714 737
776 113
676 113
325 787 28 214 684 
787 28
325 787
787 214
325 684
232 666 667 144 662 391 426 775 85 415 334 386 503 96 471 152 622 52 367 373 538 6 
232 666
667 666
144 667
662 667
391 232
426 666
775 662
85 426
415 85
334 144
386 662
503 85
96 386
471 334
152 386
622 415
52 96
367 471
373 622
538 52
6 538
424 670 13 105 616 346 
424 670
13 424
105 670
616 670
346 616
67 476 472 165 535 163 317 416 458 445 795 215 156 510 565 254 412 
67 476
472 476
165 476
535 67
163 67
317 535
416 163
458 472
445 535
795 458
215 445
156 317
510 416
565 458
254 565
412 565
100 188 746 275 208 57 134 234 506 14 519 8 351 451 772 792 780 196 181 
100 188
746 100
275 188
208 100
57 275
134 208
234 275
506 234
14 506
519 134
8 57
351 8
451 134
772 8
792 351
780 351
196 451
181 14
50 211 435 675 286 183 702 655 473 
50 211
435 211
675 211
286 50
183 211
702 183
655 286
473 183
440 709 173 235 347 789 344 117 362 447 145 721 763 160 627 597 534 39 779 759 64 567 374 143 748 598 68 688 433 585 1 106 765 654 247 477 223 444 
440 709
173 440
235 440
347 440
789 173
344 709
117 344
362 235
447 789
145 117
721 344
763 447
160 347
627 362
597 344
534 627
39 145
779 763
759 779
64 39
567 362
374 597
143 39
748 627
598 721
68 447
688 759
433 567
585 759
1 68
106 374
765 567
654 433
247 721
477 654
223 374
444 1
