? 5 431 681 702 171 473 
? 5 44 321 402 710 798 
? 5 13 424 591 637 359 
? 4 358 457 441 124 
? 3 538 775 756 
!
154 401 168 489 23 242 87 558 561 439 646 268 303 141 153 3 446 116 25 314 274 151 573 719 149 549 533 288 613 724 126 544 647 461 607 107 396 209 313 596 131 191 776 782 46 127 619 452 113 785 737 762 718 714 360 333 676 147 742 123 90 35 263 757 19 73 77 577 224 146 128 
154 401
168 154
489 168
23 168
242 23
87 168
558 168
561 154
439 558
646 561
268 646
303 561
141 268
153 646
3 303
446 268
116 446
25 268
314 25
274 116
151 314
573 151
719 116
149 719
549 149
533 549
288 719
613 573
724 288
126 724
544 288
647 549
461 549
607 544
107 126
396 107
209 613
313 607
596 647
131 724
191 313
776 209
782 131
46 596
127 396
619 46
452 776
113 452
785 782
737 452
762 127
718 762
714 452
360 131
333 46
676 360
147 718
742 147
123 785
90 147
35 742
263 333
757 263
19 757
73 676
77 90
577 123
224 757
146 577
128 77
162 178 378 554 487 342 370 345 641 175 103 42 251 550 36 21 177 769 649 419 150 665 766 501 390 267 685 707 139 679 75 115 493 71 478 524 2 300 59 152 104 386 371 148 572 668 502 182 40 96 199 448 172 367 764 334 52 602 471 379 260 322 384 791 271 258 82 662 6 594 450 
162 178
378 162
554 378
487 554
342 378
370 162
345 370
641 342
175 487
103 342
42 178
251 487
550 42
36 103
21 641
177 175
769 21
649 21
419 42
150 649
665 769
766 345
501 103
390 370
267 769
685 766
707 390
139 766
679 419
75 419
115 550
493 501
71 707
478 267
524 177
2 493
300 115
59 524
152 115
104 2
386 152
371 679
148 478
572 419
668 300
502 148
182 493
40 104
96 386
199 649
448 148
172 524
367 300
764 502
334 367
52 96
602 502
471 334
379 371
260 172
322 379
384 172
791 764
271 791
258 448
82 182
662 386
6 52
594 791
450 271
13 424 591 637 359 
424 591
13 424
591 359
13 637
324 425 101 84 204 727 511 468 437 218 99 537 320 482 58 174 253 306 161 592 332 636 252 750 118 
324 425
101 324
84 425
204 84
727 84
511 204
468 101
437 468
218 727
99 511
537 218
320 511
482 320
58 482
174 482
253 174
306 537
161 320
592 537
332 161
636 306
252 58
750 636
118 750
671 
233 604 731 312 479 18 98 60 569 361 632 399 219 305 600 51 608 781 157 114 32 24 689 385 611 758 112 459 246 270 541 250 70 500 568 201 
233 604
731 604
312 233
479 233
18 312
98 731
60 479
569 312
361 60
632 731
399 18
219 98
305 361
600 399
51 98
608 51
781 18
157 569
114 632
32 305
24 32
689 479
385 114
611 157
758 24
112 689
459 611
246 781
270 689
541 246
250 51
70 541
500 758
568 459
201 459
464 518 269 266 509 736 212 283 708 273 226 405 285 
464 518
269 464
266 518
509 518
736 266
212 269
283 212
708 212
273 266
226 273
405 509
285 736
50 211 675 435 286 753 183 256 
50 211
675 211
435 211
286 211
753 50
183 286
256 753
39 442 
39 442
538 775 756 
538 775
775 756
44 321 402 710 798 
44 321
44 402
402 710
321 798
176 469 102 49 420 225 651 257 41 185 728 628 366 491 423 37 514 341 516 640 652 582 470 474 336 26 485 566 620 703 696 129 629 119 531 47 694 515 711 454 656 184 734 91 663 767 557 62 407 536 380 751 465 229 125 743 296 723 404 301 
176 469
102 469
49 469
420 102
225 102
651 420
257 420
41 225
185 49
728 225
628 651
366 728
491 41
423 257
37 491
514 423
341 49
516 366
640 423
652 514
582 185
470 652
474 640
336 470
26 37
485 582
566 26
620 336
703 485
696 640
129 26
629 516
119 485
531 629
47 629
694 566
515 514
711 694
454 336
656 26
184 711
734 119
91 656
663 656
767 454
557 734
62 515
407 515
536 734
380 91
751 184
465 47
229 767
125 734
743 465
296 743
723 125
404 229
301 767
4 377 519 754 122 134 451 746 208 100 188 796 275 760 615 57 196 259 797 8 289 772 234 506 351 792 220 780 14 715 413 618 78 
4 377
519 377
754 4
122 519
134 377
451 519
746 754
208 134
100 746
188 100
796 100
275 746
760 122
615 122
57 275
196 451
259 196
797 615
8 57
289 259
772 8
234 57
506 234
351 8
792 351
220 797
780 351
14 506
715 14
413 780
618 792
78 715
67 476 535 472 795 458 445 215 510 
67 476
535 67
472 476
795 472
458 795
445 535
215 445
510 215
238 240 587 773 353 684 590 28 787 328 284 745 16 638 325 365 241 214 655 
238 240
587 238
773 238
353 240
684 353
590 353
28 773
787 28
328 353
284 328
745 284
16 284
638 590
325 787
365 638
241 365
214 325
655 325
495 698 475 302 76 121 443 771 713 142 352 783 372 761 606 213 180 387 236 310 81 403 504 716 643 593 732 730 350 664 725 400 66 752 80 436 650 546 95 701 545 735 261 661 513 674 343 603 777 207 164 704 624 179 430 660 497 276 395 93 794 192 784 586 630 198 625 547 53 381 265 222 315 97 575 699 498 65 335 331 354 205 595 
495 698
475 495
302 698
76 495
121 698
443 495
771 76
713 76
142 121
352 121
783 698
372 443
761 142
606 352
213 372
180 783
387 180
236 372
310 761
81 180
403 236
504 761
716 504
643 213
593 81
732 403
730 81
350 504
664 643
725 310
400 350
66 350
752 81
80 400
436 730
650 725
546 730
95 403
701 732
545 664
735 95
261 546
661 735
513 650
674 513
343 701
603 261
777 752
207 545
164 207
704 513
624 735
179 513
430 207
660 430
497 777
276 704
395 777
93 660
794 276
192 704
784 395
586 784
630 276
198 660
625 430
547 179
53 547
381 794
265 586
222 497
315 625
97 603
575 53
699 630
498 624
65 498
335 575
331 586
354 265
205 315
595 205
588 672 749 307 33 63 394 375 155 705 7 292 136 770 9 695 83 189 610 530 512 579 130 484 634 552 337 217 132 409 89 429 517 364 31 69 522 5 673 551 369 449 245 456 505 304 542 526 339 262 499 210 799 692 778 
588 672
749 588
307 672
33 307
63 672
394 307
375 63
155 375
705 394
7 155
292 155
136 63
770 705
9 292
695 770
83 9
189 695
610 9
530 83
512 610
579 512
130 579
484 83
634 130
552 484
337 484
217 130
132 634
409 132
89 217
429 132
517 552
364 337
31 89
69 89
522 337
5 364
673 429
551 364
369 409
449 69
245 369
456 5
505 369
304 456
542 505
526 673
339 304
262 245
499 339
210 522
799 526
692 210
778 505
358 457 441 124 
358 457
358 441
358 124
414 563 422 216 691 169 200 195 612 79 311 583 17 30 605 532 74 438 330 203 609 642 417 156 194 697 317 348 
414 563
422 414
216 563
691 414
169 563
200 216
195 216
612 200
79 612
311 691
583 311
17 79
30 169
605 195
532 30
74 583
438 612
330 532
203 605
609 17
642 74
417 609
156 417
194 642
697 609
317 156
348 203
297 453 0 463 635 578 621 421 556 389 626 653 398 639 564 687 589 94 755 293 110 555 397 788 29 559 462 382 22 290 368 686 741 747 548 
297 453
0 453
463 453
635 0
578 463
621 635
421 578
556 421
389 621
626 635
653 626
398 389
639 556
564 389
687 556
589 463
94 589
755 564
293 639
110 463
555 94
397 293
788 110
29 755
559 639
462 559
382 687
22 653
290 29
368 22
686 397
741 368
747 462
548 110
349 690 357 507 528 120 706 249 15 574 712 444 480 133 1 278 553 700 48 318 68 520 527 338 64 163 416 
349 690
357 690
507 357
528 357
120 349
706 357
249 507
15 120
574 706
712 690
444 15
480 249
133 15
1 480
278 133
553 712
700 553
48 278
318 278
68 1
520 318
527 553
338 700
64 1
163 712
416 163
571 740 467 137 410 793 326 599 202 327 393 27 648 525 61 
571 740
467 740
137 467
410 137
793 410
326 410
599 793
202 599
327 326
393 327
27 327
648 327
525 740
61 525
477 654 433 308 627 567 748 362 682 765 534 235 160 411 12 347 481 680 247 585 721 440 709 239 759 173 529 779 688 789 418 344 763 230 693 190 447 598 340 
477 654
433 477
308 433
627 654
567 433
748 627
362 627
682 308
765 682
534 748
235 362
160 567
411 765
12 411
347 235
481 411
680 765
247 534
585 680
721 247
440 347
709 440
239 12
759 585
173 440
529 12
779 759
688 759
789 173
418 239
344 709
763 779
230 585
693 230
190 529
447 789
598 721
340 693
85 415 426 622 503 391 55 144 373 666 232 316 667 105 346 659 295 616 677 576 670 
85 415
426 85
622 415
503 426
391 426
55 85
144 426
373 55
666 144
232 666
316 373
667 144
105 55
346 373
659 503
295 659
616 346
677 503
576 316
670 105
20 486 281 729 768 109 412 565 383 165 
20 486
281 20
729 281
768 486
109 768
412 729
565 412
383 768
165 412
231 508 11 264 298 255 
231 508
11 231
264 231
298 508
255 11
431 681 702 171 473 
431 681
702 473
681 702
171 473
223 584 570 614 738 299 374 597 187 560 181 432 237 106 117 523 38 521 356 658 733 145 
223 584
570 584
614 570
738 614
299 614
374 223
597 374
187 738
560 738
181 299
432 181
237 223
106 187
117 374
523 237
38 237
521 106
356 432
658 523
733 237
145 117
254 790 492 158 633 143 
254 790
492 790
158 254
633 790
143 633
428 460 197 323 291 623 138 248 720 388 272 186 72 277 376 363 294 
428 460
197 428
323 197
291 323
623 291
138 623
248 138
720 248
388 720
272 388
186 388
72 388
277 186
376 277
363 277
294 72
488 744 309 111 543 786 678 494 228 408 221 644 427 166 722 193 282 617 455 
488 744
309 488
111 309
543 744
786 543
678 309
494 678
228 309
408 786
221 408
644 221
427 644
166 543
722 221
193 722
282 166
617 427
455 193
86 392 88 108 581 206 496 580 34 
86 392
88 392
108 86
581 88
206 108
496 108
580 496
34 496
54 140 726 159 244 10 329 56 645 683 669 355 135 280 43 657 739 490 227 717 539 279 434 287 540 466 243 562 45 167 170 406 774 631 483 319 601 92 
54 140
726 140
159 140
244 159
10 244
329 244
56 54
645 726
683 244
669 10
355 140
135 645
280 669
43 280
657 683
739 657
490 669
227 355
717 645
539 739
279 355
434 739
287 135
540 287
466 657
243 739
562 717
45 490
167 243
170 287
406 170
774 279
631 279
483 466
319 774
601 319
92 45
