? 5 295 659 702 183 435 
? 5 212 269 283 736 285 
? 5 34 692 210 655 214 
? 4 358 457 441 298 
? 3 286 473 671 
!
495 698 475 302 443 76 713 771 783 372 606 213 180 387 236 403 593 732 664 643 701 95 735 545 661 343 207 624 164 660 430 93 625 586 198 265 315 65 498 749 331 205 595 354 19 505 619 189 7 778 588 672 369 542 695 155 634 245 409 757 46 224 33 375 307 292 262 705 770 63 394 
495 698
475 698
302 495
443 698
76 302
713 302
771 76
783 475
372 443
606 302
213 372
180 783
387 180
236 372
403 236
593 387
732 403
664 213
643 664
701 732
95 403
735 95
545 643
661 735
343 701
207 545
624 735
164 207
660 207
430 660
93 660
625 164
586 661
198 430
265 586
315 625
65 624
498 65
749 343
331 586
205 315
595 315
354 265
19 354
505 19
619 331
189 205
7 749
778 505
588 749
672 588
369 505
542 369
695 189
155 7
634 65
245 369
409 634
757 19
46 619
224 757
33 672
375 155
307 33
292 155
262 245
705 307
770 705
63 33
394 705
162 178 554 378 342 487 175 370 345 641 103 251 42 550 36 177 21 766 150 419 501 649 769 665 685 390 707 267 139 75 493 679 115 478 71 300 2 524 59 40 148 104 152 386 371 502 182 668 572 96 199 764 448 172 367 471 334 379 52 602 322 260 384 791 271 6 258 594 82 450 677 
162 178
554 178
378 178
342 378
487 554
175 487
370 162
345 370
641 342
103 342
251 487
42 162
550 42
36 103
177 175
21 641
766 345
150 342
419 42
501 150
649 150
769 21
665 21
685 766
390 685
707 390
267 665
139 685
75 419
493 501
679 75
115 550
478 267
71 707
300 115
2 493
524 177
59 524
40 2
148 478
104 2
152 419
386 152
371 71
502 148
182 493
668 300
572 419
96 386
199 478
764 502
448 148
172 524
367 115
471 367
334 471
379 371
52 96
602 502
322 379
260 172
384 172
791 764
271 764
6 572
258 448
594 791
82 40
450 271
677 367
34 692 210 655 214 
34 692
692 210
655 214
34 655
297 453 463 0 578 635 421 621 556 389 653 626 398 639 564 589 687 94 755 555 397 29 110 788 22 
297 453
463 297
0 297
578 463
635 0
421 463
621 635
556 421
389 621
653 635
626 653
398 389
639 556
564 389
589 463
687 556
94 589
755 564
555 589
397 687
29 755
110 555
788 110
22 653
319 
4 377 723 125 519 122 754 536 134 208 746 451 100 557 188 734 760 275 796 57 615 196 259 797 301 380 8 289 772 767 234 91 404 506 351 14 
4 377
723 4
125 723
519 377
122 519
754 377
536 723
134 377
208 134
746 754
451 519
100 746
557 723
188 100
734 536
760 122
275 188
796 754
57 275
615 760
196 451
259 196
797 615
301 796
380 760
8 57
289 259
772 8
767 301
234 275
91 380
404 767
506 234
351 8
14 506
424 670 105 13 316 346 55 591 616 373 576 359 637 
424 670
105 670
13 424
316 105
346 105
55 105
591 13
616 346
373 316
576 316
359 424
637 591
238 587 240 348 684 787 590 325 
238 587
240 238
348 240
684 348
787 684
590 348
325 787
61 538 
61 538
286 473 671 
286 473
473 671
212 269 283 736 285 
212 283
736 285
269 283
269 736
233 604 312 731 479 98 361 219 18 569 632 60 399 305 600 608 781 114 51 157 24 32 611 112 689 385 758 459 270 541 250 70 500 568 246 201 383 241 171 648 486 745 744 16 365 20 228 284 488 756 638 697 309 256 327 675 353 393 328 768 
233 604
312 233
731 312
479 604
98 731
361 604
219 98
18 312
569 731
632 98
60 361
399 18
305 361
600 399
608 219
781 569
114 632
51 608
157 569
24 305
32 24
611 157
112 60
689 112
385 114
758 24
459 611
270 689
541 781
250 608
70 541
500 758
568 459
246 541
201 459
383 246
241 383
171 600
648 112
486 201
745 70
744 250
16 745
365 241
20 486
228 270
284 745
488 744
756 745
638 365
697 383
309 744
256 500
327 648
675 500
353 284
393 648
328 284
768 486
278 318 520 48 133 581 338 700 521 106 143 553 363 86 88 120 277 392 712 444 527 356 15 187 560 580 374 108 376 349 738 690 432 
278 318
520 278
48 318
133 278
581 318
338 278
700 338
521 48
106 521
143 521
553 700
363 581
86 338
88 363
120 133
277 88
392 86
712 553
444 120
527 553
356 363
15 120
187 106
560 187
580 527
374 106
108 86
376 277
349 120
738 560
690 349
432 356
452 737 113 714 676 360 73 146 577 
452 737
113 737
714 452
676 113
360 676
73 714
146 73
577 146
326 410 137 599 467 202 793 27 571 750 740 431 681 525 50 753 211 503 662 
326 410
137 410
599 326
467 137
202 599
793 202
27 599
571 467
750 202
740 571
431 27
681 431
525 740
50 681
753 681
211 50
503 681
662 503
154 401 168 489 23 87 335 242 575 558 561 699 53 439 547 192 179 630 646 141 303 674 513 268 704 276 153 446 3 381 650 25 116 261 274 314 97 603 725 794 546 80 400 350 66 310 504 719 573 151 436 533 149 549 288 613 730 761 724 222 544 716 647 461 126 107 142 497 607 777 121 596 352 752 396 209 313 395 784 81 191 131 776 
154 401
168 154
489 168
23 489
87 489
335 401
242 489
575 335
558 87
561 575
699 335
53 575
439 558
547 53
192 575
179 53
630 699
646 242
141 646
303 141
674 179
513 674
268 646
704 630
276 630
153 646
446 141
3 303
381 276
650 513
25 268
116 446
261 179
274 116
314 25
97 3
603 261
725 650
794 381
546 603
80 650
400 80
350 400
66 350
310 725
504 350
719 274
573 314
151 573
436 546
533 97
149 719
549 533
288 149
613 573
730 436
761 310
724 288
222 533
544 288
716 350
647 549
461 549
126 724
107 724
142 761
497 222
607 544
777 497
121 142
596 647
352 121
752 730
396 126
209 613
313 607
395 777
784 395
81 752
191 313
131 724
776 209
477 654 433 748 567 308 627 682 362 534 765 160 235 680 481 585 12 347 411 709 721 239 247 440 759 173 779 688 789 763 529 418 693 230 344 190 447 598 442 633 340 124 145 597 117 68 272 733 226 39 462 559 237 64 293 
477 654
433 477
748 654
567 433
308 433
627 748
682 308
362 627
534 748
765 682
160 567
235 362
680 682
481 682
585 680
12 682
347 160
411 481
709 235
721 534
239 12
247 721
440 709
759 585
173 440
779 759
688 759
789 173
763 779
529 239
418 239
693 688
230 693
344 709
190 239
447 789
598 721
442 230
633 442
340 442
124 190
145 440
597 344
117 145
68 447
272 247
733 272
226 124
39 145
462 442
559 462
237 733
64 39
293 633
358 457 441 298 
358 457
358 441
358 298
223 584 570 614 299 792 181 780 523 413 38 658 186 618 78 388 715 720 229 72 294 339 1 499 206 304 456 249 
223 584
570 584
614 570
299 614
792 223
181 299
780 792
523 780
413 523
38 413
658 780
186 181
618 658
78 186
388 78
715 78
720 78
229 715
72 388
294 72
339 388
1 614
499 339
206 294
304 72
456 304
249 1
140 726 54 56 159 645 244 329 10 135 683 669 280 355 539 657 717 43 287 490 739 227 540 279 434 562 243 406 466 170 45 631 167 774 601 
140 726
54 140
56 726
159 54
645 726
244 54
329 244
10 244
135 645
683 244
669 10
280 10
355 159
539 56
657 683
717 645
43 10
287 135
490 280
739 657
227 355
540 287
279 227
434 739
562 227
243 739
406 717
466 243
170 406
45 490
631 279
167 243
774 279
601 774
324 425 84 204 101 511 468 727 437 218 99 537 320 483 482 253 58 174 592 161 306 332 741 636 252 118 492 
324 425
84 425
204 425
101 324
511 425
468 101
727 84
437 468
218 727
99 511
537 218
320 511
483 99
482 320
253 483
58 482
174 253
592 537
161 320
306 592
332 161
741 174
636 306
252 482
118 592
492 741
147 742 762 718 127 90 35 785 123 128 77 333 773 782 28 
147 742
762 147
718 147
127 762
90 718
35 742
785 127
123 785
128 90
77 128
333 718
773 128
782 785
28 128
176 469 102 49 420 225 728 257 651 185 41 366 628 341 491 423 516 37 652 514 582 640 470 474 566 26 336 485 620 703 129 696 531 119 629 694 454 47 515 
176 469
102 176
49 176
420 102
225 420
728 225
257 420
651 420
185 49
41 728
366 728
628 651
341 49
491 225
423 257
516 728
37 491
652 185
514 257
582 652
640 423
470 652
474 640
566 37
26 566
336 470
485 582
620 336
703 485
129 26
696 474
531 366
119 485
629 531
694 566
454 336
47 629
515 514
138 248 623 291 220 323 663 656 197 428 184 751 460 711 62 407 552 517 530 5 465 
138 248
623 138
291 623
220 138
323 138
663 248
656 663
197 323
428 197
184 656
751 184
460 428
711 184
62 656
407 62
552 62
517 552
530 407
5 517
465 407
144 667 666 232 775 426 391 85 415 622 
144 667
666 144
232 666
775 667
426 666
391 232
85 426
415 85
622 415
296 743 136 551 364 522 
296 743
136 296
551 136
364 551
522 551
295 659 702 183 435 
183 435
702 435
295 702
295 659
67 476 472 165 535 163 416 795 458 215 510 565 412 254 574 790 109 281 729 496 282 166 
67 476
472 67
165 67
535 67
163 476
416 163
795 472
458 795
215 416
510 416
565 458
412 565
254 565
574 795
790 254
109 412
281 109
729 281
496 510
282 729
166 565
11 231 508 264 798 255 
11 231
508 11
264 231
798 264
255 11
382 686 290 480 747 402 405 273 509 518 92 464 266 44 710 708 321 
382 686
290 382
480 290
747 686
402 747
405 402
273 402
509 405
518 509
92 405
464 518
266 464
44 92
710 273
708 509
321 44
221 644 722 408 193 786 455 427 543 617 111 368 494 678 706 528 357 507 548 
221 644
722 221
408 221
193 722
786 408
455 193
427 644
543 408
617 427
111 786
368 617
494 111
678 494
706 455
528 706
357 528
507 357
548 368
512 579 610 69 9 31 83 484 337 
512 579
610 512
69 579
9 610
31 69
83 9
484 83
337 31
414 422 563 169 216 691 200 799 79 526 311 612 30 195 583 532 17 605 74 438 673 132 330 429 203 609 642 217 194 417 449 156 445 263 158 89 317 130 
414 422
563 422
169 414
216 563
691 414
200 216
799 691
79 216
526 799
311 691
612 79
30 169
195 79
583 311
532 30
17 79
605 195
74 583
438 612
673 526
132 673
330 30
429 132
203 195
609 17
642 74
217 429
194 642
417 609
449 642
156 417
445 194
263 330
158 194
89 217
317 156
130 217
