? 5 306 636 537 525 183 
? 5 34 692 210 206 551 
? 5 616 702 105 576 671 
? 4 146 577 35 77 
? 3 158 215 642 
!
65 498 624 634 735 95 409 7 661 369 130 155 132 505 343 749 701 245 579 512 429 292 542 262 375 778 403 610 732 19 673 236 217 93 588 354 593 526 672 9 265 799 89 387 63 180 224 69 372 422 414 660 81 198 545 83 691 430 33 783 752 563 757 169 443 307 586 31 784 207 395 
65 498
624 65
634 498
735 624
95 735
409 634
7 498
661 735
369 409
130 634
155 7
132 409
505 369
343 7
749 7
701 343
245 369
579 130
512 579
429 132
292 155
542 505
262 245
375 292
778 542
403 95
610 512
732 701
19 778
673 429
236 403
217 429
93 343
588 749
354 19
593 661
526 673
672 588
9 375
265 354
799 526
89 217
387 593
63 672
180 387
224 19
69 89
372 236
422 262
414 422
660 93
81 180
198 660
545 660
83 9
691 799
430 660
33 63
783 180
752 81
563 414
757 224
169 563
443 372
307 33
586 265
31 69
784 586
207 545
395 784
349 690 357 120 507 528 706 15 249 574 712 480 444 755 564 29 398 389 133 290 1 700 278 687 553 382 48 318 68 520 64 338 527 686 556 795 416 163 143 39 510 397 580 581 458 447 521 639 763 421 496 476 621 293 472 145 106 86 67 779 633 789 108 635 117 254 297 392 759 173 688 
349 690
357 349
120 690
507 357
528 507
706 357
15 120
249 507
574 706
712 690
480 249
444 15
755 480
564 755
29 755
398 564
389 398
133 15
290 29
1 444
700 133
278 133
687 290
553 700
382 687
48 278
318 48
68 1
520 318
64 1
338 700
527 553
686 382
556 687
795 574
416 527
163 416
143 64
39 64
510 416
397 686
580 510
581 520
458 795
447 64
521 48
639 397
763 68
421 556
496 580
476 163
621 389
293 639
472 476
145 39
106 521
86 338
67 476
779 763
633 293
789 447
108 86
635 621
117 145
254 458
297 635
392 86
759 779
173 789
688 759
616 702 105 576 671 
105 576
616 105
616 702
702 671
43 280 490 669 45 10 329 244 159 54 355 279 140 683 774 726 657 466 227 483 631 645 739 56 562 
43 280
490 43
669 490
45 490
10 669
329 10
244 10
159 329
54 159
355 159
279 355
140 54
683 244
774 279
726 140
657 683
466 657
227 355
483 466
631 279
645 726
739 657
56 726
562 227
61 
144 667 662 666 232 775 426 334 386 152 471 391 96 85 503 415 52 367 622 115 677 6 538 659 572 300 419 373 681 550 55 42 668 346 295 316 
144 667
662 667
666 667
232 666
775 662
426 666
334 144
386 662
152 386
471 334
391 232
96 386
85 426
503 426
415 85
52 96
367 471
622 415
115 367
677 367
6 52
538 6
659 503
572 6
300 115
419 572
373 622
681 659
550 115
55 373
42 419
668 300
346 55
295 659
316 55
452 737 113 776 714 209 676 131 613 360 73 123 785 
452 737
113 452
776 113
714 737
209 776
676 113
131 776
613 209
360 676
73 676
123 360
785 123
205 315 189 625 595 695 337 522 
205 315
189 205
625 315
595 189
695 189
337 595
522 337
449 534 
449 534
158 215 642 
158 215
158 642
34 692 210 206 551 
34 692
210 206
692 210
210 551
462 559 442 340 747 230 402 693 418 578 680 585 226 463 405 94 124 589 239 190 12 529 160 453 273 765 509 682 518 411 555 266 464 347 0 481 567 308 44 433 710 269 708 736 362 440 321 92 235 212 477 709 654 627 788 601 319 110 548 283 
462 559
442 462
340 442
747 559
230 442
402 747
693 230
418 230
578 559
680 693
585 680
226 418
463 578
405 402
94 405
124 226
589 94
239 418
190 124
12 239
529 190
160 585
453 463
273 226
765 680
509 405
682 765
518 509
411 12
555 589
266 518
464 518
347 160
0 453
481 411
567 765
308 682
44 555
433 567
710 273
269 464
708 509
736 266
362 567
440 347
321 44
92 555
235 440
212 269
477 433
709 440
654 477
627 362
788 92
601 321
319 601
110 788
548 110
283 212
154 401 168 489 87 23 335 242 575 558 561 699 53 439 547 192 630 646 303 141 268 153 3 381 446 25 116 274 314 97 151 573 719 
154 401
168 154
489 168
87 489
23 489
335 401
242 23
575 335
558 87
561 575
699 335
53 575
439 558
547 53
192 699
630 699
646 242
303 561
141 646
268 646
153 646
3 303
381 630
446 141
25 268
116 446
274 116
314 25
97 3
151 314
573 151
719 274
174 253 482 58 167 332 243 320 161 
174 253
482 253
58 482
167 253
332 58
243 167
320 332
161 332
17 79 612 605 195 216 200 438 609 583 417 30 311 74 532 156 330 768 109 
17 79
612 79
605 17
195 605
216 79
200 612
438 612
609 17
583 200
417 609
30 195
311 583
74 583
532 30
156 417
330 30
768 417
109 768
176 469 102 49 225 420 257 651 185 41 728 366 628 491 341 423 37 516 514 652 640 582 470 474 26 336 566 485 620 703 696 129 629 119 531 47 694 454 515 711 656 184 734 91 663 557 767 407 62 465 229 380 536 751 125 723 743 296 301 760 136 404 796 138 323 248 499 530 552 4 394 122 715 720 197 705 770 377 754 220 797 519 78 
176 469
102 469
49 176
225 102
420 102
257 102
651 420
185 49
41 225
728 41
366 728
628 651
491 225
341 49
423 257
37 491
516 728
514 423
652 514
640 423
582 185
470 582
474 640
26 37
336 470
566 26
485 582
620 336
703 485
696 474
129 26
629 516
119 485
531 629
47 629
694 129
454 336
515 514
711 694
656 711
184 711
734 119
91 656
663 656
557 734
767 454
407 515
62 515
465 47
229 767
380 91
536 734
751 184
125 536
723 125
743 465
296 743
301 767
760 380
136 407
404 301
796 301
138 663
323 138
248 138
499 62
530 407
552 62
4 125
394 296
122 723
715 404
720 499
197 323
705 394
770 705
377 4
754 4
220 248
797 760
519 377
78 715
100 746 188 275 208 57 134 234 506 8 14 451 351 772 780 792 196 181 259 570 413 658 523 615 584 289 299 618 388 223 614 432 738 38 560 237 186 187 733 356 339 597 374 376 598 363 88 272 277 72 344 304 294 623 456 
100 746
188 100
275 100
208 275
57 275
134 208
234 275
506 234
8 57
14 506
451 134
351 8
772 8
780 351
792 780
196 451
181 14
259 196
570 14
413 792
658 413
523 413
615 451
584 570
289 259
299 570
618 658
388 181
223 584
614 299
432 181
738 614
38 523
560 738
237 38
186 432
187 738
733 237
356 432
339 388
597 223
374 597
376 186
598 237
363 356
88 363
272 733
277 376
72 376
344 597
304 72
294 72
623 615
456 304
146 577 35 77 
146 577
577 35
35 77
533 549 461 647 222 149 596 46 288 544 619 331 607 313 191 107 126 396 333 724 127 762 718 147 90 742 263 782 
533 549
461 533
647 461
222 461
149 549
596 647
46 596
288 149
544 288
619 46
331 619
607 544
313 607
191 313
107 607
126 107
396 107
333 46
724 126
127 191
762 127
718 762
147 718
90 718
742 147
263 333
782 396
24 32 758 305 361 40 82 500 104 600 2 256 431 233 60 182 604 493 171 675 399 18 312 501 211 112 479 753 50 36 286 756 435 150 689 
24 32
758 24
305 32
361 305
40 32
82 305
500 758
104 40
600 758
2 40
256 500
431 256
233 361
60 361
182 82
604 233
493 2
171 600
675 256
399 600
18 399
312 18
501 493
211 675
112 60
479 60
753 211
50 211
36 501
286 50
756 171
435 50
150 501
689 112
16 284 745 328 353 365 684 70 590 241 638 655 541 325 383 246 348 697 240 787 781 587 238 214 203 28 473 
16 284
745 16
328 284
353 328
365 353
684 328
70 365
590 353
241 365
638 590
655 745
541 241
325 655
383 541
246 541
348 590
697 383
240 348
787 325
781 246
587 240
238 587
214 325
203 348
28 787
473 214
170 406 287 717 441 540 135 358 255 539 798 434 457 11 264 
170 406
287 170
717 406
441 406
540 287
135 540
358 441
255 358
539 135
798 358
434 539
457 798
11 798
264 798
571 740 594 260 791 384 172 467 271 450 764 137 502 524 602 410 59 326 793 448 148 599 665 177 202 769 21 478 267 118 258 175 750 592 393 251 487 641 27 
571 740
594 571
260 594
791 594
384 260
172 384
467 791
271 467
450 271
764 271
137 450
502 764
524 172
602 502
410 137
59 172
326 410
793 410
448 602
148 448
599 326
665 524
177 665
202 599
769 665
21 769
478 148
267 769
118 202
258 448
175 177
750 202
592 118
393 258
251 175
487 251
641 175
27 393
162 178 378 554 342 370 345 103 766 649 390 685 707 139 75 679 71 371 199 322 379 
162 178
378 162
554 378
342 378
370 162
345 370
103 342
766 345
649 342
390 370
685 390
707 390
139 685
75 370
679 75
71 707
371 679
199 649
322 371
379 322
204 425 84 324 727 101 511 468 218 99 
204 425
84 204
324 425
727 84
101 324
511 425
468 101
218 727
99 511
231 508 298 285 437 748 
231 508
298 508
285 298
437 508
748 285
306 636 537 525 183 
306 636
636 537
306 183
306 525
488 744 250 309 111 543 51 608 678 786 494 385 114 228 98 632 219 408 221 166 270 644 
488 744
250 744
309 488
111 309
543 744
51 250
608 51
678 309
786 543
494 678
385 51
114 385
228 309
98 51
632 98
219 608
408 786
221 408
166 543
270 228
644 221
13 591 424 670 637 359 
13 591
424 13
670 424
637 591
359 13
459 611 157 569 568 201 486 20 731 317 535 648 445 327 773 194 128 
459 611
157 611
569 157
568 459
201 459
486 201
20 486
731 569
317 20
535 317
648 731
445 535
327 648
773 568
194 445
128 773
193 455 722 790 565 427 626 653 22 412 617 282 368 729 252 492 165 281 741 
193 455
722 193
790 455
565 790
427 722
626 427
653 626
22 653
412 565
617 427
282 412
368 22
729 282
252 368
492 368
165 412
281 729
741 492
428 460 291 517 5 247 364 484 721 
428 460
291 428
517 291
5 517
247 5
364 5
484 517
721 247
495 698 475 302 76 713 121 771 142 352 606 761 213 310 504 716 350 730 725 664 66 400 643 80 650 546 436 261 513 603 164 704 674 777 276 179 497 794 
495 698
475 698
302 698
76 495
713 302
121 475
771 76
142 121
352 121
606 352
761 142
213 76
310 761
504 761
716 352
350 504
730 310
725 310
664 213
66 350
400 66
643 664
80 400
650 725
546 730
436 546
261 546
513 650
603 261
164 643
704 513
674 513
777 436
276 704
179 674
497 777
794 276
