? 5 13 424 591 637 576 
? 5 27 327 648 228 309 
? 5 510 580 416 215 163 
? 4 214 473 671 359 
? 3 476 535 111 
!
154 401 168 489 87 23 242 558 561 439 646 303 268 141 153 3 446 25 116 314 274 151 573 719 549 533 288 149 613 724 126 544 461 647 607 107 209 396 596 313 131 776 46 782 191 619 127 113 452 737 785 762 360 718 714 333 676 147 742 123 90 35 263 757 19 577 73 77 224 146 773 
154 401
168 154
489 168
87 168
23 168
242 154
558 168
561 401
439 558
646 242
303 561
268 646
141 268
153 646
3 303
446 268
25 268
116 446
314 25
274 116
151 314
573 151
719 274
549 719
533 549
288 719
149 288
613 573
724 288
126 724
544 288
461 549
647 461
607 544
107 724
209 613
396 126
596 461
313 607
131 724
776 209
46 596
782 131
191 313
619 46
127 313
113 776
452 776
737 452
785 782
762 127
360 113
718 762
714 737
333 596
676 360
147 718
742 147
123 360
90 718
35 742
263 333
757 263
19 757
577 123
73 676
77 90
224 757
146 577
773 77
588 672 307 33 63 155 394 375 7 705 292 136 595 9 770 296 695 743 83 189 465 530 610 512 130 579 696 407 47 484 474 634 515 552 531 629 640 628 423 337 31 89 429 514 409 132 217 517 651 62 69 366 364 257 516 420 41 728 5 652 522 551 102 369 673 225 620 505 304 449 336 
588 672
307 672
33 307
63 33
155 588
394 307
375 155
7 155
705 394
292 375
136 63
595 705
9 375
770 705
296 705
695 595
743 296
83 9
189 695
465 743
530 83
610 292
512 610
130 512
579 512
696 136
407 530
47 465
484 530
474 696
634 579
515 407
552 530
531 47
629 531
640 474
628 474
423 640
337 484
31 337
89 31
429 634
514 423
409 634
132 409
217 89
517 552
651 628
62 552
69 89
366 628
364 337
257 423
516 366
420 651
41 516
728 516
5 517
652 514
522 337
551 522
102 651
369 409
673 429
225 728
620 652
505 369
304 5
449 69
336 620
510 580 416 215 163 
416 163
510 580
510 163
580 215
334 471 367 677 503 115 144 667 152 662 386 426 300 666 668 96 85 681 775 232 431 659 415 52 391 
334 471
367 471
677 367
503 471
115 471
144 334
667 144
152 334
662 667
386 152
426 503
300 115
666 667
668 300
96 386
85 426
681 677
775 662
232 666
431 681
659 681
415 85
52 96
391 232
291 
464 518 269 509 266 736 273 405 283 710 589 402 285 94 747 298 508 11 231 463 578 421 264 639 453 556 297 397 457 686 0 687 382 635 290 755 
464 518
269 464
509 464
266 464
736 266
273 266
405 509
283 269
710 266
589 405
402 405
285 736
94 589
747 402
298 285
508 298
11 508
231 11
463 94
578 463
421 578
264 231
639 421
453 463
556 421
297 453
397 639
457 264
686 397
0 453
687 686
382 686
635 453
290 686
755 290
322 379 371 61 525 679 572 71 6 538 685 59 267 
322 379
371 379
61 379
525 61
679 371
572 322
71 679
6 572
538 6
685 71
59 685
267 59
55 373 105 316 346 622 616 670 
55 373
105 55
316 373
346 55
622 373
616 346
670 105
617 702 
617 702
476 535 111 
476 535
476 111
27 327 648 228 309 
327 648
27 327
228 309
27 228
140 726 54 645 159 244 683 329 56 135 10 355 490 669 717 657 227 280 739 43 539 287 540 279 434 562 406 243 170 466 45 774 631 601 167 319 483 441 321 548 92 437 255 99 44 110 788 358 708 555 324 425 212 511 253 468 798 101 174 204 
140 726
54 140
645 726
159 54
244 54
683 244
329 244
56 140
135 645
10 244
355 140
490 10
669 10
717 645
657 683
227 717
280 669
739 657
43 490
539 56
287 645
540 287
279 355
434 739
562 227
406 717
243 739
170 406
466 657
45 43
774 279
631 279
601 774
167 243
319 601
483 466
441 406
321 601
548 45
92 548
437 434
255 562
99 167
44 321
110 548
788 110
358 255
708 321
555 44
324 437
425 324
212 708
511 425
253 483
468 324
798 358
101 324
174 253
204 425
176 469 49 185 491 341 37 582 470 26 566 129 694 454 711 656 184 663 229 751 499 138 248 323 197 715 720 220 623 339 78 428 460 
176 469
49 176
185 49
491 469
341 49
37 491
582 185
470 582
26 37
566 26
129 26
694 129
454 470
711 694
656 26
184 711
663 656
229 454
751 184
499 229
138 663
248 138
323 663
197 323
715 229
720 499
220 248
623 248
339 499
78 715
428 323
460 428
72 294 456 206 210 388 692 34 496 
72 294
456 72
206 294
210 206
388 72
692 210
34 692
496 34
201 486 20 768 281 729 109 282 412 697 165 241 744 365 472 638 488 590 67 
201 486
20 486
768 486
281 20
729 281
109 768
282 729
412 282
697 768
165 412
241 697
744 282
365 241
472 165
638 365
488 744
590 638
67 165
495 698 475 302 76 121 443 142 771 713 352 783 606 761 372 213 180 387 236 81 403 504 310 716 664 732 593 730 350 725 643 66 400 752 80 546 650 95 701 436 545 261 735 661 207 513 603 343 704 164 674 624 777 660 276 794 179 192 430 395 497 784 93 198 630 625 586 547 53 265 222 575 97 498 65 699 381 331 315 749 354 335 205 
495 698
475 698
302 698
76 495
121 698
443 495
142 121
771 76
713 76
352 121
783 475
606 352
761 121
372 443
213 372
180 783
387 180
236 372
81 180
403 236
504 761
310 761
716 606
664 213
732 236
593 81
730 310
350 504
725 504
643 664
66 350
400 350
752 730
80 400
546 730
650 725
95 403
701 732
436 546
545 643
261 546
735 95
661 735
207 545
513 650
603 261
343 701
704 513
164 207
674 704
624 95
777 752
660 207
276 704
794 276
179 674
192 513
430 660
395 777
497 395
784 395
93 660
198 660
630 276
625 207
586 784
547 179
53 179
265 586
222 497
575 53
97 603
498 624
65 498
699 192
381 794
331 586
315 625
749 343
354 265
335 575
205 315
477 654 433 748 627 308 567 362 682 765 534 160 235 12 680 481 347 411 585 721 247 440 709 239 759 529 688 779 173 693 789 763 418 230 190 598 344 447 442 124 340 633 272 597 117 145 68 237 733 226 462 39 293 559 1 
477 654
433 477
748 654
627 748
308 433
567 433
362 627
682 308
765 682
534 748
160 567
235 362
12 765
680 682
481 12
347 235
411 481
585 160
721 534
247 721
440 347
709 440
239 12
759 585
529 411
688 759
779 759
173 440
693 680
789 173
763 779
418 12
230 693
190 529
598 721
344 721
447 789
442 230
124 190
340 442
633 340
272 598
597 344
117 173
145 117
68 763
237 598
733 237
226 124
462 442
39 117
293 633
559 462
1 68
214 473 671 359 
214 671
473 359
214 473
162 178 378 554 342 487 370 641 175 345 251 550 103 42 36 766 21 177 150 769 390 419 665 501 649 75 139 707 
162 178
378 162
554 162
342 378
487 554
370 162
641 342
175 487
345 370
251 487
550 178
103 342
42 550
36 103
766 345
21 175
177 21
150 103
769 21
390 370
419 42
665 769
501 150
649 150
75 419
139 766
707 390
414 422 563 216 691 169 262 200 799 526 311 79 245 30 612 195 583 17 532 542 74 605 438 778 330 203 609 642 417 194 445 317 156 158 587 
414 422
563 414
216 563
691 563
169 563
262 414
200 216
799 691
526 799
311 799
79 216
245 262
30 169
612 79
195 79
583 311
17 612
532 30
542 245
74 583
605 17
438 200
778 542
330 30
203 605
609 438
642 311
417 609
194 642
445 194
317 445
156 317
158 194
587 330
223 584 570 299 614 738 374 187 560 14 181 432 792 106 38 780 413 521 523 658 356 363 143 186 88 618 581 
223 584
570 584
299 223
614 570
738 614
374 223
187 738
560 614
14 299
181 560
432 181
792 584
106 187
38 792
780 792
413 780
521 106
523 413
658 413
356 432
363 356
143 106
186 356
88 363
618 523
581 363
278 520 318 48 133 338 700 553 86 392 527 277 376 108 64 
278 520
318 520
48 318
133 318
338 278
700 338
553 700
86 338
392 86
527 553
277 392
376 392
108 86
64 318
233 604 731 312 479 361 98 18 569 60 219 632 399 305 600 82 608 157 114 51 781 32 24 611 385 758 689 112 459 270 541 246 70 182 568 40 250 500 383 
233 604
731 604
312 233
479 604
361 233
98 731
18 312
569 312
60 361
219 479
632 731
399 18
305 361
600 18
82 305
608 219
157 569
114 632
51 608
781 399
32 305
24 32
611 157
385 114
758 24
689 60
112 689
459 611
270 689
541 781
246 541
70 541
182 82
568 459
40 32
250 608
500 758
383 246
84 727 218 537 320 306 482 592 161 118 58 636 332 750 202 252 741 492 368 494 678 
84 727
218 727
537 218
320 84
306 537
482 320
592 537
161 320
118 592
58 482
636 306
332 161
750 636
202 118
252 482
741 252
492 741
368 492
494 332
678 494
284 328 16 745 353 684 756 325 655 171 
284 328
16 328
745 284
353 328
684 328
756 745
325 684
655 756
171 756
2 493 104 199 478 393 
2 493
104 2
199 493
478 199
393 199
13 424 591 637 576 
424 591
13 424
13 637
13 576
271 450 764 467 137 791 502 602 410 594 571 326 448 740 148 524 260 172 384 258 599 793 
271 450
764 271
467 450
137 450
791 271
502 764
602 502
410 450
594 791
571 594
326 410
448 602
740 571
148 448
524 502
260 594
172 260
384 172
258 448
599 326
793 599
238 240 348 128 787 28 
238 240
348 240
128 238
787 128
28 787
349 690 357 120 507 706 249 528 15 574 444 480 712 564 29 398 389 
349 690
357 349
120 349
507 690
706 357
249 507
528 357
15 120
574 706
444 15
480 249
712 349
564 528
29 480
398 564
389 398
193 455 722 408 221 644 254 790 166 786 565 626 427 543 653 458 795 22 621 
193 455
722 455
408 722
221 408
644 221
254 455
790 254
166 790
786 408
565 166
626 644
427 644
543 166
653 626
458 254
795 458
22 427
621 626
50 211 675 286 753 435 183 295 256 
50 211
675 211
286 211
753 50
435 211
183 435
295 753
256 675
4 377 723 519 125 754 122 536 134 451 746 100 208 188 557 734 760 275 615 796 57 196 797 259 8 119 301 380 289 772 767 234 91 485 506 404 703 351 
4 377
723 4
519 4
125 723
754 377
122 4
536 125
134 377
451 519
746 754
100 746
208 134
188 100
557 723
734 536
760 122
275 100
615 760
796 746
57 275
196 451
797 615
259 196
8 57
119 734
301 796
380 760
289 259
772 8
767 301
234 275
91 380
485 119
506 234
404 301
703 485
351 8
