? 13 149 616 232 206 137 559 547 342 560 308 791 243 228 
? 13 81 247 773 265 568 24 87 776 83 37 75 20 365 
? 12 337 407 42 570 524 54 668 599 675 411 148 532 
? 12 576 729 264 565 153 557 229 473 333 117 421 359 
? 11 280 412 481 167 309 191 357 364 165 630 263 
? 11 445 447 651 734 14 11 386 728 490 375 135 
? 5 284 735 238 420 114 
? 3 22 195 784 
!
141 795 577 286 102 314 772 70 752 260 556 310 661 531 136 495 596 499 43 151 181 47 401 514 376 212 66 44 379 470 600 38 658 700 304 418 618 270 511 404 615 298 257 322 240 465 382 422 793 259 606 757 398 152 
141 795
577 141
286 795
102 577
314 795
772 314
70 102
752 286
260 772
556 286
310 752
661 556
531 772
136 556
495 310
596 70
499 260
43 661
151 43
181 752
47 136
401 499
514 495
376 47
212 514
66 181
44 596
379 514
470 499
600 151
38 66
658 38
700 44
304 700
418 38
618 66
270 658
511 514
404 511
615 404
298 401
257 376
322 618
240 304
465 600
382 322
422 257
793 240
259 322
606 793
757 298
398 511
152 240
576 729 264 565 153 557 229 473 333 117 421 359 
576 729
557 421
229 473
473 117
576 565
264 565
565 153
264 473
117 359
557 333
333 117
445 447 651 734 14 11 386 728 490 375 135 
445 447
728 490
734 14
651 734
445 651
14 728
447 11
11 386
728 135
375 135
280 412 481 167 309 191 357 364 165 630 263 
165 263
280 412
280 481
191 357
412 167
280 309
357 364
364 630
167 191
412 165
13 451 783 416 455 486 763 146 202 614 132 383 494 26 477 679 164 539 189 439 317 701 93 777 140 769 169 143 324 751 672 585 683 101 582 103 778 380 155 329 730 374 574 457 744 626 65 159 192 179 774 366 61 197 609 423 271 28 186 252 541 640 353 712 157 623 131 4 748 190 732 627 674 497 685 76 442 385 381 758 414 
13 451
783 451
416 13
455 451
486 783
763 486
146 13
202 416
614 202
132 455
383 763
494 763
26 783
477 13
679 477
164 26
539 679
189 539
439 132
317 164
701 383
93 701
777 317
140 93
769 539
169 769
143 701
324 143
751 777
672 143
585 169
683 585
101 683
582 777
103 672
778 93
380 101
155 169
329 140
730 751
374 730
574 582
457 374
744 778
626 329
65 626
159 672
192 626
179 103
774 574
366 744
61 179
197 778
609 159
423 609
271 197
28 585
186 179
252 65
541 366
640 423
353 541
712 609
157 712
623 640
131 271
4 353
748 623
190 28
732 190
627 732
674 774
497 252
685 674
76 685
442 190
385 157
381 748
758 627
414 674
81 247 773 265 568 24 87 776 83 37 75 20 365 
87 20
773 568
81 773
87 776
81 247
75 365
37 75
24 75
776 83
568 24
265 24
773 776
22 195 784 
22 195
195 784
588 711 25 162 707 476 540 2 721 85 436 110 724 294 761 779 534 561 482 277 
588 711
25 588
162 711
707 711
476 162
540 707
2 162
721 25
85 721
436 85
110 721
724 540
294 724
761 110
779 2
534 294
561 761
482 761
277 534
284 735 238 420 114 
284 735
284 238
238 420
735 114
507 770 498 500 512 78 620 46 10 665 519 142 306 182 785 204 72 764 193 147 706 479 68 371 18 670 444 368 662 138 759 644 551 3 755 67 450 51 321 515 688 731 610 
507 770
498 507
500 770
512 500
78 512
620 78
46 620
10 507
665 498
519 10
142 665
306 10
182 10
785 306
204 665
72 204
764 46
193 182
147 785
706 764
479 665
68 193
371 706
18 142
670 18
444 147
368 68
662 479
138 479
759 706
644 193
551 147
3 644
755 72
67 3
450 670
51 371
321 551
515 551
688 755
731 688
610 731
241 281 129 341 697 60 347 415 313 727 40 488 272 464 544 94 792 121 523 
241 281
129 241
341 129
697 281
60 341
347 281
415 697
313 60
727 347
40 241
488 727
272 727
464 313
544 313
94 60
792 40
121 792
523 727
278 571 684 300 691 692 693 520 288 518 234 733 95 528 602 516 754 503 293 703 361 177 127 305 
278 571
684 278
300 571
691 571
692 684
693 300
520 693
288 693
518 520
234 518
733 518
95 733
528 288
602 234
516 528
754 528
503 528
293 516
703 733
361 503
177 361
127 602
305 127
185 339 
185 339
337 407 42 570 524 54 668 599 675 411 148 532 
407 570
42 148
668 411
337 407
411 148
54 532
42 570
337 524
675 532
524 599
524 54
244 249 598 403 235 689 63 77 725 583 122 227 799 493 370 156 594 254 720 452 417 690 676 301 702 242 509 367 678 274 
244 249
598 249
403 249
235 403
689 244
63 598
77 403
725 235
583 235
122 244
227 122
799 227
493 583
370 583
156 493
594 370
254 63
720 254
452 720
417 452
690 122
676 417
301 690
702 301
242 702
509 242
367 509
678 367
274 678
97 139 29 634 717 352 287 170 349 388 622 484 569 536 273 166 303 766 687 378 384 513 641 746 613 552 290 469 580 483 387 256 504 340 358 782 521 356 431 331 443 786 424 775 433 360 86 7 743 673 491 696 104 215 348 567 575 373 
97 139
29 139
634 139
717 29
352 717
287 97
170 634
349 287
388 352
622 352
484 388
569 170
536 349
273 29
166 349
303 536
766 166
687 166
378 303
384 569
513 388
641 273
746 766
613 569
552 273
290 613
469 552
580 746
483 469
387 613
256 378
504 513
340 469
358 290
782 687
521 340
356 746
431 256
331 358
443 340
786 331
424 384
775 786
433 504
360 387
86 356
7 431
743 7
673 743
491 673
696 786
104 433
215 443
348 696
567 504
575 360
373 215
9 745 592 501 332 624 601 377 276 722 207 391 402 90 33 434 454 253 307 328 698 768 629 350 194 84 591 648 116 400 88 
9 745
592 745
501 9
332 592
624 501
601 332
377 501
276 601
722 276
207 722
391 601
402 391
90 624
33 377
434 33
454 402
253 33
307 434
328 307
698 207
768 454
629 768
350 307
194 307
84 454
591 84
648 629
116 629
400 84
88 648
149 616 232 206 137 559 547 342 560 308 791 243 228 
616 232
149 232
137 243
206 791
149 206
616 137
243 228
206 547
559 308
137 308
232 342
616 560
160 429 590 710 82 62 699 21 315 448 394 542 325 718 
160 429
590 429
710 590
82 590
62 710
699 82
21 62
315 62
448 699
394 21
542 699
325 542
718 21
245 467 472 282 440 462 89 508 642 208 246 572 345 297 327 597 522 31 562 425 441 369 663 435 463 713 96 343 163 739 686 
245 467
472 467
282 472
440 472
462 440
89 467
508 462
642 89
208 89
246 642
572 282
345 440
297 508
327 572
597 642
522 208
31 297
562 246
425 345
441 345
369 441
663 597
435 425
463 31
713 327
96 663
343 463
163 96
739 343
686 369
267 612 438 705 318 525 682 393 716 789 106 188 351 211 71 396 302 413 
267 612
438 267
705 612
318 705
525 705
682 525
393 525
716 682
789 393
106 789
188 789
351 438
211 188
71 211
396 71
302 396
413 302
266 312 736 200 643 108 173 649 41 533 695 468 295 113 545 355 677 573 738 432 172 798 250 133 581 231 654 680 220 628 23 174 399 650 48 430 781 709 637 344 756 49 543 621 289 362 771 248 563 35 59 653 126 119 742 8 58 395 372 330 210 346 107 130 125 737 336 517 527 669 134 261 726 79 226 635 19 797 213 184 
266 312
736 312
200 736
643 266
108 266
173 108
649 312
41 108
533 649
695 173
468 736
295 41
113 295
545 295
355 41
677 533
573 468
738 573
432 545
172 738
798 695
250 172
133 355
581 133
231 172
654 738
680 695
220 468
628 133
23 250
174 680
399 432
650 174
48 399
430 628
781 220
709 650
637 430
344 781
756 781
49 344
543 628
621 756
289 49
362 637
771 49
248 650
563 362
35 563
59 399
653 59
126 621
119 362
742 543
8 248
58 653
395 289
372 8
330 8
210 653
346 771
107 395
130 395
125 49
737 362
336 125
517 330
527 517
669 210
134 336
261 107
726 346
79 737
226 134
635 261
19 79
797 130
213 19
184 797
45 105 587 408 171 655 50 150 526 611 631 363 427 255 73 52 656 196 554 80 410 466 715 268 123 475 505 657 666 617 109 704 
45 105
587 45
408 587
171 587
655 171
50 408
150 105
526 408
611 655
631 408
363 655
427 150
255 150
73 631
52 50
656 255
196 52
554 171
80 255
410 73
466 196
715 554
268 656
123 410
475 466
505 554
657 268
666 80
617 268
109 666
704 617
214 335 57 487 326 144 489 239 334 564 749 794 258 405 15 187 790 0 285 428 426 529 390 603 161 292 584 510 316 638 787 409 69 115 530 593 112 124 1 219 537 453 203 55 741 485 100 449 128 496 604 320 625 222 546 747 299 178 652 118 578 555 780 480 446 64 262 236 237 458 251 183 660 221 633 224 230 36 311 471 17 217 392 158 53 198 762 753 216 233 667 492 681 647 459 199 32 225 608 176 98 283 91 180 639 659 636 145 175 323 767 723 535 550 111 168 39 595 30 579 760 34 
214 335
57 214
487 335
326 487
144 335
489 57
239 326
334 489
564 335
749 489
794 144
258 564
405 258
15 334
187 239
790 405
0 794
285 489
428 285
426 790
529 426
390 794
603 334
161 390
292 603
584 15
510 426
316 584
638 285
787 405
409 787
69 390
115 510
530 161
593 69
112 0
124 530
1 69
219 316
537 124
453 593
203 453
55 112
741 55
485 187
100 69
449 485
128 449
496 124
604 485
320 537
625 219
222 638
546 100
747 546
299 741
178 203
652 203
118 584
578 409
555 112
780 178
480 118
446 593
64 219
262 453
236 55
237 578
458 237
251 546
183 64
660 251
221 320
633 660
224 299
230 262
36 128
311 780
471 449
17 578
217 251
392 118
158 392
53 221
198 230
762 17
753 230
216 633
233 36
667 555
492 224
681 17
647 53
459 216
199 183
32 217
225 762
608 36
176 492
98 608
283 233
91 471
180 225
639 32
659 639
636 459
145 158
175 780
323 233
767 608
723 198
535 636
550 681
111 175
168 535
39 323
595 283
30 647
579 180
760 535
34 111
632 671 607 549 154 56 566 201 460 406 12 74 765 296 456 694 6 645 354 275 506 338 708 589 548 719 740 205 419 553 502 16 319 92 586 558 478 397 269 389 605 
632 671
607 632
549 671
154 549
56 549
566 56
201 671
460 632
406 460
12 154
74 607
765 56
296 460
456 12
694 456
6 406
645 6
354 201
275 354
506 694
338 694
708 6
589 506
548 275
719 296
740 275
205 719
419 765
553 74
502 354
16 205
319 548
92 419
586 338
558 553
478 502
397 548
269 586
389 6
605 558
27 619 788 646 461 664 5 437 750 223 279 291 218 99 796 209 714 474 538 120 
27 619
788 27
646 27
461 788
664 788
5 788
437 461
750 437
223 750
279 664
291 750
218 291
99 223
796 291
209 279
714 218
474 796
538 474
120 209
