? 13 71 211 396 188 106 789 525 716 265 75 37 24 247 
? 13 447 696 482 445 786 348 761 775 561 290 651 110 277 
? 12 464 544 313 60 375 308 40 559 137 616 149 232 
? 12 294 534 11 721 360 613 85 387 476 575 436 2 
? 11 83 776 87 773 20 81 389 568 579 735 381 
? 11 623 748 630 394 364 192 774 457 674 22 309 
? 5 560 734 14 342 779 
? 3 206 791 697 
!
19 79 213 105 737 45 50 408 526 587 631 52 150 655 611 196 171 605 73 363 427 466 558 410 553 586 269 123 475 338 527 74 719 707 517 330 210 724 540 666 296 506 205 694 711 162 386 109 16 456 588 25 669 607 
19 79
213 79
105 19
737 79
45 105
50 79
408 45
526 408
587 408
631 526
52 526
150 45
655 587
611 408
196 52
171 655
605 611
73 631
363 655
427 150
466 196
558 605
410 73
553 558
586 611
269 586
123 410
475 466
338 586
527 427
74 553
719 123
707 475
517 527
330 517
210 707
724 707
540 707
666 527
296 719
506 338
205 719
694 506
711 707
162 711
386 719
109 527
16 205
456 694
588 711
25 588
669 210
607 74
294 534 11 721 360 613 85 387 476 575 436 2 
721 85
476 436
476 2
360 575
11 360
294 534
534 11
85 436
387 575
294 721
11 613
623 748 630 394 364 192 774 457 674 22 309 
623 748
774 457
748 630
674 22
394 364
192 774
774 22
630 394
623 192
394 309
83 776 87 773 20 81 389 568 579 735 381 
735 381
87 20
773 568
773 81
776 87
20 389
83 776
776 773
568 579
83 381
141 795 577 286 102 314 70 772 752 260 556 310 661 531 136 495 499 596 43 44 47 181 151 514 376 379 38 66 401 700 470 600 304 212 658 418 618 270 615 404 511 298 322 257 240 793 422 382 465 259 606 757 152 321 398 267 438 551 612 351 121 67 339 673 743 3 368 7 68 515 318 705 431 644 491 147 256 393 415 792 682 
141 795
577 141
286 795
102 577
314 795
70 577
772 314
752 286
260 772
556 752
310 752
661 556
531 772
136 556
495 310
499 260
596 70
43 661
44 596
47 136
181 499
151 43
514 495
376 514
379 181
38 181
66 38
401 531
700 596
470 499
600 151
304 700
212 514
658 38
418 66
618 418
270 658
615 514
404 615
511 404
298 401
322 618
257 376
240 304
793 240
422 257
382 322
465 793
259 322
606 240
757 298
152 606
321 257
398 511
267 382
438 267
551 321
612 267
351 298
121 606
67 259
339 152
673 422
743 673
3 67
368 398
7 743
68 368
515 551
318 612
705 318
431 7
644 67
491 673
147 515
256 431
393 705
415 606
792 339
682 705
447 696 482 445 786 348 761 775 561 290 651 110 277 
761 775
348 775
447 696
482 561
696 775
445 561
447 445
696 786
786 290
761 277
482 110
445 651
206 791 697 
206 791
206 697
301 702 690 242 509 367 760 168 122 799 689 244 249 598 403 63 77 235 725 583 
301 702
690 301
242 702
509 242
367 509
760 690
168 760
122 168
799 168
689 799
244 689
249 244
598 249
403 249
63 598
77 598
235 403
725 77
583 235
560 734 14 342 779 
560 734
14 342
734 14
14 779
13 451 783 416 486 763 455 146 614 494 202 26 383 679 132 477 189 164 439 539 317 701 769 93 777 140 169 324 143 751 672 582 683 778 101 103 329 155 380 730 374 574 626 
13 451
783 13
416 13
486 783
763 486
455 451
146 763
614 416
494 763
202 614
26 451
383 763
679 416
132 146
477 679
189 679
164 26
439 132
539 189
317 164
701 383
769 189
93 701
777 317
140 93
169 769
324 701
143 324
751 777
672 143
582 751
683 769
778 140
101 169
103 672
329 93
155 101
380 155
730 751
374 730
574 582
626 329
442 676 758 190 452 627 720 732 28 254 594 370 156 493 179 61 186 159 609 
442 676
758 442
190 758
452 676
627 758
720 452
732 627
28 627
254 452
594 254
370 594
156 370
493 156
179 28
61 179
186 61
159 61
609 159
632 671 549 566 154 201 56 406 460 12 765 645 6 275 354 548 708 589 740 419 502 319 478 92 
632 671
549 671
566 549
154 566
201 671
56 566
406 632
460 406
12 56
765 566
645 406
6 645
275 201
354 201
548 275
708 6
589 12
740 549
419 740
502 354
319 548
478 502
92 419
481 782 
481 782
464 544 313 60 375 308 40 559 137 616 149 232 
616 232
544 313
464 313
149 232
544 60
464 308
464 375
137 616
308 559
308 137
544 40
391 402 454 629 768 84 116 648 400 88 591 263 185 165 421 784 557 333 473 229 117 359 195 114 542 325 76 685 497 414 
391 402
454 391
629 454
768 629
84 454
116 629
648 116
400 84
88 648
591 400
263 116
185 88
165 263
421 400
784 165
557 421
333 557
473 333
229 473
117 473
359 117
195 359
114 117
542 114
325 542
76 325
685 76
497 542
414 685
266 312 736 200 643 108 649 173 695 533 41 355 295 113 468 545 677 573 738 432 798 172 133 250 581 231 654 628 220 680 23 48 174 399 430 781 637 650 709 756 344 49 543 621 289 362 59 248 771 35 563 126 119 653 58 742 8 372 
266 312
736 312
200 736
643 736
108 266
649 312
173 108
695 173
533 649
41 173
355 41
295 355
113 295
468 200
545 295
677 533
573 295
738 573
432 295
798 695
172 738
133 355
250 738
581 133
231 172
654 250
628 581
220 468
680 133
23 654
48 432
174 680
399 48
430 581
781 220
637 430
650 680
709 650
756 781
344 220
49 344
543 628
621 756
289 677
362 637
59 654
248 650
771 49
35 362
563 362
126 756
119 362
653 23
58 653
742 543
8 248
372 8
5 731 688 610 461 788 646 27 619 291 664 750 437 796 218 474 279 538 223 209 714 450 413 99 302 120 274 420 51 365 678 
5 731
688 731
610 731
461 5
788 461
646 788
27 788
619 27
291 610
664 788
750 291
437 750
796 291
218 291
474 796
279 664
538 474
223 437
209 279
714 218
450 538
413 538
99 223
302 538
120 209
274 99
420 120
51 120
365 420
678 274
71 211 396 188 106 789 525 716 265 75 37 24 247 
71 211
789 525
71 396
188 789
188 106
75 37
75 24
265 24
211 106
265 247
525 716
211 265
353 541 4 197 366 744 131 429 271 252 423 65 315 640 
353 541
4 353
197 541
366 541
744 366
131 197
429 4
271 197
252 366
423 271
65 252
315 131
640 423
507 770 498 500 512 78 620 46 10 665 519 142 182 306 204 785 72 764 373 706 215 193 479 18 662 371 444 759 138 670 755 
507 770
498 507
500 770
512 500
78 512
620 500
46 620
10 507
665 498
519 10
142 665
182 10
306 10
204 665
785 306
72 204
764 46
373 764
706 764
215 373
193 182
479 665
18 142
662 665
371 706
444 785
759 371
138 479
670 18
755 72
337 407 42 385 54 570 524 668 599 397 148 675 411 157 712 532 284 238 
337 407
42 407
385 407
54 337
570 42
524 54
668 42
599 570
397 599
148 668
675 524
411 148
157 385
712 157
532 54
284 532
238 599
245 467 472 440 282 89 508 208 462 345 642 572 246 297 597 327 522 31 713 562 369 425 441 435 96 663 463 343 163 739 90 565 686 657 328 307 350 624 448 617 704 268 194 434 82 715 576 718 207 505 699 698 167 377 191 33 722 21 729 501 153 264 253 9 412 554 80 276 357 710 590 656 601 62 255 332 745 280 592 160 
245 467
472 467
440 472
282 472
89 245
508 245
208 89
462 508
345 472
642 89
572 282
246 642
297 508
597 642
327 572
522 297
31 297
713 327
562 572
369 462
425 345
441 369
435 425
96 597
663 597
463 297
343 463
163 96
739 343
90 441
565 522
686 90
657 562
328 435
307 435
350 307
624 686
448 565
617 327
704 617
268 657
194 328
434 194
82 163
715 657
576 565
718 96
207 624
505 715
699 448
698 739
167 704
377 686
191 505
33 434
722 207
21 718
729 576
501 624
153 565
264 153
253 33
9 501
412 167
554 505
80 268
276 722
357 191
710 82
590 710
656 80
601 276
62 710
255 656
332 276
745 9
280 412
592 745
160 590
352 717 622 388 29 634 139 484 97 170 273 569 513 287 349 552 469 641 521 384 504 340 378 483 536 303 433 104 166 443 424 567 
352 717
622 352
388 352
29 717
634 352
139 29
484 388
97 139
170 97
273 29
569 170
513 388
287 97
349 287
552 273
469 552
641 552
521 469
384 569
504 513
340 469
378 641
483 552
536 378
303 536
433 513
104 433
166 536
443 340
424 384
567 504
214 335 57 487 326 144 749 489 239 15 564 334 405 794 258 790 0 285 187 426 390 428 603 510 529 584 161 787 292 638 316 409 115 593 530 1 69 124 112 453 219 55 537 741 100 449 485 203 625 128 178 320 222 496 604 747 652 546 578 183 118 555 299 446 262 64 480 236 237 780 251 224 458 660 230 221 471 36 17 311 633 158 217 198 392 762 753 233 225 53 216 492 647 199 667 681 459 32 98 176 180 283 91 639 608 659 145 323 636 39 767 175 550 723 595 30 111 535 34 585 227 417 
214 335
57 335
487 214
326 487
144 214
749 326
489 749
239 326
15 489
564 15
334 489
405 564
794 144
258 405
790 564
0 794
285 749
187 239
426 790
390 144
428 285
603 334
510 426
529 510
584 334
161 390
787 529
292 603
638 428
316 584
409 787
115 529
593 161
530 161
1 593
69 1
124 530
112 0
453 593
219 316
55 112
537 124
741 55
100 69
449 187
485 449
203 453
625 219
128 449
178 203
320 537
222 625
496 124
604 485
747 100
652 203
546 747
578 787
183 219
118 183
555 112
299 741
446 593
262 446
64 183
480 118
236 55
237 578
780 178
251 546
224 299
458 237
660 251
230 262
221 320
471 604
36 128
17 578
311 780
633 660
158 458
217 251
198 230
392 158
762 17
753 230
233 36
225 762
53 221
216 633
492 224
647 53
199 480
667 53
681 17
459 216
32 217
98 36
176 492
180 762
283 233
91 471
639 32
608 36
659 639
145 392
323 233
636 459
39 323
767 608
175 311
550 681
723 198
595 283
30 647
111 175
535 753
34 30
585 767
227 636
417 659
571 684 278 691 300 692 184 797 261 130 635 107 693 395 226 520 134 336 125 288 518 726 95 346 733 234 602 528 516 754 293 503 703 361 127 177 305 728 490 135 547 
571 684
278 684
691 571
300 571
692 684
184 692
797 184
261 692
130 184
635 261
107 261
693 300
395 107
226 635
520 226
134 226
336 134
125 336
288 520
518 336
726 518
95 726
346 726
733 518
234 733
602 234
528 602
516 528
754 516
293 516
503 528
703 733
361 503
127 516
177 361
305 127
728 703
490 728
135 177
547 135
272 727 488 347 86 523 356 580 228 746 281 94 129 241 243 358 766 341 687 331 
272 727
488 727
347 488
86 272
523 272
356 86
580 356
228 523
746 356
281 347
94 228
129 281
241 281
243 94
358 580
766 746
341 129
687 766
331 358
