? 13 102 577 141 596 700 44 304 240 793 465 606 152 121 
? 13 24 37 75 568 420 81 247 265 773 567 104 575 360 
? 12 277 534 294 348 11 561 110 342 149 206 547 7 
? 12 391 402 601 454 629 768 84 648 116 400 591 88 
? 11 177 361 503 528 135 791 559 375 40 792 339 
? 11 423 640 609 131 630 315 62 394 710 21 718 
? 5 165 784 421 263 557 
? 3 698 739 185 
!
13 451 416 783 763 486 455 146 614 202 494 132 26 679 383 477 539 164 189 317 701 143 777 769 140 169 324 93 751 672 683 585 582 103 101 730 380 329 778 155 374 574 626 457 192 744 65 159 179 774 366 197 271 28 
13 451
416 13
783 451
763 13
486 783
455 451
146 763
614 416
202 416
494 455
132 494
26 783
679 614
383 494
477 783
539 679
164 26
189 539
317 164
701 383
143 701
777 317
769 539
140 701
169 769
324 143
93 140
751 777
672 143
683 769
585 683
582 777
103 672
101 683
730 751
380 101
329 140
778 93
155 101
374 730
574 582
626 329
457 374
192 626
744 778
65 192
159 672
179 103
774 457
366 744
197 744
271 197
28 155
391 402 601 454 629 768 84 648 116 400 591 88 
648 88
84 400
629 768
629 116
391 402
84 591
768 400
391 601
454 768
391 454
648 116
423 640 609 131 630 315 62 394 710 21 718 
423 609
62 710
640 609
21 718
640 630
315 62
315 394
394 21
640 131
630 315
177 361 503 528 135 791 559 375 40 792 339 
792 339
361 528
40 792
361 503
177 361
177 135
135 791
791 559
559 375
375 40
19 79 213 105 45 737 50 119 563 408 587 362 526 35 631 637 742 150 52 655 171 611 196 430 605 73 427 543 466 255 558 399 48 363 656 410 59 628 586 133 269 553 475 123 581 80 554 113 355 432 715 58 295 268 338 41 545 174 654 248 74 527 680 657 719 707 653 372 505 210 23 250 540 724 694 205 296 330 666 517 711 
19 79
213 19
105 19
45 105
737 19
50 79
119 50
563 119
408 45
587 408
362 563
526 408
35 362
631 526
637 362
742 637
150 742
52 50
655 587
171 655
611 655
196 52
430 637
605 611
73 631
427 150
543 742
466 196
255 150
558 611
399 35
48 399
363 611
656 255
410 73
59 399
628 430
586 363
133 628
269 586
553 558
475 466
123 410
581 628
80 427
554 363
113 399
355 581
432 113
715 554
58 59
295 113
268 715
338 586
41 355
545 432
174 628
654 432
248 174
74 553
527 248
680 174
657 268
719 123
707 58
653 58
372 248
505 554
210 653
23 654
250 23
540 707
724 540
694 338
205 719
296 719
330 372
666 527
517 372
711 707
24 37 75 568 420 81 247 265 773 567 104 575 360 
247 104
265 567
75 420
37 420
568 773
81 773
575 360
81 247
24 75
24 568
24 265
104 575
698 739 185 
698 739
698 185
442 676 758 190 452 627 720 732 254 63 598 77 725 689 594 370 583 235 249 156 
442 676
758 676
190 442
452 676
627 758
720 452
732 627
254 452
63 254
598 63
77 63
725 77
689 598
594 725
370 594
583 725
235 583
249 77
156 370
165 784 421 263 557 
165 263
421 557
784 263
784 557
97 139 29 634 717 352 170 287 388 349 622 569 484 273 536 303 378 166 641 766 384 687 746 513 613 290 580 469 552 387 483 521 504 358 256 356 782 331 340 431 424 433 786 
97 139
29 139
634 97
717 29
352 717
170 634
287 139
388 352
349 287
622 717
569 170
484 352
273 622
536 349
303 536
378 303
166 536
641 273
766 166
384 569
687 766
746 766
513 388
613 569
290 613
580 746
469 273
552 469
387 613
483 469
521 273
504 513
358 580
256 303
356 580
782 687
331 358
340 469
431 256
424 384
433 504
786 331
71 211 396 106 789 393 525 705 682 716 351 401 298 757 772 531 314 678 365 
71 211
396 71
106 71
789 106
393 789
525 789
705 525
682 525
716 682
351 716
401 351
298 401
757 298
772 401
531 772
314 772
678 396
365 678
5 731 788 461 619 646 27 291 796 664 750 437 218 474 279 538 223 209 714 413 99 302 120 274 
5 731
788 5
461 788
619 461
646 788
27 646
291 5
796 291
664 646
750 291
437 750
218 291
474 796
279 664
538 474
223 750
209 279
714 218
413 474
99 223
302 538
120 209
274 99
191 367 
191 367
277 534 294 348 11 561 110 342 149 206 547 7 
277 534
277 294
294 348
534 11
149 206
206 547
348 561
561 110
342 149
110 342
348 7
325 542 114 497 76 685 414 359 229 252 153 117 699 473 674 22 264 448 195 4 565 429 353 333 160 590 576 541 729 82 
325 542
114 325
497 542
76 325
685 76
414 685
359 114
229 114
252 497
153 229
117 359
699 153
473 229
674 414
22 674
264 153
448 699
195 359
4 497
565 448
429 4
353 4
333 473
160 429
590 429
576 264
541 353
729 576
82 590
404 615 511 212 379 514 257 398 418 422 495 376 310 551 181 618 322 38 321 368 259 66 382 68 658 752 556 47 136 515 270 3 67 193 306 499 470 147 182 661 673 785 43 260 644 612 444 286 10 318 267 151 600 491 743 438 70 795 
404 615
511 404
212 615
379 212
514 212
257 615
398 404
418 379
422 257
495 514
376 514
310 495
551 398
181 418
618 418
322 618
38 618
321 551
368 398
259 322
66 38
382 322
68 368
658 38
752 310
556 495
47 376
136 556
515 551
270 658
3 398
67 3
193 68
306 68
499 66
470 499
147 551
182 193
661 136
673 515
785 306
43 661
260 499
644 67
612 259
444 147
286 556
10 182
318 612
267 612
151 43
600 151
491 673
743 673
438 267
70 286
795 286
507 770 500 498 78 512 620 46 665 519 142 72 764 204 373 18 215 706 479 371 662 443 138 759 670 755 51 450 688 610 188 
507 770
500 770
498 507
78 500
512 500
620 78
46 620
665 512
519 507
142 665
72 665
764 46
204 72
373 764
18 142
215 373
706 764
479 665
371 706
662 479
443 215
138 479
759 371
670 18
755 204
51 371
450 670
688 755
610 138
188 18
102 577 141 596 700 44 304 240 793 465 606 152 121 
700 44
577 141
700 304
606 121
102 577
596 44
152 121
304 793
793 465
304 240
240 152
102 596
227 799 168 122 760 244 403 690 301 702 493 242 509 34 
227 799
168 799
122 799
760 168
244 122
403 244
690 760
301 690
702 301
493 403
242 702
509 242
34 509
245 467 472 282 440 246 462 89 508 208 642 572 345 597 297 327 522 31 713 425 441 369 562 463 435 96 663 163 90 343 328 
245 467
472 467
282 472
440 467
246 282
462 440
89 246
508 462
208 89
642 246
572 282
345 440
597 642
297 508
327 572
522 297
31 297
713 327
425 345
441 425
369 441
562 246
463 31
435 425
96 597
663 597
163 96
90 369
343 463
328 425
337 407 570 42 385 668 54 411 148 157 712 532 284 735 579 748 381 623 
337 407
570 337
42 407
385 407
668 42
54 385
411 668
148 411
157 385
712 157
532 54
284 532
735 532
579 148
748 532
381 735
623 748
266 312 736 200 643 108 649 173 533 468 695 573 738 798 677 172 231 220 781 709 650 344 756 289 49 621 771 8 395 126 346 107 125 130 261 336 669 226 134 726 518 733 184 797 779 635 703 692 109 95 520 2 309 490 162 476 728 684 234 602 278 588 571 693 25 14 300 127 288 436 85 691 280 516 481 754 305 293 412 721 
266 312
736 312
200 736
643 312
108 266
649 266
173 108
533 649
468 643
695 173
573 468
738 573
798 695
677 468
172 573
231 172
220 468
781 220
709 798
650 709
344 781
756 781
289 677
49 344
621 756
771 49
8 650
395 289
126 621
346 771
107 395
125 49
130 395
261 107
336 125
669 126
226 336
134 336
726 134
518 726
733 726
184 130
797 184
779 669
635 107
703 733
692 261
109 8
95 733
520 134
2 669
309 109
490 703
162 2
476 162
728 490
684 692
234 95
602 234
278 684
588 162
571 278
693 520
25 588
14 779
300 278
127 602
288 693
436 25
85 436
691 571
280 309
516 602
481 280
754 516
305 127
293 516
412 280
721 85
488 727 272 347 523 86 228 129 281 241 94 243 341 651 60 697 137 415 445 308 313 560 696 447 761 482 734 775 464 544 232 616 
488 727
272 727
347 727
523 272
86 272
228 523
129 347
281 129
241 281
94 228
243 228
341 129
651 228
60 341
697 281
137 243
415 697
445 651
308 60
313 341
560 137
696 445
447 696
761 445
482 761
734 560
775 447
464 313
544 464
232 137
616 232
214 335 57 487 326 144 489 749 405 239 790 564 334 15 258 428 794 426 187 0 285 390 161 529 292 603 510 316 115 787 409 584 530 638 593 69 124 112 1 219 203 537 453 55 741 100 485 449 128 625 320 747 604 178 496 222 652 546 578 299 446 555 118 237 480 262 458 64 780 236 660 251 221 224 183 311 230 36 471 633 17 217 392 158 762 753 198 233 216 667 53 492 199 647 225 32 608 681 459 176 98 283 180 639 91 175 659 111 636 145 767 323 39 30 723 595 550 417 186 439 535 61 
214 335
57 214
487 335
326 214
144 214
489 57
749 489
405 335
239 326
790 405
564 405
334 489
15 334
258 564
428 749
794 144
426 790
187 239
0 794
285 428
390 794
161 390
529 426
292 334
603 334
510 426
316 15
115 426
787 790
409 426
584 15
530 161
638 285
593 390
69 593
124 530
112 0
1 69
219 316
203 593
537 530
453 593
55 112
741 115
100 1
485 100
449 485
128 449
625 219
320 537
747 100
604 485
178 203
496 124
222 625
652 453
546 747
578 787
299 741
446 453
555 112
118 316
237 578
480 118
262 446
458 237
64 219
780 178
236 55
660 546
251 660
221 320
224 299
183 64
311 780
230 262
36 128
471 449
633 660
17 578
217 251
392 480
158 392
762 578
753 230
198 230
233 36
216 633
667 555
53 221
492 224
199 118
647 53
225 762
32 217
608 36
681 17
459 216
176 492
98 608
283 233
180 762
639 32
91 471
175 780
659 639
111 647
636 459
145 392
767 98
323 233
39 323
30 647
723 198
595 283
550 681
417 659
186 199
439 595
535 636
61 186
632 671 607 549 56 154 201 566 406 460 765 12 645 456 6 506 275 354 708 589 740 419 548 16 319 502 92 478 397 20 389 675 386 599 776 238 524 364 357 87 83 
632 671
607 632
549 671
56 549
154 56
201 671
566 56
406 607
460 406
765 56
12 765
645 406
456 12
6 645
506 456
275 201
354 201
708 6
589 506
740 275
419 765
548 275
16 708
319 275
502 354
92 419
478 502
397 319
20 6
389 708
675 740
386 16
599 397
776 502
238 478
524 675
364 92
357 364
87 776
83 87
307 350 194 434 33 253 377 686 167 624 704 617 501 9 745 722 207 332 592 276 
307 350
194 350
434 307
33 194
253 33
377 33
686 377
167 307
624 686
704 167
617 704
501 377
9 501
745 9
722 9
207 722
332 722
592 745
276 722
