? 13 304 700 375 308 298 340 757 351 521 716 513 106 504 
? 13 104 247 81 773 433 265 567 365 51 120 450 474 538 
? 12 280 412 481 167 704 309 109 666 617 194 328 350 
? 12 117 473 359 114 229 195 333 264 153 557 576 729 
? 11 71 211 396 302 413 714 21 718 82 657 699 
? 11 84 400 768 591 421 629 784 116 165 263 648 
? 5 88 185 377 343 565 
? 3 33 253 434 
!
266 312 736 200 643 108 649 173 533 695 468 573 677 798 738 172 250 231 680 174 220 23 650 781 709 756 344 49 289 621 771 653 126 248 8 372 395 210 330 107 346 130 125 517 336 527 669 134 726 518 261 797 635 184 
266 312
736 312
200 736
643 312
108 266
649 312
173 108
533 649
695 173
468 200
573 468
677 468
798 695
738 573
172 573
250 172
231 172
680 695
174 680
220 468
23 231
650 680
781 220
709 650
756 781
344 220
49 344
289 49
621 756
771 344
653 23
126 621
248 650
8 248
372 8
395 289
210 653
330 372
107 395
346 771
130 107
125 49
517 372
336 125
527 517
669 210
134 336
726 134
518 726
261 107
797 130
635 107
184 797
117 473 359 114 229 195 333 264 153 557 576 729 
576 729
359 114
473 229
117 473
264 576
114 229
264 153
473 264
333 557
117 333
359 195
84 400 768 591 421 629 784 116 165 263 648 
84 400
768 629
629 116
165 263
84 591
629 165
400 768
784 263
591 421
116 648
71 211 396 302 413 714 21 718 82 657 699 
71 211
71 396
302 413
21 718
21 82
396 302
82 699
413 714
718 657
714 21
13 451 416 783 486 146 763 614 202 383 679 26 477 164 189 539 317 701 93 777 169 140 767 608 769 751 585 582 683 101 329 730 155 380 778 98 374 574 457 744 192 626 65 774 366 28 252 541 91 353 131 449 4 674 627 732 190 442 497 685 471 76 758 22 414 429 676 160 485 417 542 604 325 590 315 62 720 452 659 710 32 
13 451
416 13
783 13
486 783
146 13
763 486
614 416
202 614
383 763
679 416
26 783
477 679
164 26
189 679
539 189
317 164
701 383
93 701
777 317
169 189
140 93
767 169
608 767
769 169
751 777
585 767
582 777
683 585
101 769
329 93
730 751
155 101
380 155
778 93
98 585
374 751
574 582
457 374
744 778
192 329
626 192
65 192
774 574
366 744
28 683
252 192
541 366
91 28
353 541
131 541
449 91
4 353
674 774
627 28
732 627
190 627
442 627
497 252
685 674
471 449
76 685
758 627
22 674
414 685
429 4
676 442
160 429
485 449
417 676
542 685
604 485
325 542
590 429
315 131
62 590
720 417
452 720
659 417
710 590
32 659
104 247 81 773 433 265 567 365 51 120 450 474 538 
104 247
247 433
265 567
81 433
81 773
474 538
365 120
450 538
567 51
81 265
265 365
120 538
33 253 434 
33 253
33 434
415 697 281 241 129 121 606 727 341 40 792 793 152 339 60 313 240 94 544 464 
415 697
281 697
241 281
129 241
121 697
606 121
727 281
341 129
40 121
792 40
793 606
152 121
339 792
60 341
313 341
240 152
94 60
544 313
464 544
88 185 377 343 565 
88 185
343 565
377 343
88 343
278 684 571 691 300 692 693 226 520 288 95 733 234 602 528 516 754 503 703 293 361 127 177 305 490 728 135 547 779 791 342 206 14 2 149 232 616 559 476 436 162 734 560 
278 684
571 684
691 571
300 278
692 684
693 300
226 693
520 226
288 693
95 520
733 95
234 95
602 234
528 234
516 528
754 516
503 528
703 733
293 516
361 503
127 516
177 361
305 127
490 703
728 490
135 177
547 305
779 490
791 547
342 728
206 547
14 342
2 779
149 206
232 149
616 232
559 791
476 2
436 476
162 476
734 14
560 232
27 788 619 646 461 5 688 664 731 667 610 437 750 279 291 223 218 796 209 
27 788
619 27
646 27
461 788
5 461
688 5
664 646
731 5
667 27
610 5
437 461
750 437
279 664
291 750
223 750
218 291
796 291
209 279
507 770 500 498 512 78 620 46 665 142 204 72 764 215 479 18 706 371 662 443 759 138 670 755 
507 770
500 770
498 507
512 500
78 512
620 500
46 620
665 512
142 665
204 665
72 204
764 46
215 764
479 665
18 142
706 764
371 706
662 479
443 215
759 371
138 479
670 18
755 72
307 448 
307 448
280 412 481 167 704 309 109 666 617 194 328 350 
167 617
194 328
109 666
704 617
280 412
194 350
309 109
280 481
412 167
280 309
412 328
287 349 166 139 536 97 766 687 29 303 746 378 634 170 717 782 356 352 641 622 388 273 484 569 272 469 488 552 347 384 
287 349
166 349
139 287
536 166
97 139
766 166
687 766
29 139
303 536
746 766
378 303
634 139
170 634
717 29
782 687
356 746
352 717
641 378
622 717
388 352
273 641
484 388
569 170
272 356
469 273
488 272
552 469
347 488
384 569
19 79 105 213 737 45 50 408 563 587 119 362 526 35 52 742 637 150 631 171 611 430 655 605 73 196 543 427 255 399 558 656 48 466 363 59 553 410 628 586 475 133 581 123 269 80 113 554 432 355 545 295 268 58 715 338 41 654 
19 79
105 19
213 19
737 19
45 105
50 79
408 45
563 737
587 408
119 563
362 563
526 50
35 362
52 526
742 737
637 362
150 105
631 526
171 587
611 631
430 637
655 171
605 611
73 631
196 52
543 742
427 150
255 427
399 35
558 611
656 255
48 399
466 196
363 611
59 399
553 558
410 73
628 430
586 363
475 466
133 628
581 628
123 410
269 363
80 656
113 399
554 269
432 113
355 581
545 432
295 113
268 656
58 59
715 554
338 586
41 355
654 432
230 753 262 198 446 535 168 760 652 723 203 799 453 636 227 459 122 178 216 593 633 1 311 69 780 161 689 690 100 546 660 
230 753
262 230
198 753
446 262
535 753
168 535
760 535
652 262
723 760
203 652
799 168
453 203
636 799
227 799
459 636
122 535
178 203
216 459
593 453
633 216
1 593
311 178
69 1
780 178
161 453
689 459
690 723
100 69
546 100
660 546
304 700 375 308 298 340 757 351 521 716 513 106 504 
513 504
304 700
375 308
298 757
298 351
521 504
340 521
351 716
716 106
304 375
700 340
700 298
276 722 207 601 332 624 391 9 592 402 501 745 454 698 
276 722
207 722
601 276
332 722
624 722
391 601
9 624
592 332
402 391
501 9
745 9
454 402
698 207
245 467 472 282 440 462 246 508 89 208 572 345 642 597 327 522 297 31 425 369 562 713 435 663 441 463 96 163 686 90 739 
245 467
472 467
282 472
440 245
462 440
246 467
508 462
89 246
208 89
572 282
345 472
642 89
597 246
327 572
522 208
297 508
31 297
425 345
369 508
562 572
713 327
435 425
663 597
441 369
463 297
96 642
163 89
686 369
90 686
739 463
244 249 403 598 235 77 63 725 583 370 493 156 594 217 639 254 251 747 
244 249
403 249
598 249
235 403
77 235
63 598
725 235
583 235
370 583
493 583
156 493
594 370
217 63
639 217
254 639
251 217
747 251
404 615 212 511 514 379 257 418 398 422 495 376 551 310 321 181 38 322 618 66 259 68 368 382 658 47 752 556 136 67 515 3 270 499 306 193 182 661 673 43 147 260 470 785 444 644 10 612 491 267 600 151 286 318 438 743 70 772 795 705 141 7 577 393 519 102 314 44 401 525 682 596 531 789 483 373 431 465 188 256 
404 615
212 615
511 615
514 212
379 615
257 212
418 379
398 404
422 257
495 514
376 514
551 511
310 495
321 551
181 418
38 181
322 418
618 322
66 38
259 322
68 398
368 68
382 322
658 618
47 376
752 310
556 495
136 556
67 259
515 551
3 67
270 618
499 38
306 368
193 368
182 193
661 136
673 515
43 661
147 515
260 499
470 499
785 306
444 515
644 67
10 182
612 259
491 673
267 612
600 43
151 43
286 556
318 612
438 267
743 673
70 661
772 260
795 286
705 318
141 795
7 743
577 141
393 705
519 644
102 577
314 772
44 151
401 470
525 705
682 525
596 44
531 772
789 525
483 444
373 444
431 7
465 600
188 789
256 431
632 671 607 549 154 56 201 566 406 74 460 765 12 456 6 645 694 506 708 589 419 92 389 20 364 776 357 87 394 191 424 505 
632 671
607 632
549 671
154 549
56 549
201 671
566 56
406 632
74 607
460 406
765 56
12 765
456 12
6 406
645 6
694 456
506 694
708 6
589 506
419 765
92 419
389 708
20 389
364 92
776 20
357 364
87 776
394 364
191 357
424 389
505 191
118 480 392 158 458 183 199 64 237 316 219 584 385 145 407 578 15 42 564 337 186 258 61 225 405 762 625 334 787 668 180 179 570 148 157 411 603 409 712 292 54 489 510 17 579 115 790 529 222 524 426 103 638 681 428 599 285 335 741 214 57 299 749 532 397 609 675 319 423 748 224 284 159 439 672 238 55 548 623 487 550 735 640 326 283 595 239 381 144 275 143 354 233 0 112 187 478 794 492 420 37 236 568 740 630 324 132 128 24 75 36 502 271 390 83 39 323 197 555 176 494 455 
118 480
392 480
158 392
458 480
183 118
199 183
64 183
237 458
316 64
219 316
584 316
385 199
145 158
407 385
578 237
15 584
42 145
564 15
337 407
186 199
258 564
61 186
225 578
405 564
762 225
625 219
334 15
787 405
668 42
180 762
179 61
570 42
148 668
157 186
411 668
603 334
409 787
712 157
292 603
54 337
489 334
510 409
17 762
579 180
115 510
790 510
529 510
222 625
524 54
426 510
103 179
638 292
681 17
428 638
599 570
285 428
335 489
741 115
214 335
57 214
299 741
749 285
532 54
397 524
609 712
675 524
319 397
423 609
748 532
224 299
284 532
159 609
439 222
672 103
238 599
55 299
548 319
623 748
487 214
550 681
735 532
640 748
326 487
283 439
595 283
239 326
381 748
144 214
275 548
143 672
354 275
233 283
0 144
112 55
187 239
478 238
794 144
492 224
420 550
37 420
236 55
568 37
740 675
630 735
324 143
132 439
128 285
24 37
75 24
36 128
502 478
271 159
390 144
83 502
39 233
323 39
197 271
555 112
176 492
494 132
455 494
588 711 707 25 540 721 85 110 724 294 561 534 761 482 277 445 348 775 447 696 11 786 651 331 290 613 360 386 358 719 575 387 137 205 16 523 580 86 228 243 296 
588 711
707 588
25 588
540 707
721 25
85 721
110 721
724 540
294 724
561 721
534 294
761 561
482 761
277 534
445 482
348 561
775 348
447 445
696 447
11 277
786 696
651 445
331 786
290 786
613 290
360 11
386 11
358 331
719 386
575 360
387 360
137 651
205 719
16 205
523 651
580 358
86 580
228 137
243 228
296 719
301 702 242 175 509 367 111 678 34 647 496 30 274 124 99 537 530 320 221 53 
301 702
242 702
175 301
509 242
367 509
111 175
678 367
34 111
647 34
496 111
30 647
274 678
124 496
99 274
537 496
530 124
320 537
221 320
53 221
