? 3 92 365 532 
!
499 614 354 17 116 456 174 795 248 433 598 123 50 206 77 265 362 696 58 796 436 540 177 668 526 600 608 358 741 738 218 703 129 624 44 336 349 765 156 708 618 268 669 237 706 451 184 455 48 276 68 300 78 633 385 153 739 701 171 572 453 167 767 763 744 91 662 39 13 694 260 31 317 679 403 111 306 372 346 14 309 185 392 
499 614
354 614
17 499
116 614
456 499
174 354
795 174
248 456
433 116
598 354
123 433
50 174
206 598
77 123
265 433
362 50
696 265
58 433
796 58
436 174
540 50
177 436
668 696
526 177
600 668
608 50
358 598
741 526
738 668
218 358
703 668
129 218
624 668
44 58
336 608
349 668
765 44
156 177
708 703
618 741
268 708
669 696
237 218
706 540
451 765
184 218
455 669
48 44
276 44
68 237
300 237
78 156
633 336
385 48
153 618
739 385
701 451
171 633
572 739
453 153
167 451
767 171
763 237
744 572
91 78
662 153
39 763
13 453
694 385
260 300
31 662
317 767
679 453
403 317
111 694
306 679
372 260
346 167
14 111
309 679
185 679
392 372
214 561 382 527 386 80 699 395 400 230 147 397 750 133 225 205 304 213 187 104 179 711 193 574 286 692 180 217 117 431 417 163 611 56 134 621 99 280 353 491 407 364 262 426 707 617 671 512 366 181 525 315 755 655 686 45 375 6 631 719 615 503 775 76 660 126 192 479 501 642 204 352 216 379 209 768 196 140 518 583 652 464 220 211 593 570 697 762 53 594 324 441 595 337 731 664 305 257 638 466 120 465 423 675 793 522 444 657 591 659 676 135 28 74 785 152 565 81 232 9 732 254 603 263 84 345 576 66 542 105 414 413 312 544 428 566 733 130 26 505 1 356 442 106 341 351 467 460 723 361 246 630 308 296 291 245 790 165 258 374 49 36 348 110 419 86 42 628 334 369 756 287 264 534 781 398 757 115 553 41 547 543 189 563 37 798 320 
214 561
382 214
527 561
386 214
80 527
699 80
395 386
400 527
230 699
147 400
397 230
750 230
133 395
225 133
205 397
304 400
213 133
187 400
104 750
179 304
711 179
193 104
574 213
286 104
692 574
180 397
217 397
117 205
431 213
417 217
163 574
611 395
56 117
134 574
621 217
99 711
280 213
353 611
491 104
407 99
364 621
262 179
426 117
707 692
617 621
671 56
512 179
366 417
181 407
525 364
315 525
755 512
655 280
686 353
45 366
375 617
6 525
631 491
719 686
615 755
503 574
775 686
76 280
660 775
126 366
192 76
479 134
501 180
642 180
204 126
352 315
216 479
379 642
209 491
768 6
196 768
140 192
518 99
583 196
652 583
464 379
220 775
211 126
593 775
570 518
697 593
762 407
53 464
594 593
324 209
441 196
595 762
337 594
731 583
664 518
305 324
257 220
638 220
466 305
120 324
465 216
423 216
675 257
793 615
522 595
444 465
657 196
591 324
659 595
676 664
135 305
28 220
74 731
785 441
152 464
565 465
81 595
232 464
9 762
732 120
254 337
603 232
263 785
84 793
345 263
576 254
66 659
542 465
105 659
414 105
413 793
312 657
544 793
428 9
566 84
733 232
130 793
26 428
505 232
1 26
356 312
442 414
106 733
341 732
351 544
467 603
460 84
723 312
361 105
246 723
630 105
308 140
296 603
291 308
245 130
790 576
165 444
258 603
374 659
49 460
36 165
348 66
110 296
419 723
86 291
42 565
628 414
334 263
369 566
756 36
287 444
264 790
534 258
781 460
398 258
757 345
115 351
553 790
41 732
547 351
543 287
189 106
563 428
37 723
798 189
320 563
226 766 682 489 538 370 281 326 210 602 452 483 311 266 573 477 367 635 651 448 799 322 63 710 406 616 154 316 139 629 530 107 663 430 584 674 743 554 198 457 151 432 427 350 666 470 183 673 82 680 410 96 650 131 85 627 592 161 473 340 269 567 342 619 363 24 34 30 381 761 284 149 411 774 445 399 665 599 339 270 730 327 685 252 792 552 596 4 646 555 691 578 700 531 575 481 227 610 626 764 556 51 644 681 487 559 33 486 688 294 224 228 69 60 480 759 93 438 772 274 607 57 325 194 203 689 405 207 724 253 585 636 769 482 191 478 587 760 97 412 773 439 279 402 740 524 27 319 443 378 328 235 89 62 435 490 233 390 647 176 511 794 634 108 654 514 640 255 212 782 166 639 734 536 219 394 643 496 
226 766
682 226
489 766
538 226
370 682
281 766
326 489
210 226
602 489
452 326
483 210
311 602
266 602
573 602
477 483
367 483
635 452
651 370
448 370
799 452
322 326
63 651
710 483
406 266
616 573
154 63
316 483
139 316
629 406
530 629
107 322
663 107
430 154
584 710
674 629
743 406
554 316
198 316
457 430
151 743
432 616
427 432
350 457
666 430
470 554
183 743
673 629
82 470
680 673
410 666
96 743
650 198
131 673
85 673
627 85
592 183
161 470
473 183
340 680
269 410
567 96
342 269
619 198
363 427
24 96
34 427
30 567
381 663
761 342
284 680
149 761
411 82
774 381
445 363
399 381
665 650
599 82
339 432
270 445
730 85
327 339
685 761
252 619
792 339
552 730
596 340
4 792
646 30
555 665
691 340
578 646
700 161
531 24
575 646
481 30
227 792
610 555
626 792
764 646
556 792
51 327
644 599
681 700
487 399
559 531
33 575
486 51
688 555
294 792
224 487
228 224
69 252
60 626
480 626
759 486
93 224
438 69
772 69
274 51
607 228
57 60
325 688
194 274
203 274
689 69
405 772
207 759
724 203
253 688
585 480
636 207
769 636
482 689
191 772
478 772
587 556
760 93
97 228
412 480
773 203
439 482
279 478
402 585
740 769
524 478
27 764
319 439
443 279
378 27
328 773
235 207
89 402
62 443
435 439
490 253
233 89
390 760
647 233
176 435
511 328
794 378
634 511
108 435
654 319
514 402
640 235
255 279
212 490
782 490
166 89
639 773
734 794
536 435
219 634
394 166
643 394
496 108
114 137 21 632 520 571 302 368 112 16 463 541 321 318 127 677 83 717 301 347 231 54 143 690 396 146 579 47 613 751 404 786 653 323 777 157 297 437 222 10 693 539 391 735 645 239 122 360 173 604 229 387 797 
114 137
21 114
632 114
520 21
571 137
302 520
368 114
112 137
16 302
463 302
541 632
321 21
318 302
127 571
677 571
83 318
717 677
301 321
347 677
231 321
54 318
143 127
690 318
396 16
146 318
579 301
47 717
613 301
751 127
404 83
786 321
653 54
323 690
777 404
157 323
297 751
437 297
222 613
10 297
693 297
539 653
391 404
735 157
645 735
239 323
122 777
360 404
173 239
604 173
229 222
387 122
797 229
289 753 498 535 87 714 698 215 238 197 359 273 124 208 65 285 425 656 52 622 510 344 244 267 103 729 475 521 46 736 5 747 195 73 102 292 771 94 188 424 415 687 202 589 713 335 546 71 355 515 420 118 338 695 175 144 422 38 519 18 169 12 249 329 7 752 485 142 11 580 
289 753
498 289
535 498
87 535
714 753
698 753
215 289
238 753
197 87
359 197
273 535
124 87
208 238
65 208
285 208
425 208
656 714
52 65
622 197
510 425
344 656
244 510
267 344
103 285
729 267
475 729
521 475
46 475
736 729
5 729
747 5
195 521
73 475
102 747
292 747
771 102
94 747
188 771
424 73
415 188
687 94
202 424
589 188
713 589
335 94
546 687
71 415
355 589
515 355
420 202
118 589
338 420
695 338
175 515
144 71
422 420
38 144
519 38
18 38
169 519
12 18
249 18
329 12
7 12
752 329
485 329
142 169
11 7
580 11
92 365 532 
92 365
365 532
22 278 523 178 528 558 88 95 19 784 446 100 513 275 121 783 277 59 778 720 506 408 
22 278
523 278
178 278
528 523
558 528
88 528
95 558
19 22
784 95
446 528
100 528
513 100
275 446
121 513
783 121
277 783
59 783
778 59
720 778
506 19
408 506
35 314 459 288 128 495 
35 314
459 314
288 314
128 288
495 128
23 186 590 440 125 702 32 449 331 779 704 290 709 380 672 182 454 658 295 20 429 136 678 421 788 492 376 313 620 25 472 307 141 221 377 468 55 661 190 649 683 516 517 648 272 581 434 101 40 507 29 776 746 462 332 357 447 
23 186
590 186
440 186
125 590
702 186
32 702
449 440
331 440
779 702
704 449
290 186
709 704
380 290
672 702
182 440
454 704
658 331
295 658
20 702
429 20
136 429
678 380
421 709
788 136
492 678
376 429
313 492
620 709
25 295
472 658
307 376
141 658
221 376
377 472
468 136
55 620
661 313
190 468
649 141
683 649
516 190
517 683
648 55
272 620
581 376
434 25
101 517
40 649
507 788
29 25
776 648
746 136
462 190
332 581
357 462
447 55
508 737 684 612 787 609 509 725 727 160 242 389 493 168 416 500 409 641 200 132 145 119 789 43 529 70 159 72 259 283 588 172 722 726 373 450 504 271 250 770 61 705 577 605 549 476 497 223 550 343 667 471 461 388 758 240 298 494 75 162 371 293 170 560 15 401 299 64 601 383 745 310 458 158 251 716 754 98 545 234 721 201 488 113 8 199 79 557 333 3 606 384 551 582 564 164 330 742 282 243 637 0 393 569 90 
508 737
684 508
612 684
787 737
609 737
509 508
725 508
727 609
160 725
242 509
389 727
493 725
168 725
416 168
500 242
409 416
641 389
200 493
132 389
145 493
119 493
789 132
43 789
529 43
70 409
159 416
72 132
259 145
283 500
588 159
172 70
722 70
726 72
373 259
450 159
504 283
271 72
250 271
770 373
61 504
705 722
577 172
605 789
549 504
476 271
497 577
223 250
550 577
343 271
667 549
471 223
461 223
388 577
758 667
240 550
298 770
494 298
75 250
162 494
371 494
293 497
170 371
560 549
15 240
401 75
299 15
64 299
601 401
383 15
745 15
310 383
458 560
158 371
251 745
716 299
754 601
98 343
545 251
234 560
721 401
201 458
488 721
113 488
8 721
199 383
79 251
557 234
333 557
3 8
606 158
384 8
551 606
582 3
564 557
164 8
330 606
742 582
282 164
243 333
637 282
0 79
393 582
569 0
90 243
109 670 261 718 469 715 728 791 484 562 474 586 625 155 712 138 418 502 749 568 236 2 748 533 303 256 148 548 241 537 150 780 247 623 597 67 
109 670
261 109
718 670
469 261
715 469
728 718
791 718
484 728
562 728
474 261
586 791
625 484
155 791
712 562
138 715
418 712
502 138
749 625
568 155
236 474
2 236
748 138
533 568
303 484
256 303
148 533
548 256
241 236
537 138
150 256
780 537
247 148
623 150
597 780
67 597
