? 3 29 264 434 
!
268 708 703 78 156 668 349 600 624 696 669 265 738 455 91 116 433 796 58 31 77 44 765 123 167 451 276 701 35 314 48 346 744 385 739 572 694 37 111 422 420 695 14 338 355 424 175 202 118 546 687 335 515 589 713 94 71 188 415 73 46 292 747 771 195 5 521 475 736 729 267 344 622 359 197 498 273 87 289 535 753 215 124 
268 708
703 268
78 708
156 708
668 268
349 668
600 668
624 349
696 668
669 349
265 668
738 668
455 669
91 78
116 668
433 668
796 433
58 796
31 91
77 58
44 58
765 455
123 77
167 765
451 44
276 451
701 167
35 31
314 35
48 276
346 167
744 48
385 744
739 385
572 739
694 739
37 694
111 694
422 346
420 422
695 422
14 422
338 420
355 111
424 338
175 355
202 424
118 175
546 118
687 546
335 546
515 175
589 546
713 515
94 687
71 713
188 589
415 188
73 202
46 73
292 94
747 292
771 747
195 73
5 747
521 73
475 521
736 5
729 5
267 729
344 267
622 521
359 622
197 359
498 197
273 359
87 197
289 498
535 289
753 289
215 87
124 87
214 561 382 527 386 80 400 395 699 147 230 397 225 750 133 286 205 193 104 611 217 187 179 711 213 180 574 692 134 304 417 117 56 163 99 407 426 621 491 353 364 431 503 671 375 262 755 280 366 512 6 181 525 617 45 315 707 615 631 655 775 76 479 686 719 204 642 126 209 192 379 352 501 652 196 216 660 518 768 697 220 140 464 583 762 53 593 570 324 594 337 664 305 211 423 638 793 257 466 657 522 731 465 120 591 675 444 232 676 441 659 66 595 74 81 785 28 135 565 345 254 732 9 505 603 152 84 413 566 105 312 576 544 263 130 733 542 428 341 26 245 356 414 106 351 723 348 374 460 1 246 630 296 291 308 442 756 628 467 419 790 165 334 258 361 110 49 547 781 42 144 287 519 41 534 770 553 757 259 369 189 86 36 115 398 552 559 
214 561
382 214
527 561
386 382
80 527
400 527
395 386
699 386
147 527
230 699
397 230
225 395
750 230
133 225
286 386
205 397
193 750
104 193
611 386
217 205
187 400
179 187
711 179
213 133
180 230
574 133
692 574
134 574
304 711
417 147
117 205
56 117
163 574
99 711
407 99
426 117
621 147
491 193
353 286
364 621
431 213
503 163
671 56
375 417
262 179
755 262
280 431
366 417
512 755
6 364
181 99
525 364
617 366
45 621
315 6
707 574
615 755
631 491
655 431
775 353
76 280
479 707
686 775
719 193
204 621
642 180
126 366
209 631
192 76
379 642
352 315
501 352
652 352
196 315
216 479
660 775
518 99
768 196
697 775
220 775
140 192
464 379
583 196
762 407
53 464
593 697
570 518
324 209
594 593
337 594
664 518
305 324
211 126
423 615
638 220
793 615
257 220
466 305
657 196
522 211
731 196
465 216
120 324
591 120
675 257
444 465
232 53
676 664
441 657
659 522
66 659
595 66
74 731
81 595
785 441
28 220
135 305
565 465
345 583
254 337
732 120
9 762
505 232
603 232
152 732
84 793
413 793
566 84
105 659
312 768
576 254
544 566
263 785
130 544
733 505
542 465
428 570
341 732
26 428
245 544
356 312
414 659
106 733
351 413
723 312
348 105
374 348
460 566
1 428
246 723
630 414
296 603
291 675
308 291
442 374
756 565
628 374
467 232
419 723
790 576
165 756
334 263
258 603
361 348
110 296
49 460
547 351
781 49
42 542
144 312
287 165
519 135
41 120
534 258
770 287
553 519
757 345
259 756
369 84
189 106
86 291
36 542
115 130
398 258
552 189
559 757
226 766 489 682 538 370 281 326 210 602 448 452 266 483 477 311 573 710 635 799 651 367 406 63 616 139 322 107 663 584 316 154 530 430 629 743 198 151 457 674 554 131 666 432 427 85 350 470 96 673 650 567 82 340 627 410 161 592 34 473 183 680 342 24 269 30 411 399 599 284 774 730 381 363 619 761 798 252 270 327 149 685 691 445 792 665 596 481 646 339 578 575 700 4 764 555 531 644 610 227 626 681 33 51 486 224 294 487 405 688 556 480 228 69 724 325 60 274 772 57 93 607 759 203 194 636 191 438 207 253 689 482 585 587 769 478 760 439 97 412 319 62 279 773 524 212 654 27 435 402 378 235 328 740 490 443 390 647 511 255 89 634 108 166 514 233 640 496 394 782 639 794 734 656 102 536 643 219 
226 766
489 766
682 226
538 226
370 682
281 489
326 281
210 370
602 489
448 370
452 281
266 602
483 538
477 281
311 602
573 311
710 483
635 452
799 635
651 370
367 483
406 602
63 651
616 573
139 483
322 281
107 322
663 107
584 367
316 139
154 63
530 635
430 154
629 635
743 406
198 316
151 743
457 430
674 629
554 316
131 674
666 430
432 616
427 432
85 131
350 457
470 554
96 743
673 85
650 470
567 96
82 470
340 635
627 85
410 430
161 470
592 567
34 427
473 592
183 96
680 673
342 410
24 627
269 666
30 473
411 82
399 663
599 411
284 680
774 399
730 85
381 399
363 34
619 774
761 342
798 284
252 774
270 363
327 363
149 761
685 761
691 340
445 270
792 327
665 650
596 691
481 30
646 30
339 327
578 646
575 646
700 411
4 792
764 646
555 700
531 730
644 599
610 555
227 792
626 792
681 700
33 575
51 327
486 51
224 691
294 626
487 224
405 665
688 555
556 4
480 294
228 224
69 619
724 486
325 688
60 556
274 51
772 405
57 60
93 224
607 228
759 724
203 57
194 274
636 486
191 772
438 191
207 636
253 688
689 69
482 69
585 556
587 585
769 636
478 772
760 93
439 482
97 228
412 60
319 482
62 69
279 478
773 203
524 478
212 524
654 439
27 587
435 439
402 585
378 27
235 207
328 773
740 235
490 212
443 191
390 760
647 402
511 328
255 279
89 402
634 511
108 435
166 402
514 402
233 166
640 235
496 108
394 166
782 490
639 773
794 378
734 794
656 402
102 378
536 319
643 233
219 634
109 670 718 261 469 715 728 474 791 484 562 586 625 507 749 502 712 155 418 462 568 138 746 748 468 236 190 241 2 533 581 307 303 256 548 788 136 148 357 516 150 537 247 421 780 597 272 67 620 648 709 277 704 
109 670
718 109
261 670
469 261
715 261
728 670
474 715
791 718
484 728
562 728
586 791
625 562
507 586
749 625
502 715
712 586
155 791
418 586
462 791
568 462
138 502
746 712
748 502
468 462
236 625
190 462
241 236
2 236
533 568
581 749
307 712
303 625
256 625
548 256
788 468
136 788
148 533
357 533
516 533
150 256
537 138
247 148
421 516
780 537
597 780
272 247
67 597
620 421
648 247
709 421
277 780
704 709
333 557 564 234 201 458 90 541 243 742 560 393 170 582 751 632 463 112 330 98 127 571 114 758 579 3 61 21 297 693 231 10 143 606 137 301 667 158 368 321 371 520 437 549 302 613 343 494 504 471 786 162 8 223 250 461 717 476 384 677 16 347 721 47 164 54 271 72 401 653 
333 557
564 333
234 557
201 557
458 201
90 564
541 90
243 90
742 564
560 458
393 742
170 560
582 742
751 564
632 90
463 632
112 632
330 170
98 582
127 751
571 632
114 632
758 560
579 330
3 582
61 758
21 114
297 393
693 582
231 579
10 297
143 127
606 330
137 114
301 231
667 758
158 330
368 137
321 301
371 758
520 137
437 10
549 758
302 137
613 301
343 549
494 371
504 667
471 343
786 321
162 494
8 3
223 471
250 223
461 223
717 368
476 250
384 8
677 717
16 520
347 677
721 8
47 677
164 8
54 786
271 250
72 271
401 721
653 231
29 264 434 
29 264
29 434
720 778 59 783 121 513 440 449 182 454 55 331 387 447 658 377 776 472 122 295 391 360 
720 778
59 778
783 59
121 783
513 121
440 513
449 440
182 440
454 440
55 454
331 449
387 55
447 387
658 331
377 447
776 387
472 658
122 387
295 658
391 122
360 55
141 683 649 517 40 25 
141 683
649 683
517 683
40 683
25 40
208 285 425 65 238 52 510 698 244 714 103 12 38 7 18 11 485 752 169 176 329 249 580 22 278 275 446 19 779 142 178 290 125 528 523 590 32 380 558 672 678 221 186 23 702 88 20 492 332 429 100 313 95 376 623 661 784 
208 285
425 208
65 425
238 285
52 65
510 425
698 238
244 510
714 698
103 285
12 103
38 12
7 12
18 38
11 7
485 7
752 485
169 38
176 752
329 485
249 18
580 7
22 329
278 22
275 11
446 275
19 752
779 249
142 169
178 580
290 142
125 142
528 446
523 580
590 142
32 18
380 142
558 528
672 125
678 380
221 176
186 590
23 590
702 672
88 178
20 779
492 678
332 221
429 20
100 446
313 492
95 278
376 429
623 95
661 313
784 95
310 383 15 299 745 64 716 240 199 251 293 550 577 388 497 450 79 569 705 588 0 172 545 722 70 365 159 403 317 171 92 409 767 706 416 168 119 160 633 725 493 184 200 336 39 608 540 612 260 145 362 50 684 508 129 737 372 787 563 392 509 248 763 456 495 237 206 300 218 358 174 598 609 68 306 13 795 320 128 354 17 242 500 453 373 309 727 526 741 153 499 389 679 614 283 436 618 459 543 185 177 288 641 132 662 
310 383
15 383
299 310
745 383
64 310
716 310
240 15
199 383
251 745
293 251
550 293
577 550
388 577
497 550
450 577
79 251
569 251
705 497
588 450
0 569
172 588
545 79
722 577
70 172
365 0
159 450
403 0
317 403
171 317
92 365
409 70
767 171
706 171
416 409
168 409
119 409
160 409
633 171
725 119
493 119
184 633
200 119
336 706
39 403
608 706
540 608
612 409
260 39
145 493
362 540
50 540
684 612
508 684
129 540
737 508
372 39
787 508
563 608
392 372
509 508
248 563
763 372
456 248
495 372
237 260
206 248
300 237
218 129
358 218
174 248
598 358
609 787
68 300
306 372
13 300
795 563
320 456
128 495
354 174
17 248
242 508
500 509
453 13
373 500
309 128
727 609
526 218
741 526
153 453
499 354
389 727
679 68
614 499
283 500
436 526
618 526
459 679
543 283
185 679
177 526
288 459
641 389
132 389
662 153
282 637 113 532 488 754 408 601 75 605 726 43 789 529 396 83 146 318 298 690 551 323 157 777 222 404 506 735 797 645 239 229 173 101 539 604 
282 637
113 282
532 637
488 113
754 488
408 532
601 754
75 601
605 601
726 605
43 605
789 43
529 43
396 408
83 396
146 396
318 83
298 789
690 318
551 298
323 690
157 690
777 146
222 551
404 777
506 551
735 323
797 222
645 735
239 323
229 222
173 157
101 404
539 777
604 173
