? 3 360 777 396 
!
385 739 572 744 694 111 37 628 48 276 451 14 701 175 44 118 167 422 123 355 695 515 77 765 58 346 546 589 713 796 144 687 433 338 335 71 188 420 415 94 424 455 738 794 669 734 202 696 116 499 614 668 265 771 747 102 349 600 292 46 17 73 354 5 703 736 378 624 174 27 729 475 268 177 436 195 598 521 708 156 267 526 33 
385 739
572 739
744 739
694 572
111 694
37 111
628 385
48 572
276 48
451 276
14 111
701 451
175 111
44 451
118 175
167 701
422 14
123 44
355 175
695 422
515 175
77 123
765 451
58 44
346 167
546 175
589 546
713 515
796 58
144 713
687 546
433 796
338 695
335 687
71 515
188 589
420 338
415 188
94 687
424 420
455 765
738 796
794 415
669 455
734 794
202 424
696 738
116 77
499 116
614 499
668 696
265 668
771 188
747 771
102 415
349 738
600 668
292 747
46 747
17 614
73 94
354 614
5 747
703 600
736 5
378 102
624 265
174 354
27 378
729 5
475 73
268 349
177 624
436 177
195 475
598 174
521 475
708 268
156 703
267 729
526 177
33 794
214 561 382 527 386 80 395 400 699 230 147 397 750 133 225 205 187 104 213 179 711 217 611 193 417 574 262 304 286 180 163 134 621 56 692 99 353 671 117 407 431 280 364 491 426 707 512 366 525 181 617 655 315 755 631 719 6 45 615 375 503 642 775 76 479 686 192 126 352 196 216 768 501 660 379 204 209 697 518 140 220 464 583 762 593 211 441 53 570 657 664 337 594 324 466 522 652 305 731 257 423 638 793 120 675 465 676 659 444 135 81 74 152 785 254 232 9 542 565 28 732 544 413 414 603 595 591 345 246 733 84 505 428 566 66 312 576 105 630 130 26 263 356 341 442 106 258 351 460 467 369 348 723 308 291 42 374 49 361 419 790 245 36 110 165 547 296 334 1 519 756 398 781 41 757 86 298 189 287 795 770 320 553 534 115 552 456 
214 561
382 561
527 561
386 214
80 214
395 386
400 527
699 80
230 699
147 400
397 230
750 386
133 395
225 133
205 397
187 400
104 750
213 133
179 187
711 179
217 230
611 104
193 104
417 527
574 213
262 179
304 187
286 193
180 230
163 574
134 163
621 147
56 205
692 134
99 711
353 611
671 56
117 205
407 99
431 225
280 431
364 621
491 193
426 180
707 163
512 692
366 417
525 364
181 407
617 366
655 431
315 525
755 262
631 491
719 353
6 364
45 366
615 755
375 366
503 134
642 180
775 353
76 280
479 707
686 775
192 76
126 366
352 671
196 315
216 479
768 196
501 352
660 775
379 642
204 45
209 631
697 660
518 99
140 192
220 775
464 379
583 315
762 181
593 660
211 126
441 196
53 464
570 518
657 196
664 518
337 593
594 337
324 209
466 324
522 126
652 583
305 324
731 583
257 220
423 216
638 593
793 423
120 324
675 257
465 216
676 664
659 522
444 465
135 305
81 659
74 441
152 464
785 731
254 638
232 53
9 762
542 444
565 465
28 593
732 464
544 793
413 793
414 659
603 232
595 659
591 324
345 74
246 204
733 345
84 793
505 232
428 9
566 84
66 81
312 246
576 254
105 659
630 105
130 566
26 428
263 731
356 312
341 152
442 630
106 733
258 603
351 413
460 84
467 232
369 566
348 66
723 312
308 140
291 675
42 542
374 105
49 460
361 348
419 723
790 254
245 793
36 542
110 258
165 36
547 351
296 110
334 263
1 26
519 135
756 542
398 258
781 460
41 341
757 345
86 291
298 308
189 106
287 165
795 9
770 287
320 795
553 519
534 467
115 130
552 189
456 795
508 737 684 787 612 609 509 725 160 389 727 493 416 242 200 500 641 409 132 168 145 119 789 159 529 70 172 283 72 726 259 43 373 722 450 271 504 588 476 705 250 543 577 667 223 497 549 61 550 461 240 388 605 343 758 471 494 162 371 293 75 560 458 15 170 401 299 64 383 601 310 745 98 716 251 158 754 234 721 545 199 201 488 79 8 113 557 333 164 3 606 551 384 330 582 564 742 243 282 569 637 90 393 579 0 693 506 541 751 613 365 463 297 231 10 301 437 408 321 632 797 532 767 92 317 222 127 112 171 786 403 229 143 706 21 114 571 520 137 633 368 540 302 184 336 54 264 40 29 434 608 653 563 362 661 83 50 16 39 649 717 677 25 47 248 347 206 404 129 318 492 141 101 260 313 539 678 146 
508 737
684 508
787 508
612 737
609 737
509 737
725 684
160 725
389 609
727 389
493 725
416 725
242 509
200 725
500 242
641 389
409 416
132 641
168 416
145 493
119 493
789 132
159 416
529 132
70 409
172 159
283 500
72 132
726 72
259 145
43 529
373 283
722 70
450 172
271 72
504 500
588 450
476 271
705 172
250 271
543 373
577 70
667 504
223 250
497 577
549 667
61 549
550 577
461 223
240 577
388 550
605 43
343 72
758 667
471 223
494 504
162 494
371 494
293 497
75 250
560 549
458 560
15 293
170 371
401 75
299 15
64 299
383 299
601 605
310 383
745 15
98 560
716 299
251 15
158 170
754 601
234 458
721 401
545 251
199 383
201 234
488 721
79 251
8 721
113 721
557 201
333 557
164 8
3 8
606 158
551 606
384 8
330 606
582 98
564 557
742 582
243 333
282 164
569 79
637 282
90 243
393 582
579 330
0 569
693 582
506 551
541 90
751 742
613 579
365 0
463 243
297 693
231 613
10 693
301 231
437 693
408 637
321 301
632 541
797 506
532 408
767 0
92 365
317 767
222 797
127 463
112 632
171 317
786 301
403 317
229 222
143 127
706 767
21 632
114 21
571 114
520 21
137 114
633 171
368 571
540 706
302 520
184 767
336 540
54 786
264 229
40 229
29 264
434 40
608 540
653 231
563 608
362 563
661 29
83 520
50 608
16 302
39 403
649 40
717 16
677 717
25 40
47 717
248 50
347 47
206 248
404 653
129 540
318 83
492 29
141 434
101 649
260 39
313 492
539 101
678 492
146 54
7 12 11 446 275 490 782 580 212 528 523 278 524 88 178 22 100 478 558 329 255 95 513 279 121 784 485 191 62 623 150 19 783 443 241 597 752 496 438 108 277 67 778 59 2 548 236 435 482 256 439 176 780 
7 12
11 7
446 11
275 446
490 7
782 490
580 782
212 490
528 275
523 580
278 580
524 782
88 528
178 278
22 278
100 528
478 524
558 178
329 22
255 329
95 558
513 100
279 255
121 513
784 95
485 255
191 279
62 279
623 784
150 623
19 485
783 513
443 279
241 623
597 783
752 19
496 443
438 279
108 752
277 783
67 597
778 277
59 778
2 150
548 150
236 2
435 108
482 435
256 548
439 482
176 752
780 778
511 634 740 328 219 769 103 773 640 235 285 194 639 203 724 274 57 636 238 759 207 208 698 643 753 60 394 714 412 425 65 244 52 289 480 535 233 510 647 166 498 124 89 273 87 585 215 556 402 294 656 359 197 587 514 344 622 487 688 228 607 405 325 224 93 772 69 253 97 689 
511 634
740 634
328 511
219 634
769 740
103 219
773 328
640 103
235 640
285 511
194 769
639 328
203 773
724 769
274 194
57 203
636 769
238 639
759 636
207 759
208 285
698 639
643 698
753 643
60 57
394 753
714 753
412 60
425 208
65 425
244 425
52 425
289 753
480 60
535 289
233 643
510 244
647 753
166 233
498 289
124 65
89 233
273 289
87 535
585 89
215 124
556 480
402 585
294 556
656 498
359 87
197 359
587 402
514 402
344 514
622 197
487 556
688 487
228 487
607 228
405 688
325 688
224 228
93 228
772 405
69 772
253 688
97 228
689 69
360 777 396 
360 777
777 396
109 670 261 718 469 715 474 502 138 748 537 247 272 648 387 55 720 122 645 447 604 391 
109 670
261 109
718 670
469 261
715 261
474 715
502 474
138 502
748 502
537 138
247 718
272 247
648 272
387 272
55 272
720 537
122 387
645 122
447 55
604 645
391 122
173 239 323 735 157 690 
173 239
323 239
735 239
157 323
690 157
218 358 741 237 300 618 453 763 153 68 13 679 306 662 372 78 91 31 459 309 185 392 128 495 288 35 314 38 169 380 290 142 295 760 125 18 658 590 331 472 683 390 23 186 454 449 182 517 440 32 377 672 709 249 776 319 704 
218 358
741 218
237 218
300 237
618 741
453 300
763 453
153 453
68 453
13 300
679 453
306 13
662 153
372 13
78 618
91 662
31 662
459 679
309 679
185 459
392 372
128 392
495 128
288 459
35 185
314 35
38 358
169 38
380 169
290 380
142 290
295 380
760 38
125 142
18 125
658 295
590 142
331 658
472 658
683 472
390 760
23 590
186 23
454 331
449 658
182 449
517 683
440 454
32 186
377 658
672 590
709 449
249 390
776 517
319 390
704 709
226 682 766 489 370 281 538 326 210 573 367 448 651 602 477 311 710 452 483 266 799 63 635 616 154 322 406 430 316 107 139 663 584 743 666 151 629 198 530 427 432 350 457 183 554 34 674 470 131 342 650 269 673 410 85 82 680 96 567 473 592 161 339 627 761 24 149 363 445 340 774 381 270 685 30 284 327 619 411 252 599 227 399 665 792 4 730 481 798 531 691 555 646 596 700 575 578 610 626 644 51 486 764 681 559 
226 682
766 226
489 766
370 682
281 766
538 766
326 281
210 489
573 370
367 682
448 370
651 370
602 573
477 281
311 602
710 367
452 602
483 710
266 311
799 452
63 651
635 452
616 573
154 63
322 477
406 266
430 63
316 710
107 322
139 316
663 107
584 430
743 406
666 154
151 743
629 406
198 316
530 629
427 651
432 427
350 666
457 350
183 743
554 316
34 427
674 530
470 554
131 674
342 666
650 198
269 342
673 131
410 269
85 673
82 470
680 530
96 151
567 96
473 183
592 473
161 470
339 432
627 85
761 342
24 96
149 342
363 427
445 363
340 680
774 107
381 774
270 445
685 761
30 473
284 680
327 363
619 774
411 470
252 619
599 411
227 473
399 381
665 619
792 339
4 792
730 627
481 473
798 284
531 730
691 340
555 411
646 567
596 691
700 411
575 24
578 646
610 555
626 792
644 599
51 626
486 51
764 646
681 700
559 531
376 429 307 20 332 712 136 581 702 221 749 788 746 418 303 779 586 484 507 468 190 562 536 421 462 728 791 625 516 568 357 148 155 533 620 654 
376 429
307 376
20 429
332 307
712 307
136 307
581 332
702 429
221 332
749 581
788 136
746 307
418 712
303 332
779 20
586 418
484 749
507 788
468 136
190 468
562 484
536 779
421 136
462 190
728 562
791 462
625 562
516 190
568 190
357 516
148 516
155 190
533 148
620 421
654 536
