? 3 282 532 754 
!
310 383 299 745 15 64 240 716 251 588 550 293 388 199 577 497 450 0 705 722 70 365 172 159 92 403 409 416 160 168 119 725 200 493 684 392 145 508 372 612 737 787 495 609 128 259 509 242 500 309 283 727 389 459 543 288 132 641 314 185 35 529 789 504 72 43 726 494 162 667 549 61 476 271 250 758 371 471 223 343 170 461 605 
310 383
299 310
745 383
15 383
64 310
240 15
716 299
251 745
588 383
550 15
293 550
388 15
199 745
577 550
497 550
450 588
0 199
705 550
722 588
70 450
365 0
172 70
159 450
92 365
403 92
409 70
416 409
160 416
168 409
119 160
725 409
200 119
493 200
684 416
392 92
145 493
508 684
372 392
612 508
737 508
787 737
495 392
609 737
128 495
259 145
509 508
242 509
500 242
309 128
283 500
727 609
389 727
459 128
543 259
288 459
132 389
641 132
314 459
185 314
35 314
529 132
789 529
504 500
72 132
43 529
726 72
494 504
162 494
667 504
549 504
61 549
476 72
271 72
250 271
758 667
371 162
471 250
223 250
343 250
170 371
461 223
605 43
214 561 382 527 386 80 400 699 395 147 230 750 397 133 205 187 225 193 217 179 213 104 304 286 711 180 611 574 117 692 407 134 56 163 621 99 417 280 431 262 353 671 364 426 491 617 512 181 366 655 525 6 375 719 707 755 503 315 45 631 615 76 775 479 642 196 352 192 126 660 216 686 209 697 652 518 140 220 379 583 211 768 464 762 501 204 570 593 522 53 594 324 657 664 305 337 257 591 466 465 28 423 120 441 638 413 731 675 659 732 135 676 785 793 9 444 152 74 81 505 595 565 232 341 66 254 106 263 414 544 603 312 84 345 566 467 733 542 576 105 130 26 428 356 351 258 460 291 374 348 165 246 442 369 630 1 756 308 723 245 361 781 790 42 287 553 49 419 110 770 334 296 628 547 36 189 757 41 115 534 552 795 519 298 373 798 17 
214 561
382 561
527 561
386 214
80 561
400 527
699 80
395 386
147 80
230 699
750 395
397 230
133 395
205 397
187 400
225 133
193 750
217 397
179 187
213 225
104 193
304 187
286 193
711 179
180 230
611 286
574 133
117 205
692 574
407 400
134 574
56 117
163 574
621 217
99 711
417 621
280 163
431 280
262 692
353 286
671 56
364 621
426 56
491 193
617 621
512 262
181 407
366 617
655 280
525 364
6 364
375 366
719 491
707 574
755 692
503 134
315 671
45 366
631 491
615 755
76 655
775 353
479 707
642 631
196 315
352 671
192 76
126 366
660 775
216 479
686 660
209 491
697 775
652 352
518 99
140 192
220 660
379 642
583 652
211 126
768 196
464 379
762 181
501 352
204 211
570 518
593 697
522 211
53 379
594 593
324 209
657 768
664 518
305 324
337 594
257 220
591 324
466 305
465 216
28 220
423 465
120 324
441 657
638 593
413 423
731 196
675 257
659 522
732 53
135 305
676 664
785 441
793 413
9 762
444 465
152 732
74 731
81 762
505 352
595 81
565 465
232 642
341 120
66 81
254 28
106 505
263 731
414 659
544 793
603 505
312 657
84 793
345 583
566 84
467 603
733 106
542 444
576 254
105 659
130 793
26 9
428 26
356 312
351 423
258 603
460 84
291 675
374 105
348 374
165 444
246 312
442 105
369 84
630 348
1 26
756 542
308 291
723 246
245 130
361 348
781 460
790 254
42 465
287 165
553 305
49 460
419 723
110 258
770 287
334 263
296 110
628 414
547 351
36 770
189 733
757 345
41 341
115 351
534 258
552 189
795 26
519 553
298 308
373 770
798 552
17 795
385 739 572 694 744 111 37 48 451 276 44 701 14 118 175 355 422 123 167 515 765 58 695 346 77 713 796 589 546 687 433 335 424 455 71 338 188 420 144 94 738 415 696 669 202 734 668 116 614 794 265 499 102 292 600 747 771 349 73 354 703 46 5 624 320 736 456 378 174 729 27 268 475 248 563 195 177 521 598 708 50 362 206 436 267 526 156 33 608 540 514 358 344 741 559 218 78 587 618 764 531 129 575 336 578 706 646 402 656 359 730 237 294 585 627 89 633 153 24 481 91 184 197 300 662 30 622 647 31 85 498 273 567 233 556 166 453 96 673 763 227 171 767 68 674 131 284 13 680 151 398 480 535 260 412 306 39 473 743 643 289 183 629 545 679 60 4 87 79 569 317 592 792 753 714 626 406 596 
385 739
572 385
694 572
744 572
111 694
37 572
48 739
451 48
276 451
44 451
701 276
14 694
118 14
175 118
355 175
422 14
123 44
167 451
515 175
765 44
58 123
695 422
346 167
77 58
713 515
796 58
589 175
546 589
687 546
433 58
335 546
424 335
455 765
71 713
338 695
188 589
420 338
144 71
94 687
738 796
415 188
696 738
669 455
202 424
734 71
668 696
116 696
614 116
794 734
265 668
499 614
102 188
292 102
600 668
747 292
771 747
349 600
73 335
354 499
703 600
46 73
5 747
624 600
320 499
736 5
456 354
378 102
174 354
729 736
27 378
268 349
475 73
248 174
563 248
195 73
177 624
521 475
598 174
708 268
50 563
362 174
206 598
436 177
267 5
526 177
156 177
33 794
608 50
540 50
514 267
358 598
344 267
741 526
559 33
218 358
78 708
587 514
618 526
764 33
531 559
129 218
575 33
336 540
578 575
706 608
646 764
402 514
656 402
359 656
730 531
237 129
294 587
585 402
627 531
89 402
633 706
153 618
24 627
481 294
91 153
184 706
197 359
300 237
662 153
30 646
622 197
647 89
31 662
85 627
498 359
273 498
567 30
233 89
556 294
166 89
453 300
96 24
673 85
763 300
227 556
171 184
767 171
68 300
674 673
131 673
284 673
13 453
680 673
151 96
398 284
480 294
535 498
260 763
412 89
306 13
39 260
473 30
743 151
643 498
289 535
183 567
629 673
545 706
679 662
60 480
4 294
87 289
79 545
569 79
317 767
592 473
792 4
753 289
714 289
626 792
406 743
596 398
235 640 103 740 219 634 511 328 285 639 208 238 244 394 425 698 510 65 52 215 124 490 782 12 212 7 435 255 443 62 654 11 108 329 485 22 752 275 580 496 278 446 523 528 19 178 88 558 100 95 513 784 623 
235 640
103 640
740 235
219 740
634 740
511 634
328 511
285 328
639 328
208 285
238 208
244 208
394 238
425 208
698 394
510 244
65 425
52 425
215 65
124 215
490 235
782 490
12 782
212 782
7 12
435 212
255 212
443 435
62 255
654 435
11 7
108 443
329 255
485 255
22 329
752 108
275 11
580 22
496 752
278 22
446 275
523 278
528 580
19 485
178 528
88 528
558 178
100 528
95 178
513 100
784 95
623 784
333 557 564 234 201 90 243 458 541 742 751 393 560 112 582 98 463 632 127 330 114 158 579 10 571 21 137 297 301 321 613 368 231 143 693 3 606 437 302 520 786 8 717 16 677 54 401 75 47 347 721 83 384 146 164 408 488 653 318 113 222 396 506 86 690 777 601 551 637 797 
333 557
564 333
234 557
201 557
90 564
243 90
458 201
541 90
742 201
751 564
393 751
560 234
112 541
582 393
98 201
463 751
632 90
127 751
330 243
114 632
158 330
579 330
10 582
571 632
21 114
137 114
297 10
301 579
321 301
613 301
368 114
231 301
143 127
693 393
3 582
606 330
437 10
302 137
520 137
786 231
8 3
717 143
16 302
677 717
54 302
401 8
75 401
47 717
347 717
721 8
83 54
384 8
146 54
164 8
408 164
488 721
653 54
318 146
113 721
222 613
396 677
506 222
86 506
690 396
777 54
601 488
551 506
637 164
797 506
282 532 754 
282 532
282 754
59 720 778 783 277 780 67 121 272 447 387 776 122 735 604 239 173 391 645 517 360 101 
59 720
778 720
783 59
277 783
780 277
67 277
121 783
272 67
447 272
387 272
776 447
122 387
735 122
604 735
239 604
173 239
391 122
645 173
517 776
360 447
101 517
157 323 404 539 40 229 
157 323
404 157
539 404
40 539
229 40
23 186 590 440 142 125 32 702 704 449 182 709 672 18 779 290 380 169 249 658 454 331 421 429 38 20 390 678 136 377 295 376 313 620 788 472 536 492 25 683 221 307 649 55 264 141 468 357 516 746 661 29 190 507 176 434 648 
23 186
590 186
440 23
142 590
125 186
32 590
702 23
704 440
449 440
182 440
709 440
672 125
18 125
779 18
290 590
380 142
169 142
249 779
658 449
454 658
331 454
421 704
429 702
38 169
20 429
390 18
678 380
136 429
377 658
295 658
376 429
313 678
620 421
788 136
472 658
536 249
492 313
25 313
683 472
221 376
307 376
649 683
55 620
264 492
141 649
468 136
357 421
516 468
746 468
661 25
29 264
190 468
507 746
176 536
434 25
648 55
226 766 489 682 370 538 326 281 448 483 602 573 452 311 477 266 210 635 616 651 367 799 710 63 663 107 316 322 154 139 530 198 584 430 554 666 457 432 350 427 650 470 82 410 342 161 340 149 34 269 381 761 363 774 599 619 399 411 252 445 270 327 339 665 685 691 700 555 610 681 51 644 487 486 325 688 405 772 228 224 69 607 93 759 438 274 57 724 191 203 689 194 636 207 482 769 478 760 97 253 439 279 773 524 319 
226 766
489 766
682 226
370 489
538 226
326 489
281 226
448 226
483 226
602 489
573 370
452 281
311 602
477 326
266 311
210 682
635 452
616 573
651 370
367 483
799 635
710 682
63 651
663 477
107 663
316 483
322 663
154 63
139 316
530 635
198 316
584 367
430 63
554 316
666 154
457 666
432 616
350 457
427 432
650 198
470 554
82 470
410 666
342 410
161 470
340 530
149 410
34 427
269 342
381 322
761 269
363 34
774 381
599 82
619 650
399 774
411 82
252 619
445 363
270 445
327 363
339 327
665 198
685 761
691 340
700 411
555 700
610 555
681 700
51 327
644 599
487 399
486 445
325 555
688 555
405 610
772 610
228 487
224 228
69 772
607 228
93 228
759 486
438 69
274 51
57 274
724 486
191 772
203 274
689 69
194 274
636 759
207 636
482 689
769 636
478 772
760 93
97 224
253 688
439 482
279 191
773 203
524 478
319 482
109 670 718 261 715 469 728 474 586 562 791 484 418 155 138 502 712 568 625 749 462 2 303 236 748 533 581 256 332 241 548 148 150 537 247 597 
109 670
718 670
261 109
715 261
469 261
728 718
474 261
586 718
562 728
791 586
484 728
418 586
155 791
138 474
502 138
712 418
568 155
625 562
749 728
462 791
2 625
303 625
236 2
748 138
533 568
581 712
256 303
332 256
241 236
548 2
148 533
150 256
537 748
247 533
597 537
