? 6 295 775 167 658 492 636 
? 6 134 581 250 51 34 74 
? 6 144 681 605 670 286 724 
? 6 171 525 311 666 486 549 
? 6 49 408 762 712 473 56 
? 6 146 303 309 72 579 177 
? 5 133 720 366 2 644 
? 5 294 456 235 664 510 
? 5 29 223 693 346 740 
? 5 32 680 179 4 475 
? 5 17 120 704 777 267 
? 5 737 782 692 95 241 
? 5 420 499 114 234 258 
? 5 624 646 314 357 62 
? 5 57 576 59 540 300 
? 4 318 363 173 470 
? 4 279 376 744 67 
? 4 522 593 447 117 
? 4 69 784 787 289 
? 4 372 515 312 796 
? 4 227 443 119 798 
? 4 340 585 528 750 
? 4 600 699 281 732 
? 4 61 756 169 161 
? 4 73 554 237 16 
? 4 214 336 757 765 
? 4 188 591 726 287 
? 4 40 82 156 270 
? 4 22 163 111 115 
? 4 78 411 618 545 
? 3 238 317 511 
? 3 674 759 431 
? 3 441 702 18 
? 3 209 793 496 
? 3 195 325 650 
? 3 532 563 701 
? 3 26 397 723 
? 3 33 559 198 
? 3 265 310 197 
? 3 334 568 446 
? 3 275 648 168 
? 3 97 148 81 
? 3 260 678 490 
? 3 313 529 36 
? 3 329 797 46 
? 3 373 682 595 
!
268 356 219 448 242 647 488 633 417 
268 356
219 356
448 219
242 448
647 448
488 647
633 242
417 488
13 54 155 690 517 200 88 686 118 611 377 48 320 291 685 
13 54
155 54
690 13
517 155
200 155
88 690
686 54
118 155
611 13
377 517
48 690
320 377
291 690
685 517
57 576 59 540 300 
576 59
576 300
57 300
57 540
146 303 309 72 579 177 
146 309
309 72
146 303
72 177
303 579
274 524 527 233 204 5 705 548 230 128 766 52 370 781 199 24 
274 524
527 524
233 274
204 524
5 524
705 527
548 274
230 204
128 705
766 527
52 705
370 230
781 705
199 548
24 705
249 436 339 660 84 216 424 
249 436
339 249
660 249
84 249
216 249
424 84
45 634 590 126 92 792 149 656 571 
45 634
590 634
126 634
92 45
792 126
149 634
656 126
571 126
35 755 
35 755
501 627 
501 627
727 729 187 361 394 794 125 55 715 182 610 9 518 770 780 206 551 741 139 116 277 747 153 100 575 
727 729
187 729
361 729
394 727
794 729
125 729
55 187
715 394
182 729
610 361
9 55
518 55
770 518
780 610
206 780
551 610
741 9
139 741
116 741
277 780
747 116
153 741
100 139
575 139
78 411 618 545 
78 411
411 618
618 545
80 503 
80 503
49 408 762 712 473 56 
762 473
49 408
408 712
762 712
408 56
624 646 314 357 62 
624 646
624 357
646 314
357 62
472 714 716 597 229 569 396 425 434 217 586 776 435 399 
472 714
716 714
597 714
229 714
569 714
396 569
425 716
434 425
217 229
586 569
776 597
435 396
399 435
373 682 595 
373 682
682 595
329 797 46 
797 46
329 46
430 758 
430 758
783 
500 604 654 602 12 247 653 364 738 1 245 355 298 414 465 248 210 
500 604
654 604
602 604
12 602
247 12
653 247
364 247
738 247
1 654
245 1
355 245
298 247
414 1
465 247
248 738
210 364
742 
171 525 311 666 486 549 
525 486
666 549
171 525
525 311
171 549
445 707 307 331 400 3 433 
445 707
307 445
331 707
400 331
3 707
433 331
107 226 444 751 330 25 632 131 613 485 151 786 451 
107 226
444 226
751 107
330 107
25 107
632 751
131 107
613 107
485 107
151 632
786 25
451 25
420 499 114 234 258 
420 234
499 114
499 234
499 258
313 529 36 
313 529
313 36
308 603 213 502 362 192 127 691 467 659 421 629 319 255 
308 603
213 603
502 308
362 308
192 603
127 192
691 127
467 362
659 127
421 127
629 192
319 213
255 319
461 649 
461 649
102 601 570 322 404 578 773 
102 601
570 601
322 102
404 601
578 102
773 102
282 675 
282 675
260 678 490 
260 490
260 678
22 163 111 115 
22 163
22 111
111 115
218 381 104 623 103 405 516 58 657 42 
218 381
104 381
623 218
103 623
405 623
516 218
58 381
657 516
42 623
183 725 333 65 170 526 795 639 276 638 
183 725
333 183
65 183
170 183
526 333
795 725
639 795
276 639
638 170
717 785 560 651 304 86 774 748 212 10 
717 785
560 785
651 717
304 717
86 717
774 651
748 560
212 304
10 560
203 262 180 428 676 620 393 711 392 
203 262
180 203
428 203
676 180
620 262
393 180
711 428
392 676
683 
299 679 410 398 668 418 266 589 305 768 337 622 628 30 135 700 353 87 14 66 719 343 507 201 150 426 718 494 43 239 609 20 202 271 476 637 
299 679
410 679
398 679
668 299
418 398
266 398
589 398
305 299
768 410
337 768
622 418
628 305
30 299
135 628
700 305
353 398
87 135
14 337
66 768
719 14
343 700
507 66
201 353
150 719
426 343
718 343
494 150
43 201
239 150
609 718
20 609
202 43
271 719
476 628
637 507
40 82 156 270 
82 156
40 82
40 270
164 779 
164 779
587 764 706 402 419 543 550 
587 764
706 587
402 706
419 587
543 764
550 587
642 
97 148 81 
148 81
97 148
60 743 23 630 68 272 27 455 90 142 145 558 165 673 257 582 536 564 50 709 698 251 
60 743
23 60
630 23
68 743
272 743
27 23
455 630
90 68
142 68
145 60
558 68
165 90
673 455
257 165
582 673
536 272
564 536
50 564
709 582
698 90
251 165
275 648 168 
275 648
275 168
369 442 513 375 641 208 380 
369 442
513 369
375 513
641 442
208 369
380 208
334 568 446 
568 446
334 446
253 521 
253 521
79 225 321 556 158 791 132 514 
79 225
321 79
556 225
158 556
791 321
132 158
514 321
561 
432 
265 310 197 
265 197
310 197
188 591 726 287 
726 287
188 726
188 591
144 681 605 670 286 724 
670 724
144 681
681 605
681 670
144 286
64 129 
64 129
214 336 757 765 
214 336
214 757
336 765
598 662 771 326 379 655 344 401 592 509 416 594 413 194 338 555 619 96 284 292 537 244 
598 662
771 598
326 662
379 771
655 771
344 598
401 662
592 401
509 401
416 771
594 326
413 326
194 655
338 413
555 509
619 401
96 509
284 379
292 555
537 194
244 537
33 559 198 
33 198
33 559
737 782 692 95 241 
692 241
737 782
692 95
782 95
26 397 723 
26 397
26 723
76 371 75 220 386 39 106 615 606 697 469 390 635 365 302 
76 371
75 76
220 371
386 371
39 75
106 386
615 39
606 386
697 106
469 39
390 386
635 606
365 615
302 635
532 563 701 
532 701
563 701
533 565 
533 565
577 733 
577 733
412 
73 554 237 16 
554 16
237 16
73 554
17 120 704 777 267 
704 777
17 777
17 120
120 267
290 382 143 754 6 497 152 
290 382
143 290
754 290
6 382
497 290
152 497
195 325 650 
325 650
195 325
32 680 179 4 475 
32 475
680 179
32 680
32 4
407 
306 710 694 544 109 205 231 671 531 573 121 584 11 327 
306 710
694 710
544 710
109 694
205 306
231 544
671 306
531 544
573 671
121 109
584 231
11 121
327 573
29 223 693 346 740 
693 346
29 223
223 346
29 740
388 
423 538 44 753 688 147 196 374 566 342 478 367 452 89 
423 538
44 538
753 538
688 44
147 423
196 44
374 196
566 538
342 423
478 342
367 566
452 342
89 342
293 
157 695 
157 695
7 345 
7 345
61 756 169 161 
756 169
61 169
756 161
600 699 281 732 
600 732
600 699
699 281
340 585 528 750 
585 528
340 585
340 750
138 484 482 256 440 175 252 
138 484
482 138
256 138
440 256
175 484
252 440
224 487 749 617 665 246 190 222 731 358 
224 487
749 487
617 749
665 224
246 617
190 665
222 246
731 190
358 190
134 581 250 51 34 74 
134 74
34 74
134 250
134 581
581 51
227 443 119 798 
227 443
443 119
227 798
596 745 261 349 99 301 481 547 621 283 562 736 519 
596 745
261 745
349 261
99 745
301 745
481 596
547 261
621 261
283 261
562 596
736 745
519 481
505 721 684 352 722 612 752 
505 721
684 721
352 505
722 505
612 505
752 352
209 793 496 
209 793
209 496
372 515 312 796 
372 796
515 796
372 312
294 456 235 664 510 
294 456
294 235
664 510
456 664
450 535 
450 535
160 572 
160 572
280 
285 599 
285 599
406 534 523 728 378 193 643 254 140 466 607 739 713 
406 534
523 406
728 406
378 534
193 406
643 378
254 534
140 534
466 728
607 728
739 643
713 728
176 
734 778 689 506 495 409 493 449 359 348 41 328 316 113 746 259 85 730 389 
734 778
689 778
506 778
495 734
409 506
493 409
449 495
359 493
348 449
41 493
328 449
316 41
113 41
746 113
259 328
85 746
730 113
389 746
391 557 677 608 542 703 687 588 520 360 760 696 
391 557
677 557
608 391
542 391
703 608
687 391
588 557
520 687
360 687
760 520
696 520
69 784 787 289 
69 787
784 787
69 289
243 324 91 479 110 454 614 28 553 625 616 761 172 387 468 663 530 181 269 384 323 788 
243 324
91 324
479 243
110 324
454 243
614 110
28 614
553 28
625 91
616 553
761 479
172 454
387 625
468 625
663 616
530 625
181 454
269 387
384 387
323 387
788 454
296 552 
296 552
354 403 63 491 19 186 541 123 351 347 645 38 
354 403
63 403
491 403
19 354
186 354
541 186
123 63
351 186
347 541
645 63
38 186
263 383 471 240 232 512 483 429 154 98 439 453 
263 383
471 263
240 471
232 383
512 383
483 240
429 512
154 240
98 512
439 512
453 471
477 661 
477 661
236 385 
236 385
124 
667 790 583 136 297 215 769 498 463 137 462 228 767 112 504 264 93 0 83 
667 790
583 790
136 667
297 790
215 790
769 215
498 790
463 136
137 790
462 498
228 136
767 215
112 136
504 136
264 667
93 112
0 93
83 264
441 702 18 
441 702
441 18
53 
350 735 
350 735
341 580 15 122 438 159 178 508 221 480 162 464 631 427 207 368 21 
341 580
15 341
122 341
438 580
159 341
178 122
508 341
221 122
480 438
162 508
464 162
631 162
427 631
207 15
368 480
21 207
47 
522 593 447 117 
522 593
522 117
522 447
70 77 
70 77
279 376 744 67 
279 744
279 376
376 67
295 775 167 658 492 636 
295 167
775 167
658 492
167 658
295 636
8 567 
8 567
133 720 366 2 644 
2 644
720 644
133 366
133 2
108 130 474 166 415 763 185 184 94 457 489 458 789 640 708 539 546 
108 130
474 130
166 130
415 108
763 474
185 474
184 474
94 415
457 94
489 185
458 184
789 94
640 457
708 489
539 458
546 458
141 459 332 71 626 669 273 574 799 
141 459
332 141
71 141
626 459
669 332
273 332
574 71
799 574
37 
674 759 431 
674 431
674 759
318 363 173 470 
318 363
318 470
318 173
395 460 
395 460
31 
211 652 
211 652
278 315 101 191 189 437 335 422 174 105 288 772 672 
278 315
101 315
191 315
189 278
437 189
335 437
422 101
174 422
105 437
288 278
772 422
672 101
238 317 511 
238 511
238 317
