? 6 404 478 642 702 275 648 
? 6 522 593 497 733 117 693 
? 6 183 725 333 526 795 65 
? 6 391 557 677 542 703 608 
? 6 505 721 352 684 612 722 
? 6 372 515 796 282 675 105 
? 5 49 514 408 56 762 
? 5 143 290 6 754 382 
? 5 33 510 456 559 428 
? 5 265 537 310 36 529 
? 5 242 338 413 465 738 
? 5 115 152 111 22 577 
? 5 587 764 402 543 286 
? 5 72 309 303 146 177 
? 5 644 720 133 10 325 
? 4 141 332 273 459 
? 4 475 680 4 742 
? 4 132 626 64 158 
? 4 203 262 711 173 
? 4 238 317 511 477 
? 4 71 799 574 154 
? 4 227 443 119 37 
? 4 350 756 161 334 
? 4 29 223 740 7 
? 4 256 260 678 490 
? 4 765 776 399 435 
? 4 81 188 287 148 
? 4 235 294 61 198 
? 4 86 450 535 411 
? 4 279 376 3 67 
? 3 69 784 787 
? 3 26 430 723 
? 3 473 712 313 
? 3 211 652 293 
? 3 2 366 682 
? 3 47 752 793 
? 3 225 556 439 
? 3 687 760 288 
? 3 571 735 568 
? 3 11 121 669 
? 3 385 536 236 
? 3 124 360 696 
? 3 323 546 214 
? 3 451 758 209 
? 3 329 797 46 
? 3 388 503 168 
!
249 436 339 84 259 660 216 328 646 
249 436
339 436
84 249
259 436
660 249
216 660
328 259
646 216
218 381 104 58 623 516 327 750 405 103 657 42 528 585 302 
218 381
104 218
58 381
623 218
516 218
327 381
750 104
405 623
103 623
657 516
42 103
528 381
585 327
302 750
644 720 133 10 325 
644 720
133 325
720 133
644 10
372 515 796 282 675 105 
372 796
515 796
282 105
372 282
372 675
130 474 108 763 166 415 185 184 94 457 489 708 458 789 640 539 
130 474
108 130
763 474
166 130
415 108
185 763
184 185
94 415
457 94
489 184
708 489
458 184
789 94
640 457
539 458
102 322 601 578 570 281 773 
102 322
601 102
578 102
570 601
281 322
773 322
472 714 597 229 217 425 434 396 586 
472 714
597 714
229 597
217 714
425 472
434 425
396 597
586 229
193 674 
193 674
594 653 
594 653
727 729 187 361 125 394 794 55 715 518 610 9 182 770 551 747 139 780 206 741 153 277 116 575 100 
727 729
187 727
361 727
125 729
394 187
794 729
55 187
715 394
518 55
610 361
9 394
182 187
770 518
551 610
747 394
139 770
780 610
206 780
741 139
153 139
277 747
116 770
575 153
100 575
279 376 3 67 
376 3
279 3
3 67
550 633 
550 633
505 721 352 684 612 722 
684 612
505 721
505 352
505 684
684 722
72 309 303 146 177 
309 146
72 309
303 146
72 177
155 517 13 54 377 686 118 320 200 685 611 690 599 285 
155 517
13 155
54 13
377 517
686 517
118 155
320 517
200 13
685 118
611 320
690 54
599 685
285 599
388 503 168 
503 168
388 503
329 797 46 
797 46
329 46
18 476 
18 476
786 
1 245 356 268 355 414 38 210 351 654 186 541 364 500 604 347 247 
1 245
356 1
268 356
355 245
414 245
38 414
210 38
351 38
654 245
186 38
541 38
364 210
500 654
604 500
347 364
247 364
783 
391 557 677 542 703 608 
703 608
677 542
557 677
557 608
391 608
40 82 244 156 270 197 194 
40 82
244 82
156 40
270 40
197 244
194 244
263 383 471 98 240 483 232 512 429 453 79 321 791 
263 383
471 263
98 383
240 471
483 471
232 383
512 98
429 512
453 471
79 429
321 512
791 232
587 764 402 543 286 
587 764
764 402
587 543
543 286
451 758 209 
451 209
451 758
689 778 734 506 507 637 201 43 495 449 266 66 348 271 
689 778
734 778
506 778
507 778
637 507
201 506
43 201
495 507
449 495
266 507
66 266
348 449
271 66
704 788 
704 788
369 442 375 513 520 380 641 
369 442
375 369
513 375
520 442
380 520
641 442
62 521 
62 521
323 546 214 
323 546
323 214
86 450 535 411 
450 411
86 450
450 535
295 775 167 658 492 393 636 620 179 32 
295 775
167 295
658 295
492 775
393 295
636 167
620 658
179 775
32 167
114 499 234 258 420 284 532 798 280 701 
114 499
234 114
258 499
420 258
284 420
532 114
798 114
280 234
701 798
354 403 63 491 19 123 78 448 647 219 
354 403
63 403
491 403
19 403
123 63
78 123
448 19
647 448
219 448
171 525 311 666 549 252 440 533 486 
171 525
311 525
666 171
549 525
252 311
440 252
533 171
486 171
661 
667 790 583 137 136 463 462 215 504 767 498 228 297 264 112 769 93 83 615 0 205 365 710 306 220 621 231 698 697 39 390 671 261 349 573 99 
667 790
583 790
137 667
136 667
463 136
462 137
215 667
504 136
767 462
498 137
228 136
297 215
264 667
112 136
769 297
93 112
83 264
615 498
0 112
205 136
365 297
710 463
306 710
220 498
621 205
231 710
698 365
697 93
39 615
390 112
671 0
261 231
349 261
573 671
99 261
235 294 61 198 
235 294
61 198
235 198
149 726 
149 726
59 576 57 540 300 638 160 
59 576
57 59
540 59
300 576
638 576
160 576
645 
124 360 696 
124 696
124 360
44 538 423 753 688 196 374 609 343 426 566 147 342 629 718 452 224 89 20 367 253 441 
44 538
423 538
753 538
688 44
196 44
374 196
609 374
343 609
426 343
566 753
147 423
342 147
629 196
718 609
452 342
224 566
89 342
20 609
367 566
253 629
441 342
385 536 236 
385 236
385 536
692 737 782 447 95 732 345 
692 737
782 737
447 692
95 782
732 692
345 447
11 121 669 
11 121
11 669
241 600 
241 600
445 707 307 400 373 744 331 433 
445 707
307 707
400 707
373 707
744 307
331 400
433 400
588 
569 
571 735 568 
571 735
571 568
81 188 287 148 
81 148
287 148
188 287
183 725 333 526 795 65 
725 526
183 526
795 65
183 333
725 65
88 572 
88 572
765 776 399 435 
399 435
765 435
765 776
122 341 15 580 438 178 159 162 464 221 508 631 157 21 80 563 480 207 427 368 312 699 
122 341
15 341
580 122
438 580
178 438
159 341
162 159
464 162
221 580
508 162
631 162
157 341
21 159
80 221
563 21
480 438
207 563
427 631
368 480
312 80
699 221
687 760 288 
687 760
687 288
115 152 111 22 577 
152 22
152 111
115 577
115 152
225 556 439 
225 556
556 439
596 745 481 584 301 547 544 283 77 736 562 31 519 724 531 
596 745
481 596
584 745
301 596
547 596
544 584
283 745
77 481
736 77
562 301
31 584
519 77
724 31
531 544
47 752 793 
47 752
47 793
195 650 
195 650
501 627 
501 627
567 
256 260 678 490 
256 260
260 490
256 678
242 338 413 465 738 
465 738
338 413
242 338
338 738
150 494 239 719 314 176 624 
150 494
239 150
719 150
314 150
176 494
624 314
2 366 682 
366 682
2 366
265 537 310 36 529 
265 537
537 310
265 36
310 529
461 
41 113 316 493 409 389 267 746 359 730 757 202 17 74 
41 113
316 113
493 113
409 41
389 316
267 316
746 389
359 493
730 389
757 267
202 493
17 730
74 17
33 510 456 559 428 
33 559
510 559
33 456
510 428
289 
274 524 527 230 5 705 204 233 548 128 766 199 370 781 
274 524
527 524
230 524
5 274
705 274
204 230
233 527
548 230
128 705
766 705
199 548
370 230
781 766
246 
276 639 
276 639
163 407 
163 407
29 223 740 7 
29 223
740 7
29 740
350 756 161 334 
350 161
756 334
756 161
227 443 119 37 
227 443
227 37
443 119
134 581 250 34 51 172 336 
134 581
250 134
34 134
51 134
172 34
336 172
144 681 605 670 296 419 706 649 412 552 
144 681
605 681
670 681
296 681
419 144
706 605
649 605
412 144
552 706
522 593 497 733 117 693 
522 593
522 117
733 693
593 733
497 117
71 799 574 154 
799 154
71 574
71 799
76 371 75 386 606 106 469 635 340 53 109 694 251 
76 371
75 76
386 371
606 386
106 606
469 75
635 106
340 635
53 606
109 340
694 109
251 469
45 634 590 126 792 656 92 
45 634
590 634
126 634
792 634
656 45
92 634
211 652 293 
211 652
652 293
238 317 511 477 
238 477
511 477
238 317
143 290 6 754 382 
143 290
143 754
6 382
754 382
208 432 
208 432
129 683 
129 683
170 
248 298 
248 298
278 315 101 191 291 48 189 437 174 672 422 772 335 
278 315
101 315
191 315
291 278
48 291
189 191
437 189
174 101
672 315
422 672
772 422
335 437
169 
406 534 523 728 378 140 254 643 466 363 739 713 664 318 607 392 676 180 470 
406 534
523 534
728 406
378 534
140 728
254 534
643 378
466 523
363 523
739 643
713 140
664 140
318 363
607 363
392 713
676 140
180 676
470 363
164 555 779 292 8 695 619 346 73 16 554 237 
164 555
779 164
292 164
8 164
695 292
619 292
346 164
73 346
16 8
554 16
237 619
203 262 711 173 
203 262
203 173
262 711
243 324 479 91 553 454 28 530 110 663 625 616 761 181 387 614 468 384 777 120 269 716 
243 324
479 243
91 243
553 243
454 243
28 553
530 91
110 28
663 553
625 91
616 553
761 479
181 454
387 625
614 28
468 625
384 387
777 454
120 454
269 384
716 269
97 591 
97 591
444 751 226 107 632 330 25 485 131 613 424 151 
444 751
226 444
107 751
632 444
330 107
25 751
485 107
131 330
613 226
424 632
151 424
598 662 771 379 344 326 655 592 401 416 509 96 
598 662
771 662
379 771
344 598
326 662
655 771
592 662
401 662
416 598
509 401
96 379
24 579 
24 579
496 561 
496 561
85 
23 630 60 743 455 272 27 68 142 673 90 145 582 709 165 558 564 257 50 
23 630
60 23
743 60
455 23
272 630
27 60
68 743
142 743
673 630
90 68
145 90
582 272
709 582
165 68
558 68
564 272
257 165
50 564
473 712 313 
473 712
712 313
70 
446 759 
446 759
299 679 668 418 398 589 410 768 337 628 14 305 135 87 622 700 353 
299 679
668 299
418 679
398 418
589 679
410 589
768 589
337 768
628 668
14 337
305 628
135 628
87 135
622 418
700 305
353 418
52 
132 626 64 158 
132 626
626 64
132 158
565 755 
565 755
475 680 4 742 
680 742
475 742
475 4
404 478 642 702 275 648 
478 702
404 478
404 642
275 648
702 648
545 618 
545 618
49 514 408 56 762 
49 408
514 56
408 56
49 762
190 358 395 665 731 175 749 484 617 487 467 362 431 482 222 138 460 
190 358
395 358
665 358
731 190
175 358
749 190
484 731
617 749
487 749
467 395
362 467
431 175
482 484
222 617
138 484
460 467
560 717 651 785 774 304 212 748 595 
560 717
651 717
785 560
774 651
304 717
212 304
748 304
595 774
35 
26 430 723 
430 723
26 430
141 332 273 459 
141 273
332 459
332 273
417 488 
417 488
30 
12 602 
12 602
308 603 213 502 691 127 421 192 659 319 255 397 357 
308 603
213 603
502 603
691 213
127 691
421 127
192 691
659 127
319 213
255 319
397 659
357 691
69 784 787 
69 787
784 787
