? 6 76 371 220 75 39 386 
? 6 15 341 178 438 21 207 
? 6 377 517 686 599 285 685 
? 6 589 768 337 410 266 679 
? 6 92 634 45 590 126 496 
? 6 59 432 576 57 572 540 
? 5 114 532 499 563 798 
? 5 597 714 716 472 269 
? 5 363 607 466 318 470 
? 5 100 575 153 139 741 
? 5 61 198 169 235 294 
? 5 33 510 711 664 456 
? 5 224 487 749 190 665 
? 5 238 317 477 64 511 
? 5 489 708 185 184 214 
? 4 44 538 423 688 
? 4 208 380 641 369 
? 4 108 130 474 166 
? 4 3 67 376 279 
? 4 171 486 666 525 
? 4 519 736 77 481 
? 4 16 554 567 346 
? 4 29 223 740 7 
? 4 295 775 658 492 
? 4 180 676 713 203 
? 4 299 668 628 30 
? 4 449 495 348 328 
? 4 18 118 702 441 
? 4 305 700 343 426 
? 4 609 718 20 374 
? 3 393 620 262 
? 3 117 447 345 
? 3 94 457 789 
? 3 536 564 385 
? 3 399 501 435 
? 3 765 776 640 
? 3 222 246 678 
? 3 233 524 204 
? 3 428 559 446 
? 3 95 755 782 
? 3 407 565 533 
? 3 627 709 236 
? 3 79 429 556 
? 3 87 135 476 
? 3 396 569 513 
? 3 147 342 753 
!
40 156 82 258 420 234 284 724 670 
40 156
82 156
258 82
420 258
234 258
284 420
724 40
670 724
261 547 349 621 99 745 283 231 596 205 584 264 463 544 301 
261 547
349 261
621 349
99 547
745 99
283 99
231 621
596 745
205 231
584 745
264 261
463 205
544 231
301 596
489 708 185 184 214 
489 184
489 708
185 184
708 214
59 432 576 57 572 540 
59 576
57 572
432 572
59 432
57 540
308 603 502 213 362 367 691 127 566 467 659 319 255 460 196 629 
308 603
502 603
213 502
362 308
367 362
691 502
127 691
566 367
467 362
659 127
319 213
255 319
460 467
196 566
629 196
146 303 52 309 72 274 177 
146 303
52 303
309 146
72 309
274 52
177 72
71 574 799 273 141 459 332 683 626 
71 574
799 71
273 71
141 71
459 141
332 459
683 459
626 683
415 763 
415 763
51 336 
51 336
17 120 777 788 74 704 181 454 172 730 389 267 34 316 746 134 276 468 113 581 757 41 243 85 324 
17 120
777 120
788 777
74 777
704 17
181 704
454 181
172 788
730 120
389 730
267 74
34 172
316 267
746 389
134 34
276 746
468 172
113 316
581 134
757 267
41 113
243 454
85 746
324 243
609 718 20 374 
609 718
609 20
609 374
106 498 
106 498
92 634 45 590 126 496 
634 126
45 126
92 496
45 496
634 590
238 317 477 64 511 
238 477
477 511
238 317
238 64
560 785 717 651 304 774 748 10 595 370 644 720 230 645 
560 785
717 560
651 717
304 717
774 651
748 304
10 748
595 774
370 774
644 10
720 644
230 370
645 748
147 342 753 
147 342
147 753
396 569 513 
569 513
396 569
260 549 
260 549
701 
12 602 604 500 248 310 265 537 194 36 197 344 662 771 598 655 244 
12 602
604 602
500 604
248 12
310 248
265 310
537 265
194 537
36 310
197 537
344 194
662 344
771 344
598 662
655 771
244 194
692 
589 768 337 410 266 679 
337 410
768 337
768 679
266 679
589 768
445 707 331 307 400 373 744 
445 707
331 707
307 445
400 331
373 331
744 307
297 769 215 365 83 767 698 257 137 165 667 790 615 
297 769
215 297
365 769
83 215
767 215
698 365
257 769
137 767
165 257
667 137
790 667
615 767
224 487 749 190 665 
487 749
224 487
749 190
190 665
87 135 476 
87 135
135 476
296 552 706 649 402 605 587 764 286 270 144 681 419 461 
296 552
706 296
649 706
402 649
605 552
587 402
764 587
286 649
270 605
144 286
681 144
419 286
461 419
63 780 
63 780
136 228 504 710 583 462 531 
136 228
504 136
710 504
583 228
462 583
531 710
397 561 
397 561
79 429 556 
79 429
79 556
305 700 343 426 
700 426
305 426
700 343
240 471 483 263 453 383 158 154 132 225 
240 471
483 471
263 240
453 471
383 263
158 471
154 453
132 158
225 483
48 291 690 88 200 13 54 160 155 288 
48 291
690 48
88 690
200 690
13 200
54 13
160 88
155 54
288 160
542 677 391 608 703 687 360 760 520 696 
542 677
391 677
608 677
703 608
687 391
360 687
760 687
520 760
696 360
32 475 4 636 680 173 179 167 742 
32 475
4 475
636 32
680 32
173 636
179 680
167 636
742 179
661 
219 448 347 541 647 19 465 210 38 242 364 351 488 491 186 247 653 414 355 338 594 354 403 413 356 1 245 298 738 268 619 326 417 654 237 206 
219 448
347 219
541 347
647 448
19 347
465 448
210 541
38 210
242 465
364 465
351 38
488 647
491 19
186 351
247 364
653 247
414 38
355 414
338 242
594 338
354 491
403 354
413 338
356 414
1 356
245 1
298 653
738 298
268 356
619 488
326 413
417 488
654 247
237 417
206 354
18 118 702 441 
702 441
18 118
118 441
80 503 
80 503
162 464 631 508 159 427 122 
162 464
631 162
508 464
159 508
427 631
122 464
656 
627 709 236 
627 709
709 236
444 751 226 107 632 485 330 131 25 613 151 424 758 786 430 451 84 723 722 26 612 339 
444 751
226 444
107 751
632 751
485 107
330 485
131 330
25 226
613 25
151 632
424 151
758 613
786 25
430 131
451 758
84 424
723 430
722 786
26 723
612 722
339 84
407 565 533 
565 533
407 533
128 705 5 24 781 766 527 
128 705
5 705
24 128
781 705
766 781
527 705
95 755 782 
95 782
95 755
293 761 
293 761
333 526 183 170 725 320 65 611 
333 526
183 526
170 333
725 183
320 170
65 725
611 320
638 
579 
428 559 446 
428 559
559 446
449 495 348 328 
449 495
449 348
495 328
377 517 686 599 285 685 
517 686
517 599
377 599
285 685
686 685
395 431 
395 431
299 668 628 30 
299 628
668 628
299 30
327 585 340 573 104 671 11 58 528 381 121 218 109 635 390 0 750 112 93 697 694 306 
327 585
340 327
573 340
104 327
671 573
11 585
58 11
528 104
381 104
121 11
218 381
109 121
635 528
390 340
0 390
750 528
112 0
93 0
697 93
694 109
306 694
233 524 204 
233 204
524 204
33 510 711 664 456 
711 456
510 664
711 664
33 456
222 246 678 
246 678
222 678
505 684 721 352 752 793 47 726 209 591 287 188 97 148 149 
505 684
721 684
352 505
752 352
793 752
47 752
726 47
209 793
591 47
287 726
188 287
97 287
148 97
149 209
765 776 640 
776 640
765 640
50 558 
50 558
14 66 
14 66
551 
180 676 713 203 
180 713
180 203
676 713
61 198 169 235 294 
169 235
235 294
61 198
198 169
161 350 735 783 756 792 334 
161 350
735 161
783 735
756 350
792 735
334 350
399 501 435 
399 435
399 501
100 575 153 139 741 
575 153
100 575
153 139
139 741
543 
28 110 553 614 616 652 217 663 211 479 586 229 375 300 
28 110
553 28
614 28
616 553
652 614
217 616
663 616
211 652
479 110
586 217
229 586
375 211
300 211
363 607 466 318 470 
607 318
363 318
607 470
363 466
442 
727 729 125 187 794 361 394 55 715 518 610 9 182 770 
727 729
125 727
187 125
794 727
361 729
394 794
55 187
715 394
518 55
610 361
9 518
182 187
770 518
433 
31 412 
31 412
568 571 
568 571
295 775 658 492 
658 492
295 775
775 492
29 223 740 7 
29 223
740 7
29 740
16 554 567 346 
16 554
554 346
16 567
2 195 325 133 366 650 682 
2 195
325 2
133 195
366 133
650 325
682 366
600 699 221 732 480 797 241 515 737 580 
600 699
221 699
732 600
480 732
797 600
241 732
515 221
737 241
580 221
15 341 178 438 21 207 
15 341
341 178
341 438
178 207
21 207
519 736 77 481 
519 481
77 481
736 481
405 623 103 42 302 53 516 657 784 289 606 69 669 
405 623
103 405
42 405
302 623
53 302
516 103
657 516
784 657
289 516
606 302
69 784
669 289
530 625 387 91 434 323 546 
530 625
387 625
91 625
434 387
323 434
546 434
536 564 385 
536 385
564 385
171 486 666 525 
486 525
171 525
171 666
597 714 716 472 269 
597 472
597 269
716 269
714 472
129 787 
129 787
145 469 
145 469
379 
458 539 
458 539
292 555 164 509 416 96 779 401 592 695 8 73 157 
292 555
164 555
509 555
416 509
96 416
779 164
401 509
592 401
695 96
8 164
73 8
157 779
368 
409 493 359 506 202 43 201 689 734 778 353 622 639 795 507 418 250 637 398 
409 493
359 493
506 493
202 506
43 202
201 43
689 506
734 689
778 734
353 201
622 353
639 202
795 639
507 778
418 353
250 359
637 507
398 418
23 630 27 60 743 142 272 455 68 673 90 582 
23 630
27 630
60 23
743 60
142 743
272 142
455 27
68 142
673 27
90 68
582 673
3 67 376 279 
3 376
3 279
3 67
143 290 382 754 6 577 497 115 152 450 545 111 618 693 212 535 22 86 593 411 733 522 
143 290
382 290
754 290
6 382
577 143
497 577
115 497
152 115
450 754
545 6
111 152
618 545
693 497
212 754
535 450
22 152
86 212
593 115
411 212
733 593
522 593
277 747 
277 747
37 174 422 672 101 588 119 443 562 227 772 557 
37 174
422 37
672 422
101 422
588 672
119 174
443 119
562 443
227 443
772 672
557 588
189 437 335 282 372 675 105 191 312 278 796 315 
189 437
335 437
282 335
372 282
675 372
105 282
191 189
312 372
278 191
796 282
315 278
78 123 
78 123
70 280 
70 280
329 
62 624 216 646 314 357 521 660 253 150 249 176 239 494 421 719 192 271 436 
62 624
216 62
646 624
314 646
357 62
521 357
660 216
253 357
150 314
249 660
176 253
239 150
494 150
421 253
719 239
192 421
271 314
436 249
94 457 789 
94 457
457 789
259 
199 548 
199 548
56 408 712 473 49 762 514 791 313 550 98 232 529 439 321 512 633 
56 408
712 408
473 408
49 473
762 49
514 49
791 56
313 712
550 313
98 791
232 791
529 313
439 98
321 439
512 439
633 529
163 
108 130 474 166 
108 130
130 474
474 166
124 251 
124 251
208 380 641 369 
208 369
641 369
208 380
76 371 220 75 39 386 
371 220
220 386
76 371
371 75
75 39
384 425 
384 425
114 532 499 563 798 
114 499
532 798
114 532
563 798
102 578 322 601 570 773 404 388 642 89 46 648 168 478 452 275 281 
102 578
322 102
601 578
570 601
773 322
404 601
388 322
642 601
89 404
46 773
648 570
168 388
478 404
452 89
275 648
281 388
406 534 523 728 254 140 378 392 643 
406 534
523 406
728 534
254 728
140 254
378 406
392 140
643 378
116 
117 447 345 
117 447
447 345
44 538 423 688 
44 538
44 688
538 423
674 759 
674 759
81 
35 490 
35 490
138 482 484 731 256 440 252 739 175 617 311 193 358 
138 482
484 482
731 484
256 138
440 256
252 440
739 482
175 739
617 731
311 256
193 252
358 731
393 620 262 
393 620
393 262
