? 6 203 262 180 393 620 658 
? 6 143 290 754 382 6 497 
? 6 295 775 167 492 32 475 
? 6 150 494 719 239 20 176 
? 6 72 309 177 579 742 680 
? 6 670 724 40 412 649 402 
? 5 369 442 375 513 641 
? 5 242 338 594 248 488 
? 5 314 646 624 271 62 
? 5 441 702 476 275 285 
? 5 29 223 368 346 693 
? 5 132 626 129 64 158 
? 5 737 782 95 490 692 
? 5 49 514 762 473 408 
? 5 141 459 332 71 683 
? 4 59 576 57 300 
? 4 134 581 51 34 
? 4 249 339 436 84 
? 4 587 764 543 419 
? 4 183 725 333 639 
? 4 600 699 221 281 
? 4 321 439 225 712 
? 4 259 328 348 66 
? 4 109 121 11 694 
? 4 69 784 669 787 
? 4 7 732 345 480 
? 4 317 511 238 477 
? 4 209 793 149 612 
? 4 61 169 235 198 
? 4 372 515 282 503 
? 3 237 567 8 
? 3 161 350 783 
? 3 26 723 397 
? 3 520 760 772 
? 3 42 53 289 
? 3 97 287 726 
? 3 105 796 312 
? 3 273 574 799 
? 3 216 660 357 
? 3 163 533 755 
? 3 46 773 329 
? 3 327 340 671 
? 3 173 636 4 
? 3 568 571 446 
? 3 168 388 675 
? 3 124 360 696 
!
445 707 400 307 376 373 331 433 744 
445 707
400 707
307 445
376 307
373 707
331 400
433 400
744 307
423 538 44 753 688 196 147 342 374 609 89 426 452 629 343 
423 538
44 538
753 538
688 44
196 44
147 423
342 147
374 196
609 196
89 342
426 688
452 89
629 196
343 609
141 459 332 71 683 
332 683
459 332
141 683
141 71
670 724 40 412 649 402 
670 724
724 412
649 402
670 40
40 402
107 226 444 751 330 25 632 485 131 613 758 151 430 786 424 451 
107 226
444 107
751 444
330 751
25 107
632 751
485 444
131 330
613 25
758 25
151 632
430 330
786 25
424 151
451 758
352 505 721 684 752 722 47 
352 505
721 505
684 505
752 352
722 505
47 752
45 634 590 92 126 792 656 496 735 
45 634
590 634
92 634
126 634
792 590
656 45
496 45
735 792
288 672 
288 672
470 486 
470 486
667 790 583 767 137 136 215 462 228 504 463 112 264 205 93 769 498 297 83 0 615 697 365 306 710 
667 790
583 790
767 790
137 790
136 790
215 790
462 667
228 136
504 136
463 136
112 583
264 667
205 463
93 112
769 215
498 137
297 769
83 297
0 112
615 498
697 112
365 769
306 463
710 306
372 515 282 503 
515 503
372 282
372 515
431 759 
431 759
72 309 177 579 742 680 
72 309
742 680
72 177
579 680
309 579
49 514 762 473 408 
762 473
49 408
49 514
49 473
734 778 689 506 507 637 201 495 353 43 493 449 202 266 
734 778
689 734
506 778
507 734
637 507
201 507
495 637
353 201
43 201
493 506
449 495
202 43
266 353
124 360 696 
124 696
124 360
168 388 675 
168 388
388 675
148 591 
148 591
797 
560 785 717 651 774 304 748 10 86 212 644 195 645 720 116 2 325 
560 785
717 785
651 717
774 651
304 717
748 304
10 748
86 651
212 304
644 10
195 644
645 748
720 195
116 10
2 644
325 2
795 
150 494 719 239 20 176 
150 20
494 20
150 719
494 176
150 239
575 650 67 366 100 682 133 
575 650
67 575
366 650
100 67
682 366
133 366
299 679 668 589 418 398 628 410 337 768 305 622 135 
299 679
668 679
589 299
418 679
398 418
628 299
410 299
337 410
768 337
305 628
622 418
135 628
737 782 95 490 692 
737 782
95 692
782 95
782 490
568 571 446 
571 446
568 571
76 371 220 75 386 39 106 606 390 635 698 528 302 573 
76 371
220 371
75 371
386 371
39 220
106 386
606 386
390 220
635 606
698 39
528 106
302 635
573 390
241 740 
241 740
557 677 391 542 608 588 703 
557 677
391 557
542 557
608 677
588 557
703 391
3 279 
3 279
173 636 4 
636 4
173 636
61 169 235 198 
169 235
61 198
169 198
194 537 265 197 310 36 244 82 529 270 
194 537
265 537
197 537
310 537
36 197
244 197
82 244
529 36
270 197
218 381 104 103 623 58 405 516 585 750 
218 381
104 218
103 218
623 103
58 381
405 623
516 103
585 104
750 381
164 555 292 509 73 779 619 16 416 96 
164 555
292 164
509 164
73 164
779 164
619 555
16 555
416 555
96 416
227 443 119 798 701 280 70 427 37 
227 443
119 443
798 443
701 798
280 798
70 798
427 119
37 443
678 
243 324 91 479 454 28 625 553 614 761 181 110 616 663 704 384 387 269 788 172 530 468 17 323 652 120 434 229 425 777 217 597 540 276 716 293 
243 324
91 324
479 324
454 324
28 324
625 91
553 28
614 28
761 479
181 454
110 28
616 28
663 91
704 454
384 625
387 625
269 384
788 454
172 788
530 625
468 625
17 454
323 387
652 28
120 17
434 387
229 616
425 269
777 788
217 553
597 384
540 761
276 704
716 384
293 540
209 793 149 612 
209 793
793 612
209 149
380 432 
380 432
404 601 478 570 578 102 322 
404 601
478 404
570 601
578 601
102 570
322 102
661 
327 340 671 
327 671
340 671
23 60 630 743 272 455 27 68 142 90 145 582 673 257 165 558 709 564 50 469 627 251 
23 60
630 23
743 60
272 630
455 60
27 630
68 743
142 68
90 68
145 60
582 27
673 27
257 90
165 257
558 165
709 582
564 272
50 564
469 145
627 709
251 50
46 773 329 
46 329
773 329
311 525 171 549 260 666 35 
311 525
171 525
549 311
260 311
666 171
35 525
163 533 755 
533 755
163 533
81 188 
81 188
114 499 207 234 420 532 563 258 
114 499
207 114
234 499
420 499
532 114
563 114
258 420
657 
648 
216 660 357 
216 660
216 357
317 511 238 477 
238 477
511 477
317 238
295 775 167 492 32 475 
32 475
295 167
775 167
167 492
295 475
80 631 
80 631
7 732 345 480 
7 732
345 480
732 345
727 729 361 187 394 125 55 794 518 715 610 9 770 182 551 206 139 747 153 780 277 741 
727 729
361 729
187 727
394 727
125 394
55 187
794 394
518 55
715 394
610 361
9 55
770 518
182 187
551 610
206 610
139 182
747 715
153 139
780 206
277 206
741 153
273 574 799 
574 799
273 574
132 626 129 64 158 
626 129
132 626
626 64
132 158
105 796 312 
796 312
105 796
308 603 213 367 502 691 362 127 421 467 255 319 566 659 460 
308 603
213 603
367 603
502 213
691 213
362 367
127 691
421 691
467 362
255 308
319 255
566 367
659 127
460 467
97 287 726 
287 726
97 726
65 526 
65 526
170 638 
170 638
633 
69 784 669 787 
669 787
69 787
784 787
29 223 368 346 693 
346 693
29 223
223 346
29 368
522 593 117 447 22 733 152 
522 593
117 522
447 593
22 593
733 593
152 22
42 53 289 
42 53
42 289
441 702 476 275 285 
441 702
476 285
702 476
441 275
561 
354 403 63 491 19 186 123 351 347 541 219 448 78 647 
354 403
63 403
491 403
19 403
186 354
123 63
351 186
347 351
541 347
219 347
448 219
78 123
647 448
314 646 624 271 62 
646 271
646 624
314 271
624 62
556 
54 155 13 517 200 611 377 118 690 320 686 599 685 18 
54 155
13 54
517 155
200 13
611 54
377 155
118 155
690 13
320 377
686 517
599 377
685 599
18 118
521 
700 718 
700 718
385 536 
385 536
109 121 11 694 
109 121
121 694
121 11
259 328 348 66 
348 66
259 328
328 348
321 439 225 712 
321 439
321 225
321 712
138 484 482 175 256 440 252 
138 484
482 484
175 484
256 482
440 256
252 482
598 662 771 326 344 379 592 401 655 413 
598 662
771 598
326 662
344 598
379 771
592 598
401 662
655 771
413 326
143 290 754 382 6 497 
143 290
143 754
382 6
754 382
290 497
600 699 221 281 
699 221
600 699
699 281
263 383 471 483 240 232 512 453 429 79 791 98 154 
263 383
471 263
483 263
240 471
232 383
512 383
453 471
429 512
79 512
791 232
98 429
154 453
552 605 681 706 144 296 286 
552 605
681 605
706 552
144 681
296 706
286 605
520 760 772 
760 772
520 772
183 725 333 639 
183 725
183 333
725 639
242 338 594 248 488 
338 248
242 338
594 488
242 594
284 695 
284 695
160 572 
160 572
461 
417 554 
417 554
472 714 586 546 396 776 435 569 765 399 236 501 336 
472 714
586 714
546 714
396 586
776 714
435 776
569 586
765 776
399 435
236 396
501 399
336 546
411 
596 745 349 481 231 584 99 547 261 621 301 283 562 544 77 736 31 519 531 
596 745
349 745
481 596
231 349
584 745
99 745
547 99
261 349
621 99
301 99
283 547
562 301
544 231
77 481
736 481
31 584
519 481
531 31
278 315 101 191 189 291 48 437 335 422 174 88 
278 315
101 315
191 315
189 278
291 278
48 291
437 189
335 189
422 101
174 101
88 291
587 764 543 419 
543 419
587 764
587 419
274 524 527 548 233 705 52 230 199 766 204 128 5 595 24 370 303 781 179 450 535 146 
274 524
527 274
548 524
233 524
705 274
52 705
230 548
199 548
766 527
204 230
128 705
5 705
595 230
24 705
370 230
303 52
781 766
179 766
450 548
535 595
146 303
407 565 
407 565
224 487 749 617 190 246 222 358 665 731 395 642 
224 487
749 487
617 487
190 749
246 617
222 246
358 190
665 749
731 358
395 358
642 246
15 341 580 122 178 438 464 159 157 508 162 21 
15 341
580 341
122 580
178 341
438 580
464 122
159 15
157 341
508 159
162 508
21 341
334 756 
334 756
111 577 
111 577
211 
500 604 654 12 602 364 247 738 1 355 245 414 210 356 653 298 465 38 268 
500 604
654 500
12 604
602 12
364 604
247 364
738 247
1 654
355 1
245 1
414 245
210 414
356 1
653 364
298 738
465 247
38 210
268 356
26 723 397 
26 397
26 723
156 
313 550 
313 550
406 534 523 728 643 378 140 466 392 254 607 363 713 674 193 318 739 
406 534
523 406
728 406
643 406
378 643
140 728
466 406
392 140
254 728
607 466
363 607
713 140
674 643
193 363
318 607
739 378
115 
249 339 436 84 
339 436
249 436
249 84
545 618 
545 618
134 581 51 34 
134 581
581 51
134 34
203 262 180 393 620 658 
203 262
203 658
203 180
393 658
620 658
192 253 
192 253
369 442 375 513 641 
369 442
369 513
375 513
369 641
108 130 474 166 415 763 184 185 457 94 458 708 489 789 640 539 214 
108 130
474 130
166 130
415 108
763 474
184 763
185 184
457 415
94 457
458 184
708 185
489 708
789 94
640 457
539 789
214 458
510 664 456 33 559 428 711 676 294 
510 664
456 664
33 664
559 510
428 559
711 559
676 428
294 456
87 
161 350 783 
161 350
350 783
59 576 57 300 
59 576
576 300
57 300
14 30 
14 30
56 
208 687 
208 687
41 113 316 389 409 359 267 757 746 730 85 74 250 
41 113
316 113
389 316
409 41
359 409
267 316
757 267
746 389
730 746
85 746
74 730
250 757
237 567 8 
567 8
237 8
