? 6 72 309 177 720 133 644 
? 6 134 581 250 34 51 214 
? 6 311 525 171 486 549 260 
? 6 203 262 180 620 658 393 
? 6 295 775 167 492 475 680 
? 6 132 158 626 238 64 317 
? 5 44 688 196 609 374 
? 5 49 514 408 762 473 
? 5 242 338 248 488 647 
? 5 428 559 61 198 392 
? 5 59 576 300 432 57 
? 5 69 784 657 787 289 
? 5 505 721 684 352 752 
? 5 4 32 636 173 470 
? 5 141 459 332 71 273 
? 4 737 782 95 241 
? 4 765 776 399 640 
? 4 119 427 443 227 
? 4 2 195 682 100 
? 4 259 328 271 62 
? 4 372 515 796 282 
? 4 3 376 744 279 
? 4 307 445 67 116 
? 4 80 312 675 464 
? 4 490 797 773 329 
? 4 520 760 772 687 
? 4 235 568 334 446 
? 4 369 442 513 641 
? 4 188 726 47 287 
? 4 255 561 460 149 
? 3 77 736 562 
? 3 600 699 732 
? 3 435 501 236 
? 3 275 648 168 
? 3 323 539 336 
? 3 40 82 156 
? 3 211 375 652 
? 3 50 536 385 
? 3 7 740 29 
? 3 208 380 288 
? 3 421 629 357 
? 3 343 426 718 
? 3 161 350 756 
? 3 129 511 661 
? 3 321 791 225 
? 3 193 666 407 
!
89 404 601 342 478 570 102 147 423 
89 404
601 89
342 89
478 342
570 478
102 570
147 342
423 147
130 474 108 763 166 415 185 184 457 94 489 708 458 789 546 
130 474
108 130
763 130
166 130
415 108
185 763
184 763
457 415
94 457
489 185
708 489
458 184
789 94
546 789
141 459 332 71 273 
141 273
459 332
332 273
141 71
132 158 626 238 64 317 
238 317
132 626
238 64
626 64
132 158
598 662 771 594 326 655 379 592 344 509 401 96 416 284 413 619 
598 662
771 662
594 662
326 662
655 771
379 771
592 598
344 655
509 598
401 509
96 379
416 379
284 379
413 326
619 401
197 537 265 194 36 244 310 
197 537
265 537
194 537
36 537
244 197
310 197
433 650 400 331 575 707 366 325 373 
433 650
400 433
331 400
575 650
707 400
366 433
325 366
373 707
477 683 
477 683
253 521 
253 521
243 324 91 479 110 454 28 530 625 553 616 788 761 614 181 663 387 384 172 269 468 17 217 425 777 
243 324
91 324
479 243
110 243
454 324
28 110
530 91
625 91
553 28
616 28
788 454
761 479
614 28
181 454
663 616
387 625
384 387
172 788
269 384
468 172
17 454
217 616
425 387
777 788
255 561 460 149 
255 561
255 149
255 460
296 764 
296 764
295 775 167 492 475 680 
295 167
775 167
775 680
475 680
167 492
4 32 636 173 470 
636 470
32 636
4 636
32 173
13 155 54 517 377 200 118 690 599 686 685 320 18 611 
13 155
54 13
517 155
377 155
200 13
118 155
690 13
599 155
686 155
685 118
320 517
18 118
611 517
193 666 407 
193 666
666 407
321 791 225 
321 225
321 791
285 702 
285 702
735 
406 534 728 523 254 466 643 140 363 378 674 607 713 739 318 759 676 
406 534
728 406
523 534
254 534
466 534
643 534
140 728
363 466
378 643
674 643
607 363
713 140
739 643
318 607
759 674
676 254
696 
203 262 180 620 658 393 
203 262
203 658
203 180
658 393
620 658
249 339 436 660 216 646 624 
249 339
436 249
660 249
216 660
646 660
624 216
522 593 447 117 345 733 115 22 497 152 163 223 692 
522 593
447 522
117 447
345 522
733 593
115 522
22 593
497 115
152 497
163 22
223 733
692 447
505 721 684 352 752 
505 721
505 352
505 684
352 752
129 511 661 
511 661
129 511
76 371 75 386 106 606 469 635 53 340 573 327 11 109 
76 371
75 76
386 371
106 386
606 386
469 75
635 386
53 635
340 606
573 340
327 340
11 327
109 11
35 678 
35 678
150 494 719 20 176 314 239 
150 494
719 150
20 494
176 20
314 150
239 719
148 793 
148 793
161 350 756 
161 350
161 756
188 726 47 287 
726 287
188 726
188 47
45 634 590 92 126 97 656 792 496 571 
45 634
590 634
92 45
126 45
97 634
656 634
792 590
496 634
571 126
651 717 785 560 304 212 748 535 10 450 
651 717
785 717
560 785
304 717
212 304
748 304
535 651
10 748
450 535
308 603 213 502 691 127 659 467 319 192 
308 603
213 603
502 213
691 502
127 691
659 127
467 603
319 213
192 127
278 315 101 191 189 48 437 291 335 
278 315
101 315
191 315
189 191
48 278
437 189
291 48
335 437
633 
667 790 583 228 136 215 462 463 137 504 264 769 297 112 767 498 83 0 615 93 205 710 365 697 306 547 220 698 231 261 39 671 349 621 694 390 
667 790
583 790
228 790
136 667
215 667
462 790
463 136
137 583
504 136
264 667
769 215
297 769
112 504
767 583
498 583
83 264
0 112
615 498
93 0
205 136
710 463
365 767
697 0
306 710
547 264
220 498
698 365
231 463
261 231
39 220
671 0
349 261
621 231
694 710
390 0
369 442 513 641 
369 442
369 513
369 641
105 503 
105 503
456 664 510 33 294 169 711 
456 664
510 664
33 664
294 456
169 294
711 510
608 
343 426 718 
343 718
343 426
107 444 751 226 632 330 25 131 485 151 613 430 758 424 451 786 722 84 612 723 26 209 
107 444
751 107
226 444
632 751
330 107
25 226
131 107
485 751
151 751
613 25
430 131
758 226
424 151
451 758
786 613
722 786
84 424
612 722
723 430
26 723
209 451
421 629 357 
421 629
421 357
183 725 333 65 170 795 526 
183 725
333 183
65 725
170 333
795 725
526 333
208 380 288 
208 380
380 288
411 645 
411 645
472 714 597 716 229 396 434 569 
472 714
597 714
716 597
229 472
396 597
434 472
569 396
591 
586 
7 740 29 
7 740
740 29
235 568 334 446 
235 446
568 446
235 334
311 525 171 486 549 260 
525 486
311 260
486 260
525 171
171 549
293 540 
293 540
520 760 772 687 
760 772
760 687
520 772
274 524 527 233 230 705 548 204 128 766 370 5 199 52 24 742 179 595 781 303 146 774 
274 524
527 274
233 274
230 274
705 527
548 230
204 230
128 705
766 705
370 230
5 705
199 548
52 705
24 705
742 766
179 766
595 230
781 766
303 52
146 303
774 204
50 536 385 
536 385
50 385
69 784 657 787 289 
69 787
69 657
784 787
657 289
211 375 652 
211 652
211 375
299 679 668 410 589 418 768 14 337 628 305 135 700 622 30 
299 679
668 299
410 679
589 299
418 679
768 589
14 679
337 768
628 668
305 628
135 628
700 305
622 418
30 305
40 82 156 
82 156
40 82
533 755 
533 755
313 529 
313 529
579 
490 797 773 329 
797 329
773 329
490 329
59 576 300 432 57 
59 576
576 300
300 432
432 57
391 557 542 677 703 360 588 
391 557
542 557
677 391
703 677
360 391
588 557
323 539 336 
323 336
323 539
428 559 61 198 392 
61 198
559 61
428 559
428 392
572 
164 555 292 779 8 157 73 695 16 554 368 237 346 567 
164 555
292 555
779 164
8 555
157 779
73 8
695 292
16 73
554 16
368 157
237 8
346 554
567 554
242 338 248 488 647 
338 248
242 338
488 647
242 488
565 
218 381 104 58 623 103 405 750 669 516 42 528 302 585 
218 381
104 218
58 381
623 218
103 623
405 103
750 405
669 381
516 103
42 405
528 750
302 623
585 104
556 
395 431 
395 431
574 799 
574 799
80 312 675 464 
312 464
80 312
675 464
307 445 67 116 
307 445
307 67
67 116
3 376 744 279 
3 376
744 279
3 279
268 356 414 38 210 219 653 
268 356
414 356
38 414
210 38
219 38
653 219
143 290 754 382 6 545 577 86 693 618 
143 290
754 290
382 290
6 382
545 6
577 290
86 754
693 6
618 6
134 581 250 34 51 214 
581 214
134 250
134 581
581 51
134 34
372 515 796 282 
372 796
515 796
372 282
114 499 207 420 234 563 532 258 21 798 280 701 70 
114 499
207 114
420 499
234 499
563 114
532 207
258 420
21 114
798 114
280 234
701 798
70 280
138 484 482 252 440 256 175 
138 484
482 484
252 484
440 252
256 440
175 484
275 648 168 
275 648
275 168
259 328 271 62 
259 328
328 271
271 62
49 514 408 762 473 
762 473
49 408
49 514
49 473
276 639 
276 639
37 422 
37 422
417 
46 281 
46 281
500 604 654 12 602 247 355 364 738 245 465 1 298 
500 604
654 604
12 604
602 12
247 604
355 604
364 247
738 247
245 355
465 247
1 245
298 738
397 
734 778 689 506 637 507 353 201 43 359 493 409 348 449 66 495 266 398 202 
734 778
689 778
506 778
637 734
507 637
353 507
201 353
43 201
359 506
493 359
409 359
348 637
449 348
66 507
495 449
266 66
398 353
202 43
354 403 63 491 186 19 78 123 351 541 347 448 
354 403
63 403
491 403
186 354
19 403
78 63
123 63
351 186
541 186
347 541
448 347
2 195 682 100 
195 682
2 195
682 100
727 729 187 125 361 394 794 55 518 715 610 770 551 182 9 780 206 139 747 277 741 153 
727 729
187 729
125 187
361 729
394 187
794 394
55 187
518 187
715 394
610 361
770 55
551 610
182 125
9 770
780 610
206 780
139 770
747 715
277 747
741 770
153 741
543 550 
543 550
41 113 316 730 389 267 757 746 74 85 120 704 
41 113
316 41
730 41
389 730
267 316
757 267
746 389
74 389
85 746
120 74
704 730
122 580 438 341 178 15 221 159 162 480 631 508 
122 580
438 580
341 122
178 580
15 341
221 122
159 580
162 122
480 438
631 162
508 631
124 251 
124 251
160 638 
160 638
388 
23 630 60 743 27 272 455 68 142 582 90 673 145 165 709 627 558 564 257 
23 630
60 23
743 23
27 630
272 630
455 23
68 743
142 743
582 27
90 68
673 582
145 60
165 68
709 673
627 582
558 165
564 272
257 165
435 501 236 
435 501
435 236
270 
81 783 
81 783
224 487 749 617 367 665 753 246 190 222 566 358 362 731 452 538 642 
224 487
749 487
617 487
367 224
665 487
753 367
246 617
190 749
222 246
566 367
358 190
362 367
731 358
452 246
538 753
642 246
111 
119 427 443 227 
443 227
119 427
119 443
174 672 
174 672
765 776 399 640 
776 640
765 640
765 399
72 309 177 720 133 644 
720 644
72 309
720 133
72 177
177 720
56 712 
56 712
44 688 196 609 374 
196 374
44 688
44 374
688 609
144 681 670 605 412 286 31 724 552 706 649 419 531 587 402 121 461 
144 681
670 681
605 681
412 144
286 144
31 681
724 670
552 605
706 552
649 706
419 706
531 31
587 706
402 587
121 412
461 587
596 745 301 481 584 99 283 519 544 
596 745
301 596
481 596
584 745
99 745
283 745
519 481
544 584
88 
600 699 732 
600 732
600 699
737 782 95 241 
737 782
95 241
782 95
441 476 
441 476
87 
322 578 
322 578
263 383 483 471 240 232 512 154 453 429 79 98 439 
263 383
483 263
471 483
240 471
232 383
512 383
154 383
453 471
429 512
79 429
98 232
439 512
77 736 562 
77 562
77 736
