? 3 137 359 182 
? 3 327 542 271 
? 3 430 492 295 
? 3 109 117 730 
!
234 509 685 369 248 186 99 195 405 657 600 
234 509
685 509
369 234
248 509
186 685
99 369
195 509
405 509
657 99
600 369
227 348 350 759 128 340 44 223 219 776 
227 348
350 227
759 350
128 348
340 350
44 128
223 44
219 44
776 223
147 665 479 772 564 663 130 566 355 187 410 728 741 89 648 262 608 670 364 747 290 442 618 447 43 780 680 571 138 382 281 367 5 427 525 418 370 435 526 233 488 124 349 749 303 639 278 460 288 94 686 490 549 420 602 421 395 119 246 527 188 700 299 601 514 696 245 11 755 604 558 136 522 437 87 432 537 27 254 272 614 630 121 765 54 390 52 216 309 342 546 642 570 241 559 282 331 534 449 298 192 377 374 645 439 667 102 30 472 252 446 165 209 398 217 684 582 351 294 764 251 337 357 
147 665
479 665
772 665
564 665
663 665
130 564
566 564
355 147
187 130
410 147
728 772
741 564
89 564
648 187
262 147
608 147
670 665
364 566
747 728
290 410
442 747
618 130
447 728
43 89
780 479
680 187
571 89
138 728
382 747
281 747
367 728
5 442
427 382
525 187
418 367
370 747
435 525
526 370
233 728
488 427
124 187
349 370
749 488
303 447
639 427
278 427
460 427
288 5
94 728
686 488
490 427
549 447
420 367
602 648
421 602
395 370
119 442
246 5
527 435
188 435
700 686
299 780
601 435
514 549
696 514
245 780
11 188
755 700
604 421
558 5
136 514
522 686
437 602
87 11
432 136
537 395
27 124
254 11
272 432
614 437
630 437
121 432
765 370
54 526
390 87
52 488
216 246
309 188
342 87
546 630
642 549
570 526
241 435
559 432
282 188
331 246
534 390
449 390
298 437
192 288
377 514
374 522
645 642
439 342
667 642
102 331
30 460
472 765
252 377
446 102
165 526
209 165
398 254
217 601
684 559
582 192
351 298
294 559
764 534
251 398
337 252
357 559
379 775 
379 775
360 753 396 378 25 368 483 595 659 541 725 317 599 468 752 671 335 168 315 346 289 285 143 620 322 607 33 626 504 90 
360 753
396 753
378 396
25 396
368 753
483 368
595 396
659 396
541 659
725 368
317 725
599 541
468 725
752 541
671 725
335 317
168 335
315 599
346 671
289 368
285 335
143 335
620 315
322 346
607 285
33 143
626 346
504 620
90 335
1 774 496 231 690 215 654 263 183 423 757 673 144 239 528 547 191 625 734 616 579 170 116 387 466 424 220 58 253 443 
1 774
496 774
231 774
690 496
215 231
654 690
263 1
183 1
423 215
757 215
673 183
144 183
239 673
528 673
547 654
191 547
625 423
734 673
616 239
579 528
170 231
116 757
387 654
466 616
424 466
220 387
58 220
253 191
443 220
109 117 730 
109 117
109 730
256 691 194 273 265 167 
256 691
194 256
273 256
265 256
167 691
97 428 140 159 576 31 108 583 139 562 163 
97 428
140 428
159 428
576 428
31 428
108 140
583 97
139 31
562 31
163 139
174 569 
174 569
247 284 172 341 72 727 515 705 45 14 419 394 529 
247 284
172 284
341 284
72 341
727 247
515 247
705 515
45 515
14 72
419 705
394 172
529 705
66 781 535 190 305 407 269 68 129 615 123 397 255 18 666 270 111 326 676 319 22 177 706 353 50 530 154 494 180 486 550 694 88 499 414 
66 781
535 781
190 66
305 535
407 535
269 781
68 305
129 269
615 305
123 269
397 305
255 68
18 123
666 397
270 123
111 123
326 269
676 111
319 18
22 666
177 666
706 111
353 22
50 353
530 676
154 22
494 530
180 22
486 319
550 22
694 305
88 111
499 22
414 111
333 735 709 624 679 
333 735
709 333
624 333
679 333
658 
293 518 678 150 481 737 166 
293 518
678 293
150 293
481 293
737 150
166 150
406 568 164 77 505 332 98 
406 568
164 406
77 568
505 568
332 505
98 505
210 588 473 160 49 736 702 609 796 205 134 718 457 628 318 708 552 704 409 383 416 38 372 145 291 692 554 184 578 573 176 643 155 751 277 633 
210 588
473 210
160 473
49 210
736 588
702 210
609 736
796 588
205 736
134 160
718 609
457 736
628 210
318 702
708 588
552 457
704 457
409 49
383 628
416 552
38 409
372 38
145 704
291 704
692 291
554 38
184 372
578 38
573 704
176 692
643 573
155 692
751 704
277 155
633 291
503 682 617 512 484 242 283 391 722 652 782 458 161 375 668 404 619 637 738 17 69 
503 682
617 503
512 503
484 682
242 617
283 503
391 242
722 242
652 617
782 722
458 242
161 391
375 458
668 391
404 458
619 161
637 782
738 375
17 161
69 283
362 589 323 770 230 37 693 612 
362 589
323 589
770 323
230 362
37 230
693 323
612 37
42 120 208 717 142 766 495 748 507 707 698 513 478 
42 120
208 42
717 42
142 120
766 208
495 717
748 142
507 42
707 42
698 42
513 748
478 142
141 385 313 697 634 373 32 250 267 733 287 352 279 92 276 596 713 413 743 345 761 461 650 476 477 126 236 356 425 308 36 790 344 714 777 
141 385
313 385
697 385
634 141
373 141
32 373
250 634
267 634
733 634
287 634
352 250
279 634
92 733
276 32
596 92
713 596
413 32
743 279
345 743
761 743
461 92
650 279
476 461
477 276
126 761
236 476
356 596
425 356
308 356
36 461
790 413
344 345
714 477
777 743
84 459 501 185 677 745 
84 459
501 84
185 84
677 501
745 84
371 724 716 532 51 
371 724
716 724
532 371
51 371
133 463 675 62 567 538 470 152 47 296 257 366 480 683 565 260 760 211 306 259 23 610 797 593 784 631 171 96 415 786 316 238 67 731 175 453 292 401 687 723 431 21 156 35 2 7 506 636 53 451 314 429 762 422 445 81 302 758 386 756 388 649 740 40 
133 463
675 463
62 133
567 675
538 567
470 463
152 675
47 675
296 133
257 675
366 47
480 296
683 675
565 567
260 480
760 296
211 565
306 567
259 567
23 296
610 62
797 259
593 683
784 610
631 480
171 257
96 211
415 565
786 480
316 610
238 797
67 306
731 171
175 260
453 593
292 296
401 593
687 610
723 415
431 731
21 593
156 610
35 731
2 35
7 731
506 797
636 292
53 21
451 21
314 21
429 723
762 451
422 687
445 429
81 506
302 786
758 445
386 429
756 636
388 314
649 388
740 506
40 302
39 91 203 577 392 742 135 584 131 201 498 393 321 363 41 
39 91
203 91
577 39
392 203
742 392
135 91
584 203
131 135
201 39
498 135
393 135
321 742
363 577
41 498
16 647 100 240 258 107 59 656 433 127 
16 647
100 16
240 16
258 16
107 100
59 647
656 647
433 656
127 433
178 729 
178 729
310 
400 641 28 629 638 173 655 300 489 354 213 
400 641
28 641
629 400
638 28
173 629
655 28
300 28
489 28
354 629
213 354
268 695 65 329 653 500 795 417 
268 695
65 695
329 695
653 268
500 653
795 500
417 795
76 
430 492 295 
430 492
430 295
13 158 536 78 531 669 444 426 
13 158
536 158
78 13
531 13
669 536
444 531
426 536
327 542 271 
327 271
327 542
218 465 34 792 563 60 557 339 304 611 613 235 347 132 280 343 229 732 523 95 93 502 581 606 193 4 773 286 553 181 587 200 19 746 334 572 651 434 118 594 101 793 719 113 61 544 436 739 384 179 115 771 524 
218 465
34 465
792 465
563 34
60 465
557 563
339 465
304 60
611 465
613 218
235 563
347 613
132 60
280 613
343 792
229 235
732 557
523 343
95 235
93 229
502 343
581 343
606 343
193 229
4 235
773 343
286 304
553 523
181 773
587 523
200 304
19 193
746 732
334 465
572 229
651 304
434 280
118 280
594 200
101 594
793 193
719 581
113 557
61 732
544 280
436 719
739 436
384 739
179 60
115 384
771 280
524 719
103 224 26 412 450 403 73 462 598 485 249 153 603 307 29 376 204 763 244 
103 224
26 224
412 103
450 412
403 103
73 26
462 103
598 412
485 224
249 103
153 462
603 224
307 73
29 412
376 73
204 73
763 412
244 763
137 359 182 
359 182
137 182
212 590 226 46 225 228 146 516 539 471 206 70 55 82 105 768 63 789 640 56 
212 590
226 212
46 212
225 226
228 225
146 46
516 212
539 228
471 228
206 226
70 146
55 226
82 226
105 55
768 55
63 146
789 63
640 228
56 226
320 491 788 710 325 274 48 169 715 15 635 662 467 511 
320 491
788 491
710 491
325 320
274 710
48 325
169 710
715 48
15 715
635 320
662 320
467 320
511 320
80 411 452 644 
80 411
452 411
644 80
621 712 148 785 149 574 202 24 754 198 10 
621 712
148 712
785 621
149 621
574 148
202 712
24 621
754 712
198 712
10 149
214 301 711 336 597 540 744 196 533 672 497 312 358 389 264 493 57 456 664 408 104 783 114 448 455 266 508 324 560 561 
214 301
711 214
336 301
597 301
540 214
744 214
196 214
533 214
672 301
497 336
312 597
358 744
389 196
264 336
493 672
57 336
456 711
664 456
408 711
104 264
783 744
114 744
448 497
455 104
266 214
508 456
324 264
560 324
561 114
86 475 106 543 
86 475
106 475
543 86
510 779 688 438 791 20 232 520 769 330 110 197 6 521 575 380 474 441 75 
510 779
688 779
438 779
791 779
20 438
232 510
520 791
769 510
330 769
110 791
197 20
6 20
521 520
575 438
380 575
474 20
441 510
75 520
85 721 9 464 402 689 189 454 275 71 125 681 
85 721
9 721
464 9
402 721
689 85
189 85
454 464
275 85
71 9
125 9
681 275
381 623 
381 623
199 361 328 487 79 0 12 157 701 
199 361
328 199
487 199
79 361
0 361
12 199
157 328
701 0
162 399 726 151 660 
162 399
726 162
151 399
660 399
8 519 311 592 787 297 580 
8 519
311 519
592 8
787 8
297 787
580 787
222 605 551 794 64 221 778 699 750 703 440 548 798 646 632 3 799 555 556 469 261 585 591 365 627 112 243 517 767 237 622 122 207 545 661 482 720 674 338 83 586 74 
222 605
551 222
794 605
64 222
221 222
778 222
699 221
750 551
703 794
440 221
548 221
798 548
646 798
632 551
3 548
799 548
555 794
556 703
469 632
261 750
585 555
591 3
365 699
627 3
112 591
243 703
517 112
767 243
237 627
622 237
122 243
207 622
545 243
661 261
482 207
720 207
674 661
338 261
83 243
586 545
74 338
