? 3 380 417 6 
? 3 329 695 441 
? 3 106 511 379 
? 3 332 625 117 
!
396 753 360 378 541 595 659 25 483 368 468 
396 753
360 753
378 396
541 396
595 378
659 541
25 659
483 595
368 396
468 595
414 621 148 785 88 202 580 10 50 319 
414 621
148 621
785 621
88 414
202 621
580 88
10 785
50 202
319 414
147 665 772 479 564 566 130 728 187 281 138 741 618 670 89 663 747 447 355 43 262 780 410 680 382 418 290 571 648 94 608 442 525 124 364 303 427 233 5 370 420 435 288 639 700 527 549 278 188 367 245 526 490 421 246 395 686 349 299 696 602 604 488 119 460 570 514 601 52 136 749 537 87 11 121 614 437 432 522 630 254 192 569 446 309 439 642 390 546 449 558 241 645 54 331 216 342 298 374 765 377 559 398 282 534 667 472 102 252 27 790 295 165 764 163 82 272 684 69 162 30 428 294 
147 665
772 665
479 665
564 665
566 665
130 564
728 772
187 130
281 665
138 728
741 772
618 187
670 187
89 130
663 138
747 728
447 728
355 187
43 130
262 564
780 747
410 262
680 187
382 479
418 728
290 410
571 130
648 187
94 780
608 410
442 747
525 187
124 89
364 618
303 447
427 290
233 303
5 382
370 747
420 447
435 525
288 5
639 288
700 639
527 435
549 447
278 427
188 435
367 549
245 370
526 5
490 288
421 525
246 5
395 526
686 288
349 370
299 367
696 549
602 421
604 421
488 686
119 526
460 427
570 5
514 696
601 421
52 382
136 303
749 427
537 370
87 290
11 188
121 136
614 602
437 604
432 696
522 686
630 437
254 188
192 522
569 526
446 119
309 11
439 87
642 537
390 87
546 630
449 390
558 246
241 680
645 642
54 288
331 246
216 288
342 87
298 437
374 192
765 537
377 696
559 432
398 309
282 342
534 390
667 645
472 765
102 570
252 377
27 614
790 534
295 331
165 765
764 427
163 121
82 165
272 121
684 432
69 764
162 642
30 534
428 121
294 432
275 730 
275 730
400 641 28 173 300 629 638 489 655 354 33 213 542 669 285 143 158 90 681 623 536 531 168 327 607 13 381 444 335 678 
400 641
28 641
173 400
300 641
629 173
638 300
489 300
655 629
354 655
33 629
213 354
542 213
669 489
285 33
143 285
158 669
90 33
681 655
623 354
536 158
531 536
168 285
327 213
607 143
13 536
381 13
444 536
335 168
678 536
1 774 496 231 144 690 183 654 215 757 673 423 239 263 547 528 191 616 116 734 579 459 170 466 58 568 701 424 443 109 
1 774
496 1
231 774
144 1
690 496
183 774
654 690
215 231
757 215
673 183
423 215
239 673
263 183
547 654
528 673
191 547
616 239
116 215
734 673
579 528
459 528
170 757
466 616
58 547
568 757
701 528
424 466
443 58
109 568
332 625 117 
332 625
625 117
322 671 725 289 271 317 
322 671
725 671
289 671
271 671
317 725
186 411 685 405 509 248 80 600 452 745 253 
186 411
685 186
405 411
509 186
248 509
80 186
600 248
452 685
745 80
253 186
0 12 
0 12
91 203 392 39 742 131 584 135 577 321 137 498 727 
91 203
392 203
39 203
742 203
131 91
584 91
135 131
577 39
321 742
137 577
498 135
727 91
503 682 714 617 512 242 582 722 283 391 652 782 161 404 375 458 637 619 707 755 738 709 668 777 333 17 624 735 507 120 81 42 748 679 766 
503 682
714 682
617 503
512 617
242 617
582 617
722 617
283 242
391 242
652 512
782 582
161 391
404 161
375 242
458 161
637 782
619 161
707 375
755 682
738 375
709 375
668 161
777 161
333 375
17 161
624 709
735 375
507 375
120 637
81 333
42 120
748 120
679 738
766 81
128 219 492 740 643 
128 219
492 219
740 128
643 219
544 
166 220 150 387 77 167 406 
166 220
150 220
387 166
77 166
167 77
406 77
31 139 357 576 159 562 201 
31 139
357 31
576 31
159 139
562 139
201 31
210 588 473 160 49 736 702 609 40 205 457 134 796 628 302 552 409 318 756 372 704 416 145 383 38 554 291 708 636 692 184 277 573 578 176 751 
210 588
473 588
160 588
49 210
736 588
702 588
609 736
40 736
205 588
457 40
134 473
796 457
628 457
302 609
552 457
409 702
318 552
756 457
372 409
704 756
416 756
145 704
383 736
38 409
554 38
291 145
708 704
636 756
692 291
184 38
277 291
573 704
578 554
176 692
751 756
22 550 8 180 666 353 694 311 154 177 574 519 397 712 592 705 255 499 419 754 198 
22 550
8 22
180 22
666 22
353 550
694 22
311 22
154 550
177 22
574 666
519 8
397 22
712 574
592 574
705 574
255 666
499 519
419 705
754 353
198 705
155 640 633 334 768 693 717 478 
155 640
633 640
334 640
768 633
693 633
717 633
478 717
384 739 504 37 362 589 612 620 752 315 346 626 599 
384 739
504 384
37 504
362 739
589 362
612 37
620 37
752 504
315 620
346 315
626 346
599 620
141 385 373 697 313 32 634 267 250 352 733 287 92 596 279 345 276 413 713 743 761 477 461 650 476 126 425 356 344 223 236 36 484 308 44 
141 385
373 385
697 141
313 373
32 373
634 32
267 141
250 32
352 697
733 373
287 32
92 373
596 92
279 250
345 352
276 634
413 287
713 32
743 345
761 743
477 413
461 596
650 743
476 596
126 650
425 477
356 425
344 650
223 126
236 461
36 236
484 425
308 425
44 126
97 140 24 583 351 775 
97 140
24 140
583 97
351 140
775 140
208 422 495 687 698 
208 422
495 208
687 208
698 495
171 731 401 7 35 2 675 47 257 453 152 451 683 431 470 593 762 306 314 463 21 366 567 649 133 53 538 565 67 480 760 296 415 175 386 388 631 96 259 211 758 723 238 429 797 445 62 759 784 340 23 316 786 156 350 610 260 348 506 227 292 718 430 776 
171 731
401 171
7 171
35 731
2 35
675 171
47 675
257 675
453 7
152 257
451 401
683 675
431 401
470 675
593 257
762 2
306 431
314 762
463 675
21 593
366 675
567 675
649 314
133 463
53 314
538 567
565 567
67 565
480 133
760 480
296 760
415 565
175 760
386 67
388 649
631 480
96 133
259 415
211 565
758 415
723 415
238 133
429 723
797 723
445 429
62 133
759 445
784 238
340 388
23 175
316 211
786 631
156 797
350 388
610 62
260 23
348 445
506 797
227 350
292 786
718 260
430 348
776 348
225 226 212 590 209 471 105 55 142 228 206 46 513 539 56 
225 226
212 225
590 212
209 226
471 225
105 226
55 471
142 105
228 471
206 471
46 590
513 142
539 228
56 225
99 369 234 657 195 487 328 199 361 79 
99 369
234 99
657 99
195 657
487 99
328 195
199 328
361 199
79 195
76 603 
76 603
178 
494 530 724 676 111 371 149 706 716 486 51 
494 530
724 494
676 530
111 676
371 724
149 111
706 111
716 530
486 494
51 494
70 146 63 789 399 434 660 151 
70 146
63 146
789 63
399 63
434 63
660 789
151 399
174 
106 511 379 
106 511
106 379
16 100 258 59 656 240 393 485 
16 100
258 16
59 100
656 100
240 258
393 656
485 656
329 695 441 
329 695
329 441
218 465 34 792 563 60 557 304 339 235 523 613 611 343 286 229 732 771 606 200 502 280 132 4 347 553 181 193 19 773 95 118 770 587 516 572 323 113 189 793 581 436 746 93 651 101 594 61 719 524 230 115 179 
218 465
34 218
792 465
563 34
60 465
557 563
304 218
339 34
235 563
523 792
613 218
611 339
343 523
286 218
229 235
732 557
771 465
606 343
200 218
502 343
280 304
132 343
4 235
347 229
553 523
181 343
193 229
19 193
773 343
95 34
118 280
770 606
587 553
516 280
572 229
323 339
113 181
189 193
793 235
581 343
436 581
746 732
93 229
651 304
101 651
594 101
61 732
719 61
524 61
230 436
115 773
179 594
510 779 688 20 438 232 791 110 769 520 330 197 575 500 474 251 65 795 75 
510 779
688 779
20 779
438 20
232 510
791 779
110 779
769 510
520 791
330 769
197 20
575 791
500 510
474 20
251 791
65 330
795 251
75 795
380 417 6 
380 417
380 6
103 224 26 450 412 73 462 153 433 598 376 307 204 107 244 403 249 763 647 29 
103 224
26 103
450 103
412 450
73 224
462 26
153 26
433 412
598 153
376 73
307 73
204 376
107 103
244 433
403 450
249 153
763 433
647 403
29 412
66 781 190 535 407 305 269 68 674 129 615 123 270 18 
66 781
190 781
535 781
407 781
305 781
269 781
68 305
674 269
129 305
615 535
123 269
270 123
18 269
297 359 108 182 
297 359
108 359
182 297
85 721 561 402 464 9 689 454 125 71 324 
85 721
561 85
402 85
464 721
9 464
689 721
454 464
125 689
71 9
324 561
214 301 711 336 597 540 196 744 467 389 57 533 497 312 493 726 664 358 672 456 408 266 114 783 264 448 104 508 658 455 
214 301
711 214
336 301
597 336
540 336
196 214
744 214
467 301
389 214
57 301
533 597
497 196
312 336
493 214
726 214
664 711
358 744
672 744
456 664
408 672
266 664
114 672
783 114
264 467
448 336
104 264
508 664
658 358
455 264
521 729 83 532 
521 729
83 521
532 521
320 491 325 169 710 788 48 274 715 635 662 15 273 475 265 337 691 543 86 
320 491
325 491
169 491
710 169
788 169
48 325
274 710
715 48
635 325
662 491
15 788
273 715
475 274
265 169
337 475
691 48
543 325
86 325
247 284 172 41 515 72 341 394 14 45 529 787 
247 284
172 284
41 284
515 247
72 172
341 41
394 41
14 41
45 515
529 247
787 45
217 653 
217 653
78 426 518 560 293 310 737 481 164 
78 426
518 426
560 426
293 518
310 560
737 293
481 518
164 560
256 505 194 363 98 
256 505
194 256
363 505
98 505
84 677 157 501 127 185 644 
84 677
157 677
501 677
127 677
185 677
644 677
222 605 794 64 440 750 778 221 551 699 703 548 798 632 646 3 585 556 799 365 517 555 622 261 591 243 112 469 627 482 237 767 207 338 326 122 661 720 74 545 268 586 
222 605
794 605
64 222
440 605
750 605
778 222
221 794
551 750
699 794
703 794
548 794
798 699
632 551
646 548
3 548
585 632
556 632
799 703
365 703
517 703
555 551
622 646
261 632
591 3
243 556
112 591
469 750
627 3
482 3
237 627
767 585
207 591
338 261
326 767
122 767
661 469
720 207
74 338
545 243
268 627
586 545
