? 3 472 537 765 
? 3 547 690 91 
? 3 46 70 771 
? 3 323 770 589 
!
303 549 420 367 696 514 642 299 667 645 377 
303 549
420 549
367 420
696 303
514 696
642 420
299 367
667 642
645 642
377 514
371 724 217 532 437 601 51 604 602 241 
371 724
217 724
532 217
437 371
601 437
51 217
604 601
602 604
241 601
141 385 267 697 313 373 634 250 733 32 287 352 279 276 92 596 413 345 713 761 743 461 650 477 126 425 356 476 36 236 283 344 69 714 308 790 668 777 44 223 776 484 30 161 391 755 764 534 227 380 219 128 492 350 348 682 449 17 242 340 417 503 404 575 740 759 430 390 619 6 52 439 458 445 197 429 329 617 342 512 374 758 460 192 438 474 386 87 749 388 278 522 488 20 375 506 735 688 700 723 427 686 652 738 722 282 333 415 791 779 110 624 251 709 53 582 259 490 67 290 797 510 11 
141 385
267 385
697 267
313 697
373 313
634 697
250 634
733 373
32 733
287 32
352 250
279 352
276 352
92 373
596 92
413 287
345 276
713 413
761 345
743 761
461 92
650 743
477 413
126 650
425 477
356 425
476 461
36 476
236 476
283 477
344 743
69 356
714 283
308 356
790 69
668 344
777 668
44 126
223 44
776 44
484 714
30 714
161 344
391 161
755 790
764 790
534 764
227 44
380 36
219 223
128 776
492 128
350 227
348 227
682 484
449 755
17 219
242 391
340 350
417 380
503 682
404 161
575 417
740 17
759 350
430 740
390 449
619 404
6 380
52 30
439 390
458 404
445 348
197 6
429 445
329 197
617 242
342 439
512 617
374 503
758 429
460 52
192 374
438 6
474 438
386 759
87 342
749 460
388 386
278 749
522 192
488 749
20 438
375 458
506 740
735 375
688 438
700 488
723 758
427 278
686 700
652 512
738 375
722 652
282 342
333 735
415 723
791 474
779 688
110 791
624 738
251 110
709 624
53 388
582 722
259 415
490 686
67 415
290 427
797 259
510 779
11 282
196 672 
196 672
459 701 579 84 528 12 673 157 185 734 79 501 745 0 677 80 239 183 644 452 405 263 144 616 131 186 411 195 685 466 
459 701
579 459
84 701
528 579
12 84
673 528
157 84
185 157
734 673
79 12
501 84
745 79
0 157
677 185
80 745
239 734
183 673
644 677
452 745
405 80
263 183
144 263
616 239
131 501
186 405
411 186
195 452
685 186
466 616
407 781 190 66 535 129 674 305 68 269 74 338 397 661 18 469 319 326 261 632 486 694 585 555 177 311 556 750 551 499 
407 781
190 407
66 407
535 190
129 781
674 66
305 129
68 305
269 674
74 66
338 674
397 68
661 269
18 269
469 661
319 18
326 661
261 469
632 261
486 319
694 397
585 261
555 585
177 694
311 177
556 555
750 556
551 750
499 311
323 770 589 
770 589
323 589
422 679 81 507 766 707 
422 679
81 679
507 679
766 422
707 507
26 224 647 100 16 72 498 135 341 258 584 
26 224
647 224
100 647
16 100
72 100
498 72
135 498
341 72
258 16
584 135
193 721 
193 721
523 606 343 553 502 339 132 773 587 181 792 115 60 
523 606
343 523
553 343
502 523
339 606
132 339
773 553
587 553
181 587
792 339
115 587
60 339
147 665 479 772 663 564 741 618 130 355 364 566 187 608 262 728 571 281 410 89 138 747 648 670 43 442 382 780 447 94 418 233 680 525 5 
147 665
479 147
772 479
663 772
564 665
741 663
618 564
130 564
355 618
364 130
566 741
187 618
608 355
262 618
728 741
571 130
281 566
410 355
89 571
138 281
747 728
648 187
670 262
43 571
442 747
382 442
780 747
447 281
94 728
418 138
233 447
680 670
525 680
5 442
369 600 248 253 191 
369 600
248 369
253 248
191 253
751 
136 432 559 546 151 124 39 
136 432
559 432
546 559
151 136
124 546
39 559
75 795 398 309 254 527 188 
75 795
398 795
309 398
254 309
527 254
188 309
149 414 88 580 706 10 676 111 621 50 148 666 712 530 574 270 298 123 202 24 592 785 27 615 353 494 180 550 351 716 154 630 178 614 255 22 
149 414
88 414
580 149
706 88
10 580
676 706
111 706
621 10
50 580
148 621
666 50
712 148
530 676
574 712
270 111
298 10
123 270
202 712
24 621
592 574
785 24
27 785
615 123
353 592
494 530
180 353
550 180
351 27
716 494
154 353
630 298
178 716
614 630
255 154
22 180
228 539 471 651 334 206 640 101 225 212 590 55 226 594 768 516 693 304 277 633 200 
228 539
471 539
651 228
334 539
206 471
640 334
101 334
225 206
212 206
590 212
55 225
226 225
594 101
768 640
516 651
693 55
304 651
277 640
633 768
200 304
62 784 238 610 175 156 687 631 
62 784
238 62
610 238
175 62
156 610
687 156
631 175
199 487 328 361 204 657 376 249 73 99 307 234 509 
199 487
328 487
361 328
204 199
657 361
376 204
249 376
73 249
99 657
307 249
234 99
509 234
491 543 320 635 325 662 312 710 86 169 788 48 511 274 15 273 715 106 540 265 597 57 475 508 711 337 691 98 456 252 505 332 256 301 109 
491 543
320 543
635 543
325 320
662 325
312 635
710 635
86 710
169 710
788 169
48 662
511 86
274 511
15 48
273 15
715 15
106 274
540 312
265 273
597 540
57 540
475 106
508 274
711 597
337 508
691 15
98 273
456 508
252 475
505 691
332 715
256 98
301 597
109 505
216 637 782 295 120 246 
216 637
782 637
295 782
120 637
246 216
288 639 245 370 349 
288 639
245 288
370 245
349 370
158 536 78 13 669 381 444 426 678 300 531 489 638 655 28 681 275 623 310 518 481 293 354 737 641 324 560 629 150 400 164 166 125 387 173 58 213 443 689 448 170 264 104 454 77 730 561 497 220 71 455 542 402 406 85 327 467 464 271 336 9 90 533 568 
158 536
78 536
13 536
669 158
381 78
444 13
426 381
678 381
300 669
531 444
489 300
638 489
655 489
28 638
681 531
275 681
623 655
310 275
518 678
481 518
293 481
354 623
737 293
641 28
324 310
560 324
629 655
150 737
400 641
164 324
166 737
125 354
387 166
173 629
58 166
213 354
443 58
689 125
448 560
170 387
264 164
104 264
454 125
77 170
730 104
561 689
497 448
220 443
71 454
455 264
542 213
402 561
406 77
85 402
327 71
467 730
464 689
271 327
336 467
9 464
90 542
533 497
568 77
215 423 231 116 117 757 424 625 774 363 1 167 496 654 194 
215 423
231 215
116 231
117 423
757 116
424 117
625 757
774 231
363 424
1 774
167 625
496 1
654 496
194 363
137 201 139 31 562 392 379 577 321 159 
137 201
139 201
31 139
562 139
392 137
379 562
577 392
321 392
159 379
118 189 
118 189
362 
45 787 576 515 775 705 247 394 198 359 727 
45 787
576 787
515 45
775 576
705 515
247 515
394 775
198 705
359 775
727 394
56 513 142 478 717 748 105 698 
56 513
142 56
478 513
717 478
748 142
105 142
698 748
240 
46 70 771 
46 70
46 771
54 570 446 102 331 119 558 526 
54 570
446 54
102 570
331 446
119 570
558 331
526 119
547 690 91 
547 690
690 91
25 483 659 595 396 368 541 725 378 468 599 753 360 317 671 315 752 289 168 335 322 607 626 620 346 143 285 33 612 37 61 504 524 746 4 732 572 235 230 719 436 229 557 793 113 563 93 581 739 384 95 34 347 
25 483
659 483
595 659
396 595
368 483
541 659
725 368
378 595
468 725
599 541
753 396
360 753
317 368
671 468
315 599
752 599
289 671
168 317
335 168
322 315
607 168
626 322
620 752
346 322
143 335
285 143
33 143
612 620
37 620
61 612
504 37
524 61
746 61
4 346
732 746
572 4
235 4
230 504
719 230
436 230
229 235
557 732
793 572
113 436
563 557
93 229
581 113
739 436
384 739
95 93
34 563
347 95
257 683 470 453 593 306 47 401 675 431 366 451 538 21 567 171 152 7 731 
257 683
470 257
453 683
593 453
306 683
47 306
401 453
675 47
431 593
366 306
451 431
538 366
21 431
567 366
171 401
152 675
7 171
731 171
472 537 765 
472 765
537 765
658 783 358 789 660 744 63 726 493 544 408 664 399 434 266 389 162 214 114 146 
658 783
358 658
789 783
660 358
744 358
63 789
726 660
493 744
544 63
408 744
664 726
399 726
434 544
266 664
389 408
162 399
214 389
114 493
146 544
2 35 762 649 314 463 133 565 211 480 96 296 316 760 
2 35
762 35
649 762
314 649
463 35
133 463
565 133
211 565
480 133
96 133
296 480
316 96
760 480
8 519 529 754 
8 519
529 519
754 8
428 583 140 97 121 684 294 357 163 272 108 
428 583
140 583
97 140
121 428
684 428
294 684
357 684
163 357
272 121
108 163
237 627 622 591 799 3 207 548 112 646 268 482 365 699 798 794 720 440 221 695 703 65 769 517 605 778 330 83 64 222 
237 627
622 237
591 622
799 591
3 799
207 591
548 3
112 591
646 548
268 207
482 207
365 112
699 548
798 646
794 699
720 482
440 794
221 794
695 268
703 794
65 695
769 720
517 365
605 440
778 798
330 769
83 517
64 605
222 64
42 174 495 208 
42 174
495 174
208 495
485 603 29 244 433 127 76 412 153 763 462 656 450 393 598 107 59 403 103 
485 603
29 485
244 603
433 244
127 603
76 127
412 29
153 412
763 433
462 412
656 244
450 462
393 656
598 153
107 763
59 656
403 107
103 450
521 653 500 586 122 232 545 441 243 767 520 729 
521 653
500 521
586 653
122 586
232 500
545 586
441 232
243 586
767 243
520 441
729 545
421 435 
421 435
41 172 14 284 297 182 742 419 203 
41 172
14 172
284 14
297 41
182 297
742 182
419 284
203 742
209 569 165 82 395 
209 569
165 209
82 569
395 165
218 465 611 613 286 19 280 
218 465
611 218
613 218
286 613
19 613
280 286
49 210 588 702 473 736 160 205 134 796 40 609 718 628 457 416 552 318 383 708 409 302 145 372 704 756 38 636 184 786 291 554 692 292 578 260 23 179 643 573 176 155 
49 210
588 210
702 49
473 588
736 49
160 473
205 736
134 588
796 205
40 736
609 40
718 40
628 796
457 628
416 628
552 457
318 796
383 318
708 383
409 708
302 609
145 383
372 409
704 318
756 416
38 372
636 756
184 372
786 302
291 145
554 409
692 291
292 786
578 38
260 786
23 260
179 578
643 756
573 643
176 184
155 176
