? 3 59 393 76 
? 3 82 698 513 
? 3 139 562 108 
? 3 544 789 56 
!
127 244 656 485 412 307 603 677 598 501 153 
127 244
656 244
485 244
412 244
307 127
603 244
677 307
598 307
501 677
153 307
248 509 234 685 369 195 600 657 99 186 
248 509
234 509
685 509
369 509
195 509
600 234
657 509
99 600
186 685
147 665 772 564 479 281 130 187 410 728 741 566 571 89 663 648 747 355 442 43 618 780 447 119 138 364 608 382 639 94 525 290 680 418 427 670 262 233 124 549 435 370 367 5 526 749 288 303 278 686 246 490 421 460 282 349 188 299 488 241 245 514 54 601 696 602 700 604 420 27 537 87 254 11 630 437 272 527 522 570 395 374 439 432 755 765 192 121 390 136 472 298 534 398 342 645 642 446 294 377 558 614 331 309 217 764 546 559 667 252 449 102 216 379 52 165 162 583 159 569 110 140 417 
147 665
772 147
564 665
479 147
281 665
130 564
187 130
410 187
728 772
741 772
566 564
571 187
89 564
663 281
648 187
747 728
355 147
442 747
43 130
618 43
780 747
447 566
119 147
138 728
364 187
608 410
382 780
639 382
94 138
525 187
290 410
680 525
418 447
427 290
670 525
262 130
233 418
124 130
549 447
435 525
370 780
367 549
5 370
526 5
749 618
288 5
303 549
278 427
686 288
246 5
490 5
421 525
460 427
282 290
349 370
188 435
299 349
488 427
241 435
245 370
514 549
54 526
601 525
696 447
602 421
700 288
604 421
420 367
27 89
537 349
87 290
254 188
11 254
630 602
437 604
272 571
527 254
522 686
570 246
395 370
374 686
439 87
432 514
755 439
765 370
192 374
121 432
390 87
136 432
472 537
298 437
534 390
398 254
342 390
645 472
642 645
446 54
294 121
377 514
558 5
614 298
331 246
309 254
217 421
764 534
546 124
559 121
667 645
252 377
449 342
102 526
216 246
379 432
52 460
165 765
162 645
583 27
159 377
569 165
110 11
140 583
417 342
163 580 
163 580
214 301 711 336 540 597 196 744 533 493 312 389 672 497 57 104 467 664 358 660 408 264 456 114 448 730 783 561 324 151 
214 301
711 214
336 301
540 301
597 336
196 336
744 214
533 301
493 744
312 597
389 744
672 744
497 336
57 336
104 336
467 540
664 711
358 744
660 301
408 744
264 104
456 664
114 672
448 264
730 104
783 744
561 114
324 264
151 456
1 774 496 231 183 654 215 690 263 757 423 673 144 239 528 547 116 191 170 734 579 424 568 625 466 616 443 220 109 332 
1 774
496 1
231 774
183 1
654 496
215 231
690 496
263 774
757 215
423 215
673 183
144 263
239 673
528 673
547 690
116 496
191 547
170 757
734 239
579 673
424 423
568 757
625 424
466 424
616 466
443 654
220 443
109 568
332 568
544 789 56 
544 789
544 56
328 361 452 79 0 644 
328 361
452 361
79 452
0 328
644 328
400 641 28 629 638 489 300 655 158 669 536 
400 641
28 641
629 641
638 641
489 28
300 28
655 629
158 638
669 489
536 158
14 182 
14 182
85 721 464 402 9 689 454 125 681 623 354 213 531 
85 721
464 721
402 85
9 464
689 85
454 464
125 9
681 454
623 681
354 623
213 354
531 354
360 753 396 595 378 317 483 659 25 368 541 468 725 599 752 335 285 671 143 315 168 607 620 271 322 33 90 346 626 289 327 542 37 71 173 
360 753
396 753
595 396
378 396
317 753
483 396
659 595
25 595
368 317
541 659
468 25
725 368
599 541
752 541
335 317
285 335
671 725
143 335
315 483
168 143
607 143
620 752
271 285
322 671
33 168
90 143
346 322
626 346
289 90
327 90
542 90
37 620
71 327
173 33
164 455 560 275 310 
164 455
560 164
275 164
310 164
748 
545 586 326 653 729 532 486 
545 586
326 545
653 545
729 586
532 545
486 532
337 508 399 266 511 726 658 
337 508
399 337
266 399
511 508
726 399
658 399
429 445 128 348 386 227 350 759 219 388 44 53 492 223 740 776 340 777 314 619 649 650 126 17 344 743 668 161 279 735 761 458 679 333 404 738 
429 445
128 429
348 445
386 429
227 348
350 348
759 429
219 348
388 350
44 128
53 429
492 219
223 44
740 429
776 227
340 388
777 219
314 388
619 777
649 314
650 44
126 44
17 777
344 777
743 777
668 743
161 777
279 128
735 619
761 650
458 161
679 619
333 458
404 161
738 161
22 550 574 353 666 311 177 519 180 694 255 8 154 712 50 754 198 592 499 397 202 
22 550
574 550
353 550
666 22
311 22
177 550
519 22
180 22
694 22
255 353
8 519
154 550
712 574
50 666
754 666
198 550
592 154
499 8
397 180
202 712
256 505 194 691 363 98 167 201 
256 505
194 256
691 256
363 256
98 256
167 505
201 194
16 647 100 403 258 763 72 240 107 103 450 433 29 
16 647
100 647
403 647
258 100
763 16
72 763
240 258
107 72
103 403
450 103
433 450
29 763
141 385 373 697 634 250 313 267 32 287 733 352 276 92 596 413 345 713 425 477 461 476 356 36 283 236 308 714 790 30 69 484 391 380 682 
141 385
373 385
697 141
634 385
250 634
313 697
267 634
32 373
287 32
733 32
352 634
276 32
92 733
596 32
413 250
345 634
713 413
425 413
477 425
461 92
476 461
356 413
36 356
283 345
236 596
308 356
714 477
790 356
30 714
69 713
484 714
391 714
380 36
682 714
84 459 157 12 745 701 
84 459
157 459
12 459
745 157
701 84
405 411 253 80 117 
405 411
253 411
80 405
117 411
218 465 34 792 563 60 557 304 200 235 502 606 611 181 343 347 339 229 4 132 613 280 523 732 553 193 587 95 719 773 19 771 93 581 572 524 118 113 286 746 101 434 651 189 436 334 594 589 384 516 793 323 115 61 155 179 739 612 539 228 504 770 362 230 
218 465
34 465
792 465
563 34
60 792
557 563
304 218
200 218
235 563
502 465
606 792
611 60
181 563
343 792
347 235
339 343
229 235
4 235
132 343
613 229
280 304
523 343
732 557
553 343
193 229
587 343
95 229
719 343
773 343
19 280
771 280
93 229
581 343
572 229
524 732
118 280
113 773
286 118
746 732
101 60
434 280
651 101
189 118
436 581
334 101
594 101
589 773
384 436
516 651
793 229
323 101
115 384
61 746
155 101
179 589
739 384
612 732
539 651
228 651
504 581
770 179
362 773
230 436
91 203 39 392 742 321 577 584 131 135 359 137 394 498 41 
91 203
39 91
392 203
742 392
321 392
577 39
584 39
131 39
135 131
359 203
137 392
394 321
498 135
41 394
26 224 73 249 462 376 204 487 199 185 
26 224
73 26
249 26
462 26
376 73
204 73
487 204
199 487
185 73
6 474 
6 474
441 
42 120 637 766 208 717 142 782 652 174 707 
42 120
637 120
766 42
208 766
717 42
142 42
782 637
652 120
174 42
707 42
97 428 576 785 357 31 621 684 
97 428
576 97
785 97
357 428
31 576
621 785
684 357
77 
139 562 108 
139 108
562 108
242 617 503 512 722 375 582 507 
242 617
503 617
512 617
722 617
375 512
582 512
507 375
82 698 513 
698 513
82 698
133 463 675 567 152 296 565 62 306 631 47 683 257 610 480 260 366 211 538 96 593 156 797 175 760 171 453 470 415 259 7 784 401 731 23 292 316 723 431 238 67 758 786 21 506 687 636 35 451 422 430 2 762 
133 463
675 463
567 675
152 463
296 463
565 567
62 463
306 567
631 296
47 567
683 675
257 675
610 62
480 631
260 480
366 565
211 565
538 567
96 306
593 257
156 610
797 565
175 631
760 480
171 257
453 683
470 683
415 565
259 567
7 171
784 610
401 593
731 171
23 631
292 631
316 797
723 415
431 593
238 610
67 567
758 415
786 631
21 593
506 797
687 610
636 292
35 171
451 171
422 156
430 506
2 35
762 7
320 491 710 325 48 169 788 274 715 635 273 15 265 106 86 662 406 475 543 
320 491
710 491
325 320
48 325
169 710
788 710
274 710
715 48
635 320
273 169
15 715
265 273
106 710
86 710
662 320
406 715
475 274
543 788
59 393 76 
59 76
59 393
510 779 438 688 20 232 330 791 520 769 795 575 197 521 500 75 251 65 83 720 
510 779
438 779
688 779
20 688
232 510
330 510
791 688
520 232
769 330
795 520
575 791
197 438
521 232
500 520
75 520
251 791
65 330
83 769
720 769
212 590 226 46 225 471 146 70 206 209 55 105 693 63 
212 590
226 590
46 212
225 226
471 225
146 46
70 146
206 471
209 226
55 226
105 225
693 225
63 46
24 148 10 351 
24 148
10 148
351 24
247 284 172 705 515 341 419 45 727 529 297 
247 284
172 284
705 284
515 705
341 284
419 247
45 705
727 247
529 419
297 247
222 605 551 794 64 699 703 221 778 750 548 798 440 646 3 556 799 632 112 555 469 585 365 261 622 591 767 517 627 243 
222 605
551 222
794 605
64 605
699 794
703 794
221 794
778 222
750 551
548 699
798 778
440 794
646 548
3 646
556 222
799 794
632 551
112 3
555 64
469 556
585 632
365 112
261 556
622 3
591 3
767 703
517 591
627 3
243 517
81 709 624 295 
81 709
624 81
295 81
535 781 66 190 68 407 305 269 74 338 674 129 18 319 615 661 123 270 111 
535 781
66 781
190 66
68 781
407 535
305 68
269 781
74 66
338 66
674 190
129 269
18 781
319 781
615 305
661 269
123 18
270 123
111 270
494 530 724 676 371 716 706 414 88 178 149 51 
494 530
724 494
676 530
371 724
716 494
706 676
414 676
88 706
178 371
149 414
51 724
775 787 
775 787
13 78 426 444 518 678 381 481 293 
13 78
426 13
444 78
518 78
678 78
381 78
481 518
293 518
150 737 58 166 387 
150 737
58 737
166 58
387 166
268 695 207 482 237 329 122 
268 695
207 268
482 695
237 207
329 695
122 207
210 588 473 49 160 736 702 40 134 609 457 796 718 205 416 552 628 302 409 318 704 708 184 756 145 38 383 554 692 372 291 578 643 768 751 176 573 633 277 495 640 478 
210 588
473 588
49 210
160 473
736 210
702 588
40 736
134 588
609 40
457 40
796 210
718 736
205 40
416 702
552 588
628 609
302 609
409 473
318 205
704 457
708 318
184 318
756 457
145 457
38 409
383 756
554 38
692 145
372 38
291 692
578 38
643 457
768 692
751 704
176 38
573 756
633 692
277 692
495 751
640 633
478 495
