!
0 1 2 3 4 5 6 7 
0 1
1 2
2 3
3 4
4 5
5 6
6 7
8 9 10 11 12 13 14 15 
8 9
9 10
10 11
11 12
12 13
13 14
14 15
16 17 18 19 20 21 22 23 24 
16 17
17 18
18 19
19 20
20 21
21 22
22 23
23 24
25 26 27 28 29 30 31 32 33 34 
25 26
26 27
27 28
28 29
29 30
30 31
31 32
32 33
33 34
35 
36 37 
36 37
38 39 40 41 42 43 44 45 46 47 48 
38 39
39 40
40 41
41 42
42 43
43 44
44 45
45 46
46 47
47 48
49 50 51 52 53 54 55 56 57 58 
49 50
50 51
51 52
52 53
53 54
54 55
55 56
56 57
57 58
59 60 
59 60
61 62 63 64 65 66 67 
61 62
62 63
63 64
64 65
65 66
66 67
68 69 70 71 
68 69
69 70
70 71
72 73 74 
72 73
73 74
75 76 77 
75 76
76 77
78 79 80 
78 79
79 80
81 82 
81 82
83 84 
83 84
85 86 87 
85 86
86 87
88 89 90 91 92 93 
88 89
89 90
90 91
91 92
92 93
94 95 96 97 98 
94 95
95 96
96 97
97 98
99 
100 
101 102 103 
101 102
102 103
104 105 106 107 108 109 
104 105
105 106
106 107
107 108
108 109
110 111 112 
110 111
111 112
113 114 115 116 117 118 119 120 121 122 123 124 125 
113 114
114 115
115 116
116 117
117 118
118 119
119 120
120 121
121 122
122 123
123 124
124 125
126 127 128 
126 127
127 128
129 130 131 132 133 134 
129 130
130 131
131 132
132 133
133 134
135 136 137 138 
135 136
136 137
137 138
139 140 141 142 143 
139 140
140 141
141 142
142 143
144 
145 146 147 148 
145 146
146 147
147 148
149 150 151 152 153 154 155 156 157 158 159 160 161 162 163 164 165 166 167 
149 150
150 151
151 152
152 153
153 154
154 155
155 156
156 157
157 158
158 159
159 160
160 161
161 162
162 163
163 164
164 165
165 166
166 167
168 169 170 171 172 173 
168 169
169 170
170 171
171 172
172 173
174 175 176 
174 175
175 176
177 178 179 180 
177 178
178 179
179 180
181 
182 183 184 
182 183
183 184
185 
186 187 
186 187
188 189 190 191 192 193 194 195 196 197 198 199 200 201 202 203 204 205 206 207 208 209 
188 189
189 190
190 191
191 192
192 193
193 194
194 195
195 196
196 197
197 198
198 199
199 200
200 201
201 202
202 203
203 204
204 205
205 206
206 207
207 208
208 209
210 211 
210 211
212 213 
212 213
214 215 216 
214 215
215 216
217 218 219 220 
217 218
218 219
219 220
221 
222 223 224 225 
222 223
223 224
224 225
226 227 228 229 230 231 232 233 234 235 236 
226 227
227 228
228 229
229 230
230 231
231 232
232 233
233 234
234 235
235 236
237 238 
237 238
239 
240 241 242 
240 241
241 242
243 244 245 246 247 248 
243 244
244 245
245 246
246 247
247 248
249 250 251 252 
249 250
250 251
251 252
253 254 255 
253 254
254 255
256 257 258 259 
256 257
257 258
258 259
260 261 262 263 264 265 266 267 268 
260 261
261 262
262 263
263 264
264 265
265 266
266 267
267 268
269 270 
269 270
271 272 273 274 275 276 277 
271 272
272 273
273 274
274 275
275 276
276 277
278 279 280 281 282 
278 279
279 280
280 281
281 282
283 284 285 286 287 288 
283 284
284 285
285 286
286 287
287 288
289 290 291 292 
289 290
290 291
291 292
293 294 295 296 297 298 299 300 301 302 
293 294
294 295
295 296
296 297
297 298
298 299
299 300
300 301
301 302
303 
304 305 
304 305
306 307 308 309 310 
306 307
307 308
308 309
309 310
311 312 313 314 315 
311 312
312 313
313 314
314 315
316 317 318 
316 317
317 318
319 
320 321 322 
320 321
321 322
323 324 325 
323 324
324 325
326 327 328 329 330 331 332 333 334 335 336 337 338 339 340 341 342 343 344 345 346 347 
326 327
327 328
328 329
329 330
330 331
331 332
332 333
333 334
334 335
335 336
336 337
337 338
338 339
339 340
340 341
341 342
342 343
343 344
344 345
345 346
346 347
348 349 350 351 352 
348 349
349 350
350 351
351 352
353 354 
353 354
355 356 357 358 359 360 361 362 363 364 
355 356
356 357
357 358
358 359
359 360
360 361
361 362
362 363
363 364
365 366 367 368 369 370 371 372 373 374 375 376 377 
365 366
366 367
367 368
368 369
369 370
370 371
371 372
372 373
373 374
374 375
375 376
376 377
378 379 
378 379
380 
381 
382 383 384 
382 383
383 384
385 386 387 
385 386
386 387
388 389 390 391 392 
388 389
389 390
390 391
391 392
393 394 
393 394
395 396 397 
395 396
396 397
398 399 400 401 402 403 
398 399
399 400
400 401
401 402
402 403
404 405 406 407 408 409 410 411 412 
404 405
405 406
406 407
407 408
408 409
409 410
410 411
411 412
413 414 415 416 417 418 
413 414
414 415
415 416
416 417
417 418
419 
420 421 422 423 424 425 426 427 
420 421
421 422
422 423
423 424
424 425
425 426
426 427
428 429 
428 429
430 
431 
432 433 
432 433
434 435 436 437 438 439 
434 435
435 436
436 437
437 438
438 439
440 441 442 
440 441
441 442
443 
444 
445 446 
445 446
447 
448 
449 450 451 452 453 454 
449 450
450 451
451 452
452 453
453 454
455 456 457 458 459 460 461 462 463 464 465 
455 456
456 457
457 458
458 459
459 460
460 461
461 462
462 463
463 464
464 465
466 467 468 469 470 471 
466 467
467 468
468 469
469 470
470 471
472 
473 474 475 476 477 478 479 480 481 482 
473 474
474 475
475 476
476 477
477 478
478 479
479 480
480 481
481 482
483 484 485 486 487 488 489 490 491 492 493 
483 484
484 485
485 486
486 487
487 488
488 489
489 490
490 491
491 492
492 493
494 495 
494 495
496 497 
496 497
498 499 
498 499
500 
501 502 
501 502
503 504 505 
503 504
504 505
506 
507 508 509 510 511 512 513 514 515 516 517 518 519 520 
507 508
508 509
509 510
510 511
511 512
512 513
513 514
514 515
515 516
516 517
517 518
518 519
519 520
521 
522 523 
522 523
524 525 526 527 528 529 530 531 532 533 534 
524 525
525 526
526 527
527 528
528 529
529 530
530 531
531 532
532 533
533 534
535 536 
535 536
537 
538 539 540 541 542 
538 539
539 540
540 541
541 542
543 544 545 546 547 548 549 550 551 552 553 554 555 556 557 558 559 560 561 562 563 
543 544
544 545
545 546
546 547
547 548
548 549
549 550
550 551
551 552
552 553
553 554
554 555
555 556
556 557
557 558
558 559
559 560
560 561
561 562
562 563
564 565 566 567 568 569 570 571 572 573 574 
564 565
565 566
566 567
567 568
568 569
569 570
570 571
571 572
572 573
573 574
575 576 
575 576
577 578 
577 578
579 580 581 582 
579 580
580 581
581 582
583 
584 
585 586 587 588 589 590 591 592 593 594 595 596 597 598 599 600 601 602 603 604 
585 586
586 587
587 588
588 589
589 590
590 591
591 592
592 593
593 594
594 595
595 596
596 597
597 598
598 599
599 600
600 601
601 602
602 603
603 604
605 606 607 608 
605 606
606 607
607 608
609 610 611 612 613 614 615 
609 610
610 611
611 612
612 613
613 614
614 615
616 
617 618 
617 618
619 620 621 622 623 624 625 
619 620
620 621
621 622
622 623
623 624
624 625
626 627 628 629 
626 627
627 628
628 629
630 631 632 633 
630 631
631 632
632 633
634 635 636 637 
634 635
635 636
636 637
638 639 640 
638 639
639 640
641 642 643 
641 642
642 643
644 645 646 647 
644 645
645 646
646 647
648 649 650 651 652 
648 649
649 650
650 651
651 652
653 654 655 
653 654
654 655
656 657 658 659 660 661 
656 657
657 658
658 659
659 660
660 661
662 
663 
664 665 
664 665
666 667 668 669 
666 667
667 668
668 669
670 671 672 673 674 675 
670 671
671 672
672 673
673 674
674 675
676 677 678 679 680 681 682 
676 677
677 678
678 679
679 680
680 681
681 682
683 684 
683 684
685 686 687 688 
685 686
686 687
687 688
689 690 691 692 
689 690
690 691
691 692
693 694 695 696 697 698 699 
693 694
694 695
695 696
696 697
697 698
698 699
700 
701 702 703 704 
701 702
702 703
703 704
705 
706 707 708 
706 707
707 708
709 710 
709 710
711 712 713 714 715 716 
711 712
712 713
713 714
714 715
715 716
717 718 719 720 721 
717 718
718 719
719 720
720 721
722 723 724 725 726 727 
722 723
723 724
724 725
725 726
726 727
728 729 730 
728 729
729 730
731 732 733 734 735 
731 732
732 733
733 734
734 735
736 737 738 
736 737
737 738
739 740 
739 740
741 742 
741 742
743 744 745 746 747 748 749 750 751 
743 744
744 745
745 746
746 747
747 748
748 749
749 750
750 751
752 753 754 
752 753
753 754
755 756 757 758 759 760 761 
755 756
756 757
757 758
758 759
759 760
760 761
762 
763 
764 765 766 767 
764 765
765 766
766 767
768 769 770 771 772 773 774 
768 769
769 770
770 771
771 772
772 773
773 774
775 776 777 778 
775 776
776 777
777 778
779 780 
779 780
781 782 783 784 
781 782
782 783
783 784
785 
786 787 788 789 790 791 792 
786 787
787 788
788 789
789 790
790 791
791 792
793 794 795 796 797 798 799 
793 794
794 795
795 796
796 797
797 798
798 799
