? 4 6 212 326 241 
? 4 251 643 317 203 
? 4 418 560 566 524 
? 4 9 87 312 294 
? 4 113 306 332 647 
? 4 441 574 47 17 
? 4 110 216 590 226 
? 4 50 148 325 565 
? 4 140 405 13 103 
? 4 391 544 472 521 
? 4 256 366 89 260 
? 4 42 583 726 375 
? 4 83 182 513 195 
? 4 267 730 464 206 
? 4 131 165 531 111 
? 4 666 670 553 154 
? 4 8 123 350 788 
? 4 84 676 231 310 
? 4 246 581 205 546 
? 4 236 507 394 125 
? 4 605 699 98 620 
? 4 0 211 335 341 
? 3 176 523 200 
? 3 95 589 789 
? 3 4 161 439 
? 3 237 741 477 
? 3 62 632 219 
? 3 188 479 562 
? 3 535 602 71 
? 3 302 359 582 
? 3 30 157 755 
? 3 186 529 692 
? 3 240 259 629 
? 3 245 786 33 
? 3 52 611 641 
? 3 193 781 413 
? 3 100 711 12 
? 3 49 396 76 
? 3 189 784 376 
? 3 137 749 93 
? 3 55 299 698 
? 3 86 631 160 
? 3 138 296 766 
? 3 289 443 105 
? 3 442 720 751 
? 3 243 767 516 
? 3 392 758 58 
? 3 549 600 65 
? 3 559 664 146 
!
334 351 705 526 253 411 690 142 
334 351
705 334
526 351
253 526
411 526
690 411
142 334
467 770 313 794 201 283 374 262 
467 770
313 770
794 467
201 313
283 794
374 201
262 313
23 273 732 116 198 94 67 234 399 
23 273
732 23
116 273
198 732
94 732
67 116
234 198
399 234
194 254 742 429 434 776 128 707 750 465 
194 254
742 254
429 194
434 194
776 429
128 434
707 429
750 742
465 750
780 
614 768 
614 768
129 733 678 28 451 358 402 658 223 635 503 
129 733
678 733
28 129
451 28
358 678
402 678
658 402
223 28
635 451
503 223
208 527 798 728 329 449 474 120 156 404 
208 527
798 208
728 527
329 208
449 728
474 728
120 329
156 728
404 120
545 723 
545 723
175 714 365 388 534 792 215 
175 714
365 175
388 365
534 365
792 534
215 388
0 211 335 341 
335 341
0 211
211 335
559 664 146 
559 664
664 146
549 600 65 
600 65
549 65
392 758 58 
392 758
392 58
187 615 
187 615
432 481 
432 481
243 767 516 
767 516
243 767
409 551 397 141 491 51 
409 551
397 409
141 409
491 397
51 491
318 694 20 270 506 
318 694
20 694
270 694
506 20
777 
762 
442 720 751 
442 720
442 751
180 657 696 72 757 525 
180 657
696 180
72 657
757 657
525 180
289 443 105 
443 105
289 443
356 567 122 21 258 139 389 96 257 509 101 274 322 
356 567
122 567
21 356
258 122
139 122
389 21
96 389
257 96
509 258
101 257
274 258
322 274
138 296 766 
138 296
138 766
26 454 753 244 719 480 
26 454
753 454
244 753
719 26
480 244
605 699 98 620 
605 98
605 620
699 98
554 771 209 276 671 
554 771
209 554
276 771
671 209
745 
236 507 394 125 
394 125
236 507
236 394
512 773 736 785 119 520 425 311 493 173 772 38 60 362 588 204 152 382 497 
512 773
736 512
785 773
119 773
520 736
425 119
311 119
493 311
173 785
772 311
38 173
60 311
362 520
588 362
204 362
152 204
382 152
497 772
170 381 428 393 444 370 
170 381
428 170
393 381
444 428
370 393
86 631 160 
631 160
86 631
246 581 205 546 
246 205
246 581
205 546
737 
55 299 698 
55 299
55 698
721 
214 695 
214 695
369 395 315 298 372 734 542 617 330 407 564 731 247 159 727 427 25 522 697 630 368 675 
369 395
315 369
298 315
372 395
734 369
542 298
617 542
330 734
407 298
564 372
731 407
247 542
159 564
727 731
427 731
25 727
522 330
697 617
630 159
368 330
675 697
601 669 
601 669
134 339 
134 339
137 749 93 
749 93
137 749
84 676 231 310 
676 231
84 676
84 310
718 
8 123 350 788 
8 123
123 350
8 788
379 660 79 18 584 135 452 575 5 162 759 
379 660
79 660
18 379
584 379
135 18
452 584
575 452
5 135
162 79
759 162
163 793 
163 793
709 
189 784 376 
189 784
784 376
303 569 290 457 735 109 
303 569
290 569
457 303
735 290
109 303
666 670 553 154 
666 670
666 154
670 553
49 396 76 
396 76
49 396
131 165 531 111 
165 531
165 111
131 165
233 796 150 360 316 288 640 573 783 
233 796
150 233
360 796
316 360
288 316
640 288
573 640
783 150
608 702 
608 702
221 363 337 651 1 347 515 
221 363
337 221
651 337
1 651
347 651
515 347
426 586 604 539 220 
426 586
604 426
539 604
220 586
378 386 556 511 774 533 
378 386
556 378
511 386
774 378
533 511
267 730 464 206 
730 206
267 206
267 464
202 309 550 585 729 155 587 579 300 53 
202 309
550 202
585 550
729 309
155 550
587 585
579 587
300 587
53 729
706 
342 787 
342 787
118 576 622 277 548 
118 576
622 118
277 576
548 576
107 514 327 400 501 
107 514
327 107
400 514
501 400
100 711 12 
100 711
100 12
704 
193 781 413 
193 413
193 781
52 611 641 
52 611
52 641
227 763 24 455 431 419 185 136 653 64 343 82 421 32 127 328 349 297 75 336 210 463 
227 763
24 227
455 763
431 24
419 455
185 419
136 419
653 419
64 185
343 24
82 64
421 343
32 185
127 653
328 82
349 32
297 136
75 328
336 343
210 349
463 653
412 623 225 143 578 
412 623
225 623
143 623
578 412
612 636 
612 636
293 650 633 668 747 725 700 592 305 447 
293 650
633 293
668 650
747 633
725 747
700 725
592 700
305 725
447 592
420 571 634 45 278 112 519 35 169 748 252 380 121 
420 571
634 571
45 420
278 420
112 278
519 112
35 519
169 35
748 45
252 748
380 169
121 45
266 406 
266 406
703 
689 
245 786 33 
786 33
245 33
240 259 629 
240 629
259 629
222 530 59 401 468 
222 530
59 530
401 59
468 222
68 403 
68 403
186 529 692 
186 529
529 692
460 693 435 27 502 568 
460 693
435 693
27 460
502 460
568 502
319 367 645 626 536 158 769 677 174 
319 367
645 367
626 319
536 626
158 536
769 158
677 769
174 677
563 598 414 482 285 662 
563 598
414 598
482 563
285 414
662 285
674 
353 603 461 649 377 488 61 716 
353 603
461 353
649 603
377 461
488 603
61 377
716 649
232 354 
232 354
654 
652 
197 466 
197 466
102 264 648 235 275 66 
102 264
648 102
235 264
275 648
66 235
30 157 755 
30 157
30 755
624 
499 
387 597 
387 597
433 
415 
286 291 308 644 782 672 
286 291
308 291
644 291
782 644
672 286
132 448 779 229 331 596 268 22 73 44 561 
132 448
779 448
229 132
331 229
596 779
268 779
22 596
73 779
44 331
561 44
338 445 685 88 637 11 
338 445
685 445
88 445
637 338
11 88
408 
271 495 543 70 16 340 724 469 627 292 
271 495
543 271
70 495
16 495
340 70
724 16
469 724
627 469
292 70
487 606 799 364 681 471 385 489 500 424 456 
487 606
799 487
364 799
681 606
471 606
385 364
489 471
500 799
424 471
456 489
552 722 
552 722
446 744 
446 744
436 638 
436 638
345 
301 485 
301 485
302 359 582 
302 359
302 582
238 
183 284 133 307 272 504 224 280 541 492 764 7 609 430 
183 284
133 183
307 133
272 183
504 307
224 133
280 504
541 224
492 541
764 272
7 280
609 492
430 764
196 
181 691 
181 691
279 475 739 355 708 19 207 191 228 621 761 
279 475
739 279
355 739
708 475
19 708
207 355
191 739
228 708
621 739
761 191
144 373 
144 373
167 
14 39 547 797 496 
14 39
547 14
797 14
496 14
171 453 357 151 282 619 324 78 15 269 680 628 639 190 667 717 287 41 754 746 740 
171 453
357 453
151 357
282 453
619 151
324 619
78 282
15 324
269 78
680 15
628 269
639 680
190 639
667 190
717 628
287 190
41 717
754 639
746 754
740 41
494 593 69 179 390 679 577 398 177 250 470 
494 593
69 494
179 593
390 593
679 69
577 679
398 390
177 577
250 179
470 250
473 625 
473 625
57 765 
57 765
83 182 513 195 
83 513
182 513
83 195
164 
147 
115 661 557 242 321 483 295 117 510 795 665 450 791 192 361 517 790 642 555 558 
115 661
557 661
242 557
321 661
483 321
295 242
117 115
510 483
795 295
665 117
450 483
791 483
192 791
361 795
517 295
790 791
642 517
555 510
558 665
42 583 726 375 
726 375
42 583
583 375
613 701 48 218 618 537 498 
613 701
48 613
218 701
618 48
537 218
498 218
130 
213 673 
213 673
333 688 462 352 261 417 114 
333 688
462 333
352 688
261 352
417 352
114 417
256 366 89 260 
366 89
256 260
256 89
391 544 472 521 
472 521
391 472
544 521
140 405 13 103 
140 13
405 13
405 103
535 602 71 
535 71
535 602
188 479 562 
479 562
188 479
50 148 325 565 
148 325
50 565
148 565
63 538 713 2 610 
63 538
713 63
2 538
610 2
62 632 219 
62 219
62 632
437 458 438 85 323 92 
437 458
438 437
85 458
323 458
92 438
108 
91 
29 314 
29 314
110 216 590 226 
110 590
216 226
216 590
478 591 607 594 743 599 
478 591
607 591
594 591
743 478
599 594
126 540 508 265 528 145 10 
126 540
508 540
265 126
528 126
145 508
10 265
682 738 
682 738
441 574 47 17 
441 574
574 17
574 47
113 306 332 647 
113 332
332 647
113 306
172 616 90 659 43 46 77 
172 616
90 616
659 90
43 90
46 43
77 172
80 
9 87 312 294 
87 312
312 294
9 312
74 
237 741 477 
237 741
741 477
304 423 
304 423
166 686 484 656 572 663 
166 686
484 686
656 484
572 686
663 166
3 580 153 459 752 
3 580
153 3
459 153
752 459
320 710 230 178 239 106 
320 710
230 710
178 320
239 230
106 239
4 161 439 
4 161
4 439
124 778 595 756 99 
124 778
595 124
756 778
99 595
95 589 789 
95 589
95 789
476 646 
476 646
346 715 
346 715
263 486 371 54 683 532 81 570 422 
263 486
371 263
54 486
683 54
532 486
81 532
570 81
422 532
176 523 200 
176 523
523 200
518 684 104 37 56 490 199 
518 684
104 518
37 684
56 684
490 37
199 56
40 
36 
418 560 566 524 
560 524
418 566
418 560
217 344 505 775 712 383 168 
217 344
505 344
775 217
712 505
383 344
168 775
251 643 317 203 
643 317
251 317
251 203
416 687 
416 687
6 212 326 241 
326 241
6 212
212 326
31 
97 348 655 249 384 410 440 
97 348
655 348
249 97
384 348
410 249
440 384
34 149 760 248 184 255 281 
34 149
760 34
248 34
184 149
255 760
281 248
