? 4 120 404 527 160 
? 4 648 760 275 102 
? 4 69 577 593 470 
? 4 99 776 429 465 
? 4 20 694 318 270 
? 4 549 600 65 446 
? 4 478 591 607 599 
? 4 111 131 262 723 
? 4 392 758 506 34 
? 4 449 798 218 757 
? 4 33 786 724 245 
? 4 217 344 31 712 
? 4 418 566 560 662 
? 4 43 172 616 29 
? 4 325 399 234 198 
? 4 247 298 542 315 
? 4 266 406 702 564 
? 4 36 584 162 366 
? 4 74 635 28 451 
? 4 326 390 398 602 
? 4 143 623 109 225 
? 4 385 534 364 215 
? 3 654 738 603 
? 3 633 668 650 
? 3 55 698 154 
? 3 408 496 737 
? 3 153 468 401 
? 3 233 573 316 
? 3 205 246 524 
? 3 256 260 494 
? 3 290 735 569 
? 3 118 576 622 
? 3 208 329 728 
? 3 158 639 746 
? 3 219 238 436 
? 3 640 695 360 
? 3 416 687 505 
? 3 302 359 12 
? 3 128 220 214 
? 3 323 631 63 
? 3 237 741 477 
? 3 242 510 557 
? 3 490 676 84 
? 3 267 781 730 
? 3 209 422 81 
? 3 305 747 293 
? 3 2 713 168 
? 3 119 425 231 
? 3 674 701 156 
!
186 529 167 783 597 150 681 606 
186 529
167 529
783 186
597 186
150 783
681 529
606 681
310 479 497 718 188 67 444 669 
310 479
497 479
718 479
188 479
67 718
444 310
669 497
480 753 26 454 244 212 6 187 615 
480 753
26 753
454 753
244 753
212 480
6 212
187 753
615 187
467 770 794 201 313 531 283 374 165 780 
467 770
794 770
201 770
313 467
531 770
283 794
374 201
165 770
780 165
789 
86 538 
86 538
362 588 382 152 520 762 77 173 736 512 204 
362 588
382 362
152 382
520 362
762 588
77 382
173 520
736 520
512 520
204 382
376 784 413 193 638 189 568 147 164 464 
376 784
413 376
193 376
638 784
189 376
568 413
147 638
164 568
464 193
432 439 
432 439
107 400 327 514 336 537 343 
107 400
327 107
514 400
336 107
537 107
343 336
385 534 364 215 
385 215
534 364
385 534
674 701 156 
674 156
674 701
119 425 231 
119 425
425 231
2 713 168 
713 168
2 168
371 556 
371 556
159 395 
159 395
305 747 293 
305 293
747 293
415 618 474 48 613 277 
415 618
474 618
48 415
613 618
277 415
437 438 92 775 458 
437 438
92 438
775 437
458 437
785 
773 
209 422 81 
209 81
209 422
441 574 47 768 17 610 
441 574
47 441
768 441
17 441
610 574
267 781 730 
267 781
267 730
183 284 307 504 492 272 133 280 224 541 764 7 430 
183 284
307 183
504 284
492 284
272 284
133 504
280 307
224 280
541 224
764 272
7 280
430 272
490 676 84 
676 84
490 676
469 627 620 630 368 700 
469 627
620 469
630 469
368 630
700 627
143 623 109 225 
623 109
143 109
143 225
330 734 369 372 98 
330 734
369 734
372 330
98 330
767 
326 390 398 602 
398 602
326 398
326 390
309 550 585 729 252 202 155 300 587 579 748 53 420 777 528 121 634 265 45 
309 550
585 550
729 309
252 309
202 309
155 309
300 585
587 300
579 252
748 550
53 729
420 252
777 579
528 300
121 579
634 420
265 300
45 634
319 367 626 645 536 769 
319 367
626 367
645 367
536 319
769 645
242 510 557 
242 510
242 557
74 635 28 451 
635 28
74 635
74 451
754 
237 741 477 
237 741
741 477
711 
58 255 
58 255
166 686 656 339 572 484 8 123 752 296 663 466 350 222 197 59 138 580 788 530 459 127 
166 686
656 166
339 166
572 656
484 686
8 656
123 8
752 339
296 166
663 166
466 166
350 123
222 484
197 686
59 222
138 59
580 752
788 656
530 296
459 752
127 123
636 793 
636 793
108 745 
108 745
323 631 63 
323 631
631 63
36 584 162 366 
584 162
584 366
36 584
706 
266 406 702 564 
406 702
266 702
702 564
508 670 666 540 10 126 553 578 594 145 303 
508 670
666 670
540 508
10 508
126 666
553 508
578 508
594 670
145 10
303 670
136 463 
136 463
667 
128 220 214 
128 214
128 220
251 643 317 726 792 230 
251 643
317 251
726 643
792 251
230 317
247 298 542 315 
247 542
542 315
298 315
302 359 12 
302 12
359 12
325 399 234 198 
325 399
325 198
234 198
174 677 287 609 617 675 190 697 522 
174 677
287 677
609 287
617 174
675 287
190 287
697 677
522 677
76 396 
76 396
347 515 423 304 38 363 621 
347 515
423 515
304 423
38 347
363 515
621 38
521 722 472 608 544 
521 722
472 521
608 521
544 521
60 493 311 772 601 523 
60 493
311 60
772 311
601 493
523 60
43 172 616 29 
43 616
172 616
172 29
61 551 377 141 491 409 397 353 461 652 
61 551
377 61
141 551
491 61
409 551
397 491
353 61
461 377
652 397
649 
79 589 
79 589
117 665 558 192 23 
117 665
558 117
192 117
23 558
18 660 379 5 89 
18 660
379 660
5 18
89 18
416 687 505 
416 687
687 505
637 
640 695 360 
695 360
640 360
219 238 436 
219 238
238 436
257 389 705 356 101 21 96 351 567 526 334 122 411 253 590 142 139 690 110 509 274 223 
257 389
705 257
356 257
101 257
21 389
96 389
351 389
567 257
526 389
334 705
122 567
411 351
253 389
590 356
142 590
139 590
690 411
110 590
509 122
274 122
223 411
586 604 539 721 426 
586 604
539 604
721 604
426 586
90 563 
90 563
181 450 691 791 483 790 661 115 555 428 
181 450
691 181
791 450
483 450
790 791
661 483
115 661
555 691
428 181
199 370 393 56 381 518 170 62 37 104 632 301 191 
199 370
393 370
56 370
381 393
518 199
170 393
62 370
37 199
104 56
632 199
301 393
191 104
213 749 
213 749
624 
605 
158 639 746 
158 746
158 639
208 329 728 
329 728
208 329
375 516 583 243 42 
375 516
583 375
243 516
42 375
412 457 
412 457
118 576 622 
576 622
118 622
291 308 782 286 672 644 
291 308
782 308
286 308
672 291
644 782
424 489 471 456 710 320 487 799 178 
424 489
471 424
456 489
710 489
320 489
487 471
799 487
178 320
338 445 743 52 88 11 
338 445
743 338
52 445
88 338
11 52
562 
279 475 19 739 433 708 207 228 
279 475
19 475
739 279
433 475
708 19
207 19
228 19
548 614 
548 614
552 
546 
727 731 
727 731
281 673 288 796 93 137 
281 673
288 281
796 288
93 673
137 281
290 735 569 
290 569
290 735
545 
501 
268 448 
268 448
447 
421 
678 733 358 402 658 129 
678 733
358 678
402 733
658 678
129 733
229 331 132 44 592 779 561 596 22 299 73 
229 331
132 229
44 331
592 44
779 132
561 331
596 779
22 596
299 331
73 132
72 657 180 696 71 535 
72 657
180 72
696 657
71 180
535 71
388 
442 720 386 751 297 704 774 671 533 511 
442 720
386 442
751 442
297 720
704 720
774 386
671 704
533 386
511 704
211 322 500 0 258 714 226 335 216 175 125 
211 322
500 322
0 211
258 211
714 500
226 322
335 211
216 211
175 714
125 335
169 571 
169 571
611 641 
611 641
387 744 
387 744
355 
684 761 
684 761
256 260 494 
256 260
260 494
354 
182 513 83 647 113 235 306 264 692 91 144 332 341 66 
182 513
83 182
647 83
113 647
235 513
306 647
264 182
692 513
91 113
144 113
332 647
341 647
66 144
321 
105 685 
105 685
13 140 146 103 405 664 559 39 547 703 797 
13 140
146 13
103 140
405 13
664 140
559 103
39 664
547 39
703 146
797 39
699 725 
699 725
314 
517 795 361 295 642 
517 795
361 795
295 795
642 295
114 196 417 352 75 64 688 261 328 333 82 462 32 68 349 403 185 210 763 276 532 
114 196
417 114
352 417
75 114
64 75
688 352
261 352
328 75
333 688
82 328
462 688
32 462
68 261
349 32
403 462
185 32
210 349
763 185
276 403
532 68
151 357 324 427 15 171 282 619 453 407 680 
151 357
324 151
427 357
15 324
171 357
282 427
619 357
453 171
407 151
680 15
476 646 
476 646
250 525 
250 525
418 566 560 662 
418 566
418 662
418 560
241 
206 
97 348 655 1 249 440 240 259 651 787 716 410 629 342 499 488 384 682 337 221 
97 348
655 348
1 348
249 348
440 348
240 655
259 240
651 1
787 97
716 97
410 249
629 240
342 1
499 97
488 240
384 716
682 249
337 1
221 651
217 344 31 712 
217 344
344 31
344 712
236 507 394 345 373 195 365 
236 507
394 507
345 394
373 345
195 345
365 195
194 
134 498 
134 498
414 598 285 659 40 581 482 
414 598
285 414
659 414
40 285
581 414
482 40
33 786 724 245 
33 786
33 245
724 245
449 798 218 757 
449 218
798 218
449 757
392 758 506 34 
392 758
392 506
506 34
205 246 524 
205 246
205 524
233 573 316 
573 316
233 316
111 131 262 723 
131 262
262 723
111 131
124 778 756 595 130 
124 778
756 778
595 778
130 778
153 468 401 
153 401
153 468
35 278 112 519 95 380 
35 278
112 278
519 278
95 35
380 95
184 
179 
149 248 
149 248
478 591 607 599 
591 599
478 607
478 591
203 575 452 106 239 135 
203 575
452 575
106 203
239 203
135 575
30 157 232 709 502 625 443 
30 157
232 30
709 30
502 30
625 232
443 709
49 503 
49 503
549 600 65 446 
549 446
600 65
549 65
20 694 318 270 
694 318
694 270
20 694
70 495 271 340 16 543 292 
70 495
271 70
340 70
16 495
543 70
292 70
176 
99 776 429 465 
99 465
776 465
429 465
51 
408 496 737 
408 496
408 737
289 473 
289 473
148 565 50 94 732 200 
148 565
50 148
94 565
732 94
200 148
254 742 750 434 707 
254 742
750 254
434 742
707 254
24 431 455 419 227 653 
24 431
455 24
419 24
227 24
653 419
55 698 154 
55 154
698 154
57 765 766 378 719 
57 765
766 765
378 765
719 766
633 668 650 
633 668
668 650
116 273 
116 273
391 582 
391 582
41 715 87 346 80 717 312 9 612 
41 715
87 41
346 715
80 715
717 41
312 87
9 715
612 346
654 738 603 
654 603
654 738
269 628 78 740 25 163 294 
269 628
78 269
740 269
25 269
163 740
294 163
46 
14 
69 577 593 470 
69 593
69 577
593 470
54 683 570 263 771 554 486 
54 683
570 683
263 54
771 570
554 570
486 263
648 760 275 102 
648 760
275 102
648 275
100 485 
100 485
120 404 527 160 
404 160
404 527
120 527
3 
4 161 689 177 85 679 383 
4 161
689 4
177 689
85 161
679 4
383 161
435 693 27 755 481 460 759 
435 693
27 693
755 435
481 27
460 27
759 435
