? 4 277 614 576 548 
? 4 398 615 153 390 
? 4 290 698 735 109 
? 4 449 527 208 798 
? 4 361 558 23 273 
? 4 256 366 452 584 
? 4 418 566 560 246 
? 4 608 702 582 302 
? 4 24 455 431 227 
? 4 293 668 633 650 
? 4 369 395 315 298 
? 4 648 760 34 102 
? 4 116 791 67 192 
? 4 496 762 29 408 
? 4 78 269 25 727 
? 4 521 722 391 544 
? 4 163 793 517 642 
? 4 478 607 591 299 
? 4 765 766 358 57 
? 4 446 549 237 108 
? 4 228 416 687 433 
? 4 263 371 486 532 
? 3 746 754 769 
? 3 266 406 564 
? 3 47 768 51 
? 3 69 179 494 
? 3 218 466 329 
? 3 620 627 605 
? 3 412 569 55 
? 3 436 638 354 
? 3 423 712 505 
? 3 421 653 706 
? 3 555 691 12 
? 3 404 674 160 
? 3 250 470 602 
? 3 392 758 137 
? 3 213 281 360 
? 3 105 289 637 
? 3 68 422 81 
? 3 217 344 85 
? 3 230 792 364 
? 3 86 713 63 
? 3 262 313 531 
? 3 43 90 616 
? 3 36 162 519 
? 3 542 731 372 
? 3 48 156 728 
? 3 205 546 662 
? 3 17 441 622 
!
174 677 287 541 190 522 675 697 
174 677
287 174
541 677
190 287
522 174
675 287
697 174
152 382 362 588 221 77 520 172 
152 382
362 382
588 362
221 152
77 588
520 588
172 77
26 454 753 719 244 187 480 212 468 
26 454
753 454
719 26
244 753
187 26
480 753
212 480
468 187
442 720 751 774 704 297 378 671 138 386 
442 720
751 442
774 442
704 720
297 704
378 720
671 704
138 442
386 774
783 
204 785 
204 785
41 715 346 80 87 717 740 9 312 628 612 
41 715
346 715
80 41
87 41
717 41
740 715
9 41
312 87
628 80
612 715
236 507 394 341 345 373 144 509 66 235 
236 507
394 236
341 394
345 341
373 345
144 373
509 394
66 144
235 144
128 695 
128 695
107 400 327 514 336 343 537 
107 400
327 107
514 107
336 107
343 336
537 514
263 371 486 532 
263 486
371 486
486 532
17 441 622 
17 441
441 622
205 546 662 
205 662
205 546
48 156 728 
48 728
156 728
169 789 
169 789
359 711 
359 711
542 731 372 
542 372
542 731
415 618 613 474 118 701 
415 618
613 618
474 415
118 415
701 613
121 777 65 600 477 
121 777
65 777
600 65
477 777
773 
767 
36 162 519 
36 519
162 519
512 736 425 493 311 119 
512 736
425 512
493 512
311 493
119 736
43 90 616 
90 616
43 616
30 157 232 709 568 502 755 473 435 443 625 95 589 
30 157
232 30
709 30
568 157
502 157
755 568
473 30
435 502
443 709
625 232
95 709
589 95
262 313 531 
262 313
313 531
756 778 124 595 99 742 
756 778
124 778
595 756
99 778
742 99
228 416 687 433 
228 416
228 687
687 433
33 786 700 611 245 
33 786
700 33
611 33
245 33
763 
446 549 237 108 
446 549
446 237
549 108
508 670 666 10 540 553 126 594 741 145 300 528 578 457 265 154 303 220 623 
508 670
666 670
10 508
540 10
553 508
126 508
594 666
741 10
145 553
300 10
528 540
578 553
457 578
265 528
154 540
303 666
220 508
623 578
279 475 739 19 621 355 
279 475
739 279
19 279
621 279
355 279
86 713 63 
86 713
713 63
765 766 358 57 
766 57
765 766
765 358
745 
230 792 364 
230 792
792 364
737 
699 725 
699 725
166 686 339 656 572 8 222 752 350 484 123 296 788 663 530 59 127 580 197 463 134 401 
166 686
339 166
656 686
572 686
8 656
222 686
752 339
350 8
484 656
123 8
296 8
788 656
663 339
530 222
59 222
127 350
580 752
197 166
463 8
134 752
401 59
14 314 
14 314
238 472 
238 472
217 344 85 
217 344
344 85
478 607 591 299 
607 299
478 607
478 591
708 
163 793 517 642 
163 517
793 642
163 642
211 322 274 500 0 216 258 714 125 175 226 
211 322
274 322
500 322
0 322
216 211
258 211
714 500
125 216
175 714
226 216
248 255 
248 255
685 
68 422 81 
68 422
422 81
186 529 692 167 387 597 
186 529
692 529
167 186
387 186
597 186
521 722 391 544 
521 391
521 544
722 544
105 289 637 
105 289
289 637
78 269 25 727 
78 727
78 269
25 727
32 349 185 210 419 403 209 64 136 
32 349
185 32
210 32
419 185
403 349
209 403
64 185
136 32
106 178 
106 178
4 161 177 689 439 577 383 
4 161
177 4
689 4
439 161
577 177
383 161
20 506 275 58 694 
20 506
275 506
58 506
694 506
18 660 135 5 79 89 
18 660
135 18
5 135
79 18
89 5
496 762 29 408 
762 29
496 762
496 408
151 357 427 324 453 171 15 282 619 407 
151 357
427 151
324 151
453 151
171 357
15 324
282 171
619 324
407 151
679 
498 757 
498 757
375 726 6 241 260 
375 726
6 375
241 6
260 726
60 772 176 523 198 
60 772
176 60
523 176
198 772
213 281 360 
281 360
213 281
658 
392 758 137 
392 758
392 137
250 470 602 
470 602
250 470
97 348 655 1 249 651 240 440 410 716 629 787 353 384 682 488 259 738 649 342 461 304 
97 348
655 348
1 97
249 97
651 1
240 655
440 249
410 1
716 249
629 240
787 249
353 240
384 97
682 716
488 353
259 488
738 353
649 682
342 1
461 353
304 1
254 776 429 434 750 
254 776
429 254
434 254
750 254
646 744 
646 744
115 661 483 117 795 242 450 665 295 790 
115 661
483 661
117 661
795 661
242 661
450 483
665 117
295 661
790 450
229 331 132 44 779 592 596 22 561 73 268 599 448 
229 331
132 331
44 331
779 132
592 331
596 779
22 596
561 229
73 132
268 44
599 592
448 229
524 797 
524 797
636 
624 
404 674 160 
404 160
404 674
555 691 12 
555 691
555 12
112 278 35 571 380 
112 278
35 278
571 278
380 278
84 676 
84 676
421 653 706 
421 653
653 706
338 445 641 743 11 52 
338 445
641 445
743 445
11 445
52 11
310 479 497 718 188 231 669 234 562 
310 479
497 479
718 479
188 479
231 310
669 497
234 669
562 479
586 604 721 539 426 707 
586 604
721 604
539 721
426 586
707 586
552 
424 471 489 456 487 710 799 320 
424 471
489 424
456 489
487 471
710 424
799 487
320 424
511 556 
511 556
501 
499 
143 225 
143 225
330 368 98 630 734 469 
330 368
98 368
630 368
734 330
469 368
423 712 505 
423 505
423 712
492 
476 
326 593 
326 593
447 
432 
367 645 626 319 536 639 
367 645
626 367
319 645
536 626
639 367
183 284 272 504 307 224 764 280 133 430 609 
183 284
272 284
504 284
307 284
224 183
764 272
280 504
133 224
430 764
609 430
291 308 286 46 672 659 
291 308
286 291
46 291
672 308
659 46
396 
13 146 140 405 559 103 664 39 547 703 
13 146
140 13
405 140
559 13
103 140
664 103
39 664
547 39
703 146
61 551 409 397 141 491 377 644 652 603 782 
61 551
409 551
397 551
141 397
491 61
377 61
644 551
652 377
603 377
782 644
247 617 
247 617
606 681 
606 681
294 557 
294 557
385 
267 730 
267 730
436 638 354 
436 638
638 354
321 
309 550 585 252 729 155 202 748 579 587 53 45 420 634 
309 550
585 550
252 309
729 550
155 729
202 252
748 309
579 585
587 252
53 729
45 579
420 45
634 420
270 
543 724 
543 724
114 196 417 352 688 75 333 328 261 462 82 
114 196
417 114
352 417
688 352
75 688
333 688
328 75
261 352
462 688
82 328
130 465 
130 465
264 
610 654 574 538 2 
610 654
574 610
538 610
2 610
199 370 393 56 381 428 170 104 37 632 62 518 761 684 444 191 490 301 219 485 181 
199 370
393 370
56 370
381 393
428 199
170 393
104 56
37 104
632 370
62 370
518 56
761 104
684 370
444 393
191 104
490 518
301 632
219 62
485 301
181 485
182 513 83 647 113 306 91 184 195 335 332 
182 513
83 182
647 182
113 647
306 513
91 113
184 182
195 513
335 83
332 647
31 458 
31 458
459 525 
459 525
116 791 67 192 
791 192
116 67
67 192
206 
194 
257 389 351 705 334 21 96 101 567 526 356 411 122 253 142 590 76 139 110 28 
257 389
351 257
705 351
334 257
21 389
96 351
101 351
567 21
526 351
356 567
411 257
122 567
253 21
142 96
590 142
76 411
139 122
110 590
28 411
648 760 34 102 
648 760
648 34
648 102
554 570 683 771 54 533 276 
554 570
683 570
771 570
54 683
533 570
276 771
168 
49 503 
49 503
316 796 150 233 149 640 288 
316 796
150 796
233 316
149 316
640 796
288 150
369 395 315 298 
369 395
395 315
369 298
293 668 633 650 
293 650
668 633
293 633
24 455 431 227 
455 227
455 431
24 431
412 569 55 
412 569
569 55
620 627 605 
620 605
620 627
608 702 582 302 
608 582
702 302
608 302
437 438 92 775 323 
437 438
92 438
775 437
323 437
218 466 329 
218 329
218 466
72 180 657 535 120 71 
72 180
657 180
535 180
120 72
71 72
164 
159 
100 510 
100 510
418 566 560 246 
418 246
418 566
418 560
70 495 340 271 16 292 
70 495
340 70
271 495
16 495
292 70
50 565 325 148 399 732 94 
50 565
325 565
148 50
399 565
732 399
94 565
200 601 
200 601
256 366 452 584 
366 452
256 366
452 584
361 558 23 273 
558 23
361 23
558 273
376 784 413 193 781 147 189 
376 784
413 376
193 413
781 193
147 784
189 376
158 
449 527 208 798 
527 208
449 798
449 208
88 
69 179 494 
69 494
69 179
631 696 
631 696
251 317 643 239 203 575 
251 317
643 251
239 251
203 317
575 203
111 780 165 131 318 
111 780
165 111
131 165
318 111
467 770 794 283 201 374 
467 770
794 770
283 794
201 770
374 201
47 768 51 
47 768
47 51
93 723 545 749 673 
93 723
545 723
749 93
673 93
266 406 564 
266 406
406 564
214 573 
214 573
667 680 
667 680
74 635 451 690 129 733 402 223 678 
74 635
451 74
690 635
129 635
733 451
402 733
223 635
678 733
746 754 769 
746 754
746 769
414 598 285 482 40 581 563 
414 598
285 414
482 598
40 482
581 598
563 598
42 
7 
290 698 735 109 
698 735
290 735
290 109
347 515 38 173 363 207 337 
347 515
38 347
173 347
363 347
207 347
337 347
398 615 153 390 
615 153
398 390
615 390
305 747 
305 747
277 614 576 548 
277 614
277 576
576 548
3 
27 693 481 460 464 759 379 
27 693
481 27
460 693
464 481
759 693
379 693
215 243 516 534 388 583 365 
215 243
516 243
534 243
388 243
583 516
365 534
