? 4 30 232 589 354 
? 4 277 576 768 614 
? 4 318 694 270 131 
? 4 266 406 702 564 
? 4 418 566 560 482 
? 4 172 616 43 90 
? 4 452 584 106 79 
? 4 294 793 163 642 
? 4 94 732 273 116 
? 4 441 574 118 610 
? 4 451 635 74 690 
? 4 308 644 291 782 
? 4 176 523 737 601 
? 4 121 777 571 646 
? 4 415 618 701 48 
? 4 342 347 304 207 
? 4 220 586 745 426 
? 4 326 390 212 250 
? 4 57 765 358 766 
? 4 217 344 775 712 
? 4 29 762 496 246 
? 4 569 698 735 225 
? 3 0 211 226 
? 3 503 733 129 
? 3 470 535 92 
? 3 111 780 262 
? 3 34 149 760 
? 3 392 758 264 
? 3 404 674 160 
? 3 67 198 399 
? 3 219 238 302 
? 3 369 542 395 
? 3 36 519 169 
? 3 478 591 265 
? 3 298 617 731 
? 3 525 602 696 
? 3 119 173 38 
? 3 168 438 323 
? 3 248 281 213 
? 3 130 465 108 
? 3 179 494 593 
? 3 63 86 713 
? 3 133 492 190 
? 3 156 498 474 
? 3 472 582 359 
? 3 612 636 25 
? 3 42 375 767 
? 3 205 546 581 
? 3 128 573 214 
!
319 645 367 536 430 626 746 769 
319 645
367 645
536 319
430 645
626 536
746 626
769 430
181 691 485 555 790 100 12 301 
181 691
485 691
555 691
790 181
100 555
12 485
301 485
467 770 794 201 283 313 374 165 531 
467 770
794 770
201 770
283 794
313 770
374 201
165 770
531 770
435 693 27 759 95 755 481 568 157 502 
435 693
27 693
759 435
95 435
755 435
481 27
568 27
157 568
502 27
797 
164 460 
164 460
4 161 689 177 383 577 439 437 31 85 69 
4 161
689 4
177 4
383 161
577 689
439 161
437 161
31 383
85 437
69 177
424 471 489 456 799 681 487 710 320 230 
424 471
489 424
456 489
799 471
681 471
487 799
710 424
320 710
230 424
197 514 
197 514
623 721 604 539 109 143 578 
623 721
604 721
539 604
109 623
143 623
578 623
569 698 735 225 
698 735
569 735
569 225
128 573 214 
128 214
573 214
205 546 581 
205 546
546 581
42 375 767 
375 767
42 767
162 789 
162 789
139 509 
139 509
612 636 25 
612 25
636 25
215 243 516 388 76 792 
215 243
516 243
388 215
76 215
792 243
228 416 687 781 708 
228 416
687 416
781 228
708 416
785 
728 
472 582 359 
472 582
472 359
93 723 749 673 545 137 
93 723
749 93
673 93
545 723
137 673
156 498 474 
498 474
156 474
151 357 324 171 427 453 15 282 247 619 78 315 407 
151 357
324 151
171 357
427 151
453 357
15 324
282 357
247 427
619 357
78 282
315 357
407 427
133 492 190 
133 492
492 190
72 180 657 120 71 757 
72 180
657 72
120 72
71 72
757 180
29 762 496 246 
29 246
29 762
762 496
18 379 660 5 464 
18 379
660 18
5 18
464 379
711 
217 344 775 712 
344 775
217 775
775 712
229 331 132 44 592 779 561 22 596 641 55 607 447 73 599 268 633 448 154 
229 331
132 229
44 229
592 44
779 132
561 44
22 132
596 22
641 229
55 229
607 44
447 229
73 779
599 607
268 779
633 596
448 633
154 599
50 148 325 565 200 234 
50 148
325 50
565 50
200 148
234 50
63 86 713 
86 713
63 713
57 765 358 766 
57 766
765 766
765 358
697 
179 494 593 
179 593
494 593
695 
621 676 
621 676
97 348 655 249 1 240 651 440 410 787 384 259 603 337 629 682 716 738 353 515 649 488 
97 348
655 348
249 97
1 655
240 348
651 1
440 348
410 348
787 1
384 97
259 240
603 348
337 1
629 240
682 384
716 651
738 682
353 738
515 249
649 353
488 353
499 505 
499 505
267 432 
267 432
130 465 108 
130 465
130 108
326 390 212 250 
326 390
390 212
326 250
684 
220 586 745 426 
586 745
220 745
586 426
183 284 504 272 307 280 541 224 305 764 609 
183 284
504 284
272 183
307 504
280 504
541 307
224 541
305 541
764 272
609 272
271 724 
271 724
679 
248 281 213 
248 281
281 213
251 317 643 583 239 726 
251 317
643 317
583 251
239 317
726 317
342 347 304 207 
342 347
342 207
347 304
168 438 323 
168 438
438 323
415 618 701 48 
701 48
618 701
415 618
310 479 497 718 188 425 84 231 669 
310 479
497 479
718 479
188 310
425 497
84 310
231 310
669 497
446 744 
446 744
125 341 394 345 373 110 236 
125 341
394 125
345 125
373 345
110 394
236 394
361 558 665 23 295 
361 558
665 558
23 558
295 361
11 33 786 700 245 292 
11 33
786 33
700 33
245 33
292 786
121 777 571 646 
121 777
571 646
121 646
442 720 704 386 774 671 297 706 533 209 
442 720
704 720
386 720
774 442
671 704
297 442
706 442
533 704
209 671
637 
511 556 
511 556
24 431 227 419 136 
24 431
227 431
419 24
136 24
289 443 709 105 473 
289 443
709 443
105 443
473 443
119 173 38 
173 38
119 173
606 
525 602 696 
525 602
525 696
298 617 731 
298 617
617 731
166 686 656 339 572 8 484 752 463 222 123 530 350 296 663 59 788 580 127 134 466 751 
166 686
656 166
339 166
572 166
8 656
484 656
752 572
463 484
222 752
123 8
530 752
350 8
296 656
663 339
59 530
788 8
580 752
127 350
134 752
466 339
751 788
549 600 65 237 477 
549 600
65 549
237 549
477 237
396 624 
396 624
362 382 588 152 520 204 221 77 736 363 
362 382
588 362
152 382
520 362
204 382
221 152
77 588
736 520
363 362
508 670 666 553 10 528 126 145 540 290 594 741 412 
508 670
666 670
553 670
10 666
528 508
126 528
145 508
540 670
290 666
594 666
741 10
412 508
605 699 
605 699
563 
562 
478 591 265 
478 591
591 265
36 519 169 
36 519
519 169
521 722 608 625 544 
521 722
608 521
625 722
544 521
206 730 
206 730
369 542 395 
369 395
369 542
449 798 329 527 208 218 
449 798
329 449
527 449
208 449
218 449
115 661 117 192 483 450 242 795 791 
115 661
117 661
192 115
483 115
450 483
242 661
795 661
791 483
254 429 742 434 750 707 
254 429
742 254
434 254
750 254
707 254
557 
376 784 413 189 193 638 147 433 
376 784
413 376
189 784
193 413
638 784
147 638
433 193
321 510 
321 510
552 
548 
597 783 
597 783
756 778 124 776 595 99 
756 778
124 778
776 778
595 756
99 778
219 238 302 
219 238
219 302
517 
476 
159 734 
159 734
458 
444 
414 598 285 662 659 40 
414 598
285 414
662 414
659 414
40 285
199 370 56 393 381 518 170 104 62 37 632 
199 370
56 370
393 370
381 393
518 370
170 393
104 56
62 199
37 56
632 393
293 668 7 650 747 725 
293 668
7 668
650 293
747 293
725 747
423 
41 715 87 346 80 717 9 740 312 628 
41 715
87 41
346 715
80 41
717 41
9 715
740 715
312 87
628 80
182 513 83 647 113 306 332 91 195 235 144 
182 513
83 182
647 182
113 647
306 647
332 513
91 182
195 83
235 182
144 113
2 654 
2 654
303 457 
303 457
428 490 
428 490
378 
20 255 
20 255
67 198 399 
198 399
67 198
372 
309 550 585 252 729 587 155 202 579 53 300 420 748 45 
309 550
585 550
252 585
729 550
587 585
155 729
202 252
579 252
53 729
300 587
420 309
748 202
45 420
314 
269 727 
269 727
13 140 405 146 103 559 664 39 547 524 703 
13 140
405 140
146 13
103 140
559 13
664 140
39 664
547 39
524 13
703 146
501 537 
501 537
299 
275 648 58 506 102 
275 648
58 275
506 275
102 275
257 389 351 705 101 567 21 334 96 122 526 356 411 253 142 590 216 223 28 507 322 
257 389
351 257
705 351
101 257
567 389
21 389
334 705
96 389
122 567
526 705
356 122
411 351
253 351
142 356
590 142
216 590
223 411
28 526
507 590
322 122
61 551 397 141 409 461 377 491 17 51 652 
61 551
397 61
141 551
409 61
461 61
377 61
491 141
17 61
51 397
652 17
364 385 
364 385
158 639 
158 639
176 523 737 601 
176 737
176 601
176 523
241 
194 
114 196 417 352 688 75 333 328 261 82 462 32 68 64 403 349 210 185 455 532 
114 196
417 114
352 417
688 352
75 688
333 688
328 75
261 352
82 328
462 261
32 462
68 261
64 82
403 261
349 32
210 32
185 32
455 185
532 403
308 644 291 782 
308 644
644 291
308 782
279 475 355 739 19 761 191 
279 475
355 279
739 279
19 475
761 739
191 761
184 
47 622 
47 622
263 371 486 81 402 658 678 
263 371
486 263
81 486
402 486
658 402
678 402
451 635 74 690 
74 690
635 690
451 74
441 574 118 610 
441 574
574 610
574 118
94 732 273 116 
732 273
94 732
732 116
404 674 160 
404 160
404 674
392 758 264 
392 758
758 264
294 793 163 642 
793 642
294 793
163 642
153 459 615 468 398 
153 459
615 153
468 615
398 615
34 149 760 
34 760
34 149
233 796 288 316 640 360 
233 796
288 796
316 796
640 796
360 640
178 
138 
391 436 
391 436
452 584 106 79 
452 106
452 584
584 79
311 772 493 60 512 773 
311 772
493 311
60 311
512 493
773 60
107 400 336 327 343 421 613 
107 400
336 107
327 107
343 336
421 343
613 107
538 631 
538 631
172 616 43 90 
616 90
616 43
172 616
418 566 560 482 
418 566
566 482
418 560
554 570 771 683 276 422 54 
554 570
771 570
683 771
276 771
422 771
54 683
88 
266 406 702 564 
406 702
266 702
702 564
66 
111 780 262 
111 780
780 262
14 408 
14 408
338 445 743 685 611 52 
338 445
743 445
685 445
611 338
52 445
174 677 287 675 667 
174 677
287 174
675 287
667 287
330 368 98 522 620 630 
330 368
98 368
522 330
620 368
630 330
470 535 92 
470 535
535 92
35 278 634 112 380 
35 278
634 278
112 278
380 278
503 733 129 
503 733
733 129
653 763 
653 763
680 754 
680 754
26 454 753 719 480 187 244 6 401 
26 454
753 26
719 26
480 753
187 454
244 454
6 480
401 719
0 211 226 
211 226
0 226
256 366 575 203 260 89 135 
256 366
575 366
203 575
260 256
89 366
135 366
49 
46 
318 694 270 131 
318 694
270 131
694 270
175 714 274 500 365 534 258 
175 714
274 714
500 274
365 714
534 175
258 274
277 576 768 614 
768 614
277 768
277 576
286 672 
286 672
30 232 589 354 
30 232
30 589
232 354
3 
186 529 692 167 150 387 335 
186 529
692 529
167 186
150 186
387 186
335 692
70 495 16 340 543 469 627 
70 495
16 495
340 70
543 70
469 16
627 469
