? 13 148 500 524 614 36 444 19 460 543 558 631 3 766 
? 10 42 371 504 28 765 41 24 86 317 165 
? 10 76 660 5 58 278 750 637 283 437 214 
? 7 343 634 329 639 266 26 552 
!
682 724 341 131 114 183 566 769 652 611 716 54 651 698 497 570 792 507 505 630 396 640 244 205 241 
682 724
341 724
131 724
114 131
183 724
566 131
769 131
652 769
611 183
716 611
54 611
651 716
698 566
497 769
570 698
792 611
507 497
505 769
630 505
396 611
640 611
244 652
205 505
241 244
537 711 109 569 681 129 705 519 409 330 364 574 195 691 485 502 143 796 113 798 208 139 510 799 385 207 771 370 358 172 448 531 740 623 467 257 197 386 677 351 484 381 348 
537 711
109 537
569 537
681 711
129 711
705 569
519 537
409 711
330 409
364 537
574 569
195 409
691 569
485 691
502 519
143 569
796 143
113 364
798 691
208 798
139 364
510 364
799 502
385 195
207 139
771 796
370 385
358 771
172 207
448 207
531 448
740 358
623 740
467 623
257 448
197 172
386 623
677 531
351 386
484 351
381 677
348 351
118 168 293 487 122 146 589 83 126 71 475 421 572 425 722 161 387 282 508 469 237 176 11 606 625 518 27 455 70 378 276 743 62 354 556 65 267 787 174 395 458 
118 168
293 118
487 118
122 118
146 118
589 118
83 487
126 589
71 589
475 71
421 83
572 475
425 421
722 421
161 425
387 161
282 572
508 387
469 282
237 161
176 237
11 176
606 469
625 469
518 508
27 518
455 11
70 27
378 518
276 70
743 378
62 625
354 625
556 70
65 743
267 518
787 378
174 556
395 65
458 62
76 660 5 58 278 750 637 283 437 214 
76 660
750 283
5 58
278 637
750 437
637 283
76 5
58 278
750 214
46 145 694 337 511 415 141 735 180 420 755 561 265 78 375 218 432 594 794 53 16 347 
46 145
694 46
337 145
511 46
415 511
141 46
735 694
180 145
420 180
755 420
561 420
265 561
78 561
375 735
218 265
432 78
594 265
794 375
53 432
16 53
347 375
42 371 504 28 765 41 24 86 317 165 
42 765
371 765
42 28
42 41
28 24
28 165
24 86
504 765
317 165
343 634 329 639 266 26 552 
634 329
343 634
329 639
266 26
266 552
639 552
463 665 
463 665
37 549 748 404 277 104 186 512 452 441 498 1 447 539 4 199 675 193 213 338 12 624 251 
37 549
748 37
404 549
277 37
104 404
186 277
512 549
452 186
441 512
498 512
1 104
447 498
539 447
4 441
199 498
675 498
193 4
213 447
338 4
12 338
624 447
251 199
148 500 524 614 36 444 19 460 543 558 631 3 766 
500 444
148 19
524 444
631 766
614 19
524 36
148 444
543 558
543 3
3 766
524 460
460 558
653 736 661 616 412 253 110 649 707 583 774 325 394 527 248 548 474 324 546 674 250 514 144 496 405 390 228 612 345 247 206 91 509 739 797 608 167 398 121 429 786 521 336 393 368 626 8 456 149 
653 736
661 736
616 736
412 653
253 661
110 412
649 616
707 616
583 616
774 707
325 661
394 649
527 110
248 583
548 110
474 548
324 616
546 616
674 548
250 616
514 661
144 583
496 144
405 144
390 405
228 674
612 405
345 144
247 514
206 247
91 390
509 390
739 91
797 206
608 91
167 206
398 739
121 797
429 398
786 398
521 786
336 521
393 336
368 336
626 336
8 797
456 393
149 8
310 785 200 438 152 406 618 363 530 123 346 268 602 232 15 668 230 350 307 383 687 284 780 349 75 422 151 
310 785
200 785
438 310
152 200
406 200
618 310
363 406
530 406
123 310
346 618
268 785
602 618
232 310
15 406
668 232
230 363
350 346
307 602
383 438
687 668
284 383
780 230
349 284
75 668
422 406
151 200
313 575 528 489 522 190 479 401 202 459 365 754 72 115 102 234 397 720 719 
313 575
528 313
489 575
522 528
190 489
479 489
401 528
202 575
459 202
365 401
754 489
72 459
115 202
102 72
234 72
397 190
720 72
719 102
51 544 295 795 579 353 322 658 763 361 782 270 644 767 472 48 103 715 235 95 85 93 229 600 568 590 565 491 332 239 96 292 453 254 150 506 216 641 31 117 178 659 392 134 43 627 312 342 132 710 482 306 170 259 446 768 776 700 445 492 573 14 
51 544
295 51
795 544
579 295
353 51
322 544
658 544
763 795
361 795
782 795
270 544
644 295
767 322
472 361
48 767
103 361
715 295
235 48
95 48
85 715
93 235
229 715
600 85
568 103
590 322
565 295
491 93
332 48
239 715
96 715
292 103
453 103
254 453
150 85
506 472
216 254
641 85
31 491
117 103
178 600
659 216
392 332
134 292
43 31
627 178
312 392
342 134
132 627
710 216
482 93
306 565
170 134
259 31
446 170
768 132
776 768
700 306
445 132
492 446
573 312
14 216
656 684 419 223 389 648 717 737 712 280 440 328 377 695 157 605 431 231 191 379 688 647 791 189 291 732 7 49 245 352 777 243 318 124 30 25 709 59 275 744 264 
656 684
419 656
223 656
389 223
648 656
717 419
737 223
712 223
280 717
440 717
328 717
377 717
695 737
157 328
605 377
431 737
231 328
191 157
379 328
688 737
647 223
791 688
189 431
291 647
732 377
7 157
49 605
245 732
352 695
777 695
243 352
318 777
124 777
30 318
25 243
709 291
59 791
275 243
744 709
264 243
309 745 781 680 790 44 203 92 534 177 520 615 402 551 388 399 222 408 
309 745
781 745
680 781
790 680
44 680
203 790
92 680
534 790
177 790
520 534
615 520
402 534
551 534
388 615
399 388
222 745
408 222
47 417 596 532 169 285 622 136 217 373 473 598 414 279 428 760 269 604 63 424 468 483 80 13 476 619 184 643 464 704 451 454 18 335 327 298 391 493 290 9 759 554 582 435 581 770 66 334 433 667 87 274 366 125 194 788 60 116 135 635 
47 417
596 417
532 417
169 47
285 47
622 417
136 285
217 532
373 169
473 417
598 136
414 373
279 596
428 373
760 414
269 598
604 532
63 598
424 598
468 424
483 760
80 269
13 80
476 63
619 80
184 414
643 184
464 643
704 643
451 63
454 643
18 424
335 428
327 80
298 483
391 18
493 80
290 13
9 391
759 483
554 704
582 643
435 290
581 335
770 554
66 327
334 582
433 335
667 18
87 66
274 66
366 334
125 18
194 334
788 66
60 493
116 290
135 335
635 274
39 181 308 729 94 756 261 666 153 281 162 592 142 692 620 477 427 303 587 413 564 553 286 721 
39 181
308 39
729 39
94 181
756 39
261 729
666 94
153 261
281 153
162 281
592 261
142 756
692 592
620 142
477 142
427 666
303 592
587 592
413 587
564 303
553 564
286 553
721 427
188 751 540 210 560 403 68 470 301 227 442 746 407 603 535 384 443 182 685 
188 751
540 188
210 751
560 751
403 188
68 560
470 68
301 560
227 470
442 470
746 68
407 470
603 227
535 68
384 403
443 603
182 470
685 227
35 584 738 108 380 536 450 466 171 753 320 580 545 88 726 784 762 
35 584
738 35
108 584
380 35
536 380
450 536
466 450
171 536
753 536
320 171
580 320
545 753
88 171
726 545
784 88
762 380
77 577 701 242 187 663 302 683 693 418 106 258 221 702 316 246 160 300 233 166 89 
77 577
701 77
242 77
187 77
663 242
302 77
683 577
693 663
418 242
106 242
258 242
221 577
702 663
316 418
246 106
160 418
300 702
233 258
166 693
89 160
90 567 426 294 119 137 621 323 613 196 319 597 525 490 411 480 296 50 0 773 249 240 273 541 315 82 297 699 595 21 410 632 728 356 359 793 105 481 22 636 416 260 434 772 783 727 578 173 731 478 179 654 670 20 314 133 513 120 465 100 311 733 287 678 127 
90 567
426 90
294 90
119 426
137 567
621 426
323 567
613 323
196 621
319 567
597 613
525 621
490 319
411 119
480 525
296 490
50 296
0 621
773 525
249 323
240 319
273 296
541 480
315 490
82 273
297 296
699 613
595 699
21 273
410 411
632 273
728 699
356 297
359 240
793 21
105 240
481 541
22 411
636 411
416 632
260 315
434 260
772 699
783 21
727 541
578 356
173 356
731 636
478 173
179 21
654 359
670 636
20 699
314 699
133 21
513 260
120 670
465 410
100 465
311 636
733 359
287 260
678 416
127 133
289 752 175 610 34 84 17 708 462 130 225 449 212 471 111 757 758 57 562 747 533 517 156 101 128 376 629 686 252 542 263 272 495 23 555 645 321 723 488 220 107 98 164 198 557 439 679 10 689 64 6 526 789 333 355 703 236 56 778 779 55 671 593 138 158 99 271 749 529 331 601 224 563 201 209 81 706 
289 752
175 289
610 289
34 610
84 289
17 289
708 34
462 752
130 708
225 34
449 708
212 17
471 225
111 130
757 34
758 462
57 212
562 17
747 758
533 34
517 758
156 57
101 747
128 757
376 212
629 111
686 101
252 101
542 212
263 562
272 747
495 629
23 542
555 747
645 555
321 533
723 495
488 272
220 128
107 747
98 757
164 495
198 23
557 629
439 321
679 555
10 439
689 629
64 679
6 758
526 23
789 542
333 686
355 220
703 526
236 488
56 703
778 689
779 321
55 689
671 6
593 321
138 321
158 778
99 671
271 56
749 56
529 526
331 555
601 220
224 64
563 749
201 526
209 749
81 601
706 209
154 430 344 2 609 367 499 588 362 550 547 646 238 523 423 638 571 669 400 360 155 38 147 340 357 690 714 304 288 382 61 494 775 45 741 226 32 40 374 734 
154 430
344 154
2 154
609 2
367 430
499 2
588 430
362 344
550 154
547 499
646 344
238 547
523 646
423 499
638 367
571 646
669 571
400 550
360 400
155 400
38 400
147 588
340 400
357 499
690 357
714 357
304 669
288 669
382 340
61 288
494 382
775 382
45 382
741 45
226 61
32 226
40 45
374 32
734 40
599 617 503 538 607 262 633 97 742 326 305 761 516 192 299 713 112 67 73 662 215 576 204 219 673 185 255 372 664 650 256 559 730 672 74 486 676 29 515 461 211 764 642 585 657 725 159 718 69 501 140 339 628 457 163 369 436 655 52 591 79 696 697 586 33 
599 617
503 599
538 617
607 599
262 607
633 503
97 633
742 599
326 599
305 538
761 262
516 607
192 761
299 538
713 305
112 305
67 761
73 633
662 713
215 192
576 761
204 112
219 538
673 73
185 262
255 73
372 761
664 192
650 112
256 673
559 650
730 559
672 219
74 650
486 215
676 256
29 73
515 650
461 673
211 673
764 486
642 650
585 607
657 461
725 211
159 725
718 159
69 372
501 69
140 461
339 585
628 501
457 764
163 73
369 515
436 163
655 339
52 642
591 486
79 676
696 52
697 764
586 74
33 457
