? 13 171 320 88 536 450 580 753 266 396 552 466 545 463 
? 10 193 338 35 584 432 375 347 784 639 762 
? 10 49 135 732 638 147 245 334 40 329 634 
? 7 5 58 76 660 79 543 586 
!
656 684 635 419 389 788 274 223 66 712 433 737 717 648 440 377 60 328 280 157 231 431 581 379 116 
656 684
635 656
419 684
389 684
788 684
274 684
223 788
66 788
712 223
433 684
737 223
717 419
648 737
440 433
377 717
60 788
328 717
280 377
157 328
231 737
431 737
581 419
379 328
116 712
386 445 132 348 351 286 623 370 467 484 768 627 178 740 776 553 358 385 715 564 600 229 771 641 303 587 150 306 413 796 592 195 700 143 261 312 799 208 519 692 330 153 409 
386 445
132 445
348 386
351 348
286 445
623 386
370 445
467 623
484 348
768 132
627 386
178 768
740 467
776 132
553 351
358 467
385 776
715 132
564 348
600 715
229 715
771 358
641 600
303 564
587 303
150 600
306 385
413 600
796 771
592 587
195 796
700 306
143 195
261 592
312 150
799 700
208 796
519 799
692 592
330 519
153 592
409 195
571 669 646 547 556 238 288 304 61 340 523 174 787 226 276 395 344 550 38 32 154 362 2 65 382 494 267 374 499 430 155 70 378 27 45 609 400 360 743 741 309 
571 669
646 669
547 571
556 571
238 571
288 669
304 288
61 288
340 61
523 646
174 669
787 304
226 61
276 556
395 304
344 646
550 646
38 340
32 226
154 344
362 550
2 344
65 395
382 340
494 226
267 65
374 32
499 2
430 154
155 362
70 556
378 65
27 276
45 382
609 2
400 155
360 400
743 65
741 382
309 374
49 135 732 638 147 245 334 40 329 634 
329 634
638 147
49 135
49 732
732 245
638 334
732 40
49 638
334 634
682 724 114 183 341 602 131 54 651 618 769 566 611 346 497 570 792 652 630 350 716 505 
682 724
114 724
183 682
341 114
602 682
131 114
54 682
651 183
618 602
769 131
566 769
611 54
346 602
497 566
570 566
792 611
652 769
630 570
350 346
716 54
505 652
193 338 35 584 432 375 347 784 639 762 
193 35
35 584
784 639
193 338
375 347
347 762
35 432
432 375
784 762
5 58 76 660 79 543 586 
76 660
5 58
5 76
543 586
79 543
58 79
19 444 
19 444
39 308 181 729 94 281 756 744 162 666 709 142 477 291 620 59 125 647 427 791 189 688 695 
39 308
181 39
729 181
94 39
281 308
756 308
744 94
162 308
666 744
709 744
142 162
477 281
291 666
620 142
59 744
125 620
647 291
427 59
791 59
189 791
688 189
695 189
171 320 88 536 450 580 753 266 396 552 466 545 463 
552 463
320 753
171 753
536 580
580 753
171 88
88 466
320 396
88 463
536 450
266 396
396 545
47 417 596 285 532 622 169 136 414 217 473 373 279 598 604 428 63 476 468 760 424 80 269 643 13 704 464 184 619 483 9 573 759 18 391 327 454 392 451 435 298 493 582 335 667 290 87 770 605 
47 417
596 417
285 47
532 596
622 47
169 285
136 285
414 285
217 532
473 414
373 414
279 596
598 136
604 414
428 373
63 598
476 63
468 476
760 414
424 468
80 598
269 468
643 604
13 80
704 643
464 704
184 643
619 80
483 414
9 269
573 63
759 428
18 63
391 18
327 80
454 464
392 476
451 13
435 80
298 483
493 80
582 643
335 428
667 18
290 80
87 290
770 643
605 335
188 540 751 403 210 560 470 68 301 227 407 442 637 535 26 685 746 214 182 603 283 443 665 766 558 278 3 
188 540
751 188
403 188
210 188
560 188
470 751
68 470
301 751
227 470
407 470
442 68
637 403
535 68
26 470
685 227
746 68
214 442
182 535
603 227
283 637
443 603
665 535
766 443
558 766
278 283
3 766
46 145 694 511 141 337 780 230 180 406 363 151 15 200 735 152 530 507 422 
46 145
694 46
511 46
141 694
337 511
780 46
230 141
180 145
406 230
363 406
151 180
15 406
200 406
735 780
152 406
530 406
507 151
422 151
90 567 137 119 294 426 621 323 613 196 0 480 525 490 319 411 296 773 597 249 315 82 793 50 21 297 273 699 728 22 434 356 410 240 359 595 697 727 636 632 481 133 541 783 513 578 654 173 416 478 260 179 105 731 670 120 20 394 311 465 678 733 
90 567
137 90
119 90
294 119
426 119
621 119
323 137
613 323
196 90
0 119
480 426
525 621
490 426
319 490
411 294
296 490
773 296
597 119
249 323
315 490
82 567
793 82
50 296
21 82
297 319
273 21
699 613
728 699
22 411
434 296
356 297
410 728
240 315
359 240
595 699
697 249
727 359
636 22
632 21
481 727
133 273
541 636
783 82
513 359
578 356
654 240
173 356
416 783
478 578
260 513
179 21
105 260
731 636
670 636
120 541
20 699
394 578
311 670
465 410
678 783
733 359
77 577 242 663 187 701 383 693 284 683 75 166 106 418 258 640 232 316 221 349 438 702 668 300 302 160 233 268 794 687 750 380 246 437 307 89 310 384 785 726 123 
77 577
242 77
663 242
187 242
701 242
383 577
693 242
284 383
683 242
75 577
166 242
106 242
418 242
258 242
640 284
232 75
316 418
221 693
349 284
438 383
702 663
668 75
300 166
302 106
160 418
233 258
268 668
794 75
687 668
750 258
380 687
246 302
437 160
307 349
89 160
310 438
384 233
785 310
726 160
123 310
42 371 28 222 408 765 504 41 458 86 24 100 690 317 165 343 366 194 
42 371
28 42
222 371
408 371
765 371
504 371
41 765
458 504
86 41
24 86
100 28
690 41
317 28
165 100
343 165
366 690
194 366
653 736 253 661 412 616 649 110 707 774 325 248 583 527 324 548 514 546 474 250 674 127 144 390 496 228 612 405 91 206 247 739 509 797 345 608 167 287 398 429 121 786 626 336 521 393 368 8 456 460 36 146 524 149 118 293 148 168 500 614 
653 736
253 736
661 736
412 653
616 736
649 736
110 412
707 653
774 110
325 661
248 736
583 248
527 110
324 649
548 527
514 661
546 649
474 548
250 583
674 548
127 546
144 583
390 144
496 474
228 674
612 144
405 612
91 390
206 514
247 206
739 91
509 739
797 206
345 739
608 739
167 797
287 206
398 608
429 398
121 167
786 429
626 786
336 786
521 786
393 626
368 336
8 797
456 393
460 393
36 626
146 287
524 460
149 146
118 149
293 118
148 36
168 118
500 148
614 148
537 711 109 705 681 129 569 485 364 574 502 691 113 798 510 139 207 531 448 257 677 4 12 738 
537 711
109 537
705 711
681 705
129 711
569 109
485 705
364 711
574 569
502 364
691 569
113 364
798 569
510 364
139 364
207 139
531 207
448 531
257 448
677 257
4 677
12 4
738 4
251 594 205 199 213 420 539 218 447 675 16 265 244 755 78 561 698 53 415 
251 594
205 594
199 251
213 205
420 594
539 213
218 594
447 213
675 199
16 447
265 205
244 199
755 420
78 420
561 78
698 594
53 16
415 698
388 399 719 459 102 615 115 402 520 72 202 234 754 489 575 551 720 
388 399
719 388
459 719
102 459
615 388
115 399
402 719
520 102
72 459
202 115
234 72
754 459
489 754
575 489
551 72
720 72
124 777 30 318 721 264 275 243 352 401 25 365 7 528 397 522 191 479 190 313 734 
124 777
30 124
318 30
721 318
264 777
275 264
243 264
352 243
401 352
25 401
365 401
7 352
528 401
397 7
522 528
191 7
479 528
190 528
313 528
734 191
216 659 254 710 453 14 361 31 103 292 43 795 706 404 491 277 568 763 134 209 782 549 748 37 93 104 117 658 506 544 170 472 51 452 270 563 322 186 342 644 579 446 482 95 1 353 48 235 295 332 492 767 441 381 96 239 197 498 172 512 565 241 590 85 624 
216 659
254 216
710 659
453 216
14 216
361 216
31 254
103 361
292 103
43 254
795 361
706 14
404 710
491 31
277 706
568 103
763 361
134 292
209 706
782 795
549 404
748 549
37 549
93 782
104 37
117 134
658 361
506 134
544 795
170 134
472 568
51 544
452 277
270 93
563 209
322 544
186 277
342 170
644 472
579 51
446 342
482 93
95 93
1 104
353 322
48 322
235 48
295 644
332 48
492 170
767 322
441 549
381 441
96 472
239 353
197 170
498 37
172 342
512 441
565 644
241 563
590 48
85 295
624 498
289 752 175 84 34 17 610 462 708 225 130 57 449 757 111 471 212 562 758 517 747 533 723 686 128 252 629 156 272 542 376 23 555 101 220 495 321 263 488 198 98 789 557 645 107 10 236 164 439 6 689 779 526 703 331 333 679 56 778 138 593 671 554 158 64 55 601 99 749 224 201 529 271 355 81 108 259 
289 752
175 289
84 289
34 752
17 175
610 175
462 752
708 34
225 708
130 708
57 17
449 708
757 34
111 462
471 757
212 17
562 17
758 111
517 758
747 517
533 757
723 757
686 562
128 757
252 747
629 111
156 57
272 747
542 212
376 542
23 562
555 747
101 555
220 128
495 629
321 533
263 23
488 272
198 562
98 84
789 542
557 629
645 263
107 555
10 212
236 488
164 495
439 321
6 236
689 495
779 321
526 263
703 526
331 107
333 703
679 488
56 703
778 689
138 321
593 533
671 6
554 557
158 778
64 679
55 778
601 220
99 671
749 56
224 679
201 526
529 703
271 749
355 601
81 601
108 331
259 224
176 237 11 387 161 722 455 518 425 508 421 83 572 71 126 487 475 606 589 122 469 625 745 282 354 781 44 62 680 423 177 534 92 357 203 775 367 790 588 714 
176 237
11 237
387 11
161 387
722 161
455 11
518 11
425 161
508 518
421 425
83 421
572 508
71 572
126 387
487 425
475 572
606 475
589 421
122 487
469 475
625 469
745 455
282 625
354 469
781 745
44 781
62 354
680 44
423 354
177 44
534 680
92 680
357 354
203 92
775 177
367 423
790 177
588 367
714 423
599 617 538 607 503 262 633 97 742 326 192 305 761 299 516 713 112 73 576 215 219 559 204 67 662 673 74 372 185 515 255 650 730 676 672 764 211 486 256 657 664 29 159 642 163 461 585 725 501 696 369 655 718 52 69 140 436 457 631 628 339 314 33 591 772 
599 617
538 617
607 599
503 599
262 607
633 503
97 503
742 617
326 617
192 617
305 538
761 192
299 305
516 607
713 299
112 305
73 503
576 761
215 192
219 97
559 305
204 305
67 576
662 305
673 73
74 204
372 761
185 576
515 74
255 73
650 74
730 215
676 673
672 515
764 730
211 673
486 764
256 673
657 211
664 486
29 673
159 211
642 74
163 256
461 673
585 516
725 211
501 576
696 642
369 642
655 163
718 159
52 642
69 501
140 461
436 256
457 764
631 725
628 501
339 655
314 457
33 501
591 486
772 457
