? 13 206 287 797 167 247 121 514 478 654 325 120 670 62 
? 10 42 371 28 504 458 311 408 222 465 100 
? 10 49 135 759 605 732 245 191 25 343 634 
? 7 76 660 58 278 637 403 33 
!
2 609 499 344 430 154 423 588 362 367 646 550 638 174 354 523 357 147 714 38 194 334 690 155 366 
2 609
499 2
344 2
430 2
154 430
423 609
588 2
362 609
367 430
646 344
550 362
638 430
174 344
354 499
523 646
357 354
147 430
714 357
38 550
194 588
334 194
690 194
155 38
366 334
77 577 242 187 701 75 693 640 383 106 683 663 284 418 258 221 438 232 349 268 702 316 246 123 300 302 794 166 233 668 750 160 687 380 762 384 307 310 437 726 89 785 283 
77 577
242 77
187 577
701 77
75 77
693 242
640 577
383 577
106 242
683 242
663 242
284 383
418 242
258 242
221 77
438 383
232 75
349 284
268 232
702 221
316 258
246 106
123 438
300 693
302 106
794 75
166 300
233 258
668 75
750 233
160 316
687 668
380 75
762 300
384 233
307 383
310 438
437 160
726 160
89 726
785 310
283 246
46 145 694 511 337 530 141 780 415 230 15 151 406 363 735 422 180 200 698 152 507 570 561 346 350 420 265 497 566 78 618 375 432 602 341 114 682 347 584 724 53 
46 145
694 46
511 46
337 511
530 145
141 694
780 511
415 337
230 780
15 230
151 511
406 230
363 406
735 230
422 151
180 511
200 406
698 151
152 406
507 415
570 698
561 337
346 151
350 346
420 561
265 420
497 420
566 698
78 561
618 346
375 735
432 78
602 618
341 566
114 566
682 114
347 375
584 432
724 682
53 584
49 135 759 605 732 245 191 25 343 634 
343 634
245 191
732 191
49 135
605 732
49 605
49 759
245 25
759 343
443 603 3 227 766 543 210 558 470 685 407 751 26 68 535 540 301 188 182 746 560 442 
443 603
3 443
227 603
766 3
543 3
210 227
558 766
470 227
685 766
407 470
751 210
26 470
68 470
535 68
540 751
301 751
188 751
182 535
746 535
560 751
442 535
42 371 28 504 458 311 408 222 465 100 
458 222
42 408
504 465
504 311
28 408
371 222
28 100
458 465
42 222
76 660 58 278 637 403 33 
76 660
278 637
637 403
58 278
76 58
403 33
20 314 
20 314
30 721 318 124 777 264 695 243 352 189 231 401 431 688 275 365 737 427 791 328 59 7 528 
30 721
318 721
124 30
777 124
264 777
695 318
243 264
352 243
189 318
231 777
401 264
431 189
688 431
275 777
365 243
737 431
427 189
791 189
328 231
59 427
7 352
528 365
206 287 797 167 247 121 514 478 654 325 120 670 62 
654 120
797 121
206 287
206 797
670 62
247 514
120 670
797 247
287 167
514 325
287 478
167 654
176 237 11 387 455 518 161 722 425 743 508 421 378 65 572 126 83 27 267 475 71 606 487 589 395 276 304 787 146 122 70 309 293 168 118 469 8 149 556 733 625 571 288 745 282 669 238 547 374 
176 237
11 176
387 237
455 176
518 387
161 387
722 161
425 387
743 455
508 518
421 425
378 518
65 743
572 508
126 421
83 421
27 508
267 65
475 508
71 475
606 518
487 83
589 475
395 65
276 378
304 395
787 304
146 487
122 83
70 27
309 395
293 487
168 293
118 168
469 508
8 118
149 168
556 70
733 293
625 469
571 304
288 304
745 309
282 625
669 571
238 669
547 669
374 745
142 620 291 125 756 477 281 692 647 162 94 709 308 666 9 116 153 290 592 744 435 39 181 60 261 587 712 
142 620
291 142
125 620
756 142
477 142
281 620
692 756
647 291
162 620
94 756
709 94
308 94
666 709
9 142
116 647
153 308
290 116
592 692
744 666
435 116
39 308
181 39
60 290
261 592
587 592
712 647
171 320 536 88 580 450 753 396 716 792 266 651 466 545 54 214 183 611 665 
171 320
536 171
88 171
580 320
450 171
753 320
396 320
716 171
792 396
266 320
651 716
466 88
545 396
54 716
214 320
183 651
611 792
665 753
336 521 786 368 398 608 429 393 626 345 739 456 148 91 36 614 509 390 500 524 444 678 250 19 144 586 248 496 612 405 324 583 179 783 546 416 127 474 616 133 649 21 793 707 697 82 774 273 632 394 548 653 736 249 527 253 578 412 228 661 674 110 
336 521
786 521
368 336
398 521
608 336
429 368
393 336
626 786
345 429
739 398
456 368
148 368
91 429
36 148
614 148
509 345
390 509
500 148
524 500
444 36
678 524
250 91
19 500
144 509
586 500
248 144
496 144
612 144
405 612
324 390
583 144
179 678
783 179
546 324
416 678
127 546
474 496
616 324
133 783
649 616
21 133
793 21
707 583
697 793
82 21
774 583
273 21
632 273
394 546
548 474
653 707
736 653
249 697
527 548
253 653
578 394
412 653
228 548
661 736
674 548
110 527
90 567 294 426 323 137 621 613 119 196 525 597 0 490 50 296 480 773 411 319 22 315 541 240 699 356 410 772 297 434 728 636 260 731 359 513 727 481 173 595 105 
90 567
294 567
426 294
323 567
137 90
621 426
613 323
119 294
196 621
525 621
597 119
0 426
490 525
50 490
296 490
480 0
773 490
411 119
319 296
22 411
315 490
541 0
240 315
699 613
356 296
410 22
772 699
297 296
434 297
728 699
636 411
260 296
731 636
359 315
513 315
727 541
481 541
173 356
595 699
105 260
51 353 579 767 48 322 658 235 332 270 150 641 229 312 413 573 303 564 
51 353
579 51
767 353
48 767
322 48
658 51
235 48
332 48
270 48
150 353
641 150
229 641
312 767
413 312
573 312
303 413
564 303
537 711 109 569 409 129 681 705 330 519 195 364 485 143 113 502 691 574 798 796 208 139 700 799 207 306 385 510 358 370 771 172 531 448 776 623 768 446 467 96 132 197 740 257 565 627 445 286 644 386 239 715 484 351 295 348 178 600 85 553 
537 711
109 537
569 537
409 569
129 711
681 537
705 711
330 109
519 330
195 569
364 537
485 705
143 195
113 364
502 519
691 569
574 569
798 691
796 195
208 796
139 364
700 502
799 700
207 139
306 799
385 195
510 207
358 385
370 385
771 358
172 502
531 172
448 207
776 385
623 358
768 776
446 172
467 623
96 306
132 776
197 448
740 623
257 207
565 96
627 132
445 132
286 445
644 565
386 445
239 627
715 239
484 445
351 386
295 644
348 351
178 445
600 715
85 715
553 351
32 226 61 741 382 494 680 781 775 340 44 45 534 177 40 92 203 790 400 520 615 551 360 734 
32 226
61 226
741 32
382 32
494 32
680 32
781 680
775 382
340 382
44 680
45 382
534 781
177 534
40 45
92 680
203 680
790 92
400 382
520 203
615 203
551 40
360 400
734 40
399 719 388 459 115 102 402 72 202 754 234 190 489 575 522 479 397 720 313 
399 719
388 399
459 388
115 459
102 459
402 399
72 459
202 115
754 72
234 102
190 754
489 190
575 489
522 575
479 489
397 190
720 190
313 575
193 338 738 35 784 86 770 729 639 41 582 329 552 317 5 165 765 
193 338
738 338
35 738
784 35
86 784
770 86
729 770
639 784
41 770
582 41
329 639
552 784
317 639
5 552
165 639
765 41
656 684 635 419 788 66 223 274 389 280 433 327 87 717 648 581 440 335 157 379 377 
656 684
635 656
419 684
788 635
66 788
223 788
274 635
389 223
280 419
433 274
327 66
87 66
717 419
648 223
581 66
440 419
335 581
157 717
379 157
377 419
599 617 538 503 97 633 607 262 326 305 192 761 742 299 516 112 73 219 713 255 215 74 67 662 576 664 372 673 730 559 672 515 29 650 657 256 211 204 79 486 185 159 764 369 642 725 585 718 676 696 461 163 655 140 501 631 69 436 52 457 591 628 463 339 460 
599 617
538 617
503 599
97 503
633 503
607 599
262 607
326 599
305 538
192 617
761 192
742 761
299 538
516 607
112 305
73 633
219 633
713 305
255 73
215 305
74 305
67 607
662 305
576 262
664 215
372 761
673 73
730 215
559 305
672 219
515 74
29 73
650 74
657 673
256 73
211 673
204 305
79 73
486 215
185 372
159 211
764 486
369 305
642 662
725 211
585 67
718 725
676 73
696 642
461 211
163 256
655 585
140 461
501 185
631 159
69 501
436 163
52 642
457 764
591 486
628 501
463 256
339 655
460 642
289 752 175 84 34 610 130 462 708 17 57 758 111 225 471 212 757 562 449 747 101 252 156 686 98 533 128 517 542 629 23 723 495 263 376 321 10 488 220 164 645 555 272 789 439 689 107 198 703 64 236 779 6 526 557 679 601 158 138 331 108 778 671 593 56 99 749 55 355 333 224 201 271 259 563 81 24 
289 752
175 289
84 289
34 752
610 175
130 610
462 289
708 34
17 175
57 752
758 130
111 758
225 34
471 225
212 17
757 34
562 17
449 34
747 758
101 747
252 101
156 562
686 562
98 757
533 225
128 757
517 758
542 212
629 111
23 562
723 629
495 629
263 562
376 542
321 533
10 17
488 517
220 128
164 495
645 101
555 747
272 488
789 542
439 321
689 495
107 555
198 789
703 263
64 747
236 272
779 321
6 236
526 703
557 689
679 64
601 220
158 689
138 321
331 64
108 107
778 689
671 6
593 533
56 703
99 6
749 56
55 778
355 220
333 749
224 679
201 703
271 749
259 224
563 749
81 601
24 689
47 417 596 169 532 136 285 217 373 622 473 279 414 598 428 604 476 424 760 63 80 269 483 643 468 590 704 454 464 13 184 619 493 298 18 451 391 392 554 667 
47 417
596 417
169 47
532 47
136 47
285 417
217 47
373 169
622 532
473 285
279 596
414 373
598 169
428 373
604 414
476 279
424 598
760 428
63 424
80 598
269 80
483 414
643 473
468 476
590 476
704 643
454 760
464 704
13 80
184 643
619 13
493 80
298 454
18 424
451 18
391 424
392 476
554 704
667 18
209 706 277 186 14 37 659 452 748 216 710 529 31 43 549 254 241 404 453 104 675 199 624 498 491 292 251 103 512 244 447 539 361 134 506 213 795 505 93 782 205 763 218 131 594 652 1 441 482 568 170 16 117 381 342 95 769 544 472 630 677 4 755 492 12 
209 706
277 209
186 277
14 706
37 277
659 14
452 277
748 37
216 659
710 216
529 186
31 216
43 659
549 37
254 216
241 529
404 549
453 216
104 549
675 241
199 241
624 241
498 199
491 31
292 659
251 199
103 453
512 498
244 199
447 498
539 447
361 103
134 292
506 292
213 447
795 361
505 199
93 491
782 795
205 251
763 795
218 539
131 505
594 251
652 505
1 549
441 512
482 93
568 103
170 134
16 447
117 568
381 441
342 170
95 93
769 652
544 795
472 568
630 652
677 1
4 381
755 16
492 342
12 4
