? 13 443 603 3 210 188 637 283 278 750 246 702 166 5 
? 10 76 660 58 762 347 380 232 687 375 794 
? 10 165 343 100 81 317 28 24 42 8 797 
? 7 206 514 167 247 121 123 265 
!
682 724 341 114 602 183 651 566 618 611 307 350 346 54 698 570 792 497 507 716 630 349 396 310 151 
682 724
341 682
114 682
602 682
183 682
651 183
566 341
618 602
611 602
307 611
350 566
346 618
54 611
698 566
570 698
792 611
497 698
507 698
716 651
630 570
349 307
396 611
310 346
151 507
116 647 290 291 60 66 87 712 788 223 791 493 435 389 13 648 142 327 737 80 688 635 666 431 620 189 451 709 59 656 162 744 756 274 684 94 125 477 269 18 427 281 424 
116 647
290 116
291 116
60 116
66 116
87 647
712 647
788 66
223 788
791 647
493 290
435 290
389 223
13 290
648 223
142 291
327 66
737 389
80 290
688 791
635 66
666 291
431 688
620 142
189 791
451 290
709 666
59 666
656 635
162 142
744 666
756 666
274 788
684 656
94 666
125 620
477 620
269 80
18 451
427 59
281 620
424 18
176 237 11 387 455 722 518 161 425 508 743 126 378 421 267 65 83 487 572 475 27 606 589 395 71 304 787 146 276 469 149 70 118 122 168 556 293 309 625 745 669 
176 237
11 237
387 11
455 11
722 387
518 387
161 387
425 722
508 518
743 455
126 508
378 518
421 425
267 743
65 743
83 421
487 126
572 508
475 421
27 378
606 508
589 475
395 743
71 475
304 395
787 304
146 83
276 27
469 71
149 487
70 27
118 149
122 589
168 118
556 27
293 146
309 395
625 469
745 309
669 304
165 343 100 81 317 28 24 42 8 797 
165 100
100 28
28 42
343 317
28 24
165 81
81 317
8 797
165 8
77 577 663 242 701 187 693 284 383 106 640 75 302 683 418 258 316 233 221 668 437 300 
77 577
663 77
242 77
701 77
187 577
693 242
284 577
383 284
106 242
640 284
75 77
302 77
683 242
418 242
258 242
316 418
233 258
221 75
668 75
437 418
300 663
76 660 58 762 347 380 232 687 375 794 
347 380
76 660
687 375
375 794
380 794
762 232
762 794
58 762
76 58
206 514 167 247 121 123 265 
206 121
514 247
206 247
206 167
123 265
167 265
432 755 
432 755
46 145 694 511 337 141 363 415 180 15 230 780 406 200 530 735 152 422 420 785 561 268 78 
46 145
694 46
511 46
337 145
141 46
363 141
415 511
180 337
15 363
230 363
780 230
406 230
200 406
530 406
735 230
152 406
422 406
420 180
785 200
561 420
268 785
78 561
443 603 3 210 188 637 283 278 750 246 702 166 5 
246 166
443 603
210 188
702 5
283 750
443 3
637 278
637 283
166 5
750 246
603 210
188 283
90 567 119 294 426 137 621 323 613 196 319 525 597 0 490 50 411 480 296 773 22 240 481 699 541 315 728 297 410 434 359 636 356 595 513 727 105 173 465 478 731 260 670 120 733 311 654 504 287 
90 567
119 90
294 119
426 294
137 90
621 426
323 567
613 323
196 621
319 567
525 621
597 567
0 621
490 319
50 490
411 119
480 621
296 490
773 525
22 411
240 490
481 196
699 613
541 525
315 525
728 699
297 490
410 411
434 315
359 315
636 411
356 297
595 699
513 359
727 481
105 434
173 356
465 410
478 356
731 636
260 434
670 636
120 670
733 359
311 465
654 359
504 636
287 513
2 609 499 344 430 588 423 367 357 638 354 194 714 147 334 366 62 690 759 454 49 298 582 605 408 135 458 
2 609
499 609
344 499
430 609
588 2
423 2
367 430
357 609
638 588
354 357
194 588
714 357
147 588
334 194
366 334
62 354
690 366
759 194
454 334
49 367
298 454
582 366
605 49
408 714
135 49
458 714
39 181 729 308 419 433 440 335 280 377 581 245 397 479 522 720 313 190 489 
39 181
729 39
308 39
419 39
433 419
440 419
335 440
280 419
377 280
581 335
245 377
397 245
479 397
522 479
720 479
313 522
190 479
489 313
51 544 295 579 644 353 322 48 767 235 95 85 565 270 332 715 658 600 239 229 590 96 150 641 392 342 768 132 178 312 306 627 446 445 700 799 476 776 385 573 386 279 286 63 413 492 370 391 484 172 667 623 467 502 587 348 358 351 197 692 564 468 
51 544
295 51
579 295
644 295
353 579
322 353
48 322
767 48
235 48
95 322
85 295
565 644
270 235
332 48
715 85
658 235
600 85
239 85
229 85
590 767
96 644
150 229
641 229
392 150
342 565
768 565
132 768
178 600
312 392
306 96
627 132
446 342
445 132
700 306
799 700
476 392
776 768
385 776
573 312
386 445
279 476
286 386
63 476
413 641
492 446
370 385
391 573
484 386
172 446
667 391
623 386
467 623
502 799
587 413
348 286
358 623
351 348
197 446
692 667
564 348
468 573
537 711 109 129 681 569 705 519 409 195 364 485 691 113 574 139 798 330 510 796 208 143 207 771 531 448 740 257 553 338 4 738 12 193 35 303 584 53 153 592 261 
537 711
109 537
129 109
681 129
569 109
705 109
519 537
409 569
195 409
364 519
485 705
691 569
113 364
574 569
139 364
798 569
330 195
510 364
796 195
208 798
143 195
207 113
771 796
531 207
448 207
740 771
257 207
553 740
338 257
4 338
738 338
12 4
193 338
35 193
303 553
584 35
53 193
153 303
592 303
261 592
388 719 102 399 459 115 202 234 754 575 282 41 222 770 554 86 765 371 
388 719
102 388
399 388
459 102
115 399
202 115
234 459
754 459
575 202
282 102
41 282
222 41
770 41
554 770
86 41
765 41
371 765
521 786 336 368 739 429 398 345 509 393 608 626 91 456 36 614 148 390 500 612 405 524 144 250 444 496 678 248 416 583 324 127 179 546 783 474 649 774 707 616 793 133 21 82 632 527 548 736 273 653 228 394 674 412 110 578 661 253 249 325 
521 786
336 521
368 336
739 521
429 336
398 521
345 739
509 786
393 429
608 739
626 336
91 336
456 336
36 608
614 36
148 36
390 91
500 148
612 509
405 612
524 500
144 612
250 429
444 614
496 144
678 524
248 390
416 678
583 248
324 583
127 324
179 416
546 127
783 678
474 405
649 546
774 583
707 583
616 324
793 416
133 546
21 179
82 21
632 21
527 474
548 474
736 616
273 21
653 736
228 548
394 632
674 228
412 653
110 527
578 632
661 736
253 653
249 793
325 253
47 417 596 532 285 169 622 136 217 473 414 604 373 598 99 428 483 184 619 760 643 704 9 464 
47 417
596 417
532 417
285 47
169 47
622 47
136 285
217 532
473 47
414 217
604 417
373 414
598 136
99 596
428 373
483 428
184 414
619 598
760 414
643 184
704 643
9 598
464 184
160 726 89 214 442 545 535 182 301 753 384 665 68 560 552 751 470 540 403 
160 726
89 726
214 726
442 726
545 160
535 442
182 442
301 535
753 726
384 89
665 535
68 535
560 301
552 665
751 560
470 68
540 751
403 540
171 320 536 580 450 266 466 784 746 26 685 639 329 407 227 601 438 
171 320
536 171
580 320
450 171
266 320
466 171
784 466
746 580
26 746
685 746
639 784
329 639
407 746
227 746
601 639
438 536
30 124 318 721 777 264 275 243 231 695 401 352 365 328 25 379 157 528 717 7 191 
30 124
318 30
721 318
777 318
264 30
275 264
243 275
231 777
695 318
401 243
352 243
365 275
328 243
25 275
379 328
157 328
528 401
717 328
7 157
191 7
209 706 277 749 271 563 14 710 186 659 108 37 452 529 216 748 549 43 254 259 241 675 331 201 104 31 404 624 199 498 244 453 224 292 251 103 512 491 361 539 763 447 134 505 1 218 441 795 213 594 782 205 93 677 170 568 482 131 381 16 652 472 506 117 769 
209 706
277 209
749 209
271 749
563 749
14 209
710 706
186 277
659 14
108 209
37 277
452 563
529 563
216 659
748 37
549 37
43 710
254 216
259 659
241 529
675 749
331 108
201 241
104 549
31 259
404 549
624 241
199 241
498 199
244 201
453 254
224 259
292 216
251 199
103 292
512 37
491 259
361 103
539 498
763 361
447 539
134 292
505 199
1 404
218 447
441 512
795 103
213 447
594 251
782 763
205 594
93 782
677 1
170 134
568 103
482 224
131 505
381 441
16 447
652 505
472 103
506 361
117 170
769 131
599 617 538 503 607 97 633 262 742 305 299 255 192 761 326 516 112 713 73 576 215 372 219 673 559 730 662 657 664 585 650 672 185 515 211 67 764 74 461 486 256 696 29 159 204 642 676 718 725 69 628 52 369 501 163 631 140 655 558 457 339 591 586 436 314 33 772 697 463 79 543 766 20 88 634 19 460 
599 617
538 617
503 599
607 599
97 503
633 503
262 607
742 617
305 538
299 617
255 617
192 742
761 262
326 538
516 262
112 305
713 538
73 633
576 761
215 192
372 576
219 97
673 73
559 112
730 215
662 538
657 673
664 215
585 576
650 662
672 219
185 372
515 650
211 673
67 372
764 664
74 650
461 673
486 764
256 673
696 559
29 461
159 211
204 515
642 650
676 673
718 159
725 211
69 372
628 69
52 642
369 642
501 69
163 256
631 159
140 725
655 163
558 211
457 764
339 585
591 486
586 74
436 163
314 457
33 457
772 457
697 591
463 436
79 676
543 159
766 725
20 457
88 339
634 314
19 586
460 642
32 226 61 288 382 494 340 374 741 680 45 44 781 177 534 571 92 775 238 203 790 38 40 520 547 646 400 360 551 615 155 402 523 72 174 734 550 362 732 154 
32 226
61 32
288 226
382 32
494 32
340 382
374 226
741 382
680 32
45 382
44 680
781 680
177 44
534 680
571 288
92 680
775 177
238 340
203 92
790 92
38 45
40 45
520 680
547 571
646 571
400 38
360 400
551 40
615 520
155 340
402 520
523 400
72 551
174 571
734 551
550 646
362 38
732 400
154 547
289 752 175 34 610 84 130 17 708 111 462 57 449 225 758 757 212 562 376 517 533 747 101 723 686 98 555 128 629 23 542 156 471 495 252 263 272 220 321 488 557 107 645 439 10 703 198 689 789 164 64 526 679 236 6 333 55 779 56 593 138 355 158 671 778 
289 752
175 752
34 752
610 289
84 289
130 289
17 175
708 130
111 708
462 130
57 17
449 708
225 34
758 111
757 225
212 17
562 17
376 562
517 758
533 757
747 462
101 747
723 708
686 101
98 34
555 747
128 757
629 708
23 562
542 562
156 212
471 757
495 629
252 747
263 562
272 747
220 128
321 57
488 272
557 629
107 555
645 555
439 321
10 439
703 263
198 562
689 495
789 542
164 689
64 747
526 263
679 488
236 488
6 236
333 645
55 689
779 439
56 703
593 98
138 321
355 128
158 55
671 6
778 689
