? 8 269 573 423 146 491 765 296 689 
? 8 52 678 73 43 620 701 793 786 
? 8 231 514 438 264 285 304 258 129 
? 8 25 764 516 142 288 528 578 745 
? 8 216 394 354 194 69 594 659 148 
? 8 87 196 579 427 103 244 277 737 
? 7 110 769 515 397 605 382 725 
? 7 111 460 260 767 256 305 538 
? 7 31 349 400 289 614 556 310 
? 7 470 627 242 114 314 617 562 
? 7 170 783 91 61 403 302 773 
? 7 217 647 339 337 495 331 364 
? 7 253 449 367 561 267 674 690 
? 7 122 185 161 22 653 720 59 
? 7 39 273 186 174 360 85 776 
? 6 67 597 381 222 775 483 
? 6 169 441 691 173 58 189 
? 6 262 664 789 779 630 442 
? 6 118 508 542 165 685 344 
? 6 90 501 616 293 695 601 
? 6 414 766 692 319 535 261 
? 6 80 575 208 299 215 552 
? 6 202 393 417 467 280 792 
? 6 487 727 799 672 419 130 
? 6 139 671 549 13 507 446 
? 6 426 502 154 23 0 158 
? 6 123 506 759 327 383 311 
? 6 246 298 313 650 724 697 
? 5 570 715 469 589 774 
? 5 243 797 632 405 100 
? 5 159 301 675 312 26 
? 5 757 785 1 105 509 
? 5 3 274 79 637 191 
? 5 78 661 638 511 567 
? 5 295 444 518 465 791 
? 5 593 698 760 374 309 
? 5 406 644 625 140 654 
? 5 703 712 237 719 151 
? 5 384 696 742 533 404 
? 4 147 743 11 332 
? 4 177 596 116 153 
? 4 21 330 102 145 
? 4 402 610 48 546 
? 4 376 462 544 505 
? 4 473 532 180 642 
? 4 270 315 365 510 
? 4 504 721 537 435 
? 4 127 600 65 499 
? 4 353 519 28 463 
? 4 37 399 634 452 
? 4 41 636 164 51 
? 4 583 615 228 771 
? 4 53 527 622 558 
? 4 480 730 66 75 
? 4 421 443 677 565 
? 4 57 84 183 286 
? 4 287 396 82 251 
? 4 541 787 317 81 
? 4 197 640 609 283 
? 4 341 563 132 109 
? 4 548 635 569 254 
? 4 454 631 748 350 
? 4 338 447 763 468 
? 4 361 493 300 14 
? 4 40 257 591 777 
? 4 96 389 568 342 
? 4 232 279 355 135 
? 4 408 709 347 7 
? 4 239 281 205 380 
? 4 425 733 584 60 
? 3 577 688 466 
? 3 45 68 586 
? 3 19 207 585 
? 3 292 328 325 
? 3 479 770 30 
? 3 47 271 503 
? 3 55 107 363 
? 3 566 621 8 
? 3 33 247 681 
? 3 10 209 357 
? 3 429 649 54 
? 3 42 716 704 
? 3 229 754 663 
? 3 407 492 190 
? 3 606 735 15 
? 3 700 798 294 
? 3 268 723 432 
? 3 141 420 525 
? 3 94 115 226 
? 3 203 456 131 
? 3 181 750 476 
? 3 324 472 20 
? 3 410 547 489 
? 3 706 782 329 
? 3 557 717 592 
? 3 308 445 89 
? 3 437 604 97 
? 3 227 377 603 
? 3 224 318 74 
!
425 733 584 60 
425 733
425 60
584 60
458 740 
458 740
87 196 579 427 103 244 277 737 
87 196
579 103
427 277
196 427
427 244
579 737
87 103
239 281 205 380 
239 281
205 380
281 205
5 540 92 658 108 320 602 522 391 599 210 
5 540
92 540
658 5
108 92
320 5
602 5
522 658
391 92
599 391
210 658
788 
224 318 74 
224 74
318 74
227 377 603 
227 377
377 603
2 613 648 718 265 633 665 195 732 386 83 136 168 211 152 149 250 
2 613
648 613
718 613
265 613
633 265
665 613
195 648
732 648
386 265
83 665
136 265
168 633
211 718
152 386
149 633
250 386
246 298 313 650 724 697 
313 650
246 298
298 313
246 724
313 697
123 506 759 327 383 311 
123 759
123 506
383 311
327 311
506 311
761 
384 696 742 533 404 
696 742
384 696
742 533
384 404
703 712 237 719 151 
703 712
237 719
703 237
719 151
738 
198 539 
198 539
406 644 625 140 654 
625 654
406 644
406 625
644 140
680 702 772 375 687 428 126 418 564 572 212 358 333 234 474 
680 702
772 702
375 702
687 702
428 772
126 428
418 772
564 680
572 418
212 772
358 772
333 428
234 333
474 572
437 604 97 
437 604
604 97
216 394 354 194 69 594 659 148 
69 148
216 354
216 394
394 194
194 594
394 148
659 148
728 
408 709 347 7 
408 709
408 7
408 347
726 
711 
39 273 186 174 360 85 776 
39 273
174 776
174 85
273 85
360 776
39 186
308 445 89 
445 89
308 445
232 279 355 135 
232 355
232 135
279 355
426 502 154 23 0 158 
426 154
502 158
426 23
426 158
502 0
236 478 497 485 171 175 662 415 571 
236 478
497 236
485 236
171 236
175 171
662 171
415 171
571 662
707 
705 
230 430 
230 430
139 671 549 13 507 446 
139 446
139 671
139 549
507 446
13 507
587 628 453 24 373 710 747 657 323 218 
587 628
453 628
24 587
373 628
710 453
747 373
657 628
323 710
218 323
25 764 516 142 288 528 578 745 
288 578
528 745
25 764
25 578
25 142
764 516
142 528
122 185 161 22 653 720 59 
122 22
122 161
185 161
720 59
161 653
122 59
241 713 693 71 520 343 598 351 206 133 362 
241 713
693 241
71 241
520 693
343 693
598 343
351 71
206 71
133 343
362 351
253 449 367 561 267 674 690 
267 674
253 267
253 449
674 690
449 561
253 367
217 647 339 337 495 331 364 
217 339
217 647
647 337
495 364
647 495
339 331
170 783 91 61 403 302 773 
61 302
403 773
170 783
91 773
783 403
403 302
557 717 592 
557 592
557 717
706 782 329 
706 329
782 329
345 555 
345 555
694 
487 727 799 672 419 130 
487 727
727 799
727 419
487 672
672 130
182 322 416 524 167 607 248 531 645 434 
182 322
416 322
524 182
167 524
607 322
248 167
531 607
645 607
434 182
470 627 242 114 314 617 562 
470 617
627 314
314 617
470 242
314 562
114 617
96 389 568 342 
389 568
96 389
568 342
686 
593 698 760 374 309 
760 374
698 760
698 309
593 309
276 457 
276 457
410 547 489 
410 547
547 489
679 
93 201 388 371 534 372 143 676 166 
93 201
388 93
371 388
534 201
372 388
143 93
676 388
166 143
324 472 20 
472 20
324 20
101 176 
101 176
181 750 476 
181 476
750 476
40 257 591 777 
257 777
40 777
40 591
203 456 131 
456 131
203 456
669 
138 464 494 278 214 220 137 398 448 155 
138 464
494 464
278 464
214 494
220 138
137 464
398 464
448 220
155 137
652 
361 493 300 14 
361 300
493 300
361 14
62 673 
62 673
231 514 438 264 285 304 258 129 
264 304
231 514
231 438
438 258
304 129
231 285
514 264
31 349 400 289 614 556 310 
31 289
614 556
400 289
31 349
31 556
289 310
338 447 763 468 
338 447
763 468
447 763
619 
611 
454 631 748 350 
631 748
454 748
631 350
98 335 
98 335
548 635 569 254 
635 254
548 254
635 569
341 563 132 109 
341 109
563 109
341 132
290 559 
290 559
197 640 609 283 
609 283
640 283
197 640
581 
590 752 
590 752
541 787 317 81 
541 317
541 787
541 81
202 393 417 467 280 792 
393 280
393 417
467 792
202 417
202 467
431 729 
431 729
287 396 82 251 
287 396
396 82
396 251
72 213 
72 213
94 115 226 
115 226
94 226
106 156 
106 156
56 369 
56 369
160 550 488 370 297 120 255 795 163 
160 550
488 550
370 550
297 488
120 370
255 550
795 297
163 488
233 553 
233 553
295 444 518 465 791 
295 465
518 465
444 465
518 791
64 560 
64 560
157 188 
157 188
80 575 208 299 215 552 
575 552
575 215
80 215
299 552
80 208
57 84 183 286 
183 286
84 183
57 84
307 796 356 395 684 104 461 240 646 221 
307 796
356 307
395 307
684 307
104 307
461 104
240 796
646 307
221 356
521 
512 
481 749 
481 749
486 
482 
477 
38 595 
38 595
303 543 
303 543
141 420 525 
141 525
141 420
475 
421 443 677 565 
443 677
421 677
421 565
459 
439 
433 
480 730 66 75 
730 66
480 75
66 75
268 723 432 
268 723
723 432
424 
53 527 622 558 
622 558
53 527
527 558
583 615 228 771 
615 228
228 771
583 771
41 636 164 51 
636 164
41 51
41 164
52 678 73 43 620 701 793 786 
43 786
73 43
52 678
43 620
620 701
678 73
701 793
422 
249 780 
249 780
414 766 692 319 535 261 
414 766
766 319
414 692
414 535
766 261
411 
390 
379 
77 336 
77 336
78 661 638 511 567 
661 511
78 511
78 638
661 567
144 192 
144 192
37 399 634 452 
37 399
399 452
37 634
353 519 28 463 
353 28
28 463
353 519
3 274 79 637 191 
3 274
274 637
79 637
3 191
451 529 
451 529
352 409 
352 409
90 501 616 293 695 601 
90 501
293 601
90 616
501 695
90 293
700 798 294 
798 294
700 294
127 600 65 499 
127 499
600 65
127 600
757 785 1 105 509 
785 1
757 105
757 1
105 509
378 
238 656 99 128 334 744 76 12 670 641 651 113 392 608 778 
238 656
99 656
128 238
334 238
744 334
76 99
12 99
670 334
641 670
651 76
113 12
392 12
608 744
778 608
348 
504 721 537 435 
504 537
504 721
721 435
118 508 542 165 685 344 
118 508
542 165
118 542
508 685
508 344
340 758 
340 758
6 781 413 623 739 484 666 282 125 412 756 
6 781
413 781
623 6
739 781
484 623
666 6
282 739
125 282
412 623
756 739
270 315 365 510 
315 510
270 365
365 510
473 532 180 642 
473 532
532 642
532 180
316 
606 735 15 
606 15
735 15
262 664 789 779 630 442 
664 779
630 442
779 630
262 664
262 789
407 492 190 
492 190
407 492
111 460 260 767 256 305 538 
111 460
767 256
111 260
305 538
460 256
460 305
440 708 
440 708
229 754 663 
754 663
229 663
34 63 
34 63
266 
376 462 544 505 
376 462
376 544
544 505
576 784 
576 784
368 751 
368 751
119 545 
119 545
29 306 245 219 321 496 753 588 755 50 
29 306
245 306
219 306
321 245
496 321
753 321
588 321
755 496
50 755
169 441 691 173 58 189 
691 58
169 441
58 189
173 189
441 58
513 731 
513 731
42 716 704 
716 704
42 716
429 649 54 
429 649
649 54
159 301 675 312 26 
159 301
301 675
312 26
675 312
402 610 48 546 
402 610
610 546
48 546
21 330 102 145 
21 330
21 145
102 145
263 
243 797 632 405 100 
405 100
243 632
797 100
632 405
10 209 357 
10 209
10 357
33 247 681 
33 247
247 681
223 385 
223 385
284 612 
284 612
16 551 523 162 734 471 699 199 517 
16 551
523 551
162 523
734 551
471 551
699 551
199 162
517 551
252 
570 715 469 589 774 
570 715
469 589
589 774
715 469
500 794 
500 794
566 621 8 
566 621
566 8
235 
55 107 363 
55 363
55 107
225 
204 
88 639 
88 639
110 769 515 397 605 382 725 
769 515
110 605
397 605
110 769
110 382
515 725
275 346 741 259 35 112 49 626 736 450 629 
275 346
741 346
259 275
35 275
112 275
49 259
626 112
736 35
450 35
629 450
200 
193 
269 573 423 146 491 765 296 689 
423 146
573 423
765 296
269 146
269 689
491 689
491 296
67 597 381 222 775 483 
597 222
67 483
67 222
775 483
67 381
47 271 503 
47 503
271 503
179 
178 
150 
479 770 30 
479 30
479 770
134 
177 596 116 153 
596 116
177 596
177 153
124 
121 387 
121 387
117 
292 328 325 
328 325
292 325
172 184 
172 184
147 743 11 332 
147 332
743 11
147 11
580 660 
580 660
436 536 
436 536
19 207 585 
19 207
207 585
45 68 586 
45 68
68 586
18 
577 688 466 
577 466
688 466
27 44 762 746 455 36 291 46 655 326 768 722 490 95 
27 44
762 44
746 27
455 27
36 27
291 762
46 455
655 27
326 46
768 27
722 326
490 768
95 46
9 
359 554 498 643 668 682 714 187 86 790 
359 554
498 359
643 554
668 554
682 498
714 498
187 554
86 554
790 359
4 
17 582 
17 582
366 401 526 574 272 618 667 70 624 683 
366 401
526 401
574 401
272 526
618 366
667 618
70 401
624 272
683 272
32 530 
32 530
