? 8 52 678 73 43 701 620 98 786 
? 8 93 201 388 371 372 392 534 758 
? 8 217 647 339 305 337 562 495 364 
? 8 154 426 502 23 158 0 557 443 
? 8 16 551 523 162 471 734 699 199 
? 8 25 764 142 516 288 578 528 745 
? 7 29 306 219 321 496 245 588 
? 7 113 541 787 81 430 290 166 
? 7 31 400 349 289 310 263 614 
? 7 159 675 312 301 461 378 35 
? 7 253 449 367 517 561 674 482 
? 7 111 460 513 260 767 141 256 
? 7 177 596 465 116 244 295 669 
? 7 68 293 90 512 601 501 616 
? 7 3 274 652 191 79 730 637 
? 6 58 189 441 691 173 169 
? 6 236 478 485 497 171 379 
? 6 270 365 510 315 115 145 
? 6 216 394 354 194 341 659 
? 6 210 298 246 522 658 446 
? 6 468 763 338 576 203 704 
? 6 123 506 759 327 59 720 
? 6 164 636 155 51 41 397 
? 6 242 470 627 114 188 617 
? 6 11 743 332 147 411 604 
? 6 381 444 86 489 518 791 
? 6 78 638 661 567 511 476 
? 6 110 769 515 605 382 21 
? 5 197 640 266 376 609 
? 5 696 779 384 442 262 
? 5 402 610 490 48 580 
? 5 583 615 771 749 228 
? 5 414 692 766 319 535 
? 5 243 797 100 357 405 
? 5 294 776 798 700 174 
? 5 487 727 419 799 360 
? 5 307 796 104 684 240 
? 5 287 396 251 82 694 
? 5 733 755 425 584 106 
? 4 406 644 625 140 
? 4 206 475 97 437 
? 4 469 589 407 60 
? 4 527 683 70 239 
? 4 447 792 784 271 
? 4 549 671 139 311 
? 4 28 463 17 582 
? 4 39 273 85 753 
? 4 80 575 299 215 
? 4 703 712 237 151 
? 4 325 565 717 592 
? 4 75 94 342 480 
? 4 462 544 789 723 
? 4 314 457 774 331 
? 4 67 597 222 472 
? 4 757 785 509 1 
? 4 122 185 22 161 
? 4 479 770 65 612 
? 4 37 399 634 452 
? 4 570 715 663 276 
? 4 119 688 14 577 
? 4 268 630 664 20 
? 4 77 252 347 200 
? 4 209 632 10 697 
? 4 391 599 13 92 
? 4 33 183 84 705 
? 4 40 257 504 424 
? 4 247 681 57 286 
? 4 207 568 389 19 
? 4 473 532 642 249 
? 4 229 754 225 348 
? 3 340 651 606 
? 3 361 493 300 
? 3 537 721 120 
? 3 374 782 646 
? 3 181 454 748 
? 3 7 408 709 
? 3 101 105 176 
? 3 95 566 621 
? 3 335 695 230 
? 3 558 622 281 
? 3 180 308 631 
? 3 224 318 74 
? 3 435 639 761 
? 3 103 579 427 
? 3 677 716 421 
? 3 15 735 410 
? 3 66 96 179 
? 3 474 780 326 
? 3 102 144 192 
? 3 204 563 69 
? 3 404 635 548 
? 3 303 543 690 
? 3 429 649 521 
? 3 108 724 540 
? 3 47 503 64 
? 3 9 55 363 
? 3 585 707 590 
? 3 456 726 131 
? 3 127 178 213 
!
229 754 225 348 
754 225
229 225
754 348
18 756 
18 756
25 764 142 516 288 578 528 745 
288 578
528 745
25 764
25 578
25 142
764 516
142 528
473 532 642 249 
473 532
473 249
532 642
269 573 423 146 491 296 689 660 698 765 258 
269 573
423 269
146 573
491 269
296 423
689 491
660 689
698 423
765 296
258 660
793 
127 178 213 
127 178
127 213
456 726 131 
456 131
726 131
2 613 718 648 732 265 195 386 136 665 152 633 168 83 211 250 45 
2 613
718 2
648 613
732 613
265 613
195 648
386 265
136 265
665 2
152 386
633 265
168 633
83 386
211 648
250 386
45 211
110 769 515 605 382 21 
769 515
110 605
382 21
110 769
110 382
78 638 661 567 511 476 
661 511
78 511
78 638
661 567
661 476
788 
733 755 425 584 106 
733 425
733 755
425 584
755 106
287 396 251 82 694 
287 396
287 694
396 82
251 694
738 
500 556 
500 556
307 796 104 684 240 
307 796
684 240
796 684
307 104
6 781 623 413 739 282 666 484 125 297 8 193 412 313 5 
6 781
623 781
413 781
739 781
282 739
666 6
484 781
125 282
297 282
8 739
193 739
412 623
313 666
5 412
585 707 590 
707 590
585 590
16 551 523 162 471 734 699 199 
551 471
523 162
16 523
16 551
551 199
471 699
471 734
731 
207 568 389 19 
568 389
207 19
389 19
728 
719 
3 274 652 191 79 730 637 
3 274
274 637
79 637
274 652
652 191
730 637
9 55 363 
9 55
55 363
247 681 57 286 
681 57
57 286
247 681
381 444 86 489 518 791 
489 791
381 86
444 518
489 518
86 518
488 550 160 175 88 370 795 163 255 
488 550
160 550
175 488
88 550
370 488
795 175
163 488
255 370
706 
679 
227 752 
227 752
11 743 332 147 411 604 
332 147
743 411
11 743
11 147
743 604
170 783 403 61 302 91 107 773 420 451 
170 783
403 783
61 403
302 61
91 403
107 170
773 403
420 107
451 302
154 426 502 23 158 0 557 443 
154 426
502 158
426 23
557 443
426 158
502 0
23 443
68 293 90 512 601 501 616 
68 293
293 512
90 501
68 601
90 616
293 90
27 44 762 455 746 655 46 291 768 36 722 
27 44
762 44
455 27
746 762
655 27
46 455
291 762
768 44
36 46
722 46
177 596 465 116 244 295 669 
465 295
596 116
177 244
177 596
596 295
244 669
111 460 513 260 767 141 256 
111 460
767 256
111 260
513 767
260 141
460 256
253 449 367 517 561 674 482 
561 482
253 449
253 517
367 517
253 674
449 482
47 503 64 
503 64
47 503
108 724 540 
108 540
108 724
124 603 
124 603
657 
242 470 627 114 188 617 
470 617
242 470
627 188
627 617
114 617
182 322 416 167 524 607 737 645 248 377 
182 322
416 322
167 182
524 182
607 322
737 182
645 322
248 167
377 322
159 675 312 301 461 378 35 
159 301
461 378
675 301
159 35
675 312
312 378
40 257 504 424 
257 504
40 257
40 424
653 
487 727 419 799 360 
487 727
799 360
727 360
727 419
591 777 
591 777
429 649 521 
429 649
649 521
602 
118 508 542 685 117 165 344 353 555 
118 508
542 118
685 508
117 508
165 508
344 508
353 344
555 685
303 543 690 
303 543
543 690
350 445 
350 445
404 635 548 
404 548
635 548
33 183 84 705 
183 84
84 705
33 705
204 563 69 
204 563
563 69
586 
355 417 280 202 433 393 477 232 467 279 
355 417
280 417
202 417
433 417
393 417
477 355
232 355
467 417
279 467
547 
391 599 13 92 
391 92
391 599
391 13
369 432 
369 432
217 647 339 305 337 562 495 364 
305 337
339 562
217 339
217 647
647 337
495 364
647 495
31 400 349 289 310 263 614 
31 289
400 289
31 349
349 614
289 310
349 263
209 632 10 697 
632 10
209 10
632 697
546 
538 
77 252 347 200 
77 200
252 347
77 347
72 559 
72 559
268 630 664 20 
630 664
268 664
268 20
119 688 14 577 
688 14
119 688
14 577
56 775 
56 775
570 715 663 276 
715 276
570 715
570 663
536 
345 569 
345 569
37 399 634 452 
37 399
399 452
37 634
164 636 155 51 41 397 
164 636
636 397
155 397
51 41
164 41
42 62 
42 62
479 770 65 612 
770 612
770 65
479 65
352 409 
352 409
102 144 192 
102 144
102 192
130 711 
130 711
38 595 
38 595
184 221 760 356 172 395 320 309 619 
184 221
760 184
356 221
172 184
395 221
320 184
309 184
619 184
336 483 
336 483
294 776 798 700 174 
294 776
294 174
798 174
776 700
267 672 
267 672
611 729 
611 729
123 506 759 327 59 720 
123 759
123 506
59 720
506 59
123 327
122 185 22 161 
122 22
122 161
185 161
71 241 713 693 520 598 343 351 362 133 
71 241
713 241
693 713
520 693
598 71
343 598
351 71
362 71
133 343
529 
525 
34 545 
34 545
507 
505 
499 
135 560 
135 560
198 539 
198 539
474 780 326 
474 780
780 326
486 
757 785 509 1 
785 1
757 1
757 509
481 
466 
458 
67 597 222 472 
597 222
67 222
67 472
66 96 179 
96 179
66 179
440 
314 457 774 331 
314 457
314 774
314 331
462 544 789 723 
789 723
544 789
462 544
75 94 342 480 
75 342
94 342
75 480
93 201 388 371 372 392 534 758 
388 392
534 758
201 371
93 372
93 201
372 534
93 392
439 
89 750 
89 750
468 763 338 576 203 704 
576 704
468 704
763 704
468 203
763 338
431 
422 
415 
208 740 
208 740
243 797 100 357 405 
243 357
100 405
797 100
357 405
109 148 
109 148
325 565 717 592 
325 717
565 592
325 565
703 712 237 151 
703 712
703 237
237 151
414 692 766 319 535 
414 766
766 319
414 692
414 535
650 686 
650 686
533 742 
533 742
210 298 246 522 658 446 
298 658
522 658
246 522
210 446
658 446
15 735 410 
15 735
735 410
80 575 299 215 
575 215
80 215
575 299
583 615 771 749 228 
615 228
771 228
583 749
583 771
390 
238 656 99 128 54 744 12 334 76 670 676 608 317 641 778 
238 656
99 656
128 656
54 238
744 54
12 99
334 744
76 656
670 334
676 99
608 744
317 99
641 334
778 608
383 
39 273 85 753 
39 273
273 85
39 753
216 394 354 194 341 659 
216 354
216 394
341 659
394 194
216 341
235 593 
235 593
498 714 359 87 682 554 643 187 790 196 277 
498 714
359 498
87 498
682 498
554 359
643 359
187 359
790 714
196 87
277 714
28 463 17 582 
28 463
17 582
28 582
549 671 139 311 
671 139
671 311
549 671
380 
677 716 421 
677 421
716 421
270 365 510 315 115 145 
510 315
270 365
365 510
365 115
270 145
103 579 427 
103 579
103 427
113 541 787 81 430 290 166 
113 541
541 787
113 81
81 430
541 290
787 166
150 552 
150 552
435 639 761 
435 639
435 761
571 662 
571 662
329 
447 792 784 271 
784 271
447 792
792 784
434 553 
434 553
330 725 
330 725
132 654 
132 654
587 628 453 747 373 358 710 323 24 30 
587 628
453 587
747 628
373 628
358 453
710 453
323 453
24 453
30 373
236 478 485 497 171 379 
236 478
485 171
478 485
236 497
497 379
121 387 
121 387
224 318 74 
224 74
318 74
180 308 631 
180 308
180 631
402 610 490 48 580 
402 610
48 580
490 580
610 490
527 683 70 239 
527 683
683 70
527 239
469 589 407 60 
589 407
469 60
469 589
316 
696 779 384 442 262 
779 442
696 779
779 384
779 262
558 622 281 
558 622
622 281
335 695 230 
335 695
335 230
50 594 
50 594
32 530 
32 530
231 514 438 285 264 751 304 129 205 
231 514
438 514
285 514
264 285
751 285
304 514
129 231
205 264
292 
197 640 266 376 609 
197 266
640 266
376 609
640 376
324 668 
324 668
95 566 621 
566 621
95 621
284 
101 105 176 
101 105
101 176
261 
254 
153 436 
153 436
29 306 219 321 496 245 588 
29 306
321 245
321 588
306 588
29 219
496 245
275 346 741 368 259 450 112 49 736 626 629 
275 346
741 346
368 275
259 275
450 275
112 346
49 112
736 450
626 112
629 450
233 
218 
52 678 73 43 701 620 98 786 
43 786
73 43
52 678
43 620
701 620
678 73
701 98
58 189 441 691 173 169 
58 691
441 169
58 189
189 173
58 441
7 408 709 
408 709
7 408
186 
157 
156 
181 454 748 
454 748
181 748
149 
206 475 97 437 
206 97
475 437
206 475
143 
226 708 
226 708
134 
374 782 646 
782 646
374 782
519 531 
519 531
406 644 625 140 
406 644
406 625
644 140
223 385 
223 385
190 492 
190 492
537 721 120 
721 120
537 721
361 493 300 
361 300
493 300
63 
340 651 606 
340 651
340 606
680 702 772 418 375 687 333 428 600 564 126 234 212 572 
680 702
772 702
418 702
375 772
687 418
333 680
428 375
600 333
564 418
126 428
234 126
212 375
572 418
26 
366 401 272 574 526 618 667 53 624 581 
366 401
272 401
574 272
526 272
618 574
667 618
53 526
624 272
581 272
4 
328 673 
328 673
138 464 494 398 278 220 214 137 448 459 
138 464
494 464
398 464
278 398
220 138
214 494
137 464
448 220
459 398
283 794 
283 794
