? 8 175 415 795 488 662 163 550 160 
? 8 269 573 423 146 593 491 296 765 
? 8 216 394 194 354 69 341 594 563 
? 8 425 733 755 584 496 276 589 60 
? 8 231 514 264 438 129 258 304 660 
? 8 184 221 356 760 172 796 619 307 
? 7 253 449 561 367 543 162 517 
? 7 270 315 365 510 223 115 788 
? 7 487 727 799 672 267 690 674 
? 7 25 764 516 142 288 578 528 
? 7 280 417 202 355 433 393 467 
? 7 169 441 173 58 691 794 263 
? 7 325 565 328 292 62 717 421 
? 7 154 426 502 23 0 158 557 
? 7 376 462 38 595 640 7 609 
? 6 587 628 453 747 358 373 
? 6 78 661 638 567 511 308 
? 6 170 783 302 403 61 91 
? 6 470 627 242 114 314 617 
? 6 523 551 16 734 199 471 
? 6 93 201 388 372 371 392 
? 6 59 759 123 506 720 22 
? 6 90 501 616 293 601 695 
? 6 473 532 180 642 249 445 
? 6 130 251 509 711 105 396 
? 6 177 596 116 295 465 277 
? 6 139 671 311 446 549 507 
? 6 210 298 246 522 650 13 
? 5 155 164 636 41 530 
? 5 29 306 219 245 321 
? 5 80 575 208 552 299 
? 5 370 459 255 435 120 
? 5 86 381 444 611 775 
? 5 159 675 301 26 461 
? 5 11 743 147 332 411 
? 5 31 400 349 289 614 
? 5 518 791 547 215 489 
? 5 615 771 583 749 228 
? 5 344 353 519 233 124 
? 4 82 303 452 287 
? 4 113 541 317 787 
? 4 28 463 17 603 
? 4 243 785 100 405 
? 4 457 774 738 570 
? 4 402 610 48 490 
? 4 32 85 174 761 
? 4 406 644 654 140 
? 4 703 712 237 773 
? 4 37 399 634 699 
? 4 582 625 148 109 
? 4 122 185 240 161 
? 4 209 357 797 632 
? 4 3 274 637 191 
? 4 361 493 430 300 
? 4 340 651 735 534 
? 4 67 597 222 56 
? 4 39 273 198 186 
? 4 454 748 631 261 
? 4 239 281 558 622 
? 4 21 382 102 330 
? 4 535 692 319 766 
? 4 572 780 474 722 
? 4 360 776 294 798 
? 4 504 537 88 721 
? 4 443 677 42 716 
? 4 110 769 605 725 
? 4 468 763 338 592 
? 4 75 480 66 342 
? 4 229 754 663 348 
? 4 207 585 19 568 
? 3 271 492 47 
? 3 479 770 65 
? 3 447 792 279 
? 3 77 347 200 
? 3 646 782 395 
? 3 15 606 410 
? 3 84 286 681 
? 3 104 378 312 
? 3 389 752 179 
? 3 407 469 503 
? 3 40 424 257 
? 3 345 569 548 
? 3 143 166 57 
? 3 192 659 204 
? 3 374 698 309 
? 3 203 784 131 
? 3 121 387 188 
? 3 74 318 224 
? 3 566 621 95 
? 3 1 757 101 
? 3 205 380 546 
? 3 20 472 668 
? 3 151 719 451 
? 3 68 586 512 
? 3 119 545 14 
? 3 153 436 536 
? 3 437 458 97 
? 3 33 705 183 
? 3 9 742 529 
!
207 585 19 568 
207 19
585 568
207 585
369 483 
369 483
184 221 356 760 172 796 619 307 
172 796
172 307
356 172
184 221
221 356
184 619
184 760
229 754 663 348 
754 663
229 663
754 348
27 44 762 455 655 326 746 46 36 291 768 
27 44
762 44
455 27
655 27
326 27
746 44
46 455
36 27
291 762
768 762
758 
9 742 529 
9 529
742 529
33 705 183 
33 705
705 183
2 613 648 718 732 265 195 386 633 665 83 136 168 211 45 250 152 
2 613
648 2
718 613
732 2
265 613
195 648
386 265
633 265
665 2
83 665
136 265
168 633
211 718
45 211
250 386
152 386
210 298 246 522 650 13 
246 522
298 522
298 650
210 650
210 13
139 671 311 446 549 507 
139 446
139 671
671 311
139 549
446 507
756 
344 353 519 233 124 
353 233
353 519
344 519
233 124
615 771 583 749 228 
615 228
771 228
583 749
771 583
753 
442 533 
442 533
518 791 547 215 489 
791 489
791 215
518 489
518 547
275 346 741 112 259 49 368 450 629 626 736 706 35 285 751 
275 346
741 346
112 275
259 275
49 275
368 346
450 346
629 368
626 112
736 629
706 112
35 629
285 736
751 285
437 458 97 
437 97
437 458
231 514 264 438 129 258 304 660 
258 660
264 304
231 514
231 438
438 660
129 304
514 264
745 
75 480 66 342 
75 342
75 480
75 66
740 
729 
376 462 38 595 640 7 609 
376 7
376 462
462 640
38 595
7 609
38 609
153 436 536 
436 536
153 536
468 763 338 592 
468 763
468 592
763 338
177 596 116 295 465 277 
295 465
596 116
177 596
596 295
116 277
111 460 260 767 141 256 513 731 538 
111 460
260 460
767 111
141 111
256 767
513 767
731 256
538 141
728 
707 
254 434 
254 434
130 251 509 711 105 396 
509 711
130 251
130 509
251 105
130 396
262 789 664 544 630 779 268 696 723 384 
262 789
664 262
544 789
630 262
779 789
268 630
696 779
723 544
384 696
425 733 755 584 496 276 589 60 
425 733
755 496
425 60
584 60
733 755
589 60
733 276
154 426 502 23 0 158 557 
154 426
502 158
426 23
426 158
502 0
0 557
498 714 359 554 682 87 196 427 643 187 790 
498 714
359 498
554 359
682 714
87 714
196 87
427 196
643 554
187 643
790 87
325 565 328 292 62 717 421 
325 328
565 421
565 292
292 717
325 717
62 421
169 441 173 58 691 794 263 
58 691
169 441
441 58
169 794
173 58
169 263
280 417 202 355 433 393 467 
280 393
417 393
417 355
202 355
433 393
355 467
119 545 14 
119 545
545 14
68 586 512 
68 512
68 586
252 336 
252 336
700 
473 532 180 642 249 445 
473 532
473 249
532 642
532 180
180 445
73 620 43 466 701 786 678 577 52 688 
73 620
43 73
466 620
701 73
786 620
678 73
577 466
52 678
688 577
25 764 516 142 288 578 528 
288 578
25 764
25 578
25 142
764 516
142 528
110 769 605 725 
110 605
110 769
769 725
689 
31 400 349 289 614 
31 289
400 289
31 349
349 614
456 726 
456 726
151 719 451 
719 451
151 451
686 
217 647 339 305 562 337 331 495 364 
217 647
339 647
305 647
562 217
337 647
331 562
495 647
364 217
20 472 668 
20 472
20 668
89 350 
89 350
205 380 546 
205 380
205 546
443 677 42 716 
443 677
443 42
42 716
1 757 101 
1 757
757 101
684 
555 685 404 635 107 508 55 363 118 525 
555 685
404 555
635 555
107 685
508 685
55 107
363 55
118 508
525 55
673 
504 537 88 721 
504 537
504 721
537 88
63 793 
63 793
216 394 194 354 69 341 594 563 
216 354
216 394
394 194
341 563
194 594
194 69
216 341
487 727 799 672 267 690 674 
672 674
267 674
487 727
672 690
727 799
487 672
360 776 294 798 
776 294
776 798
360 776
653 
639 
572 780 474 722 
780 474
572 474
780 722
134 580 
134 580
535 692 319 766 
319 766
535 692
692 319
21 382 102 330 
21 330
21 382
21 102
133 247 
133 247
239 281 558 622 
558 622
239 281
239 622
604 
30 486 
30 486
454 748 631 261 
748 631
454 748
454 261
90 501 616 293 601 695 
90 501
293 601
90 616
501 695
90 293
283 310 
283 310
39 273 198 186 
39 273
39 198
39 186
106 156 
106 156
566 621 95 
566 621
621 95
157 190 
157 190
51 481 
51 481
236 478 485 323 497 218 710 379 171 
236 478
485 236
323 485
497 236
218 323
710 485
379 236
171 478
591 777 
591 777
11 743 147 332 411 
147 332
743 411
11 743
11 147
377 531 
377 531
127 213 
127 213
59 759 123 506 720 22 
759 123
123 506
59 720
59 506
59 22
67 597 222 56 
597 222
67 222
67 56
182 322 167 416 645 607 524 553 248 103 
182 322
167 182
416 322
645 322
607 322
524 167
553 182
248 182
103 524
588 
571 
144 145 
144 145
556 
505 
499 
98 335 
98 335
227 590 
227 590
74 318 224 
74 224
74 318
482 
340 651 735 534 
340 651
340 534
340 735
475 
440 
432 
361 493 430 300 
493 430
361 300
493 300
121 387 188 
387 188
121 387
431 
3 274 637 191 
3 274
274 637
3 191
209 357 797 632 
357 632
209 632
357 797
122 185 240 161 
185 240
122 161
240 161
269 573 423 146 593 491 296 765 
573 593
423 146
423 593
296 765
269 146
491 296
269 491
422 
408 709 
408 709
93 201 388 372 371 392 
388 392
201 371
93 372
93 201
93 392
420 
391 
390 
117 542 
117 542
159 675 301 26 461 
159 301
675 301
26 461
675 26
652 730 
652 730
582 625 148 109 
582 625
148 109
625 109
37 399 634 699 
37 399
399 699
37 634
86 381 444 611 775 
86 381
86 611
381 444
611 775
226 708 
226 708
189 500 
189 500
523 551 16 734 199 471 
551 471
523 16
551 16
551 199
734 471
203 784 131 
203 131
784 131
703 712 237 773 
703 773
712 773
703 237
370 459 255 435 120 
435 120
459 120
370 120
370 255
385 
680 702 772 428 375 564 687 333 418 234 657 178 126 212 600 
680 702
772 702
428 680
375 772
564 680
687 680
333 680
418 702
234 333
657 428
178 333
126 234
212 418
600 333
329 
406 644 654 140 
406 644
644 140
406 654
470 627 242 114 314 617 
470 617
627 314
314 617
470 242
114 617
352 409 
352 409
138 494 464 214 515 220 278 448 398 137 397 
138 494
464 138
214 494
515 214
220 138
278 464
448 220
398 464
137 278
397 214
32 85 174 761 
32 761
85 174
85 761
402 610 48 490 
402 610
610 490
48 490
324 
374 698 309 
374 698
698 309
170 783 302 403 61 91 
302 61
170 783
403 91
783 403
302 403
192 659 204 
192 204
192 659
270 315 365 510 223 115 788 
315 510
270 365
115 788
365 788
365 510
315 223
576 704 
576 704
143 166 57 
143 57
166 57
419 539 
419 539
316 
457 774 738 570 
457 738
457 774
774 570
527 679 
527 679
176 694 
176 694
327 383 
327 383
241 713 693 71 520 598 343 351 362 206 
241 713
693 241
71 241
520 71
598 241
343 693
351 71
362 351
206 362
78 661 638 567 511 308 
661 511
78 511
78 638
567 308
661 567
579 737 
579 737
345 569 548 
345 548
345 569
40 424 257 
40 257
40 424
80 575 208 552 299 
575 552
80 552
552 299
80 208
243 785 100 405 
100 405
243 405
243 785
28 463 17 603 
28 463
463 17
28 603
235 
29 306 219 245 321 
29 306
245 321
29 219
306 321
407 469 503 
407 469
407 503
389 752 179 
389 179
389 752
197 266 
197 266
225 715 
225 715
5 540 602 658 92 108 320 724 599 
5 540
602 540
658 540
92 540
108 92
320 540
724 658
599 92
230 
155 164 636 41 530 
164 636
41 530
155 164
164 41
476 750 
476 750
104 378 312 
104 378
104 312
193 
84 286 681 
84 681
84 286
181 
165 
244 669 
244 669
253 449 561 367 543 162 517 
367 543
253 449
543 517
253 517
449 162
449 561
238 656 99 54 128 744 334 670 12 76 676 
238 656
99 656
54 238
128 656
744 54
334 744
670 334
12 99
76 12
676 76
150 
149 
175 415 795 488 662 163 550 160 
488 550
175 488
415 662
175 795
415 795
550 160
488 163
587 628 453 747 358 373 
453 358
628 373
587 628
587 453
628 747
15 606 410 
15 606
15 410
135 
132 
81 
646 782 395 
646 782
646 395
70 
113 541 317 787 
541 317
113 541
541 787
50 
94 96 
94 96
34 
77 347 200 
77 200
77 347
232 477 
232 477
82 303 452 287 
82 303
303 452
82 287
64 560 
64 560
439 697 
439 697
447 792 279 
447 792
447 279
479 770 65 
770 65
479 65
24 
271 492 47 
271 492
271 47
6 781 413 623 739 666 282 484 8 125 412 313 18 297 
6 781
413 6
623 781
739 781
666 6
282 739
484 623
8 282
125 282
412 623
313 666
18 623
297 282
10 
608 778 521 649 559 429 641 290 72 79 
608 778
521 608
649 778
559 608
429 649
641 608
290 559
72 521
79 429
4 
414 667 
414 667
366 401 574 526 272 53 683 618 624 581 
366 401
574 401
526 401
272 574
53 526
683 526
618 574
624 272
581 272
284 612 
284 612
