? 8 169 441 691 58 173 500 794 189 
? 8 528 745 142 523 199 25 764 16 
? 8 366 401 574 526 618 272 53 624 
? 8 414 766 692 319 667 409 535 352 
? 8 31 400 349 289 390 310 614 742 
? 8 118 508 685 165 542 344 117 353 
? 7 37 399 634 452 734 158 328 
? 7 171 795 415 175 488 478 160 
? 7 269 573 423 765 296 491 593 
? 7 231 514 304 129 264 438 205 
? 7 5 540 658 320 602 92 108 
? 7 370 459 550 435 163 255 120 
? 7 469 589 570 114 715 407 60 
? 7 527 683 581 622 70 679 558 
? 7 67 597 222 86 381 200 56 
? 6 280 417 355 433 202 393 
? 6 425 733 584 276 106 156 
? 6 454 631 748 180 308 567 
? 6 294 776 174 360 799 798 
? 6 426 502 23 154 0 557 
? 6 216 394 354 194 69 625 
? 6 361 493 545 586 430 335 
? 6 537 721 504 88 4 40 
? 6 90 501 616 293 601 512 
? 6 201 388 534 93 371 143 
? 6 3 274 637 79 480 730 
? 6 105 509 101 757 176 130 
? 6 177 596 116 295 244 153 
? 5 258 660 134 490 610 
? 5 487 727 672 419 267 
? 5 242 470 627 617 314 
? 5 78 661 638 511 445 
? 5 147 743 332 11 411 
? 5 164 636 155 761 41 
? 5 22 720 59 122 161 
? 5 243 797 100 357 785 
? 5 229 663 754 348 17 
? 5 391 599 13 139 522 
? 5 406 644 654 582 140 
? 4 80 575 208 552 
? 4 246 298 210 650 
? 4 123 506 759 327 
? 4 270 365 510 115 
? 4 57 166 84 286 
? 4 447 792 338 468 
? 4 209 311 405 632 
? 4 287 396 251 82 
? 4 549 671 446 697 
? 4 159 675 312 301 
? 4 104 461 26 378 
? 4 703 712 237 719 
? 4 239 281 380 546 
? 4 376 462 38 544 
? 4 47 271 492 64 
? 4 566 621 662 379 
? 4 127 600 178 213 
? 4 54 649 429 559 
? 4 203 717 565 784 
? 4 325 421 443 62 
? 4 341 563 148 132 
? 4 21 382 330 725 
? 4 749 771 615 228 
? 4 206 475 97 758 
? 4 374 698 146 782 
? 4 471 551 131 726 
? 4 224 318 299 74 
? 4 32 530 85 39 
? 4 103 579 669 427 
? 4 48 402 580 768 
? 4 28 463 519 603 
? 3 473 532 642 
? 3 572 780 249 
? 3 65 612 479 
? 3 119 688 14 
? 3 191 770 385 
? 3 75 94 66 
? 3 518 791 465 
? 3 481 605 769 
? 3 404 555 635 
? 3 247 681 33 
? 3 266 640 197 
? 3 20 472 668 
? 3 15 410 604 
? 3 204 659 192 
? 3 19 207 752 
? 3 42 716 592 
? 3 257 777 1 
? 3 288 578 456 
? 3 389 568 96 
? 3 185 240 796 
? 3 223 315 707 
? 3 7 408 709 
? 3 109 227 377 
? 3 363 384 55 
? 3 345 569 548 
? 3 466 577 34 
? 3 279 467 232 
? 3 226 708 440 
? 3 448 485 236 
!
28 463 519 603 
28 463
463 519
519 603
424 700 
424 700
118 508 685 165 542 344 117 353 
118 508
508 117
165 542
344 117
117 353
118 542
508 685
48 402 580 768 
48 580
580 768
402 580
241 713 693 71 520 343 351 598 362 133 372 
241 713
693 241
71 693
520 71
343 520
351 241
598 343
362 351
133 343
372 351
788 
448 485 236 
485 236
448 485
226 708 440 
226 440
226 708
238 656 99 334 128 744 670 76 12 113 676 651 317 608 778 541 521 
238 656
99 656
334 238
128 99
744 334
670 334
76 99
12 99
113 128
676 99
651 76
317 113
608 744
778 608
541 113
521 608
177 596 116 295 244 153 
596 116
177 244
177 596
596 295
295 153
105 509 101 757 176 130 
105 101
509 130
101 130
105 757
176 130
763 
406 644 654 582 140 
406 644
654 582
406 582
644 140
391 599 13 139 522 
391 599
391 13
139 522
599 139
756 
234 657 
234 657
229 663 754 348 17 
754 17
663 17
229 663
348 17
275 346 741 259 112 368 450 629 35 736 49 626 285 706 329 
275 346
741 346
259 346
112 275
368 275
450 275
629 450
35 450
736 450
49 275
626 112
285 736
706 112
329 626
279 467 232 
467 232
279 467
31 400 349 289 390 310 614 742 
31 289
400 289
390 742
31 390
390 310
31 349
349 614
751 
103 579 669 427 
669 427
103 579
103 669
738 
731 
67 597 222 86 381 200 56 
597 222
86 381
67 222
67 86
67 56
597 200
466 577 34 
466 577
466 34
32 530 85 39 
530 39
85 39
32 530
3 274 637 79 480 730 
274 480
637 480
3 274
637 79
637 730
170 783 302 403 61 91 107 420 773 
170 783
302 170
403 783
61 302
91 783
107 170
420 107
773 403
729 
728 
505 595 
505 595
201 388 534 93 371 143 
93 143
201 371
201 93
388 143
534 371
453 628 587 323 358 747 24 218 710 30 
453 628
587 628
323 453
358 453
747 628
24 323
218 323
710 323
30 747
414 766 692 319 667 409 535 352 
535 352
414 766
414 667
667 352
692 667
766 319
692 409
527 683 581 622 70 679 558 
622 558
581 679
527 683
683 70
70 558
581 70
27 44 762 455 746 291 46 36 655 326 722 
27 44
762 44
455 27
746 762
291 762
46 455
36 455
655 36
326 455
722 46
469 589 570 114 715 407 60 
589 407
469 60
589 114
570 715
469 114
469 715
370 459 550 435 163 255 120 
550 255
435 120
459 120
370 120
370 550
163 255
5 540 658 320 602 92 108 
540 108
5 540
602 92
540 92
5 320
658 108
345 569 548 
345 548
345 569
363 384 55 
363 55
363 384
316 591 
316 591
694 
90 501 616 293 601 512 
293 512
90 501
293 601
90 616
90 293
217 647 339 562 331 337 364 457 387 774 
217 647
339 217
562 217
331 217
337 339
364 217
457 562
387 562
774 457
231 514 304 129 264 438 205 
304 264
304 205
231 514
231 438
304 129
514 264
224 318 299 74 
224 74
318 299
318 74
689 
243 797 100 357 785 
243 357
797 100
100 357
243 785
235 646 
235 646
109 227 377 
227 377
109 377
686 
253 449 367 561 162 517 543 690 699 
253 449
367 449
561 449
162 561
517 367
543 253
690 449
699 253
7 408 709 
408 709
7 408
324 369 
324 369
223 315 707 
223 315
223 707
471 551 131 726 
471 551
131 726
551 131
185 240 796 
185 240
240 796
684 
498 714 359 682 554 87 196 187 643 790 
498 714
359 498
682 498
554 359
87 714
196 87
187 498
643 359
790 359
673 
374 698 146 782 
374 698
374 146
698 782
576 704 
576 704
366 401 574 526 618 272 53 624 
574 272
401 526
272 624
366 401
574 526
526 53
366 618
269 573 423 765 296 491 593 
573 593
423 593
765 296
269 423
296 491
269 491
206 475 97 758 
97 758
206 97
206 475
653 
652 
749 771 615 228 
615 228
771 228
749 615
50 594 
50 594
21 382 330 725 
21 330
21 382
330 725
341 563 148 132 
341 563
563 148
341 132
284 499 
284 499
325 421 443 62 
421 443
421 62
325 421
641 
277 432 
277 432
203 717 565 784 
203 717
203 565
203 784
537 721 504 88 4 40 
721 4
537 504
721 504
537 88
504 40
179 342 
179 342
54 649 429 559 
649 429
54 649
649 559
283 609 
283 609
389 568 96 
389 568
389 96
183 705 
183 705
292 677 
292 677
52 678 73 701 43 620 793 786 695 
52 678
73 678
701 73
43 73
620 73
793 701
786 620
695 793
503 560 
503 560
22 720 59 122 161 
22 122
122 161
720 59
59 122
392 787 
392 787
157 190 
157 190
361 493 545 586 430 335 
493 430
493 335
361 545
361 493
586 430
127 600 178 213 
127 178
600 178
600 213
262 664 789 630 696 779 533 723 268 442 
262 664
789 262
630 262
696 664
779 696
533 664
723 262
268 630
442 779
639 
611 
497 571 
497 571
590 
547 
525 
10 383 
10 383
606 740 
606 740
288 578 456 
288 578
288 456
516 
566 621 662 379 
621 379
566 379
566 662
477 
476 
474 
47 271 492 64 
271 64
492 64
47 64
257 777 1 
257 777
777 1
451 
376 462 38 544 
376 462
376 544
38 544
239 281 380 546 
239 281
281 380
239 546
703 712 237 719 
703 712
237 719
703 237
528 745 142 523 199 25 764 16 
523 16
528 745
25 764
142 25
745 523
523 199
528 142
439 
434 553 
434 553
216 394 354 194 69 625 
216 354
216 394
394 194
354 625
194 69
437 
431 
422 
144 585 
144 585
164 636 155 761 41 
164 636
761 41
164 155
164 761
95 193 
95 193
104 461 26 378 
461 378
104 26
104 461
159 675 312 301 
159 301
675 301
675 312
147 743 332 11 411 
147 332
743 411
743 11
147 11
151 556 
151 556
135 188 
135 188
426 502 23 154 0 557 
426 154
426 23
502 23
502 0
0 557
42 716 592 
716 592
42 592
549 671 446 697 
549 697
671 446
549 671
78 661 638 511 445 
661 511
78 511
78 638
661 445
373 
2 613 648 732 718 265 633 386 665 136 195 83 168 152 211 
2 613
648 613
732 2
718 2
265 613
633 613
386 265
665 613
136 386
195 732
83 665
168 633
152 386
211 648
340 
287 396 251 82 
287 396
396 82
396 251
294 776 174 360 799 798 
294 776
294 174
174 798
360 799
776 360
77 252 
77 252
182 322 167 416 524 248 607 645 737 531 124 
182 322
167 182
416 322
524 167
248 182
607 322
645 524
737 524
531 607
124 416
209 311 405 632 
405 632
209 405
209 311
447 792 338 468 
792 338
447 792
447 468
303 
19 207 752 
19 207
19 752
454 631 748 180 308 567 
631 748
454 748
308 567
454 180
454 308
204 659 192 
204 192
659 192
171 795 415 175 488 478 160 
175 488
171 415
795 175
171 795
171 478
175 160
507 724 
507 724
15 410 604 
15 410
410 604
9 529 
9 529
263 
57 166 84 286 
166 286
57 166
166 84
444 489 
444 489
230 300 
230 300
45 68 
45 68
464 494 138 214 278 515 398 110 397 220 
464 494
138 464
214 494
278 464
515 214
398 278
110 214
397 214
220 138
425 733 584 276 106 156 
425 733
276 156
425 584
425 156
733 106
51 583 
51 583
20 472 668 
20 472
20 668
266 640 197 
266 197
266 640
242 470 627 617 314 
470 617
627 314
617 314
242 470
270 365 510 115 
270 365
365 510
365 115
123 506 759 327 
123 759
123 506
123 327
261 
487 727 672 419 267 
487 727
727 419
672 267
487 672
247 681 33 
247 33
247 681
404 555 635 
404 555
555 635
336 347 
336 347
181 350 
181 350
184 221 356 760 172 619 395 309 307 
184 221
356 221
760 184
172 221
619 184
395 221
309 760
307 356
254 
258 660 134 490 610 
258 660
660 134
490 610
660 490
145 486 
145 486
481 605 769 
481 605
605 769
233 
518 791 465 
518 465
518 791
225 
215 
483 775 
483 775
37 399 634 452 734 158 328 
399 734
37 399
399 452
634 158
37 634
734 328
680 702 772 687 428 564 333 126 212 418 375 
680 702
772 702
687 702
428 680
564 680
333 680
126 428
212 772
418 212
375 772
198 
186 
169 441 691 58 173 500 794 189 
691 58
169 441
58 189
173 189
441 58
169 794
441 500
280 417 355 433 202 393 
280 393
417 393
417 355
355 202
433 393
75 94 66 
75 94
75 66
150 
149 
137 
191 770 385 
191 385
191 770
121 
246 298 210 650 
246 298
298 650
210 650
102 
458 735 
458 735
98 
119 688 14 
688 14
119 688
250 290 
250 290
80 575 208 552 
575 552
80 552
80 208
89 750 
89 750
273 539 
273 539
65 612 479 
65 479
65 612
572 780 249 
572 780
572 249
81 
473 532 642 
473 532
532 642
6 781 623 413 739 282 666 484 125 297 313 8 412 18 
6 781
623 781
413 781
739 413
282 6
666 6
484 623
125 282
297 125
313 666
8 739
412 623
18 623
72 
111 460 260 767 141 513 495 256 538 305 
111 460
260 460
767 260
141 111
513 767
495 460
256 767
538 111
305 538
63 
674 711 
674 711
29 306 219 588 245 321 496 753 755 482 
29 306
219 306
588 306
245 306
321 245
496 588
753 245
755 496
482 29
436 536 
436 536
