? 12 7 41 169 317 319 515 132 757 571 390 393 790 
? 12 250 464 43 718 548 581 616 622 172 786 742 297 
? 12 111 438 247 274 447 272 602 453 732 431 54 434 
? 11 342 635 409 502 15 121 682 369 163 476 506 
? 11 23 103 308 716 727 367 200 516 468 175 763 
? 11 222 365 484 9 239 776 298 299 238 171 281 
? 11 49 82 451 59 118 729 304 284 674 445 637 
? 11 249 529 788 315 360 630 537 384 192 64 481 
? 11 147 168 650 511 404 782 271 649 75 634 72 
? 10 340 414 224 383 334 20 770 126 286 184 
? 10 267 771 268 73 131 560 123 225 42 228 
? 10 378 642 536 503 153 279 240 552 361 497 
? 10 534 603 343 410 566 443 577 379 498 645 
? 10 311 780 465 282 323 779 161 436 697 3 
? 10 47 723 789 743 235 34 730 353 753 444 
? 9 94 157 504 653 512 170 587 99 95 
? 9 601 746 421 712 428 227 301 429 214 
? 9 120 415 358 257 704 513 354 706 609 
? 8 357 551 684 237 243 430 266 612 
? 8 90 675 234 554 33 734 491 627 
? 8 144 638 499 220 456 143 79 396 
? 8 578 773 252 39 84 219 359 701 
? 8 66 570 150 518 377 278 61 620 
? 8 11 287 307 797 159 215 459 91 
? 8 294 372 12 714 784 186 80 510 
? 8 218 441 761 68 183 305 223 139 
? 8 380 694 765 467 466 134 557 213 
? 8 141 687 292 427 275 1 55 77 
? 7 391 600 608 37 702 535 541 
? 7 71 722 514 329 290 666 719 
? 7 193 693 104 180 185 197 519 
? 7 124 439 525 558 344 661 190 
? 7 352 500 374 440 52 127 672 
? 7 188 483 708 189 532 597 576 
? 7 333 764 81 505 50 449 152 
? 7 647 673 32 754 146 125 738 
? 6 395 591 265 179 313 663 
? 6 750 751 151 363 149 474 
? 6 202 433 564 469 232 495 
? 6 341 659 8 766 201 246 
? 6 280 540 2 575 561 283 
? 6 335 565 260 58 212 24 
? 6 508 652 522 589 747 791 
? 6 216 256 145 507 387 370 
? 6 585 699 17 632 191 321 
? 6 426 688 794 760 245 610 
? 6 138 604 10 411 567 412 
? 6 665 686 83 36 547 556 
? 5 40 336 62 128 345 
? 5 492 717 258 325 356 
? 5 454 678 229 549 173 
? 5 19 698 302 643 539 
? 5 207 692 482 233 420 
? 5 107 569 217 288 550 
? 5 276 629 29 5 639 
? 5 86 685 531 574 562 
? 5 646 772 96 115 85 
? 5 349 381 709 641 116 
? 5 485 740 160 798 596 
? 5 494 683 501 162 584 
? 4 65 407 196 580 
? 4 423 473 92 226 
? 4 51 644 496 416 
? 4 736 777 720 244 
? 4 109 583 621 56 
? 4 28 262 728 546 
? 4 397 605 611 749 
? 4 102 478 210 178 
? 4 98 658 435 526 
? 4 277 667 4 615 
? 4 296 375 625 101 
? 4 489 739 640 318 
? 4 88 167 458 236 
? 4 432 705 555 206 
? 4 285 450 174 44 
? 4 209 320 289 25 
? 4 110 668 331 273 
? 4 300 648 710 130 
? 3 339 572 248 
? 3 422 695 768 
? 3 198 309 119 
? 3 67 475 242 
? 3 108 607 122 
? 3 106 787 27 
? 3 89 486 0 
? 3 129 690 230 
? 3 211 680 463 
? 3 350 759 401 
? 3 6 460 670 
!
30 582 45 142 461 231 626 748 654 493 241 254 405 700 60 
30 582
45 582
142 45
461 30
231 582
626 461
748 142
654 142
493 45
241 654
254 748
405 45
700 405
60 654
141 687 292 427 275 1 55 77 
687 292
141 292
275 1
427 77
427 1
141 1
55 77
783 
147 168 650 511 404 782 271 649 75 634 72 
271 649
168 511
511 271
649 72
147 168
168 782
650 782
271 634
782 75
404 75
47 723 789 743 235 34 730 353 753 444 
47 34
743 235
47 235
723 34
723 789
723 753
730 753
353 753
789 444
6 460 670 
6 460
6 670
774 
46 140 
46 140
386 528 617 177 31 524 545 355 76 21 681 769 53 324 
386 528
617 528
177 617
31 177
524 177
545 386
355 617
76 386
21 76
681 355
769 545
53 76
324 31
494 683 501 162 584 
501 584
683 501
494 683
683 162
380 694 765 467 466 134 557 213 
694 466
380 466
380 213
380 467
557 213
694 134
765 467
249 529 788 315 360 630 537 384 192 64 481 
249 529
529 192
249 384
315 630
788 630
537 384
315 481
529 315
537 64
360 537
665 686 83 36 547 556 
686 83
665 686
686 547
665 556
665 36
199 544 
199 544
300 648 710 130 
300 710
300 648
648 130
120 415 358 257 704 513 354 706 609 
257 704
120 415
257 354
415 513
358 257
120 354
513 609
358 706
485 740 160 798 596 
485 798
485 740
160 596
740 160
350 759 401 
350 401
350 759
211 680 463 
680 463
211 463
111 438 247 274 447 272 602 453 732 431 54 434 
438 274
111 274
247 54
247 447
438 54
732 434
453 431
732 54
274 272
111 453
272 602
349 381 709 641 116 
709 116
381 709
381 641
349 709
218 441 761 68 183 305 223 139 
441 68
441 761
218 441
761 183
761 223
68 305
218 139
110 668 331 273 
668 331
110 668
668 273
49 82 451 59 118 729 304 284 674 445 637 
82 729
674 637
729 304
49 59
304 284
82 674
284 445
451 118
49 82
118 674
294 372 12 714 784 186 80 510 
784 186
372 784
294 80
372 12
294 186
714 80
714 510
767 
209 320 289 25 
209 25
209 289
320 25
93 389 
93 389
527 563 623 314 664 348 259 362 87 255 457 588 530 523 656 38 
527 563
623 563
314 527
664 563
348 563
259 623
362 259
87 259
255 259
457 348
588 314
530 527
523 362
656 664
38 664
285 450 174 44 
285 44
174 44
450 44
138 604 10 411 567 412 
604 10
604 567
138 411
138 412
138 604
735 
11 287 307 797 159 215 459 91 
287 459
797 159
215 459
11 159
11 287
797 91
11 307
137 669 368 721 117 112 795 775 594 595 799 703 221 651 437 
137 669
368 669
721 137
117 669
112 721
795 721
775 368
594 795
595 721
799 721
703 775
221 703
651 775
437 651
646 772 96 115 85 
772 96
646 772
96 85
646 115
647 673 32 754 146 125 738 
647 32
754 125
647 673
673 125
32 738
673 146
14 251 
14 251
129 690 230 
129 230
129 690
432 705 555 206 
432 555
705 555
705 206
662 752 35 479 306 105 470 316 269 677 48 521 148 689 392 793 559 599 785 114 195 338 
662 752
35 662
479 752
306 479
105 35
470 479
316 35
269 479
677 35
48 35
521 752
148 35
689 470
392 269
793 752
559 793
599 559
785 470
114 48
195 793
338 114
222 365 484 9 239 776 298 299 238 171 281 
365 299
484 299
222 299
298 171
365 9
222 776
238 281
776 298
9 239
776 238
88 167 458 236 
458 236
88 167
88 236
333 764 81 505 50 449 152 
764 81
333 81
81 449
333 152
505 449
764 50
660 
66 570 150 518 377 278 61 620 
518 61
66 61
66 570
570 150
518 620
570 377
278 620
135 417 
135 417
426 688 794 760 245 610 
688 245
426 688
426 794
426 760
794 610
489 739 640 318 
739 640
489 640
489 318
203 419 448 133 624 176 655 261 573 156 165 394 715 
203 419
448 419
133 203
624 419
176 133
655 419
261 176
573 655
156 448
165 261
394 573
715 394
601 746 421 712 428 227 301 429 214 
746 421
429 214
601 746
712 428
227 301
421 227
421 428
428 214
296 375 625 101 
375 625
296 375
375 101
277 667 4 615 
277 615
667 4
277 4
23 103 308 716 727 367 200 516 468 175 763 
103 308
727 175
103 175
308 516
516 468
23 103
23 716
367 516
23 200
716 763
188 483 708 189 532 597 576 
189 532
483 708
188 483
483 532
708 576
532 597
194 452 671 347 520 488 762 63 568 16 403 78 472 455 631 97 755 
194 452
671 452
347 452
520 347
488 671
762 194
63 347
568 347
16 520
403 16
78 671
472 568
455 452
631 671
97 455
755 455
509 579 
509 579
70 310 
70 310
89 486 0 
89 0
89 486
250 464 43 718 548 581 616 622 172 786 742 297 
786 742
43 742
43 548
250 172
250 297
464 297
464 548
464 718
581 172
718 622
581 616
618 
352 500 374 440 52 127 672 
500 374
352 500
352 440
500 52
440 672
52 127
578 773 252 39 84 219 359 701 
578 359
773 39
252 219
578 773
578 219
39 84
359 701
586 
487 
585 699 17 632 191 321 
699 17
585 699
17 191
699 321
585 632
399 
346 731 
346 731
98 658 435 526 
435 526
98 526
658 435
106 787 27 
106 787
787 27
144 638 499 220 456 143 79 396 
499 396
144 638
143 79
144 220
220 396
144 456
456 143
263 270 376 166 330 337 691 291 744 628 726 400 733 606 477 619 293 418 181 22 253 408 543 480 
263 270
376 263
166 263
330 376
337 263
691 166
291 691
744 270
628 270
726 166
400 744
733 337
606 270
477 733
619 726
293 628
418 477
181 477
22 691
253 400
408 619
543 253
480 400
311 780 465 282 323 779 161 436 697 3 
779 697
323 436
311 780
465 697
780 465
282 779
161 3
311 3
282 323
398 
124 439 525 558 344 661 190 
124 190
439 661
439 525
558 661
124 439
525 344
385 
216 256 145 507 387 370 
256 370
216 256
216 387
145 387
216 507
102 478 210 178 
478 178
102 478
210 178
193 693 104 180 185 197 519 
693 185
193 693
193 180
104 519
104 185
197 519
373 
71 722 514 329 290 666 719 
329 290
71 290
514 666
71 722
71 514
666 719
397 605 611 749 
397 749
605 611
605 749
534 603 343 410 566 443 577 379 498 645 
443 645
379 498
534 603
343 498
566 577
410 577
603 343
534 577
603 645
86 685 531 574 562 
86 531
86 685
86 574
685 562
108 607 122 
108 607
607 122
90 675 234 554 33 734 491 627 
234 627
90 234
90 734
90 675
675 554
33 734
554 491
391 600 608 37 702 535 541 
391 702
600 608
702 535
391 608
608 37
37 541
366 
508 652 522 589 747 791 
652 747
589 747
508 522
508 652
652 791
264 613 
264 613
74 711 
74 711
94 157 504 653 512 170 587 99 95 
504 170
94 170
94 157
512 587
587 99
653 512
653 95
157 512
327 696 
327 696
332 
335 565 260 58 212 24 
335 212
565 260
565 58
260 212
260 24
7 41 169 317 319 515 132 757 571 390 393 790 
169 757
7 41
169 393
41 790
319 132
317 515
390 790
7 393
132 571
7 319
515 790
303 
357 551 684 237 243 430 266 612 
357 243
266 612
357 430
551 684
237 612
551 266
551 243
67 475 242 
67 475
475 242
276 629 29 5 639 
629 29
276 5
5 639
276 629
107 569 217 288 550 
569 550
217 288
107 217
107 569
28 262 728 546 
28 728
262 728
28 546
207 692 482 233 420 
207 482
207 692
207 420
482 233
164 
109 583 621 56 
109 583
583 56
621 56
198 309 119 
198 309
309 119
736 777 720 244 
736 777
720 244
777 244
280 540 2 575 561 283 
540 283
561 283
2 283
280 540
280 575
341 659 8 766 201 246 
201 246
341 659
659 8
766 201
341 766
51 644 496 416 
644 496
51 416
496 416
155 
19 698 302 643 539 
698 539
19 698
302 643
19 643
422 695 768 
422 695
695 768
342 635 409 502 15 121 682 369 163 476 506 
121 476
342 635
502 369
635 163
635 121
682 163
342 409
409 502
682 506
409 15
388 745 
388 745
382 593 
382 593
208 471 424 328 657 636 158 371 406 724 796 792 442 
208 471
424 471
328 208
657 328
636 424
158 471
371 636
406 371
724 657
796 657
792 406
442 796
378 642 536 503 153 279 240 552 361 497 
153 497
503 552
378 642
503 240
279 497
378 536
153 552
642 552
536 361
423 473 92 226 
423 473
423 226
92 226
339 572 248 
572 248
339 248
187 402 
187 402
113 
100 
454 678 229 549 173 
454 229
678 229
229 549
229 173
492 717 258 325 356 
717 356
717 325
492 356
492 258
65 407 196 580 
65 196
407 196
65 580
26 322 781 542 351 538 633 517 756 425 204 707 205 490 676 312 713 154 446 533 
26 322
781 26
542 26
351 781
538 26
633 538
517 781
756 633
425 517
204 633
707 425
205 633
490 205
676 633
312 707
713 351
154 538
446 425
533 781
592 778 
592 778
69 
364 737 
364 737
40 336 62 128 345 
40 345
62 345
40 336
128 345
202 433 564 469 232 495 
433 564
202 564
202 495
202 469
433 232
267 771 268 73 131 560 123 225 42 228 
560 42
267 771
73 131
131 123
123 42
268 123
268 228
267 268
267 225
553 598 590 182 741 326 679 295 725 136 614 413 758 
553 598
590 598
182 590
741 598
326 598
679 553
295 553
725 741
136 182
614 553
413 295
758 182
18 
750 751 151 363 149 474 
751 149
750 474
750 363
751 363
151 149
340 414 224 383 334 20 770 126 286 184 
224 20
414 383
383 334
414 224
340 414
340 126
340 770
224 286
126 184
57 462 
57 462
13 
395 591 265 179 313 663 
591 313
591 663
395 663
591 179
265 663
