? 12 82 451 49 59 284 674 304 445 637 124 118 729 
? 12 553 598 590 326 182 741 679 295 725 265 18 413 
? 12 249 529 315 788 364 360 64 537 192 630 384 481 
? 11 395 591 179 313 503 497 663 153 552 331 361 
? 11 7 41 169 317 319 132 757 393 515 618 571 
? 11 103 308 727 23 367 716 745 468 13 175 790 
? 11 578 773 252 39 84 281 359 219 482 289 288 
? 11 31 617 177 528 386 355 133 176 524 681 419 
? 11 311 780 465 779 3 184 282 144 161 126 396 
? 10 30 582 45 461 142 626 493 231 748 544 
? 10 208 471 328 424 636 657 406 796 158 724 
? 10 218 441 761 68 183 140 305 46 597 554 
? 10 421 601 746 227 712 255 428 301 696 429 
? 10 266 612 551 592 237 357 89 684 0 197 
? 10 534 603 343 498 566 410 577 645 443 379 
? 9 380 694 466 765 574 467 557 134 206 
? 9 378 642 14 536 279 240 668 110 52 
? 9 221 703 775 651 401 737 760 610 480 
? 8 374 440 500 672 188 352 483 708 
? 8 147 650 723 168 404 789 271 47 
? 8 180 454 104 693 678 185 229 202 
? 8 250 464 43 581 718 548 742 318 
? 8 21 77 76 629 545 366 53 276 
? 8 141 292 427 687 275 332 143 146 
? 8 267 771 131 73 268 560 123 214 
? 8 494 683 659 394 501 201 162 655 
? 8 19 698 643 478 210 561 539 102 
? 8 66 570 150 377 518 510 61 620 
? 7 363 373 632 750 751 474 699 
? 7 81 333 241 764 152 654 165 
? 7 203 448 624 261 156 625 769 
? 7 391 600 702 402 608 611 541 
? 7 71 514 739 666 722 719 720 
? 7 647 649 673 32 634 511 423 
? 7 113 535 533 383 154 37 770 
? 7 10 212 717 411 260 604 186 
? 6 675 734 90 234 491 33 
? 6 83 686 125 36 665 547 
? 6 335 784 294 565 487 58 
? 6 216 256 387 507 145 728 
? 6 439 525 558 408 190 661 
? 6 405 667 700 215 199 4 
? 6 303 609 60 254 513 415 
? 6 290 736 794 62 329 688 
? 6 469 564 433 173 389 616 
? 6 257 358 704 735 706 354 
? 6 8 341 766 715 573 246 
? 6 55 639 5 79 196 100 
? 5 228 300 217 225 648 
? 5 11 307 287 459 797 
? 5 496 641 607 381 108 
? 5 127 251 189 532 273 
? 5 576 767 791 589 652 
? 5 508 522 747 613 139 
? 5 42 710 69 569 309 
? 5 109 583 621 627 417 
? 5 6 580 407 584 28 
? 5 730 743 101 29 34 
? 5 88 167 711 236 458 
? 5 193 430 243 519 549 
? 4 540 575 280 283 
? 4 432 705 149 213 
? 4 207 692 556 278 
? 4 605 749 187 397 
? 4 106 302 27 398 
? 4 75 782 72 92 
? 4 325 492 24 356 
? 4 138 248 567 122 
? 4 473 754 148 70 
? 4 86 685 531 562 
? 4 463 680 211 390 
? 4 296 449 324 505 
? 4 372 714 12 793 
? 4 85 772 646 96 
? 4 155 615 277 56 
? 4 412 709 572 339 
? 4 97 382 593 198 
? 4 638 697 499 323 
? 3 40 336 426 
? 3 350 786 759 
? 3 285 450 44 
? 3 209 233 320 
? 3 128 345 57 
? 3 67 475 579 
? 3 160 740 151 
? 3 107 442 550 
? 3 74 321 191 
? 3 489 640 622 
? 3 399 546 262 
!
527 563 623 259 314 664 348 362 656 38 87 530 523 588 457 
527 563
623 563
259 623
314 527
664 623
348 563
362 259
656 563
38 664
87 623
530 563
523 362
588 314
457 348
66 570 150 377 518 510 61 620 
150 510
518 61
66 61
66 570
570 510
377 510
518 620
792 
311 780 465 779 3 184 282 144 161 126 396 
779 396
311 780
779 126
465 144
780 465
465 126
282 396
3 161
311 3
184 282
534 603 343 498 566 410 577 645 443 379 
645 443
498 379
534 603
343 498
566 577
410 577
603 343
534 577
603 645
399 546 262 
399 546
399 262
778 
232 495 
232 495
94 157 504 95 653 170 587 99 51 512 644 416 349 783 
94 157
504 157
95 94
653 157
170 95
587 653
99 587
51 94
512 99
644 99
416 170
349 653
783 157
193 430 243 519 549 
430 243
193 430
243 519
243 549
19 698 643 478 210 561 539 102 
698 102
539 102
478 539
210 561
19 698
698 561
643 561
31 617 177 528 386 355 133 176 524 681 419 
177 176
31 528
133 176
528 386
355 524
617 133
617 355
386 355
133 419
524 681
55 639 5 79 196 100 
55 639
5 100
79 100
55 196
639 100
25 310 
25 310
638 697 499 323 
638 697
697 499
697 323
221 703 775 651 401 737 760 610 480 
221 775
651 760
703 651
703 775
401 760
401 610
221 737
221 480
88 167 711 236 458 
711 236
236 458
88 167
88 236
489 640 622 
489 622
640 622
74 321 191 
74 191
74 321
249 529 315 788 364 360 64 537 192 630 384 481 
249 529
529 192
249 384
315 630
788 630
537 384
315 481
529 315
64 537
360 537
364 64
730 743 101 29 34 
101 29
743 29
743 34
730 743
494 683 659 394 501 201 162 655 
394 655
659 655
201 162
494 394
683 394
683 501
659 162
97 382 593 198 
382 198
97 382
382 593
578 773 252 39 84 281 359 219 482 289 288 
281 359
578 359
773 39
84 289
252 219
578 773
578 219
482 289
39 84
219 288
267 771 131 73 268 560 123 214 
267 771
131 73
131 123
268 123
560 123
267 268
771 214
774 
412 709 572 339 
412 709
412 339
709 572
50 375 
50 375
721 795 799 690 112 137 595 437 669 129 594 368 274 596 230 431 
721 795
799 721
690 721
112 721
137 795
595 721
437 795
669 137
129 437
594 437
368 137
274 799
596 799
230 437
431 799
155 615 277 56 
615 277
155 277
615 56
8 341 766 715 573 246 
8 715
8 341
766 246
341 766
715 573
614 
141 292 427 687 275 332 143 146 
292 146
292 687
141 146
687 332
143 146
427 275
141 427
111 438 247 447 453 272 602 434 732 54 172 485 798 297 93 
111 438
247 111
447 247
453 438
272 453
602 272
434 247
732 434
54 247
172 272
485 434
798 732
297 172
93 272
6 580 407 584 28 
6 584
407 584
580 28
6 580
10 212 717 411 260 604 186 
212 717
10 604
212 186
212 260
10 717
717 411
91 486 
91 486
107 442 550 
442 550
107 442
85 772 646 96 
772 96
772 646
85 96
662 752 35 306 269 479 48 521 470 105 677 114 689 316 392 599 785 559 777 195 244 338 
662 752
35 662
306 662
269 306
479 269
48 35
521 662
470 269
105 35
677 35
114 105
689 470
316 677
392 479
599 306
785 689
559 599
777 269
195 599
244 785
338 114
103 308 727 23 367 716 745 468 13 175 790 
103 308
727 175
727 745
103 175
103 23
23 716
367 745
308 468
367 13
727 790
372 714 12 793 
372 12
372 714
714 793
113 535 533 383 154 37 770 
113 535
383 154
154 770
533 37
113 37
113 383
586 
21 77 76 629 545 366 53 276 
21 77
76 53
21 545
76 366
545 53
77 276
629 545
130 660 
130 660
257 358 704 735 706 354 
257 704
257 354
257 358
735 354
358 706
296 449 324 505 
296 505
296 324
449 505
286 422 224 20 695 526 435 334 414 340 658 98 371 
286 422
224 286
20 224
695 422
526 695
435 526
334 20
414 224
340 414
658 695
98 658
371 526
378 642 14 536 279 240 668 110 52 
378 642
378 536
668 110
536 110
14 52
14 536
240 110
642 279
463 680 211 390 
463 680
463 390
211 390
86 685 531 562 
86 531
86 685
685 562
7 41 169 317 319 132 757 393 515 618 571 
169 757
7 41
169 393
319 132
317 515
7 393
132 571
757 618
7 319
515 618
647 649 673 32 634 511 423 
32 423
647 32
649 511
32 634
647 673
649 634
194 452 671 520 347 762 488 16 755 568 63 403 78 455 472 258 631 
194 452
671 452
520 194
347 520
762 194
488 671
16 452
755 452
568 347
63 568
403 16
78 347
455 755
472 347
258 455
631 488
2 787 
2 787
159 164 
159 164
160 740 151 
160 740
740 151
553 598 590 326 182 741 679 295 725 265 18 413 
182 18
295 413
598 590
598 741
553 741
679 295
553 326
553 679
326 725
598 182
725 265
585 
71 514 739 666 722 719 720 
514 666
71 722
71 514
666 719
739 666
722 720
250 464 43 581 718 548 742 318 
43 742
43 548
250 464
464 548
464 718
742 318
250 581
555 
460 
469 564 433 173 389 616 
389 616
564 433
173 616
469 564
564 389
420 
200 388 
200 388
473 754 148 70 
473 754
473 148
754 70
67 475 579 
475 579
67 475
180 454 104 693 678 185 229 202 
180 454
693 185
454 229
104 678
104 185
454 693
180 202
263 270 376 166 330 337 691 628 726 733 744 400 477 293 291 543 619 181 22 253 606 117 418 17 
263 270
376 263
166 270
330 263
337 263
691 330
628 263
726 166
733 337
744 166
400 691
477 733
293 166
291 691
543 744
619 726
181 733
22 691
253 543
606 619
117 400
418 337
17 181
266 612 551 592 237 357 89 684 0 197 
266 612
89 197
592 0
551 684
612 237
266 551
237 0
237 197
551 357
385 
391 600 702 402 608 611 541 
391 702
600 608
608 611
391 608
611 541
600 402
370 
290 736 794 62 329 688 
290 329
736 794
736 688
794 62
62 329
138 248 567 122 
138 248
138 567
138 122
203 448 624 261 156 625 769 
203 448
448 624
156 625
624 261
625 769
448 625
353 
81 333 241 764 152 654 165 
81 764
152 654
81 241
81 333
764 165
333 152
325 492 24 356 
325 356
492 24
492 356
421 601 746 227 712 255 428 301 696 429 
421 746
601 255
601 746
712 428
227 301
421 227
421 428
428 429
301 696
109 583 621 627 417 
109 583
621 417
583 621
627 417
128 345 57 
128 345
345 57
147 650 723 168 404 789 271 47 
147 168
168 271
650 723
650 789
723 47
650 168
147 404
363 373 632 750 751 474 699 
373 750
632 751
363 373
750 474
363 632
363 699
327 
303 609 60 254 513 415 
60 513
303 609
513 415
303 254
303 513
346 731 
346 731
226 738 
226 738
380 694 466 765 574 467 557 134 206 
574 134
694 466
380 466
380 467
694 574
765 467
557 206
380 557
1 753 
1 753
264 
405 667 700 215 199 4 
405 667
667 700
700 199
405 4
215 4
82 451 49 59 284 674 304 445 637 124 118 729 
82 729
674 637
304 729
49 59
284 304
82 674
284 445
451 118
637 124
82 49
674 118
245 
374 440 500 672 188 352 483 708 
374 500
672 483
500 352
440 188
440 352
440 483
483 708
209 233 320 
209 233
209 320
42 710 69 569 309 
42 569
42 710
69 569
42 309
508 522 747 613 139 
508 522
747 139
508 747
522 613
75 782 72 92 
75 92
75 782
782 72
576 767 791 589 652 
576 589
589 652
791 652
767 589
223 
106 302 27 398 
27 398
302 398
106 398
285 450 44 
285 44
450 44
605 749 187 397 
749 397
605 187
749 187
439 525 558 408 190 661 
439 661
439 525
558 661
408 190
408 661
216 256 387 507 145 728 
216 256
216 387
387 728
387 145
507 728
207 692 556 278 
207 556
207 692
207 278
174 
127 251 189 532 273 
127 251
189 532
127 189
532 273
350 786 759 
350 759
786 759
395 591 179 313 503 497 663 153 552 331 361 
497 153
503 552
591 313
591 663
395 663
153 552
591 503
331 361
179 503
179 361
242 509 
242 509
178 344 
178 344
342 635 409 121 15 502 682 80 369 516 506 163 476 
342 635
409 342
121 342
15 409
502 409
682 502
80 342
369 409
516 682
506 682
163 15
476 121
218 441 761 68 183 140 305 46 597 554 
140 46
441 597
218 597
68 597
441 761
305 554
761 183
46 554
218 140
432 705 149 213 
432 705
432 149
705 213
40 336 426 
40 336
336 426
462 763 
462 763
135 
120 
496 641 607 381 108 
641 108
607 108
496 641
607 381
11 307 287 459 797 
287 459
11 287
11 797
11 307
540 575 280 283 
540 283
540 280
540 575
26 322 781 351 517 538 633 542 707 756 204 456 205 312 425 490 713 676 446 220 
26 322
781 26
351 781
517 781
538 322
633 538
542 781
707 517
756 633
204 633
456 322
205 633
312 707
425 312
490 205
713 781
676 633
446 425
220 538
136 758 
136 758
119 
65 670 
65 670
228 300 217 225 648 
228 300
228 648
217 648
300 225
335 784 294 565 487 58 
335 784
565 58
784 294
294 487
335 565
208 471 328 424 636 657 406 796 158 724 
471 424
208 328
208 471
208 657
406 796
657 796
636 406
158 724
657 724
222 365 484 171 9 776 299 298 239 238 701 436 768 
222 365
484 222
171 365
9 365
776 484
299 776
298 484
239 222
238 9
701 238
436 365
768 171
116 
83 686 125 36 665 547 
83 686
686 665
125 547
83 125
36 665
30 582 45 461 142 626 493 231 748 544 
30 582
45 461
45 748
582 626
45 142
461 626
30 493
493 231
231 544
235 444 
235 444
115 
675 734 90 234 491 33 
90 234
734 90
675 90
734 33
675 491
