? 12 457 648 228 348 225 130 300 530 123 631 314 660 
? 12 95 416 170 403 504 94 16 157 472 78 762 194 
? 12 68 218 761 441 140 305 597 46 223 183 532 554 
? 11 293 606 27 628 558 106 619 477 263 525 302 
? 11 294 372 714 12 518 476 186 80 784 487 335 
? 11 498 537 443 360 385 603 645 534 64 343 57 
? 11 354 413 704 295 358 735 136 415 706 758 257 
? 11 350 759 688 426 610 794 577 401 128 736 336 
? 11 26 322 542 781 517 351 538 633 756 707 154 
? 10 329 722 71 720 666 719 290 514 777 244 
? 10 347 520 568 452 63 671 327 588 488 656 
? 10 578 773 252 9 219 39 84 281 359 238 
? 10 325 492 356 24 717 593 260 212 258 58 
? 10 109 621 583 56 135 417 234 33 185 627 
? 10 284 729 445 178 118 210 59 102 478 82 
? 9 37 541 608 713 533 399 611 546 391 
? 9 181 733 418 17 337 585 321 74 699 
? 9 203 419 624 655 261 715 50 573 165 
? 8 494 683 162 394 201 659 341 766 
? 8 269 479 392 470 689 774 785 778 
? 8 209 320 3 233 547 161 665 207 
? 8 278 692 482 420 556 377 36 61 
? 8 158 657 724 328 131 208 796 69 
? 8 444 650 147 404 168 723 789 235 
? 8 119 309 198 217 97 288 455 382 
? 8 79 639 55 143 490 456 205 204 
? 8 159 459 91 11 797 287 307 486 
? 8 313 663 265 591 772 590 395 679 
? 7 264 613 491 522 508 229 180 
? 7 271 511 72 1 634 649 275 
? 7 7 319 132 41 169 317 571 
? 7 40 345 62 369 379 763 559 
? 7 406 792 371 636 424 471 526 
? 7 326 598 553 741 182 614 18 
? 7 104 693 193 430 454 678 684 
? 7 750 751 474 151 149 373 543 
? 6 440 672 374 708 188 483 
? 6 73 560 268 267 771 710 
? 6 216 256 507 145 387 370 
? 6 107 569 550 701 442 299 
? 6 4 215 277 155 667 725 
? 6 87 623 563 259 527 362 
? 6 237 551 197 357 266 243 
? 6 32 754 738 226 310 647 
? 6 30 582 461 45 142 231 
? 6 28 262 728 242 187 579 
? 6 222 365 298 484 171 768 
? 6 346 731 730 743 101 626 
? 5 429 523 214 712 255 
? 5 405 700 748 199 493 
? 5 21 77 276 53 629 
? 5 254 609 303 60 152 
? 5 0 89 612 519 592 
? 5 286 422 695 224 435 
? 5 352 500 52 127 189 
? 5 304 451 637 49 211 
? 5 144 638 499 220 697 
? 5 150 570 510 66 195 
? 5 81 333 764 241 654 
? 5 390 618 790 388 200 
? 4 572 709 116 412 
? 4 153 279 503 642 
? 4 227 301 696 38 
? 4 296 625 449 324 
? 4 240 536 361 110 
? 4 282 779 396 126 
? 4 292 332 141 687 
? 4 163 409 342 121 
? 4 160 485 740 732 
? 4 34 753 29 47 
? 4 652 747 139 589 
? 4 331 552 668 497 
? 4 248 339 567 604 
? 4 184 436 323 658 
? 4 425 446 312 383 
? 4 10 411 506 122 
? 4 83 686 125 473 
? 4 113 535 702 600 
? 3 421 601 746 
? 3 311 780 465 
? 3 90 675 734 
? 3 340 414 334 
? 3 239 289 98 
? 3 462 716 410 
? 3 428 664 783 
? 3 363 632 798 
? 3 402 749 397 
? 3 44 285 450 
? 3 463 515 680 
!
65 460 196 407 580 6 670 584 5 76 366 100 681 501 509 
65 460
196 460
407 65
580 65
6 580
670 407
584 580
5 196
76 670
366 76
100 196
681 670
501 584
509 6
313 663 265 591 772 590 395 679 
313 591
663 591
663 395
313 772
663 590
590 679
265 772
776 
26 322 542 781 517 351 538 633 756 707 154 
26 322
26 707
26 781
538 707
781 351
633 756
542 517
633 707
542 154
542 538
284 729 445 178 118 210 59 102 478 82 
445 210
729 82
178 59
729 178
284 210
178 478
284 729
102 478
118 82
463 515 680 
463 680
463 515
767 
191 711 
191 711
280 540 283 2 539 575 561 787 586 398 19 458 236 643 
280 540
283 540
2 540
539 2
575 283
561 539
787 575
586 280
398 787
19 539
458 586
236 458
643 561
390 618 790 388 200 
790 388
390 618
390 388
618 200
159 459 91 11 797 287 307 486 
11 486
459 287
159 797
159 11
11 287
307 486
91 797
350 759 688 426 610 794 577 401 128 736 336 
350 426
794 736
350 401
688 426
688 736
577 401
759 688
794 336
610 336
794 128
346 731 730 743 101 626 
346 626
743 101
730 743
346 731
730 626
505 544 
505 544
113 535 702 600 
113 535
113 702
702 600
203 419 624 655 261 715 50 573 165 
203 419
624 50
573 165
655 715
261 165
624 573
203 624
715 50
81 333 764 241 654 
81 764
81 241
81 333
333 654
44 285 450 
44 285
44 450
402 749 397 
402 749
749 397
68 218 761 441 140 305 597 46 223 183 532 554 
140 46
441 597
218 597
68 597
761 441
305 554
761 183
46 554
183 532
218 140
761 223
150 570 510 66 195 
150 510
570 66
570 510
150 195
79 639 55 143 490 456 205 204 
205 204
490 204
639 55
79 143
55 490
456 205
639 143
83 686 125 473 
83 686
125 473
83 125
354 413 704 295 358 735 136 415 706 758 257 
704 136
413 295
295 758
136 257
354 257
358 136
413 735
354 413
354 415
358 706
119 309 198 217 97 288 455 382 
198 382
309 288
97 455
97 382
288 382
309 217
119 217
755 
10 411 506 122 
411 506
10 506
506 122
75 353 
75 353
315 788 630 192 124 529 439 249 384 190 344 674 737 661 481 408 
315 788
630 315
192 630
124 315
529 788
439 124
249 529
384 192
190 439
344 124
674 344
737 384
661 439
481 674
408 190
425 446 312 383 
425 446
425 312
446 383
222 365 298 484 171 768 
365 484
222 365
298 171
365 768
222 298
698 
444 650 147 404 168 723 789 235 
444 147
147 168
650 723
650 789
650 168
147 404
723 235
721 795 690 799 595 437 274 129 230 596 447 245 434 111 760 
721 795
690 721
799 721
595 690
437 595
274 799
129 437
230 129
596 799
447 274
245 129
434 596
111 447
760 230
144 638 499 220 697 
144 638
220 697
144 220
499 220
750 751 474 151 149 373 543 
750 373
751 149
751 543
750 543
750 474
151 149
676 770 
676 770
363 632 798 
363 632
632 798
184 436 323 658 
184 436
184 323
323 658
117 291 691 669 22 368 137 400 480 775 703 221 594 376 166 744 330 726 253 112 270 651 
117 291
691 117
669 291
22 117
368 669
137 669
400 691
480 400
775 368
703 775
221 703
594 368
376 691
166 376
744 400
330 166
726 330
253 744
112 137
270 376
651 594
498 537 443 360 385 603 645 534 64 343 57 
443 645
534 64
603 534
537 645
360 645
498 343
537 603
603 343
385 64
498 57
248 339 567 604 
567 604
248 604
248 339
104 693 193 430 454 678 684 
430 678
693 193
104 684
193 454
104 678
193 430
640 
158 657 724 328 131 208 796 69 
208 69
724 131
328 208
158 131
657 69
657 796
657 724
423 673 
423 673
28 262 728 242 187 579 
28 242
728 242
28 187
187 579
262 728
331 552 668 497 
331 668
552 497
552 668
617 769 177 31 528 524 386 156 355 133 176 375 448 
617 769
177 617
31 177
528 769
524 177
386 528
156 524
355 156
133 156
176 524
375 31
448 133
181 733 418 17 337 585 321 74 699 
181 733
733 699
181 337
17 699
585 699
17 74
733 418
418 321
652 747 139 589 
652 747
747 589
652 139
34 753 29 47 
34 47
753 47
34 29
294 372 714 12 518 476 186 80 784 487 335 
518 80
372 335
186 784
372 784
294 80
372 12
12 487
294 186
714 80
294 476
326 598 553 741 182 614 18 
182 18
598 741
553 741
326 553
598 182
326 614
13 516 367 468 308 682 745 103 727 23 393 502 138 635 15 175 757 
13 516
367 13
468 367
308 468
682 13
745 308
103 308
727 745
23 103
393 727
502 682
138 682
635 502
15 23
175 393
757 393
14 378 
14 378
88 167 
88 167
428 664 783 
428 664
664 783
95 416 170 403 504 94 16 157 472 78 762 194 
95 762
170 504
170 94
403 762
416 157
94 157
95 16
16 194
78 194
170 472
403 472
620 
406 792 371 636 424 471 526 
424 471
792 526
371 636
371 424
406 371
792 636
278 692 482 420 556 377 36 61 
482 556
278 420
377 36
692 36
692 482
482 420
377 61
615 
605 
30 582 461 45 142 231 
30 582
461 45
45 142
582 461
30 231
566 
120 513 
120 513
160 485 740 732 
485 740
740 732
160 732
462 716 410 
462 716
716 410
209 320 3 233 547 161 665 207 
209 547
209 665
665 207
547 161
3 161
233 207
320 161
531 685 86 765 466 602 467 694 380 469 562 213 564 555 134 272 495 574 389 206 173 433 557 202 
531 685
86 685
765 531
466 765
602 86
467 466
694 466
380 694
469 467
562 469
213 380
564 469
555 213
134 213
272 602
495 272
574 134
389 495
206 574
173 389
433 389
557 134
202 433
109 621 583 56 135 417 234 33 185 627 
109 135
583 135
621 33
234 627
583 56
417 33
56 33
417 234
621 185
565 
40 345 62 369 379 763 559 
40 345
369 559
345 62
379 763
40 763
369 763
545 
32 754 738 226 310 647 
738 226
32 647
226 310
32 738
32 754
163 409 342 121 
163 342
409 342
342 121
7 319 132 41 169 317 571 
7 41
319 132
41 169
132 571
7 319
41 317
475 
271 511 72 1 634 649 275 
271 649
271 511
1 275
72 649
271 634
72 1
292 332 141 687 
292 687
292 141
332 687
325 492 356 24 717 593 260 212 258 58 
325 212
356 717
717 212
24 258
260 258
258 58
260 212
492 24
593 58
304 451 637 49 211 
637 211
304 637
304 49
451 49
239 289 98 
239 289
239 98
269 479 392 470 689 774 785 778 
479 392
392 774
785 778
479 470
689 785
470 785
269 774
264 613 491 522 508 229 180 
264 522
264 491
229 180
522 508
613 229
491 180
427 
237 551 197 357 266 243 
357 243
551 266
237 266
551 243
237 197
96 179 
96 179
115 646 
115 646
37 541 608 713 533 399 611 546 391 
533 546
37 611
713 399
608 611
37 713
541 399
608 391
608 533
599 793 
599 793
364 
87 623 563 259 527 362 
563 527
623 527
623 259
87 527
259 362
457 648 228 348 225 130 300 530 123 631 314 660 
228 300
130 631
457 300
457 130
648 228
648 660
457 348
348 225
130 314
228 123
225 530
273 
494 683 162 394 201 659 341 766 
162 766
659 341
394 659
162 201
494 394
683 394
162 341
340 414 334 
340 414
414 334
352 500 52 127 189 
500 189
352 500
500 52
52 127
286 422 695 224 435 
286 422
422 435
286 224
695 224
282 779 396 126 
779 396
779 126
282 396
0 89 612 519 592 
0 592
612 519
612 592
89 519
251 
240 536 361 110 
361 110
536 110
240 361
90 675 734 
90 734
90 675
296 625 449 324 
296 324
296 625
296 449
4 215 277 155 667 725 
277 725
277 155
4 155
4 215
4 667
107 569 550 701 442 299 
550 442
569 442
107 701
569 701
701 299
227 301 696 38 
227 301
301 38
696 38
164 
254 609 303 60 152 
609 303
609 152
254 152
254 60
311 780 465 
311 780
780 465
293 606 27 628 558 106 619 477 263 525 302 
293 27
606 558
558 302
525 302
293 302
293 106
628 477
628 263
27 477
619 263
92 782 
92 782
67 246 
67 246
496 641 108 607 51 174 381 512 644 587 349 99 653 
496 641
108 641
607 108
51 496
174 607
381 108
512 51
644 51
587 644
349 381
99 587
653 512
578 773 252 9 219 39 84 281 359 238 
281 359
578 359
773 39
252 219
578 773
9 39
578 219
281 238
39 84
153 279 503 642 
153 279
503 642
153 503
421 601 746 
421 746
601 746
576 791 
576 791
85 
54 
21 77 276 53 629 
21 77
77 276
21 53
21 629
405 700 748 199 493 
405 748
700 748
700 199
199 493
572 709 116 412 
709 116
116 412
572 709
250 718 464 581 548 43 93 318 297 172 616 622 742 489 232 549 786 739 453 431 
250 718
464 250
581 718
548 464
43 548
93 548
318 464
297 93
172 297
616 581
622 318
742 43
489 318
232 616
549 489
786 742
739 489
453 297
431 453
25 146 
25 146
42 
247 438 
247 438
429 523 214 712 255 
429 214
429 523
523 712
523 255
216 256 507 145 387 370 
256 370
216 256
216 387
145 387
216 507
347 520 568 452 63 671 327 588 488 656 
347 63
520 63
568 63
452 671
347 452
327 588
568 588
671 488
488 656
48 105 35 677 316 662 752 114 521 148 70 306 338 
48 105
35 105
677 48
316 677
662 35
752 662
114 677
521 662
148 316
70 148
306 752
338 114
20 
73 560 268 267 771 710 
267 771
268 710
560 268
268 267
73 560
329 722 71 720 666 719 290 514 777 244 
329 290
71 290
666 514
329 777
722 244
722 71
71 514
720 244
666 719
432 705 
432 705
8 
440 672 374 708 188 483 
672 483
440 188
440 483
708 483
440 374
