? 12 208 471 328 424 657 636 158 724 371 792 406 796 
? 12 721 795 112 137 595 437 368 690 669 230 651 431 
? 12 203 419 624 156 715 261 494 655 394 681 683 50 
? 11 342 635 409 121 15 682 502 369 80 506 163 
? 11 286 422 224 695 20 435 414 526 98 340 334 
? 11 311 780 465 161 323 436 282 779 396 3 184 
? 11 361 668 536 240 179 110 552 14 497 642 378 
? 11 723 789 47 650 235 753 147 444 75 743 34 
? 11 21 77 366 629 76 276 53 545 275 427 79 
? 10 578 773 39 84 359 219 278 482 565 692 
? 10 250 464 548 581 718 43 318 172 616 742 
? 10 49 82 451 59 118 304 284 674 729 445 
? 10 380 694 765 466 134 467 557 555 685 206 
? 10 268 710 560 228 42 267 217 300 73 771 
? 10 315 788 529 192 630 384 439 249 344 737 
? 9 141 292 687 332 143 146 1 55 72 
? 9 303 513 254 609 152 60 120 415 358 
? 9 23 716 57 462 379 763 443 468 537 
? 8 601 746 421 227 301 656 429 214 
? 8 188 483 672 440 708 374 189 139 
? 8 341 659 8 67 573 766 201 246 
? 8 221 703 566 775 594 401 534 364 
? 8 180 454 678 693 229 104 202 417 
? 8 66 570 150 195 518 377 510 372 
? 8 94 157 504 99 170 587 416 653 
? 8 243 357 237 551 684 430 266 193 
? 8 352 500 52 127 183 223 251 273 
? 8 216 256 145 187 507 370 611 402 
? 7 333 764 81 241 165 625 449 
? 7 83 686 665 125 36 547 207 
? 7 391 600 541 608 702 533 535 
? 7 343 603 645 336 410 40 498 
? 7 186 212 717 335 10 294 784 
? 7 32 673 647 649 634 310 738 
? 7 71 514 739 722 640 666 719 
? 7 58 260 24 325 492 382 258 
? 6 218 761 441 68 305 554 
? 6 144 638 499 220 697 126 
? 6 577 760 426 688 245 759 
? 6 280 540 2 561 283 575 
? 6 585 699 17 363 632 191 
? 6 395 591 313 503 331 663 
? 6 90 675 234 734 491 33 
? 6 86 602 531 469 574 213 
? 6 5 639 196 65 407 100 
? 6 525 558 408 124 661 190 
? 6 643 698 19 478 210 302 
? 6 160 740 798 149 751 151 
? 5 11 287 159 797 307 
? 5 138 339 604 567 248 
? 5 153 279 18 706 758 
? 5 232 389 433 173 564 
? 5 496 641 51 607 381 
? 5 0 89 612 592 519 
? 5 412 709 572 122 349 
? 5 28 262 399 580 6 
? 5 589 791 767 576 508 
? 5 198 309 97 119 593 
? 5 109 583 185 621 56 
? 5 457 648 123 225 130 
? 4 387 749 397 605 
? 4 168 404 782 511 
? 4 4 155 615 215 
? 4 463 515 132 680 
? 4 62 794 128 290 
? 4 69 107 569 131 
? 4 162 501 584 579 
? 4 236 458 711 586 
? 4 211 637 481 200 
? 4 129 786 350 622 
? 4 354 704 257 405 
? 4 44 285 450 571 
? 4 522 747 652 613 
? 4 627 646 96 85 
? 4 432 705 750 297 
? 4 12 411 714 476 
? 4 420 556 209 338 
? 4 244 774 736 329 
? 3 95 512 644 
? 3 696 783 327 
? 3 423 754 92 
? 3 375 544 731 
? 3 61 620 487 
? 3 360 385 64 
? 3 46 140 597 
? 3 27 787 106 
? 3 148 473 70 
? 3 509 728 242 
? 3 29 730 346 
!
393 757 175 169 319 7 727 745 308 618 41 390 103 516 790 
393 757
175 757
169 757
319 169
7 169
727 175
745 393
308 727
618 175
41 7
390 618
103 308
516 308
790 7
216 256 145 187 507 370 611 402 
256 370
216 256
216 187
145 187
145 611
256 402
216 507
670 
21 77 366 629 76 276 53 545 275 427 79 
276 427
21 77
76 53
21 545
366 76
77 427
53 545
629 545
276 79
629 275
315 788 529 192 630 384 439 249 344 737 
529 249
529 192
384 249
315 630
788 630
788 439
315 529
788 737
439 344
29 730 346 
29 730
730 346
660 
495 562 
495 562
553 598 590 741 326 182 295 679 725 265 614 413 735 136 
553 598
590 598
741 553
326 598
182 590
295 553
679 590
725 741
265 598
614 553
413 295
735 295
136 182
457 648 123 225 130 
457 130
457 648
648 123
457 225
352 500 52 127 183 223 251 273 
352 500
127 251
500 52
52 127
183 273
183 223
500 183
723 789 47 650 235 753 147 444 75 743 34 
47 34
235 743
147 444
723 650
789 650
47 235
723 34
789 75
723 753
147 75
160 740 798 149 751 151 
149 751
740 798
798 151
740 149
160 740
108 174 
108 174
244 774 736 329 
244 774
244 329
736 329
23 716 57 462 379 763 443 468 537 
443 537
23 716
57 462
379 763
57 379
57 468
716 379
716 443
109 583 185 621 56 
109 583
583 56
621 56
185 621
509 728 242 
728 242
509 728
148 473 70 
148 473
148 70
203 419 624 156 715 261 494 655 394 681 683 50 
655 394
715 494
203 419
624 50
715 394
494 50
203 624
624 261
394 683
156 261
419 681
198 309 97 119 593 
309 593
198 97
198 309
119 593
243 357 237 551 684 430 266 193 
243 357
357 430
551 684
551 266
237 266
243 551
430 193
420 556 209 338 
420 556
556 209
556 338
361 668 536 240 179 110 552 14 497 642 378 
361 110
642 378
240 179
536 378
552 642
361 668
240 552
536 110
552 497
536 14
94 157 504 99 170 587 416 653 
504 170
94 170
157 416
94 157
99 587
587 416
416 653
546 
12 411 714 476 
411 476
12 411
12 714
135 772 
135 772
222 365 484 171 238 550 9 299 701 776 239 298 252 281 442 289 
222 365
484 222
171 222
238 222
550 222
9 238
299 238
701 238
776 299
239 365
298 776
252 9
281 238
442 776
289 239
432 705 750 297 
432 705
432 750
432 297
643 698 19 478 210 302 
210 302
698 19
698 478
643 302
698 210
532 
66 570 150 195 518 377 510 372 
150 510
66 570
570 510
66 518
150 195
377 510
518 372
527 563 623 664 87 259 314 348 530 362 38 712 523 428 255 
527 563
623 563
664 527
87 563
259 623
314 527
348 623
530 563
362 259
38 664
712 259
523 362
428 664
255 664
589 791 767 576 508 
589 576
791 576
589 508
589 767
58 260 24 325 492 382 258 
24 258
260 258
58 258
24 492
260 325
58 382
91 486 
91 486
27 787 106 
787 106
27 787
627 646 96 85 
646 96
627 646
96 85
26 322 781 351 542 538 517 633 204 707 425 154 676 756 312 713 205 490 456 446 37 770 
26 322
781 322
351 781
542 322
538 26
517 781
633 538
204 322
707 538
425 707
154 707
676 538
756 633
312 425
713 781
205 204
490 204
456 633
446 425
37 713
770 707
311 780 465 161 323 436 282 779 396 3 184 
436 184
323 184
779 396
311 780
780 465
282 396
465 779
161 3
311 3
323 282
522 747 652 613 
747 652
522 652
522 613
71 514 739 722 640 666 719 
514 640
640 666
71 722
71 514
666 719
739 666
475 
180 454 678 693 229 104 202 417 
180 454
454 229
678 104
693 104
454 693
693 417
180 202
398 539 
398 539
525 558 408 124 661 190 
124 190
408 124
558 661
408 661
525 124
44 285 450 571 
44 285
450 571
44 450
177 617 31 386 528 355 176 133 101 524 296 769 448 
177 617
31 177
386 617
528 386
355 617
176 617
133 617
101 177
524 133
296 177
769 617
448 133
303 513 254 609 152 60 120 415 358 
513 60
303 609
609 152
120 415
513 415
254 152
303 513
120 358
354 704 257 405 
704 257
354 257
354 405
129 786 350 622 
129 350
129 786
786 622
286 422 224 695 20 435 414 526 98 340 334 
435 526
695 340
286 422
526 98
224 20
224 414
414 340
422 435
414 334
286 224
32 673 647 649 634 310 738 
32 647
32 634
310 738
673 647
649 634
634 738
194 452 671 347 520 488 78 63 568 762 403 588 16 755 631 472 455 
194 452
671 452
347 452
520 347
488 671
78 194
63 347
568 347
762 194
403 194
588 63
16 403
755 452
631 671
472 520
455 755
277 667 
277 667
489 549 
489 549
46 140 597 
46 140
140 597
721 795 112 137 595 437 368 690 669 230 651 431 
721 595
137 368
437 651
795 595
368 669
721 690
112 690
795 437
721 137
437 230
230 431
460 
186 212 717 335 10 294 784 
186 784
212 717
335 784
212 335
186 294
717 10
221 703 566 775 594 401 534 364 
703 566
221 775
566 775
221 364
566 534
221 594
703 401
388 
356 
5 639 196 65 407 100 
5 100
196 65
196 407
639 196
639 100
353 
345 610 
345 610
211 637 481 200 
211 637
481 200
211 481
360 385 64 
385 64
360 64
341 659 8 67 573 766 201 246 
201 246
67 766
341 659
659 8
766 201
341 67
8 573
263 270 376 166 330 628 337 691 726 744 400 619 181 606 22 477 733 543 253 117 418 474 373 480 
263 270
376 270
166 263
330 270
628 263
337 263
691 263
726 330
744 691
400 744
619 726
181 337
606 619
22 691
477 181
733 477
543 744
253 543
117 691
418 337
474 253
373 543
480 253
268 710 560 228 42 267 217 300 73 771 
560 42
228 300
267 771
710 228
268 710
268 42
268 267
560 217
42 73
324 
343 603 645 336 410 40 498 
343 498
336 40
343 603
336 410
603 645
343 336
321 
86 602 531 469 574 213 
86 602
86 531
602 574
574 213
602 469
236 458 711 586 
711 586
236 711
236 458
391 600 541 608 702 533 535 
391 702
600 608
702 535
391 608
600 533
541 533
317 
83 686 665 125 36 547 207 
83 686
686 665
125 547
83 125
665 207
36 207
162 501 584 579 
501 584
162 579
501 579
380 694 765 466 134 467 557 555 685 206 
694 466
380 466
466 685
765 685
380 467
694 134
557 206
380 557
134 555
28 262 399 580 6 
262 6
28 580
262 580
28 399
61 620 487 
61 620
61 487
188 483 672 440 708 374 189 139 
483 672
374 189
708 139
188 440
483 440
483 708
440 189
333 764 81 241 165 625 449 
241 449
764 81
81 241
333 81
764 165
241 625
293 
90 675 234 734 491 33 
90 234
90 734
90 675
734 33
675 491
25 226 
25 226
689 778 
689 778
141 292 687 332 143 146 1 55 72 
292 146
292 687
141 146
687 332
143 146
1 72
141 1
143 55
164 459 
164 459
291 
395 591 313 503 331 663 
591 313
591 663
395 663
591 503
503 331
208 471 328 424 657 636 158 724 371 792 406 796 
471 424
636 371
208 328
208 471
424 371
208 657
371 406
406 796
158 724
657 724
636 792
288 
601 746 421 227 301 656 429 214 
746 421
429 214
601 746
227 301
656 214
421 227
421 656
375 544 731 
375 544
375 731
412 709 572 122 349 
412 122
412 709
709 572
572 349
0 89 612 592 519 
0 592
612 519
612 592
89 519
69 107 569 131 
69 569
107 569
569 131
496 641 51 607 381 
641 607
496 641
607 381
496 51
271 
62 794 128 290 
62 794
62 290
62 128
423 754 92 
423 754
423 92
463 515 132 680 
132 680
463 680
463 515
585 699 17 363 632 191 
699 17
585 699
17 191
363 632
585 363
280 540 2 561 283 575 
540 283
561 283
2 283
280 540
280 575
4 155 615 215 
155 615
4 155
4 215
264 
232 389 433 173 564 
433 564
389 173
232 389
389 564
696 783 327 
696 783
696 327
342 635 409 121 15 682 502 369 80 506 163 
342 635
502 369
635 163
635 121
682 163
342 409
409 502
682 506
409 15
121 80
658 768 
658 768
233 320 
233 320
30 582 45 142 626 461 654 231 748 199 493 700 505 
30 582
45 582
142 45
626 30
461 45
654 142
231 30
748 142
199 626
493 461
700 748
505 582
49 82 451 59 118 304 284 674 729 445 
82 729
304 729
49 59
304 284
82 674
284 445
451 118
49 82
118 674
168 404 782 511 
168 511
168 782
404 782
95 512 644 
512 644
95 512
102 178 
102 178
197 
116 
153 279 18 706 758 
279 706
18 706
153 279
18 758
138 339 604 567 248 
604 567
138 339
138 248
138 604
387 749 397 605 
749 397
749 605
387 605
662 752 35 105 479 306 470 269 521 48 677 316 392 793 777 720 785 599 559 114 
662 752
35 662
105 752
479 752
306 752
470 479
269 479
521 662
48 35
677 35
316 35
392 479
793 521
777 392
720 479
785 470
599 521
559 599
114 48
113 383 
113 383
115 
88 167 
88 167
11 287 159 797 307 
159 797
11 159
11 287
11 307
577 760 426 688 245 759 
688 245
245 759
426 688
577 760
760 426
250 464 548 581 718 43 318 172 616 742 
43 742
548 43
250 172
250 464
464 548
464 718
581 172
581 616
318 742
111 438 247 274 447 453 272 732 799 485 434 596 54 
111 438
247 111
274 438
447 247
453 438
272 453
732 247
799 111
485 732
434 732
596 434
54 247
93 
144 638 499 220 697 126 
697 126
144 638
220 697
144 220
499 220
578 773 39 84 359 219 278 482 565 692 
578 359
773 39
578 773
578 219
482 692
39 84
278 482
84 482
219 565
13 367 
13 367
74 
218 761 441 68 305 554 
441 68
761 441
218 441
305 554
68 554
