? 9 45 545 797 307 391 114 680 84 213 
? 9 53 758 454 343 292 290 103 521 491 
? 8 183 207 674 644 196 538 7 378 
? 8 514 723 798 275 244 264 238 472 
? 8 89 575 507 88 25 726 633 38 
? 7 109 657 449 593 87 133 373 
? 7 544 691 190 143 622 188 401 
? 7 783 792 205 632 106 385 739 
? 7 128 785 220 532 427 361 506 
? 7 62 342 231 441 571 789 707 
? 7 121 169 360 331 497 621 573 
? 7 102 329 524 241 569 537 602 
? 7 513 764 316 251 779 344 346 
? 7 335 337 224 312 561 534 440 
? 7 172 466 9 138 725 372 422 
? 7 209 774 19 229 711 235 607 
? 7 72 590 397 266 35 93 350 
? 7 382 721 328 498 642 171 444 
? 6 436 736 120 387 780 43 
? 6 13 431 618 577 540 528 
? 6 100 515 595 771 461 227 
? 6 178 239 41 256 74 555 
? 6 12 519 459 151 493 69 
? 6 123 175 560 148 168 556 
? 6 409 592 745 597 108 539 
? 6 14 612 225 476 77 363 
? 6 91 174 685 719 601 54 
? 5 627 755 565 24 591 
? 5 253 485 23 761 371 
? 5 51 423 697 546 116 
? 5 86 457 26 392 21 
? 5 455 781 699 690 700 
? 5 223 705 369 167 276 
? 5 140 182 217 715 469 
? 5 135 218 714 377 236 
? 5 137 255 4 490 265 
? 5 57 78 294 751 232 
? 5 315 659 243 417 370 
? 5 126 778 624 634 679 
? 5 304 695 222 376 289 
? 5 325 738 786 400 551 
? 5 421 475 667 214 195 
? 5 467 474 40 446 666 
? 5 36 518 500 311 527 
? 5 460 488 324 451 554 
? 5 221 405 245 583 92 
? 5 0 198 512 610 5 
? 4 67 692 717 42 
? 4 63 448 763 390 
? 4 688 795 340 359 
? 4 154 646 574 735 
? 4 404 791 268 614 
? 4 124 433 44 293 
? 4 548 773 55 429 
? 4 302 598 336 164 
? 4 29 70 150 435 
? 4 136 237 49 8 
? 4 83 655 388 753 
? 4 287 599 300 656 
? 4 313 588 482 273 
? 4 572 652 587 742 
? 4 117 684 733 458 
? 4 479 746 180 15 
? 3 249 349 47 
? 3 27 122 310 
? 3 50 504 428 
? 3 113 701 743 
? 3 131 412 502 
? 3 288 334 654 
? 3 450 678 531 
? 3 260 415 204 
? 3 277 694 452 
? 3 127 649 477 
? 3 95 693 101 
? 3 442 658 162 
? 3 389 734 32 
? 3 516 620 675 
? 3 158 629 17 
? 3 530 594 468 
? 3 202 619 261 
? 3 322 525 724 
? 3 639 744 398 
? 3 170 615 1 
? 3 215 252 76 
? 3 48 432 317 
? 3 272 308 228 
? 3 194 570 203 
? 3 366 411 529 
? 3 483 496 676 
? 3 71 770 306 
? 3 425 641 66 
? 3 379 589 18 
? 3 522 635 267 
? 3 212 748 402 
? 3 297 623 345 
? 3 181 568 709 
? 3 31 130 285 
? 3 319 505 416 
? 3 75 351 156 
? 3 501 673 177 
? 3 606 616 303 
? 3 323 394 282 
? 3 625 765 523 
? 3 139 677 576 
? 3 309 749 367 
!
333 650 
333 650
152 445 234 687 543 464 82 314 68 381 
152 445
234 445
687 152
543 234
464 234
82 687
314 445
68 152
381 152
274 536 
274 536
309 749 367 
309 749
309 367
799 
0 198 512 610 5 
198 5
0 512
198 610
512 610
286 542 
286 542
794 
784 
221 405 245 583 92 
245 583
221 583
405 245
583 92
460 488 324 451 554 
324 451
460 488
460 554
488 451
479 746 180 15 
479 180
479 746
180 15
139 677 576 
139 576
677 576
117 684 733 458 
117 733
117 684
733 458
782 
776 
625 765 523 
765 523
625 523
768 
762 
382 721 328 498 642 171 444 
382 721
498 642
642 171
382 171
721 328
171 444
756 
6 766 
6 766
434 533 98 240 550 552 348 257 161 173 115 549 
434 533
98 434
240 98
550 434
552 533
348 240
257 533
161 552
173 550
115 552
549 550
741 
737 
36 518 500 311 527 
518 500
36 311
518 527
36 518
732 
323 394 282 
323 394
394 282
708 
572 652 587 742 
587 742
572 742
572 652
671 
606 616 303 
606 303
616 303
501 673 177 
501 673
673 177
132 438 
132 438
664 
91 174 685 719 601 54 
91 601
685 719
601 54
91 719
174 685
651 
159 740 
159 740
535 681 
535 681
37 39 
37 39
478 600 
478 600
645 
567 787 176 200 665 730 262 105 703 179 526 720 547 670 73 52 
567 787
176 787
200 787
665 200
730 567
262 176
105 262
703 105
179 262
526 179
720 665
547 720
670 720
73 262
52 73
186 626 
186 626
75 351 156 
75 351
75 156
358 418 
358 418
640 
319 505 416 
319 416
505 416
661 713 494 511 495 605 648 296 219 790 503 254 
661 713
494 713
511 661
495 661
605 495
648 713
296 494
219 648
790 661
503 511
254 713
53 758 454 343 292 290 103 521 491 
290 103
53 292
758 292
758 343
343 103
53 521
758 454
290 491
638 
206 480 
206 480
467 474 40 446 666 
474 666
474 40
467 446
467 40
636 
31 130 285 
31 130
31 285
64 484 
64 484
608 
181 568 709 
568 709
181 568
297 623 345 
297 623
623 345
299 760 
299 760
604 
165 750 
165 750
212 748 402 
212 748
212 402
313 588 482 273 
313 588
588 482
313 273
585 
14 612 225 476 77 363 
612 77
14 612
612 363
476 363
225 77
421 475 667 214 195 
421 475
475 667
667 214
475 195
325 738 786 400 551 
325 400
325 738
786 400
738 551
582 
558 578 
558 578
380 564 663 682 330 728 660 508 712 727 90 696 
380 564
663 380
682 663
330 682
728 663
660 728
508 330
712 682
727 380
90 663
696 330
579 
557 
553 
197 332 
197 332
517 
499 
147 191 
147 191
72 590 397 266 35 93 350 
397 35
72 590
72 397
72 93
93 350
266 35
193 270 
193 270
209 774 19 229 711 235 607 
774 607
19 235
19 711
209 711
209 607
774 229
481 
304 695 222 376 289 
304 695
304 222
304 376
222 289
60 584 
60 584
187 647 
187 647
85 326 250 759 110 509 672 407 20 581 
85 326
250 85
759 85
110 85
509 326
672 326
407 509
20 326
581 407
669 729 
669 729
470 
462 
409 592 745 597 108 539 
409 592
592 745
592 597
597 108
108 539
522 635 267 
522 267
635 267
11 406 
11 406
295 757 
295 757
172 466 9 138 725 372 422 
372 422
466 9
9 372
172 466
172 725
9 138
456 
439 
437 
379 589 18 
379 18
379 589
420 
123 175 560 148 168 556 
560 556
123 175
123 560
168 556
175 148
413 
347 443 
347 443
408 
425 641 66 
425 641
641 66
426 453 
426 453
142 767 
142 767
10 192 
10 192
287 599 300 656 
300 656
287 300
287 599
399 
89 575 507 88 25 726 633 38 
575 726
89 38
89 726
507 38
88 25
575 88
25 633
335 337 224 312 561 534 440 
335 440
335 337
312 440
337 224
335 561
224 534
384 
278 465 
278 465
71 770 306 
71 306
71 770
134 393 
134 393
368 
216 489 
216 489
83 655 388 753 
83 655
83 388
83 753
65 662 
65 662
365 
364 
483 496 676 
483 676
483 496
155 318 
155 318
366 411 529 
411 529
366 411
194 570 203 
570 203
194 570
357 
272 308 228 
272 308
272 228
56 653 185 107 580 718 698 145 80 769 
56 653
185 56
107 56
580 185
718 653
698 185
145 185
80 718
769 107
353 
136 237 49 8 
136 237
237 8
237 49
339 
12 519 459 151 493 69 
12 151
12 459
12 519
459 493
519 69
327 
356 520 
356 520
513 764 316 251 779 344 346 
764 316
513 764
251 779
316 251
344 346
513 344
29 70 150 435 
29 70
29 150
70 435
320 
48 432 317 
48 432
48 317
302 598 336 164 
302 598
598 336
598 164
284 563 
284 563
126 778 624 634 679 
126 634
778 624
126 778
634 679
178 239 41 256 74 555 
178 239
239 41
41 555
41 74
178 256
298 
281 
215 252 76 
215 252
215 76
280 
355 796 
355 796
424 617 
424 617
271 
170 615 1 
615 1
170 1
639 744 398 
744 398
639 398
102 329 524 241 569 537 602 
241 569
102 329
537 602
102 569
524 537
329 524
269 
322 525 724 
322 724
525 724
121 169 360 331 497 621 573 
331 621
169 573
121 360
121 573
121 621
497 621
208 305 
208 305
315 659 243 417 370 
315 417
243 417
659 370
315 659
62 342 231 441 571 789 707 
62 342
342 231
62 789
571 789
342 441
789 707
259 
202 619 261 
202 619
202 261
689 788 
689 788
258 
248 
548 773 55 429 
548 773
548 429
55 429
28 631 
28 631
57 78 294 751 232 
78 751
294 232
751 232
57 78
301 419 
301 419
137 255 4 490 265 
137 490
255 4
255 265
137 4
128 785 220 532 427 361 506 
128 785
128 532
220 361
785 220
220 427
532 506
471 487 
471 487
492 775 
492 775
530 594 468 
530 594
594 468
158 629 17 
158 629
629 17
100 515 595 771 461 227 
515 595
100 515
100 227
595 461
595 771
516 620 675 
620 675
516 675
514 723 798 275 244 264 238 472 
798 264
514 238
723 275
723 264
514 723
275 472
244 472
242 
45 545 797 307 391 114 680 84 213 
45 213
797 213
545 797
545 391
797 114
391 84
307 680
307 114
135 218 714 377 236 
714 377
135 236
218 377
135 714
140 182 217 715 469 
140 182
182 217
140 715
715 469
233 
13 431 618 577 540 528 
13 618
540 528
13 431
13 577
431 540
436 736 120 387 780 43 
436 120
736 120
436 780
736 387
780 43
223 705 369 167 276 
223 369
223 705
705 167
167 276
455 781 699 690 700 
455 699
455 781
781 690
781 700
124 433 44 293 
44 293
124 433
124 44
16 112 
16 112
389 734 32 
734 32
389 734
210 
86 457 26 392 21 
86 392
86 457
86 26
457 21
33 99 
33 99
404 791 268 614 
791 614
404 614
404 268
442 658 162 
442 162
442 658
354 430 
354 430
201 
199 
154 646 574 735 
154 646
646 574
646 735
189 
95 693 101 
693 101
95 693
184 
163 
160 630 
160 630
22 596 
22 596
374 473 643 395 541 611 566 396 352 96 230 403 321 772 
374 473
643 473
395 374
541 374
611 643
566 643
396 374
352 643
96 541
230 541
403 230
321 611
772 352
127 649 477 
649 477
127 649
283 752 
283 752
153 
149 
277 694 452 
277 452
694 452
144 
141 
260 415 204 
260 415
415 204
688 795 340 359 
688 795
795 340
340 359
129 
183 207 674 644 196 538 7 378 
183 207
674 7
183 538
207 644
207 196
644 7
538 378
146 613 
146 613
562 637 
562 637
125 
119 
118 
51 423 697 546 116 
51 697
51 423
423 116
546 116
450 678 531 
450 531
450 678
111 
104 
683 686 559 447 226 510 668 30 338 486 166 702 731 609 710 
683 686
559 686
447 683
226 683
510 683
668 683
30 447
338 510
486 510
166 30
702 226
731 447
609 166
710 486
783 792 205 632 106 385 739 
632 106
792 106
783 792
792 205
632 739
385 739
253 485 23 761 371 
485 23
253 485
23 761
761 371
157 211 
157 211
247 362 
247 362
544 691 190 143 622 188 401 
691 188
691 622
143 401
544 188
544 401
190 143
627 755 565 24 591 
627 565
565 24
627 755
755 591
414 747 
414 747
716 722 
716 722
288 334 654 
288 334
288 654
131 412 502 
131 412
412 502
97 
94 
113 701 743 
701 743
113 701
81 
279 383 
279 383
79 
50 504 428 
50 504
50 428
61 
27 122 310 
122 310
27 122
63 448 763 390 
63 448
63 763
763 390
249 349 47 
349 47
249 349
59 
58 
46 
34 
291 586 
291 586
109 657 449 593 87 133 373 
449 133
109 657
449 87
593 87
657 593
87 373
3 
246 375 263 603 704 628 386 341 754 777 793 463 
246 375
263 246
603 375
704 375
628 603
386 603
341 375
754 375
777 341
793 754
463 246
410 706 
410 706
67 692 717 42 
67 42
67 692
67 717
2 
