? 9 661 713 511 503 254 620 621 667 516 
? 9 203 467 40 446 474 666 649 127 570 
? 8 106 739 205 632 344 81 783 779 
? 8 183 207 7 196 674 406 538 271 
? 8 100 515 609 461 156 450 333 595 
? 7 181 472 568 244 769 723 798 
? 7 287 644 599 480 656 300 281 
? 7 56 653 185 580 107 698 718 
? 7 89 575 507 88 25 726 38 
? 7 335 337 224 312 101 561 390 
? 7 268 293 44 527 112 404 433 
? 7 513 764 316 251 258 616 278 
? 7 639 697 55 744 51 423 795 
? 7 544 691 622 401 143 324 740 
? 7 23 485 253 761 340 371 275 
? 7 209 774 19 711 235 607 229 
? 7 325 738 80 786 400 551 187 
? 7 4 255 137 490 265 334 606 
? 6 243 659 315 370 417 448 
? 6 62 231 342 589 18 571 
? 6 91 685 174 719 535 248 
? 6 172 466 9 418 354 725 
? 6 178 239 41 555 74 482 
? 6 434 533 240 98 348 552 
? 6 436 736 120 780 387 765 
? 6 109 657 449 593 133 87 
? 6 123 175 560 148 556 155 
? 5 140 182 217 336 488 
? 5 409 592 745 597 108 
? 5 93 350 637 590 214 
? 5 528 540 623 431 297 
? 5 102 524 329 537 241 
? 5 180 746 479 43 402 
? 5 126 778 624 512 679 
? 5 14 612 225 309 476 
? 5 221 405 245 483 92 
? 5 223 705 369 167 276 
? 5 546 688 116 359 46 
? 5 382 721 498 35 328 
? 5 304 695 222 708 376 
? 5 154 646 735 47 119 
? 5 86 457 392 60 21 
? 5 117 684 733 458 615 
? 5 78 751 57 232 288 
? 5 363 389 554 32 367 
? 5 322 349 525 249 724 
? 5 13 577 618 142 69 
? 4 135 218 714 377 
? 4 455 781 699 690 
? 4 572 652 742 587 
? 4 52 212 748 477 
? 4 72 397 266 171 
? 4 136 237 311 500 
? 4 614 791 518 332 
? 4 272 308 654 228 
? 4 12 519 459 151 
? 4 131 412 302 164 
? 4 388 496 583 211 
? 4 260 362 415 419 
? 4 162 641 658 442 
? 4 591 651 627 715 
? 4 63 763 158 629 
? 4 50 504 750 165 
? 3 202 289 619 
? 3 277 694 115 
? 3 284 563 16 
? 3 421 475 573 
? 3 27 122 310 
? 3 215 252 76 
? 3 161 581 79 
? 3 539 542 247 
? 3 24 693 95 
? 3 177 501 147 
? 3 548 773 429 
? 3 331 360 121 
? 3 65 630 662 
? 3 0 198 5 
? 3 29 70 150 
? 3 294 678 64 
? 3 157 753 776 
? 3 323 394 282 
? 3 701 743 113 
? 3 414 747 569 
? 3 594 696 468 
? 3 269 346 385 
? 3 195 789 707 
? 3 8 36 26 
? 3 238 264 514 
? 3 444 562 441 
? 3 426 453 411 
? 3 173 755 508 
? 3 279 383 186 
? 3 99 432 317 
? 3 1 381 170 
? 3 48 357 33 
? 3 28 576 139 
? 3 58 97 610 
? 3 37 752 283 
? 3 428 430 295 
? 3 146 613 517 
? 3 536 676 204 
? 3 42 784 631 
? 3 440 565 534 
? 3 267 635 379 
? 3 578 716 10 
!
286 301 
286 301
53 758 454 292 343 605 290 103 495 521 
53 758
454 758
292 758
343 454
605 758
290 343
103 343
495 758
521 605
3 358 
3 358
578 716 10 
716 10
578 716
799 
13 577 618 142 69 
13 618
13 577
577 69
618 142
193 270 
193 270
792 
775 
322 349 525 249 724 
349 525
322 724
349 724
525 249
363 389 554 32 367 
32 367
389 554
389 367
363 367
50 504 750 165 
50 504
750 165
504 750
267 635 379 
267 379
635 379
63 763 158 629 
158 629
63 629
63 763
771 
768 
440 565 534 
440 565
565 534
762 
756 
4 255 137 490 265 334 606 
137 490
490 334
4 255
255 265
4 606
4 137
741 
242 368 
242 368
246 375 603 386 628 704 754 75 134 793 39 345 
246 375
603 375
386 603
628 246
704 375
754 375
75 246
134 603
793 75
39 375
345 754
706 
681 
78 751 57 232 288 
78 751
57 288
78 288
751 232
677 
42 784 631 
42 631
42 784
675 
591 651 627 715 
651 715
591 651
651 627
671 
536 676 204 
676 204
536 676
146 613 517 
146 613
613 517
456 672 
456 672
664 
123 175 560 148 556 155 
560 556
123 175
123 560
560 155
175 148
650 
59 760 
59 760
210 327 
210 327
469 598 
469 598
206 634 
206 634
647 
374 473 643 566 395 396 230 611 306 541 352 403 772 96 378 770 
374 473
643 473
566 643
395 374
396 643
230 643
611 566
306 374
541 230
352 230
403 230
772 352
96 230
378 541
770 306
424 617 
424 617
428 430 295 
430 295
428 430
145 709 
145 709
642 
37 752 283 
752 283
37 283
85 250 326 759 296 648 110 219 509 494 20 407 
85 250
326 85
759 85
296 326
648 250
110 250
219 250
509 85
494 296
20 85
407 509
203 467 40 446 474 666 649 127 570 
474 666
40 474
203 446
666 570
203 40
467 446
467 127
446 649
640 
144 499 
144 499
117 684 733 458 615 
117 733
117 684
733 458
458 615
638 
58 97 610 
97 610
58 610
645 767 
645 767
636 
28 576 139 
576 139
28 139
48 357 33 
357 33
48 33
497 790 
497 790
608 
393 727 
393 727
1 381 170 
381 170
1 381
162 641 658 442 
162 442
641 442
641 658
604 
109 657 449 593 133 87 
449 133
109 657
449 87
593 87
657 593
86 457 392 60 21 
457 60
86 392
86 457
60 21
154 646 735 47 119 
154 646
154 119
154 47
646 735
602 
31 285 
31 285
152 445 234 687 82 464 543 493 68 425 83 655 
152 445
234 445
687 152
82 445
464 152
543 234
493 234
68 234
425 152
83 82
655 82
600 
585 
584 
319 398 
319 398
582 
579 
351 463 
351 463
325 738 80 786 400 551 187 
80 187
325 400
325 738
786 400
80 400
738 551
138 422 
138 422
209 774 19 711 235 607 229 
774 607
19 235
19 711
209 711
209 607
774 229
558 
304 695 222 708 376 
708 376
304 708
304 695
304 222
189 372 
189 372
227 233 
227 233
128 785 220 427 15 532 361 280 717 67 
128 785
220 785
427 220
15 785
532 785
361 220
280 128
717 220
67 128
530 796 
530 796
553 
549 
436 736 120 780 387 765 
436 120
736 120
436 780
736 387
780 765
99 432 317 
99 432
99 317
574 732 
574 732
520 557 
520 557
23 485 253 761 340 371 275 
23 485
485 253
23 761
761 340
761 371
23 275
531 
522 
505 
279 383 186 
279 383
383 186
491 
434 533 240 98 348 552 
434 533
533 98
240 348
533 552
98 348
489 
384 729 
384 729
481 
173 755 508 
173 508
755 508
413 420 
413 420
437 529 
437 529
303 484 
303 484
260 362 415 419 
260 415
260 362
362 419
478 
100 515 609 461 156 450 333 595 
515 595
609 450
100 515
515 156
609 461
515 609
100 333
544 691 622 401 143 324 740 
143 324
691 622
401 143
544 401
544 691
401 740
471 
298 766 
298 766
426 453 411 
453 411
426 453
199 410 
199 410
470 
191 601 
191 601
388 496 583 211 
496 211
388 496
583 211
130 256 
130 256
465 
462 
444 562 441 
444 562
562 441
502 550 
502 550
238 264 514 
238 514
264 514
8 36 26 
8 36
36 26
452 
195 789 707 
195 789
789 707
45 545 797 391 114 307 680 213 84 124 
45 545
797 45
391 545
114 545
307 45
680 114
213 307
84 391
124 391
451 
131 412 302 164 
131 412
412 164
302 164
439 
178 239 41 555 74 482 
178 239
239 41
74 482
41 555
41 74
435 
291 586 
291 586
639 697 55 744 51 423 795 
697 51
639 423
55 744
51 423
55 51
639 795
12 519 459 151 
12 151
12 459
12 519
416 
269 346 385 
269 346
346 385
272 308 654 228 
308 654
272 654
272 228
257 722 
257 722
382 721 498 35 328 
35 328
382 721
721 328
382 498
172 466 9 418 354 725 
466 9
172 466
172 725
418 725
418 354
399 
373 
594 696 468 
696 468
594 468
366 
22 596 
22 596
692 794 
692 794
365 
414 747 569 
414 747
747 569
701 743 113 
701 743
701 113
513 764 316 251 258 616 278 
764 316
258 616
513 764
316 251
513 616
513 278
364 
323 394 282 
323 394
394 282
268 293 44 527 112 404 433 
268 293
44 112
293 44
527 112
527 433
268 404
506 782 
506 782
546 688 116 359 46 
116 359
546 116
546 688
546 46
335 337 224 312 101 561 390 
312 101
335 337
337 224
561 390
224 312
335 561
355 
157 753 776 
753 776
157 753
159 190 
159 190
353 
347 
614 791 518 332 
614 791
614 332
518 332
132 408 
132 408
223 705 369 167 276 
223 369
223 705
705 167
167 276
460 626 
460 626
221 405 245 483 92 
405 245
221 245
221 483
221 92
89 575 507 88 25 726 38 
575 726
89 38
89 726
507 38
88 25
575 88
149 274 
149 274
184 438 
184 438
294 678 64 
294 678
678 64
29 70 150 
29 70
29 150
91 685 174 719 535 248 
535 248
685 719
91 719
685 174
91 535
0 198 5 
198 5
0 5
183 207 7 196 674 406 538 271 
183 207
7 674
196 271
183 538
207 196
7 406
183 7
339 
661 713 511 503 254 620 621 667 516 
661 620
254 516
661 713
511 503
621 667
713 503
503 621
620 516
14 612 225 309 476 
14 309
14 612
612 476
14 225
126 778 624 512 679 
778 624
126 778
624 512
126 679
321 
62 231 342 589 18 571 
62 342
231 342
231 589
62 571
18 571
243 659 315 370 417 448 
370 448
315 417
243 417
659 370
659 315
180 746 479 43 402 
180 479
746 479
746 402
43 402
102 524 329 537 241 
102 329
102 241
524 537
524 329
136 237 311 500 
136 237
136 311
237 500
201 492 
201 492
65 630 662 
65 630
65 662
320 
528 540 623 431 297 
528 540
540 623
623 297
623 431
77 749 
77 749
72 397 266 171 
72 397
397 266
266 171
331 360 121 
360 121
331 121
689 788 
689 788
318 
314 
52 212 748 477 
52 212
212 748
212 477
299 
548 773 429 
548 773
548 429
273 
259 
160 700 
160 700
141 216 
141 216
567 787 176 200 665 730 179 703 262 105 526 73 547 720 
567 787
176 787
200 567
665 567
730 787
179 730
703 179
262 703
105 262
526 703
73 526
547 200
720 665
177 501 147 
177 147
177 501
17 757 
17 757
208 
197 
24 693 95 
24 693
693 95
192 
169 
539 542 247 
542 247
539 542
572 652 742 587 
742 587
572 742
572 652
168 
106 739 205 632 344 81 783 779 
205 81
106 632
632 81
205 783
739 632
205 344
739 779
34 236 
34 236
194 670 
194 670
163 
153 
129 
93 350 637 590 214 
93 590
93 350
93 637
590 214
161 581 79 
161 581
161 79
125 
118 
683 686 559 447 338 510 226 668 30 737 166 710 486 702 731 
683 686
559 686
447 683
338 686
510 683
226 510
668 683
30 683
737 226
166 559
710 226
486 510
702 166
731 559
56 653 185 580 107 698 718 
56 185
107 698
56 718
185 580
653 718
580 107
409 592 745 597 108 
409 592
592 745
592 597
597 108
313 588 
313 588
443 673 
443 673
287 644 599 480 656 300 281 
644 599
656 300
287 480
287 644
287 300
480 281
140 182 217 336 488 
140 182
182 217
217 488
140 336
487 669 
487 669
261 356 
261 356
215 252 76 
215 252
215 76
27 122 310 
122 310
27 122
111 
104 
421 475 573 
421 475
421 573
94 
188 734 
188 734
71 
284 563 16 
284 563
284 16
66 
277 694 115 
694 115
277 694
455 781 699 690 
455 699
455 781
781 690
202 289 619 
289 619
202 289
61 
54 
49 
11 
305 633 
305 633
181 472 568 244 769 723 798 
181 472
244 769
568 723
723 798
472 769
181 568
6 
380 564 663 682 330 728 660 777 263 341 712 90 
380 564
663 564
682 663
330 682
728 663
660 564
777 564
263 660
341 564
712 682
90 263
523 625 
523 625
135 218 714 377 
714 377
218 377
135 714
2 
