? 9 89 575 88 507 726 25 376 429 38 
? 9 93 350 637 590 331 266 707 214 242 
? 8 221 405 245 483 583 636 92 496 
? 8 23 485 253 761 371 264 340 688 
? 8 9 466 172 422 799 167 235 418 
? 7 544 691 622 190 143 401 188 
? 7 45 797 545 391 114 680 307 
? 7 100 515 595 771 39 450 678 
? 7 128 785 717 220 532 15 427 
? 7 91 174 685 719 601 54 147 
? 7 639 697 744 55 51 423 359 
? 7 783 792 106 385 269 632 205 
? 7 325 738 786 551 29 187 46 
? 7 335 337 440 312 101 224 561 
? 7 53 758 292 454 343 290 521 
? 7 102 329 524 241 297 569 537 
? 7 40 467 203 474 446 666 570 
? 7 180 746 361 479 720 43 631 
? 6 382 721 328 35 498 642 
? 6 84 268 625 293 404 44 
? 6 243 659 315 370 417 424 
? 6 475 667 573 421 456 760 
? 6 552 694 161 581 509 277 
? 6 62 231 342 589 441 18 
? 6 275 723 798 514 238 568 
? 6 123 175 560 148 206 556 
? 6 140 217 182 336 715 302 
? 5 181 472 244 369 647 
? 5 109 657 449 133 593 
? 5 67 692 28 42 576 
? 5 135 218 714 377 33 
? 5 126 778 624 679 610 
? 5 572 652 516 254 742 
? 5 131 412 598 502 164 
? 5 528 540 623 431 22 
? 5 178 239 74 41 555 
? 5 236 690 781 662 455 
? 5 627 755 565 591 173 
? 5 434 533 98 550 240 
? 5 513 764 316 344 779 
? 5 223 705 276 138 711 
? 5 63 448 763 158 390 
? 5 120 436 736 780 387 
? 5 209 774 19 229 607 
? 5 202 745 592 619 289 
? 5 14 612 225 476 725 
? 5 442 658 641 162 438 
? 4 47 525 349 249 
? 4 57 78 751 294 
? 4 72 397 171 360 
? 4 13 618 577 681 
? 4 630 700 21 256 
? 4 4 255 490 137 
? 4 12 459 151 519 
? 4 86 457 26 36 
? 4 614 791 527 117 
? 4 70 116 150 546 
? 4 684 733 458 170 
? 4 500 518 136 311 
? 4 460 488 324 554 
? 4 52 73 748 649 
? 4 212 477 127 213 
? 4 24 594 693 530 
? 3 414 747 706 
? 3 154 646 574 
? 3 27 310 122 
? 3 272 308 654 
? 3 304 695 222 
? 3 237 392 60 
? 3 260 415 676 
? 3 32 734 389 
? 3 87 232 373 
? 3 81 739 251 
? 3 548 773 398 
? 3 157 753 388 
? 3 184 425 66 
? 3 17 492 629 
? 3 50 504 750 
? 3 0 198 97 
? 3 267 635 522 
? 3 348 549 722 
? 3 113 701 520 
? 3 346 465 278 
? 3 119 735 471 
? 3 288 334 94 
? 3 616 689 303 
? 3 124 433 49 
? 3 486 501 347 
? 3 410 696 199 
? 3 112 563 765 
? 3 76 215 146 
? 3 305 633 139 
? 3 482 588 31 
? 3 59 789 571 
? 3 451 626 77 
? 3 282 487 394 
? 3 121 169 497 
? 3 426 453 411 
? 3 108 597 409 
? 3 353 383 279 
? 3 83 489 211 
? 3 193 284 16 
? 3 287 656 300 
? 3 115 407 452 
? 3 444 562 228 
!
159 664 
159 664
183 207 196 7 96 271 538 599 644 674 
183 207
196 207
7 207
96 196
271 196
538 96
599 207
644 599
674 599
61 155 
61 155
444 562 228 
562 228
444 228
795 
442 658 641 162 438 
442 438
162 438
442 641
658 641
531 788 
531 788
794 
784 
14 612 225 476 725 
14 612
476 725
612 725
14 225
202 745 592 619 289 
619 289
745 592
202 745
202 289
24 594 693 530 
24 693
24 594
594 530
115 407 452 
407 452
115 452
212 477 127 213 
477 127
212 477
477 213
782 
776 
287 656 300 
656 300
287 300
775 
766 
180 746 361 479 720 43 631 
180 631
180 720
180 479
746 361
361 479
746 43
757 
558 716 
558 716
246 375 603 386 704 754 628 463 727 793 75 37 
246 375
603 375
386 603
704 375
754 375
628 603
463 386
727 375
793 754
75 793
37 603
756 
740 
209 774 19 229 607 
774 607
209 607
209 19
774 229
708 
193 284 16 
284 16
193 284
677 
52 73 748 649 
52 73
52 748
73 649
672 
83 489 211 
83 489
83 211
353 383 279 
353 383
383 279
104 233 
104 233
671 
140 217 182 336 715 302 
140 182
336 302
140 302
217 182
140 715
650 
355 413 
355 413
596 602 
596 602
399 443 
399 443
248 535 
248 535
645 
374 473 643 395 306 611 396 541 71 566 230 352 321 403 772 378 
374 473
643 473
395 374
306 374
611 643
396 395
541 374
71 374
566 611
230 541
352 611
321 473
403 230
772 352
378 403
11 480 
11 480
108 597 409 
597 409
108 597
216 732 
216 732
640 
426 453 411 
453 411
426 453
85 250 326 296 759 110 648 219 494 578 195 20 
85 250
326 85
296 85
759 326
110 250
648 110
219 648
494 85
578 110
195 85
20 494
93 350 637 590 331 266 707 214 242 
590 242
331 214
331 242
93 242
93 350
93 637
350 707
637 266
638 
125 201 
125 201
120 436 736 780 387 
120 436
120 736
436 780
736 387
634 
121 169 497 
121 169
121 497
280 669 
280 669
617 
282 487 394 
282 394
282 487
451 626 77 
451 626
626 77
227 345 
227 345
613 
430 762 
430 762
59 789 571 
789 571
59 571
460 488 324 554 
460 488
460 554
488 324
608 
123 175 560 148 206 556 
560 556
123 175
123 560
175 148
148 206
63 448 763 158 390 
63 448
63 763
448 158
763 390
223 705 276 138 711 
705 138
223 705
223 711
276 711
587 
439 606 
439 606
56 653 185 580 107 718 400 698 80 145 769 709 
56 653
185 653
580 56
107 56
718 653
400 718
698 107
80 718
145 698
769 107
709 653
585 
584 
582 
437 675 
437 675
579 
553 
95 604 
95 604
40 467 203 474 446 666 570 
474 666
40 474
203 446
666 570
40 203
467 446
194 547 
194 547
102 329 524 241 297 569 537 
524 297
241 569
102 329
102 569
297 537
329 524
536 
513 764 316 344 779 
764 316
513 764
513 344
764 779
478 699 
478 699
10 153 
10 153
661 713 511 495 605 790 503 621 103 620 
661 713
511 661
495 661
605 495
790 661
503 511
621 503
103 495
620 713
286 462 
286 462
534 
499 
275 723 798 514 238 568 
514 238
275 723
275 568
723 514
723 798
482 588 31 
482 588
482 31
118 416 
118 416
156 393 
156 393
53 758 292 454 343 290 521 
53 292
758 292
758 343
343 290
53 521
758 454
491 
484 
481 
305 633 139 
305 633
633 139
470 
62 231 342 589 441 18 
62 342
231 342
231 589
589 18
342 441
461 
469 651 
469 651
435 
76 215 146 
76 146
215 146
2 367 
2 367
111 204 
111 204
1 615 
1 615
500 518 136 311 
136 311
500 518
518 136
420 
9 466 172 422 799 167 235 418 
172 799
9 466
9 167
466 172
9 422
466 235
799 418
335 337 440 312 101 224 561 
312 101
335 440
335 337
440 312
337 224
335 561
408 
557 743 
557 743
112 563 765 
563 765
112 765
319 505 
319 505
402 
285 600 
285 600
684 733 458 170 
458 170
684 733
733 458
523 768 
523 768
384 
368 
410 696 199 
410 696
696 199
468 796 
468 796
486 501 347 
501 347
486 347
124 433 49 
124 433
124 49
366 
616 689 303 
616 689
689 303
152 445 687 234 543 82 464 655 68 381 
152 445
687 152
234 445
543 234
82 152
464 445
655 82
68 82
381 445
364 
70 116 150 546 
116 150
150 546
70 116
358 
552 694 161 581 509 277 
161 509
552 509
694 509
161 581
694 277
356 
529 770 
529 770
325 738 786 551 29 187 46 
325 738
325 786
325 187
738 29
29 46
551 29
614 791 527 117 
614 791
791 527
614 117
339 
288 334 94 
288 334
288 94
86 457 26 36 
86 36
457 36
86 26
309 749 
309 749
434 533 98 550 240 
434 533
533 98
434 550
98 240
475 667 573 421 456 760 
475 421
475 760
475 667
421 456
667 573
327 
323 
119 735 471 
735 471
119 735
320 
295 428 
295 428
357 432 
357 432
318 
346 465 278 
465 278
346 278
113 701 520 
701 520
113 701
783 792 106 385 269 632 205 
106 632
792 106
783 792
792 205
385 205
385 269
314 
348 549 722 
348 549
549 722
639 697 744 55 51 423 359 
697 51
639 423
744 55
51 423
55 51
639 359
58 512 
58 512
627 755 565 591 173 
627 565
627 755
755 173
755 591
91 174 685 719 601 54 147 
91 601
685 719
601 54
91 719
54 147
174 685
313 
267 635 522 
267 522
267 635
365 586 
365 586
299 
291 
12 459 151 519 
12 151
12 459
12 519
168 406 
168 406
236 690 781 662 455 
781 662
236 690
690 662
781 455
142 767 
142 767
178 239 74 41 555 
178 239
239 41
41 555
74 41
128 785 717 220 532 15 427 
128 785
128 532
717 532
785 220
220 427
220 15
130 160 
130 160
8 332 
8 332
0 198 97 
0 198
198 97
50 504 750 
50 504
504 750
243 659 315 370 417 424 
315 417
243 417
659 424
659 370
659 315
17 492 629 
17 492
492 629
23 485 253 761 371 264 340 688 
23 485
485 253
23 761
761 340
371 688
253 688
485 264
283 
89 575 88 507 726 25 376 429 38 
575 726
89 38
89 726
507 38
89 376
88 25
575 88
376 429
528 540 623 431 22 
528 540
540 623
623 431
623 22
131 412 598 502 164 
131 412
598 164
412 502
598 502
281 
84 268 625 293 404 44 
268 293
84 268
293 44
84 625
268 404
382 721 328 35 498 642 
328 35
382 721
498 642
382 642
721 328
572 652 516 254 742 
516 254
652 254
572 742
572 652
126 778 624 679 610 
778 610
624 610
126 778
126 679
4 255 490 137 
490 137
4 255
4 137
177 673 
177 673
184 425 66 
425 66
184 66
273 
135 218 714 377 33 
714 377
218 377
135 714
377 33
149 724 
149 724
630 700 21 256 
21 256
700 256
630 21
157 753 388 
157 753
157 388
506 729 
506 729
270 
265 
13 618 577 681 
13 681
13 618
577 681
261 
548 773 398 
548 773
548 398
259 
258 
247 274 
247 274
362 419 
362 419
380 564 682 663 777 330 728 660 341 90 508 263 712 379 
380 564
682 380
663 682
777 564
330 682
728 663
660 380
341 660
90 564
508 330
263 777
712 682
379 728
81 739 251 
81 739
739 251
48 317 
48 317
257 
208 
87 232 373 
232 373
87 232
197 
192 
32 734 389 
32 734
734 389
72 397 171 360 
72 397
72 360
397 171
191 
221 405 245 483 583 636 92 496 
483 636
245 583
221 583
405 245
405 496
221 483
583 92
210 493 
210 493
539 542 
539 542
189 
186 
165 
67 692 28 42 576 
67 42
67 692
692 576
67 28
260 415 676 
260 415
260 676
163 
144 
683 686 447 510 559 338 226 30 702 166 668 731 710 609 737 
683 686
447 683
510 683
559 447
338 686
226 686
30 686
702 338
166 702
668 226
731 30
710 226
609 702
737 702
100 515 595 771 39 450 678 
515 595
100 515
515 450
595 771
450 678
100 39
109 657 449 133 593 
449 133
109 657
657 593
657 449
252 517 
252 517
129 752 
129 752
45 797 545 391 114 680 307 
45 797
797 545
545 391
797 114
680 307
114 307
181 472 244 369 647 
181 472
244 369
244 647
472 369
333 351 
333 351
6 298 
6 298
237 392 60 
392 60
237 392
304 695 222 
304 695
304 222
141 
134 
272 308 654 
308 654
272 654
132 
363 741 
363 741
99 
27 310 122 
310 122
27 122
79 
154 646 574 
154 646
646 574
57 78 751 294 
78 751
57 78
57 294
414 747 706 
414 747
747 706
69 
65 
64 
34 
301 322 
301 322
544 691 622 190 143 401 188 
691 188
691 622
143 401
544 188
544 401
190 143
5 
567 787 176 200 665 730 262 105 179 703 526 670 
567 787
176 787
200 567
665 200
730 567
262 787
105 262
179 105
703 179
526 179
670 730
354 372 
354 372
47 525 349 249 
525 349
47 525
525 249
3 
