? 9 544 691 188 401 324 622 190 143 159 
? 9 89 575 507 88 25 726 38 376 708 
? 8 335 337 224 561 534 101 312 440 
? 8 93 350 72 637 214 590 421 707 
? 8 53 758 454 343 292 605 103 290 
? 7 783 792 106 739 269 205 385 
? 7 455 781 630 699 690 700 662 
? 7 23 485 253 761 371 340 688 
? 7 183 207 674 271 7 644 599 
? 7 500 518 392 36 527 237 332 
? 7 14 612 225 363 476 725 229 
? 7 315 659 243 370 424 417 488 
? 7 109 657 449 593 87 133 373 
? 7 431 618 13 540 577 767 142 
? 7 100 515 351 129 450 595 771 
? 7 128 785 532 427 220 717 132 
? 7 40 467 203 474 666 570 768 
? 7 135 218 714 236 377 34 432 
? 6 513 764 316 779 251 344 
? 6 123 175 560 148 556 168 
? 6 67 692 28 576 42 631 
? 6 102 524 329 297 537 241 
? 6 639 697 55 744 423 51 
? 6 434 533 98 240 550 348 
? 6 62 342 231 571 379 59 
? 6 325 738 400 786 551 167 
? 6 120 736 436 780 387 43 
? 5 382 721 35 328 498 
? 5 181 472 723 244 238 
? 5 209 774 19 711 235 
? 5 223 705 276 369 647 
? 5 172 466 9 138 422 
? 5 178 239 555 41 313 
? 5 232 294 678 751 78 
? 5 47 349 249 322 525 
? 5 4 255 137 490 334 
? 5 91 174 719 685 601 
? 5 304 695 222 289 429 
? 5 409 592 745 597 539 
? 5 27 122 310 681 273 
? 5 86 457 26 21 160 
? 5 221 405 245 204 636 
? 5 131 412 598 318 302 
? 5 475 667 331 503 299 
? 5 126 778 624 679 634 
? 5 627 755 24 565 591 
? 5 652 772 611 572 587 
? 4 117 684 733 458 
? 4 140 217 182 336 
? 4 548 773 118 398 
? 4 496 583 388 157 
? 4 212 477 748 52 
? 4 154 646 119 729 
? 4 12 519 459 327 
? 4 170 615 1 193 
? 4 359 546 116 795 
? 4 511 661 495 521 
? 4 635 712 267 173 
? 4 136 311 197 49 
? 4 70 150 29 46 
? 4 614 791 144 499 
? 4 552 694 277 161 
? 4 288 654 272 308 
? 3 63 448 390 
? 3 266 397 171 
? 3 275 798 264 
? 3 528 623 104 
? 3 0 198 512 
? 3 180 361 746 
? 3 76 215 252 
? 3 74 588 482 
? 3 303 606 616 
? 3 260 415 483 
? 3 287 656 480 
? 3 444 562 441 
? 3 162 641 381 
? 3 158 629 17 
? 3 366 411 770 
? 3 10 742 578 
? 3 48 99 33 
? 3 95 693 92 
? 3 50 504 750 
? 3 306 453 395 
? 3 32 389 734 
? 3 177 501 673 
? 3 83 211 724 
? 3 442 658 438 
? 3 396 473 566 
? 3 18 589 452 
? 3 66 425 506 
? 3 437 675 254 
? 3 202 619 261 
? 3 282 487 638 
? 3 58 610 5 
? 3 360 573 121 
? 3 60 584 130 
? 3 291 586 320 
? 3 147 710 54 
? 3 460 554 451 
? 3 414 569 151 
? 3 146 613 357 
? 3 651 715 469 
? 3 139 305 208 
? 3 346 632 81 
? 3 410 420 594 
!
413 796 
413 796
45 797 545 307 114 680 124 213 765 446 
45 797
545 797
307 45
114 797
680 307
124 45
213 680
765 45
446 680
155 716 
155 716
410 420 594 
410 594
410 420
794 
652 772 611 572 587 
652 772
772 611
652 572
572 587
471 669 
471 669
784 
782 
627 755 24 565 591 
627 565
24 565
627 755
755 591
126 778 624 679 634 
126 634
778 624
126 778
679 634
288 654 272 308 
654 308
654 272
288 308
346 632 81 
632 81
346 81
552 694 277 161 
552 161
552 694
694 277
766 
760 
139 305 208 
139 305
305 208
757 
753 
135 218 714 236 377 34 432 
377 34
714 34
135 236
218 34
135 714
377 432
735 
676 775 
676 775
152 445 687 234 543 82 464 489 314 68 493 655 
152 445
687 152
234 445
543 234
82 152
464 687
489 82
314 152
68 445
493 234
655 82
732 
709 
475 667 331 503 299 
667 331
331 299
475 667
475 503
706 
651 715 469 
651 715
651 469
677 
614 791 144 499 
614 144
791 144
614 499
672 
146 613 357 
146 613
146 357
414 569 151 
414 569
569 151
2 607 
2 607
671 
120 736 436 780 387 43 
120 436
120 736
436 780
736 387
780 43
664 
470 529 
470 529
169 621 
169 621
90 727 
90 727
22 596 
22 596
650 
567 787 176 730 665 200 262 105 703 179 526 547 670 73 720 127 
567 787
176 787
730 787
665 567
200 665
262 176
105 262
703 105
179 105
526 179
547 665
670 547
73 526
720 665
127 526
31 285 
31 285
460 554 451 
460 554
460 451
113 319 
113 319
649 
147 710 54 
147 54
147 710
56 653 185 580 718 698 107 80 769 145 514 568 
56 653
185 56
580 56
718 653
698 185
107 185
80 718
769 56
145 185
514 107
568 56
89 575 507 88 25 726 38 376 708 
575 726
89 38
89 726
507 38
89 376
376 708
88 25
575 88
640 
407 456 
407 456
131 412 598 318 302 
131 412
598 302
598 318
412 598
633 
291 586 320 
291 586
586 320
278 465 
278 465
626 
60 584 130 
60 584
60 130
360 573 121 
360 121
573 121
15 479 
15 479
617 
558 722 
558 722
58 610 5 
610 5
58 610
70 150 29 46 
70 29
150 29
150 46
585 
325 738 400 786 551 167 
325 400
325 738
400 786
400 167
738 551
221 405 245 204 636 
405 245
221 204
221 245
204 636
86 457 26 21 160 
457 160
86 160
86 26
457 21
582 
531 788 
531 788
380 564 663 682 330 777 728 660 341 508 263 468 
380 564
663 380
682 663
330 663
777 564
728 682
660 728
341 660
508 330
263 777
468 330
574 
557 
553 
149 286 
149 286
535 
523 
186 740 
186 740
40 467 203 474 666 570 768 
203 768
474 666
40 474
666 570
40 203
40 467
298 520 
298 520
128 785 532 427 220 717 132 
128 132
785 132
128 532
532 717
785 220
427 220
522 
27 122 310 681 273 
122 310
27 122
27 681
122 273
206 406 
206 406
57 439 
57 439
268 293 84 44 112 404 625 391 563 433 
268 293
84 268
44 293
112 84
404 293
625 84
391 293
563 112
433 44
11 97 
11 97
517 
505 
62 342 231 571 379 59 
379 59
62 342
342 231
62 571
231 59
282 487 638 
282 487
282 638
210 776 
210 776
191 248 
191 248
100 515 351 129 450 595 771 
515 595
100 515
515 450
595 771
100 351
100 129
502 
491 
481 
202 619 261 
202 619
202 261
478 
434 533 98 240 550 348 
434 533
533 98
240 348
98 348
434 550
462 
600 608 
600 608
461 
437 675 254 
437 254
675 254
419 492 
419 492
108 356 
108 356
141 216 
141 216
136 311 197 49 
136 311
197 49
136 49
435 
53 758 454 343 292 605 103 290 
103 290
53 292
758 292
758 343
343 103
758 454
53 605
431 618 13 540 577 767 142 
618 13
431 13
618 767
13 577
431 540
767 142
416 
602 645 
602 645
66 425 506 
66 506
66 425
228 642 
228 642
402 
430 799 
430 799
635 712 267 173 
635 712
635 173
635 267
367 741 
367 741
399 
384 
18 589 452 
18 589
18 452
165 762 
165 762
396 473 566 
396 566
396 473
442 658 438 
442 438
442 658
368 
83 211 724 
83 211
211 724
246 375 603 386 628 754 704 793 75 345 
246 375
603 375
386 603
628 386
754 386
704 246
793 754
75 754
345 793
365 
511 661 495 521 
511 495
661 495
511 521
358 
639 697 55 744 423 51 
697 51
639 423
55 744
423 51
55 51
355 
309 749 
309 749
109 657 449 593 87 133 373 
449 133
109 657
449 87
593 87
657 593
87 373
359 546 116 795 
359 116
546 116
546 795
354 
177 501 673 
501 673
177 673
170 615 1 193 
615 1
615 193
170 1
37 393 
37 393
409 592 745 597 539 
409 592
592 745
592 597
409 539
102 524 329 297 537 241 
524 297
102 329
102 241
297 537
524 329
347 
339 
32 389 734 
32 734
389 734
333 
301 536 
301 536
549 756 
549 756
321 
306 453 395 
306 453
306 395
50 504 750 
50 504
504 750
315 659 243 370 424 417 488 
315 417
243 417
659 424
659 370
315 659
424 488
317 
95 693 92 
693 92
95 92
14 612 225 363 476 725 229 
14 229
14 612
612 363
363 476
363 725
225 229
227 463 
227 463
304 695 222 289 429 
304 695
222 429
304 222
222 289
500 518 392 36 527 237 332 
392 36
500 332
500 518
392 237
518 392
518 527
300 
48 99 33 
99 33
48 99
71 426 
71 426
283 
280 
12 519 459 327 
12 459
12 519
519 327
408 579 
408 579
91 174 719 685 601 
91 601
719 685
91 719
174 685
364 747 
364 747
4 255 137 490 334 
137 490
490 334
4 255
4 137
183 207 674 271 7 644 599 
644 599
183 207
674 7
7 599
207 644
207 271
516 620 
516 620
256 443 
256 443
10 742 578 
10 742
10 578
366 411 770 
366 411
411 770
67 692 28 576 42 631 
67 42
67 692
42 631
692 576
67 28
158 629 17 
158 629
629 17
93 350 72 637 214 590 421 707 
72 590
93 72
93 350
93 637
214 590
350 707
214 421
279 
544 691 188 401 324 622 190 143 159 
324 143
324 159
691 188
691 622
401 143
544 188
544 401
190 159
47 349 249 322 525 
349 525
47 525
349 322
249 525
232 294 678 751 78 
232 678
751 78
232 294
232 751
274 
123 175 560 148 556 168 
560 556
123 175
123 560
556 168
175 148
513 764 316 779 251 344 
764 316
513 764
779 251
316 251
513 344
178 239 555 41 313 
178 239
239 41
555 41
41 313
172 466 9 138 422 
466 9
172 466
9 422
9 138
154 646 119 729 
154 646
154 119
154 729
497 790 
497 790
162 641 381 
162 641
162 381
270 
223 705 276 369 647 
705 647
223 369
223 705
276 647
530 604 
530 604
212 477 748 52 
212 52
212 748
212 477
444 562 441 
444 562
562 441
353 383 
353 383
265 
259 
496 583 388 157 
496 157
388 157
496 583
258 
287 656 480 
287 480
287 656
257 
242 
16 284 
16 284
295 428 
295 428
85 326 250 759 296 110 648 494 509 219 581 115 713 20 
85 326
250 85
759 326
296 85
110 250
648 250
494 759
509 85
219 250
581 509
115 581
713 494
20 494
260 415 483 
260 415
260 483
111 542 
111 542
233 
194 
303 606 616 
303 606
303 616
192 
189 
74 588 482 
74 482
588 482
548 773 118 398 
548 773
118 398
548 118
187 
335 337 224 561 534 101 312 440 
101 312
335 440
335 337
312 440
337 224
335 561
224 534
323 394 
323 394
201 763 
201 763
184 
164 
163 
209 774 19 711 235 
19 235
19 711
209 711
209 774
76 215 252 
215 252
76 215
156 
125 
683 686 447 559 226 510 338 30 166 486 731 702 668 737 609 
683 686
447 686
559 686
226 686
510 226
338 686
30 559
166 683
486 338
731 30
702 166
668 486
737 226
609 30
23 485 253 761 371 340 688 
23 485
485 253
23 761
761 340
371 688
253 688
181 472 723 244 238 
181 472
723 238
472 244
181 723
484 689 
484 689
247 362 
247 362
455 781 630 699 690 700 662 
781 662
455 699
630 699
690 662
455 781
700 662
382 721 35 328 498 
35 328
382 721
721 328
382 498
701 743 
701 743
199 696 
199 696
180 361 746 
361 746
180 361
0 198 512 
0 512
198 512
94 
79 
528 623 104 
528 623
528 104
77 
195 789 
195 789
69 
275 798 264 
798 264
275 264
65 
266 397 171 
266 397
266 171
140 217 182 336 
140 182
217 182
140 336
63 448 390 
63 448
63 390
64 
61 
39 
8 
372 418 
372 418
783 792 106 739 269 205 385 
792 106
783 792
792 205
739 205
739 385
269 385
6 
230 403 541 352 538 378 96 153 196 643 281 374 
230 403
541 230
352 403
538 541
378 352
96 538
153 403
196 96
643 352
281 403
374 643
134 752 
134 752
117 684 733 458 
117 733
117 684
733 458
3 
