? 6 32 224 6 424 469 392 
? 6 272 558 747 178 661 387 
? 5 122 400 45 67 25 
? 4 297 589 690 560 
? 4 279 413 768 473 
? 4 90 192 479 474 
? 4 427 559 467 291 
? 3 533 570 167 
? 3 334 596 702 
? 3 187 571 322 
? 3 1 341 647 
? 3 105 501 604 
!
105 501 604 
105 501
501 604
59 464 760 645 448 685 483 758 565 150 532 781 564 283 295 709 727 595 489 182 
59 464
760 464
645 760
448 59
685 448
483 59
758 760
565 448
150 565
532 645
781 758
564 758
283 150
295 448
709 295
727 448
595 483
489 565
182 483
496 765 657 414 155 106 684 542 20 123 
496 765
657 765
414 496
155 496
106 765
684 765
542 155
20 496
123 155
33 640 357 143 383 446 217 18 50 591 528 48 199 549 386 627 751 234 146 435 68 168 548 748 723 53 799 356 93 742 407 484 131 508 88 200 177 307 24 255 154 371 16 797 
33 640
357 640
143 33
383 357
446 33
217 446
18 640
50 383
591 50
528 446
48 50
199 591
549 48
386 528
627 446
751 50
234 386
146 234
435 199
68 234
168 68
548 751
748 146
723 146
53 748
799 168
356 549
93 146
742 549
407 751
484 742
131 234
508 50
88 548
200 484
177 799
307 88
24 131
255 742
154 799
371 742
16 88
797 407
600 740 482 631 64 457 522 245 791 594 599 15 
600 740
482 600
631 600
64 482
457 482
522 600
245 631
791 631
594 245
599 522
15 600
585 703 86 714 268 302 476 745 185 540 175 615 0 108 705 135 191 250 516 793 583 285 369 243 378 698 406 2 395 452 195 140 104 318 222 609 394 273 458 169 654 258 608 261 384 730 361 344 
585 703
86 585
714 703
268 585
302 86
476 86
745 86
185 268
540 585
175 703
615 476
0 615
108 585
705 108
135 268
191 185
250 476
516 108
793 745
583 0
285 250
369 268
243 516
378 615
698 378
406 516
2 108
395 378
452 250
195 378
140 195
104 135
318 185
222 2
609 369
394 318
273 369
458 250
169 615
654 169
258 458
608 394
261 222
384 104
730 243
361 191
344 243
427 559 467 291 
559 467
427 467
427 291
477 622 321 616 42 389 461 430 218 612 429 551 531 562 650 574 226 546 87 233 749 306 176 509 561 
477 622
321 622
616 321
42 616
389 616
461 477
430 616
218 622
612 477
429 477
551 321
531 612
562 612
650 612
574 531
226 42
546 430
87 546
233 650
749 574
306 546
176 612
509 546
561 176
359 610 704 693 417 313 335 623 779 636 397 21 71 148 76 672 81 692 257 667 62 317 535 5 401 156 128 184 652 537 628 98 113 75 
359 610
704 610
693 610
417 610
313 610
335 704
623 704
779 693
636 779
397 779
21 610
71 397
148 704
76 704
672 313
81 704
692 148
257 779
667 257
62 692
317 692
535 672
5 779
401 672
156 148
128 156
184 156
652 184
537 672
628 535
98 535
113 5
75 5
262 434 660 70 697 349 586 221 639 545 353 739 732 471 289 136 215 41 497 554 492 513 252 213 80 
262 434
660 262
70 434
697 262
349 697
586 262
221 262
639 697
545 70
353 586
739 70
732 545
471 545
289 221
136 586
215 739
41 289
497 739
554 289
492 545
513 289
252 349
213 513
80 586
284 468 689 46 633 188 538 83 274 190 40 
284 468
689 468
46 689
633 689
188 689
538 46
83 538
274 538
190 83
40 689
230 651 138 500 498 330 541 
230 651
138 230
500 230
498 230
330 500
541 498
90 192 479 474 
90 192
479 474
192 474
337 529 694 465 354 731 129 56 385 778 750 275 449 572 432 575 592 181 491 11 416 569 242 351 641 775 211 377 204 364 
337 529
694 337
465 529
354 529
731 529
129 529
56 337
385 731
778 694
750 337
275 778
449 56
572 778
432 572
575 337
592 778
181 575
491 181
11 385
416 750
569 56
242 575
351 750
641 385
775 569
211 491
377 11
204 242
364 750
203 552 
203 552
677 752 367 795 254 520 382 100 225 676 783 710 431 238 332 408 3 567 505 107 281 54 162 301 521 97 269 598 439 336 370 303 308 202 611 115 
677 752
367 677
795 752
254 677
520 752
382 795
100 520
225 677
676 225
783 676
710 676
431 254
238 431
332 676
408 676
3 520
567 408
505 225
107 3
281 567
54 520
162 408
301 505
521 238
97 521
269 162
598 676
439 107
336 598
370 162
303 439
308 162
202 370
611 439
115 301
506 
1 341 647 
1 341
341 647
290 
134 
272 558 747 178 661 387 
272 178
272 747
747 387
272 558
747 661
223 404 315 625 665 453 454 77 637 504 314 266 743 507 759 403 794 346 536 256 39 216 696 393 503 78 117 171 
223 404
315 404
625 404
665 404
453 315
454 625
77 453
637 453
504 404
314 637
266 453
743 504
507 665
759 665
403 637
794 759
346 504
536 346
256 403
39 77
216 759
696 256
393 256
503 504
78 536
117 216
171 393
279 413 768 473 
413 768
279 413
413 473
304 576 577 671 523 208 380 790 147 263 311 789 766 388 267 499 320 762 391 486 237 66 428 118 51 410 264 244 201 326 490 550 186 
304 576
577 304
671 576
523 304
208 576
380 523
790 523
147 790
263 523
311 523
789 523
766 208
388 766
267 388
499 388
320 499
762 499
391 789
486 762
237 391
66 237
428 499
118 311
51 267
410 237
264 51
244 391
201 311
326 410
490 410
550 244
186 428
94 617 23 72 487 763 109 363 145 605 683 715 716 
94 617
23 94
72 617
487 617
763 94
109 763
363 109
145 763
605 145
683 145
715 145
716 683
35 646 133 160 630 69 440 511 347 519 735 111 207 239 494 338 644 718 144 365 543 210 659 422 29 260 679 44 555 352 96 
35 646
133 646
160 35
630 35
69 35
440 160
511 133
347 133
519 646
735 69
111 69
207 519
239 646
494 133
338 735
644 494
718 69
144 718
365 644
543 207
210 440
659 207
422 659
29 207
260 422
679 29
44 365
555 260
352 44
96 352
187 571 322 
571 322
187 322
34 112 700 419 719 695 73 12 381 786 92 460 37 197 402 444 253 299 411 722 770 198 372 125 14 785 43 755 728 761 9 194 626 
34 112
700 112
419 112
719 700
695 34
73 112
12 700
381 34
786 34
92 381
460 12
37 92
197 92
402 719
444 402
253 460
299 73
411 73
722 73
770 12
198 253
372 73
125 253
14 299
785 770
43 785
755 299
728 92
761 722
9 761
194 299
626 770
26 193 149 159 649 780 229 557 55 362 420 426 620 22 772 278 13 343 345 534 488 333 82 518 310 47 601 624 339 312 673 350 582 436 
26 193
149 193
159 149
649 193
780 193
229 159
557 229
55 649
362 55
420 362
426 557
620 557
22 26
772 362
278 620
13 420
343 229
345 22
534 13
488 278
333 278
82 333
518 343
310 518
47 343
601 333
624 601
339 420
312 47
673 333
350 13
582 345
436 518
653 782 478 235 166 769 510 327 701 584 161 206 798 443 669 366 456 28 
653 782
478 782
235 653
166 782
769 166
510 166
327 166
701 769
584 478
161 769
206 161
798 769
443 235
669 798
366 443
456 443
28 669
158 355 680 196 165 517 36 172 31 399 259 293 462 579 101 95 205 292 688 153 124 733 271 437 58 734 527 300 340 329 666 287 74 
158 355
680 158
196 355
165 680
517 165
36 196
172 680
31 355
399 517
259 36
293 172
462 293
579 293
101 36
95 579
205 101
292 101
688 259
153 688
124 688
733 153
271 95
437 95
58 36
734 293
527 734
300 153
340 437
329 734
666 527
287 95
74 153
334 596 702 
334 596
596 702
89 323 305 49 139 121 265 512 324 588 493 421 99 130 655 767 358 607 173 472 227 539 425 563 470 183 157 390 170 445 30 495 515 57 114 247 587 447 63 
89 323
305 89
49 305
139 49
121 323
265 121
512 121
324 89
588 49
493 89
421 305
99 49
130 305
655 324
767 265
358 655
607 767
173 655
472 655
227 324
539 227
425 305
563 49
470 99
183 470
157 767
390 183
170 563
445 470
30 227
495 30
515 173
57 227
114 472
247 157
587 183
447 495
63 470
297 589 690 560 
297 560
690 560
297 589
466 788 675 319 746 668 280 530 10 102 328 174 634 566 738 757 525 276 240 423 725 678 556 792 784 249 544 674 376 593 664 724 777 
466 788
675 788
319 466
746 319
668 746
280 668
530 319
10 466
102 280
328 788
174 102
634 280
566 668
738 634
757 566
525 102
276 738
240 102
423 10
725 525
678 725
556 678
792 678
784 556
249 725
544 668
674 544
376 276
593 725
664 556
724 544
777 276
463 744 603 373 110 298 209 643 438 568 212 60 774 116 286 132 38 553 
463 744
603 744
373 744
110 603
298 373
209 603
643 463
438 209
568 643
212 568
60 110
774 373
116 110
286 774
132 116
38 209
553 286
126 606 79 706 232 360 670 502 375 189 
126 606
79 126
706 126
232 79
360 706
670 606
502 232
375 670
189 670
533 570 167 
533 570
570 167
52 282 771 84 316 294 648 7 713 614 663 619 151 415 418 754 573 581 602 412 481 717 396 691 686 
52 282
771 282
84 282
316 771
294 282
648 84
7 771
713 7
614 7
663 84
619 614
151 619
415 151
418 84
754 619
573 418
581 7
602 7
412 151
481 418
717 602
396 581
691 754
686 412
122 400 45 67 25 
67 25
122 45
45 25
122 400
32 224 6 424 469 392 
6 424
469 392
32 224
32 424
32 469
736 796 342 547 787 753 459 
736 796
342 736
547 342
787 342
753 547
459 787
4 621 662 228 729 398 231 61 368 656 441 658 141 17 524 374 241 726 214 681 270 597 120 712 578 331 
4 621
662 4
228 4
729 4
398 729
231 662
61 228
368 4
656 662
441 61
658 621
141 658
17 398
524 398
374 61
241 61
726 398
214 658
681 214
270 658
597 241
120 17
712 681
578 120
331 241
127 296 629 27 764 480 251 180 451 91 642 248 455 
127 296
629 296
27 629
764 27
480 629
251 127
180 764
451 27
91 27
642 480
248 642
455 642
19 737 309 348 638 246 236 219 720 119 103 526 
19 737
309 737
348 19
638 737
246 737
236 638
219 236
720 236
119 638
103 638
526 119
179 741 85 433 708 450 163 721 632 485 220 325 773 164 682 
179 741
85 179
433 741
708 179
450 433
163 450
721 433
632 179
485 433
220 485
325 163
773 485
164 220
682 485
405 756 409 442 288 514 137 687 65 707 142 776 618 
405 756
409 405
442 405
288 442
514 405
137 409
687 288
65 687
707 514
142 756
776 707
618 442
475 613 699 277 8 379 711 580 590 635 152 
475 613
699 613
277 475
8 277
379 8
711 277
580 711
590 580
635 580
152 379
