? 6 657 765 414 496 547 67 
? 6 87 546 509 379 376 277 
? 5 736 796 542 342 123 
? 4 382 520 122 25 
? 4 45 753 400 702 
? 4 475 613 626 785 
? 4 441 621 368 726 
? 3 290 413 473 
? 3 80 283 294 
? 3 155 787 506 
? 3 20 684 138 
? 3 427 503 192 
!
427 503 192 
427 503
503 192
572 778 275 432 602 497 592 354 465 739 377 7 771 713 717 396 70 215 316 90 
572 778
275 778
432 572
602 572
497 602
592 572
354 275
465 592
739 497
377 778
7 602
771 7
713 7
717 7
396 7
70 739
215 497
316 771
90 377
152 190 83 366 561 176 140 300 40 150 
152 190
83 190
366 152
561 366
176 366
140 176
300 176
40 83
150 40
466 788 530 319 10 675 280 748 634 746 668 566 328 24 525 146 174 102 436 725 738 131 723 93 276 53 386 310 234 678 518 68 240 556 423 757 784 593 674 544 792 528 590 627 
466 788
530 466
319 466
10 466
675 788
280 675
748 466
634 280
746 530
668 634
566 668
328 675
24 10
525 675
146 748
174 634
102 675
436 146
725 525
738 634
131 24
723 131
93 131
276 738
53 748
386 146
310 530
234 131
678 675
518 310
68 24
240 678
556 678
423 525
757 634
784 556
593 423
674 757
544 674
792 784
528 234
590 556
627 53
1 412 151 619 213 754 513 614 415 554 341 41 
1 412
151 412
619 412
213 412
754 412
513 213
614 754
415 614
554 513
341 513
41 341
585 703 714 86 268 302 108 476 175 745 185 705 0 540 615 195 516 250 135 793 243 369 191 395 378 285 583 406 698 2 730 182 452 222 458 104 609 318 273 261 169 258 344 443 654 394 456 749 
585 703
714 585
86 585
268 585
302 714
108 703
476 86
175 585
745 86
185 268
705 703
0 476
540 705
615 476
195 703
516 108
250 476
135 268
793 745
243 540
369 185
191 185
395 0
378 0
285 250
583 395
406 195
698 395
2 243
730 243
182 285
452 285
222 2
458 285
104 369
609 369
318 369
273 104
261 222
169 615
258 458
344 243
443 169
654 169
394 318
456 169
749 261
441 621 368 726 
441 621
441 368
368 726
27 629 296 127 91 480 764 642 455 352 248 348 251 246 219 19 720 737 309 708 763 325 85 487 721 
27 629
296 27
127 296
91 27
480 27
764 296
642 480
455 642
352 127
248 642
348 455
251 352
246 642
219 642
19 455
720 248
737 19
309 19
708 251
763 708
325 708
85 708
487 763
721 85
89 323 305 49 139 121 265 512 324 588 655 130 358 493 539 227 173 472 563 114 515 582 30 170 350 451 103 526 57 345 179 632 13 180 
89 323
305 323
49 305
139 305
121 323
265 121
512 121
324 323
588 121
655 324
130 655
358 655
493 358
539 324
227 324
173 655
472 655
563 49
114 472
515 173
582 515
30 227
170 563
350 170
451 227
103 472
526 103
57 227
345 515
179 563
632 179
13 170
180 57
564 758 134 645 760 781 532 464 685 608 187 448 727 59 669 709 798 28 295 533 483 647 565 604 571 
564 758
134 564
645 758
760 645
781 134
532 564
464 758
685 758
608 760
187 760
448 685
727 448
59 464
669 187
709 727
798 645
28 187
295 448
533 669
483 59
647 295
565 483
604 448
571 28
77 453 266 625 454 39 536 743 346 78 504 
77 453
266 453
625 77
454 453
39 77
536 77
743 536
346 536
78 536
504 743
142 272 558 661 618 442 768 
142 272
558 272
661 272
618 661
442 618
768 618
475 613 626 785 
475 613
626 785
475 626
32 652 184 393 224 156 715 696 424 553 256 6 317 145 314 171 128 716 286 403 637 683 469 363 535 392 774 313 537 628 
32 652
184 652
393 652
224 393
156 184
715 224
696 652
424 224
553 393
256 393
6 424
317 156
145 156
314 256
171 393
128 156
716 424
286 171
403 314
637 314
683 716
469 424
363 156
535 128
392 286
774 392
313 535
537 535
628 535
673 741 
673 741
35 646 133 160 511 440 630 69 347 338 519 494 644 111 239 735 718 207 144 543 365 210 447 659 495 29 422 260 607 555 44 157 247 679 96 767 
35 646
133 646
160 35
511 646
440 160
630 35
69 630
347 133
338 35
519 511
494 133
644 494
111 69
239 133
735 69
718 111
207 160
144 718
543 207
365 494
210 440
447 239
659 160
495 447
29 659
422 659
260 422
607 440
555 422
44 447
157 607
247 260
679 29
96 447
767 157
233 
20 684 138 
684 138
20 138
194 
106 
87 546 509 379 376 277 
546 509
509 379
87 379
546 376
379 277
115 606 79 126 301 670 439 706 54 334 502 375 105 107 3 360 303 232 189 505 501 686 336 598 596 710 100 611 
115 606
79 606
126 79
301 115
670 606
439 670
706 126
54 115
334 439
502 126
375 670
105 606
107 439
3 107
360 706
303 439
232 502
189 670
505 301
501 706
686 115
336 686
598 336
596 189
710 598
100 710
611 107
45 753 400 702 
45 753
753 702
45 400
397 779 693 257 636 667 71 5 623 417 610 21 704 759 359 335 62 75 692 113 76 665 148 507 467 794 117 223 81 404 315 216 559 
397 779
693 397
257 397
636 779
667 257
71 636
5 779
623 397
417 397
610 623
21 779
704 610
759 397
359 704
335 704
62 21
75 5
692 62
113 257
76 692
665 759
148 692
507 665
467 75
794 665
117 794
223 665
81 335
404 223
315 404
216 117
559 467
284 468 666 329 689 46 633 188 489 538 136 274 595 
284 468
666 284
329 666
689 468
46 689
633 689
188 46
489 188
538 46
136 188
274 538
595 274
34 112 700 419 719 73 695 12 37 92 402 460 197 381 253 786 411 770 444 299 372 125 198 728 722 755 226 14 9 761 43 
34 112
700 34
419 112
719 700
73 34
695 719
12 700
37 34
92 37
402 719
460 12
197 92
381 197
253 12
786 719
411 419
770 12
444 402
299 73
372 299
125 253
198 770
728 92
722 372
755 299
226 728
14 299
9 755
761 722
43 299
155 787 506 
787 506
155 787
33 640 357 143 383 446 217 549 48 199 168 356 484 742 799 154 371 200 177 249 635 343 580 399 664 119 8 534 488 236 306 638 711 
33 640
357 33
143 640
383 357
446 33
217 143
549 383
48 549
199 357
168 217
356 48
484 356
742 484
799 168
154 799
371 742
200 742
177 799
249 154
635 177
343 446
580 635
399 343
664 580
119 371
8 580
534 343
488 343
236 119
306 664
638 236
711 8
97 521 431 481 281 238 418 202 567 370 552 351 648 783 367 364 573 408 795 254 269 162 663 308 750 52 677 84 676 332 282 211 225 752 
97 521
431 521
481 521
281 97
238 521
418 97
202 418
567 238
370 202
552 97
351 202
648 202
783 567
367 783
364 418
573 364
408 567
795 367
254 795
269 408
162 269
663 648
308 162
750 364
52 202
677 367
84 52
676 408
332 676
282 52
211 364
225 676
752 677
161 206 541 327 701 769 166 498 322 510 361 330 230 500 570 651 459 167 
161 206
541 206
327 206
701 206
769 701
166 701
498 541
322 541
510 769
361 166
330 322
230 498
500 330
570 330
651 230
459 230
167 330
355 680 158 196 165 36 517 172 724 292 31 312 293 579 101 259 124 153 688 47 95 437 601 205 733 271 462 624 58 527 734 333 340 
355 680
158 355
196 680
165 680
36 196
517 165
172 158
724 165
292 355
31 172
312 517
293 196
579 293
101 36
259 36
124 165
153 165
688 153
47 312
95 172
437 95
601 47
205 101
733 688
271 95
462 293
624 601
58 101
527 293
734 527
333 601
340 95
80 283 294 
80 283
80 294
26 193 88 149 649 159 548 63 307 751 16 407 797 470 183 508 229 362 557 780 55 390 587 445 18 50 591 255 99 420 426 278 425 620 421 435 82 772 22 
26 193
88 26
149 193
649 193
159 149
548 88
63 193
307 88
751 548
16 26
407 751
797 63
470 63
183 470
508 88
229 159
362 649
557 229
780 362
55 557
390 470
587 183
445 797
18 751
50 751
591 50
255 407
99 183
420 362
426 557
278 557
425 470
620 278
421 470
435 255
82 620
772 362
22 255
382 520 122 25 
382 520
122 25
520 122
304 577 576 523 790 671 311 208 380 147 263 267 789 766 320 499 388 237 428 391 66 762 486 118 410 201 326 244 550 51 264 490 560 
304 577
576 304
523 304
790 523
671 523
311 523
208 576
380 523
147 380
263 147
267 147
789 263
766 671
320 766
499 320
388 499
237 789
428 499
391 789
66 237
762 499
486 762
118 311
410 237
201 391
326 391
244 410
550 391
51 388
264 320
490 66
560 428
110 603 209 438 298 744 373 60 463 38 492 132 212 568 732 15 545 643 
110 603
209 603
438 209
298 603
744 603
373 744
60 603
463 744
38 209
492 209
132 603
212 492
568 212
732 492
15 132
545 732
643 212
485 682 773 387 747 220 433 164 178 339 
485 682
773 682
387 485
747 773
220 485
433 682
164 220
178 773
339 220
290 413 473 
290 473
413 473
522 776 599 707 791 64 409 687 600 65 514 756 457 740 288 405 631 252 245 287 482 116 594 279 137 
522 776
599 776
707 522
791 776
64 522
409 707
687 776
600 64
65 522
514 707
756 687
457 600
740 600
288 687
405 756
631 791
252 64
245 631
287 687
482 252
116 409
594 245
279 288
137 116
736 796 542 342 123 
542 123
736 796
542 342
796 123
657 765 414 496 547 67 
414 67
765 67
657 765
657 547
657 496
578 584 120 699 17 656 524 
578 584
120 578
699 584
17 120
656 578
524 17
186 297 204 690 589 242 575 203 181 129 291 449 491 56 775 337 479 529 694 474 731 416 385 641 569 11 
186 297
204 186
690 297
589 297
242 204
575 204
203 242
181 242
129 242
291 204
449 204
491 242
56 449
775 56
337 56
479 775
529 337
694 529
474 479
731 529
416 491
385 731
641 56
569 385
11 385
477 622 42 461 429 777 389 574 531 562 612 74 650 
477 622
42 622
461 477
429 622
777 622
389 622
574 477
531 574
562 477
612 574
74 461
650 612
478 782 653 597 384 241 662 374 235 331 61 231 
478 782
653 782
597 478
384 782
241 597
662 241
374 241
235 241
331 597
61 241
231 662
658 681 214 270 321 218 228 712 729 616 4 551 430 141 398 
658 681
214 681
270 681
321 681
218 681
228 658
712 270
729 658
616 321
4 228
551 616
430 321
141 270
398 4
262 434 660 586 697 221 349 639 471 353 581 691 289 
262 434
660 262
586 434
697 262
221 434
349 697
639 697
471 660
353 639
581 586
691 581
289 691
72 617 94 401 23 98 672 109 605 163 450 
72 617
94 72
401 72
23 94
98 94
672 401
109 98
605 23
163 109
450 163
