? 15 378 439 584 75 70 370 34 377 661 333 737 118 95 482 61 
? 14 272 742 414 363 673 322 481 746 410 533 461 45 37 67 
? 13 480 576 78 413 557 750 388 659 768 766 440 660 415 
? 13 44 280 616 707 446 656 130 348 223 144 234 359 167 
? 12 473 561 392 154 277 412 177 796 404 434 517 458 
? 12 527 713 222 218 339 384 706 381 657 751 456 688 
? 12 31 98 550 97 590 681 179 171 666 321 609 469 
? 11 204 247 531 66 316 281 653 546 795 46 464 
? 11 1 152 462 722 629 723 655 582 331 453 497 
? 11 81 142 782 266 256 639 211 176 424 677 293 
? 11 382 748 5 243 708 445 62 454 192 287 229 
? 11 241 728 775 668 54 712 102 8 369 209 362 
? 10 417 545 260 220 753 227 345 786 740 398 
? 10 448 645 373 491 717 676 610 274 205 111 
? 9 110 115 577 135 716 685 787 562 326 
? 9 305 421 136 619 745 364 403 544 59 
? 9 608 652 309 566 332 670 288 444 375 
? 8 299 337 120 84 664 180 346 675 
? 8 568 778 275 334 0 354 23 232 
? 8 470 596 94 324 540 226 87 741 
? 8 195 249 269 602 703 615 567 306 
? 8 476 620 90 397 780 286 519 393 
? 8 201 408 146 57 347 145 92 203 
? 8 119 495 197 538 700 400 3 599 
? 7 484 555 744 762 112 468 617 
? 7 460 680 148 224 91 244 26 
? 7 19 569 361 486 168 592 565 
? 7 20 82 612 158 665 764 51 
? 7 64 463 178 73 623 526 296 
? 7 314 401 320 695 196 338 10 
? 6 335 684 777 705 513 330 
? 6 21 343 625 380 521 738 
? 6 432 715 350 394 271 549 
? 6 578 583 773 698 719 69 
? 6 586 682 301 29 601 571 
? 6 505 528 264 183 501 133 
? 5 79 391 162 214 525 
? 5 25 727 174 353 83 
? 5 93 606 558 442 164 
? 5 507 614 185 96 443 
? 5 644 756 292 535 124 
? 5 303 308 317 56 518 
? 5 356 563 28 161 747 
? 5 77 360 648 85 315 
? 5 175 548 799 686 541 
? 4 310 494 22 791 
? 4 366 451 105 428 
? 4 710 772 208 658 
? 4 74 509 108 47 
? 4 642 697 663 6 
? 4 101 379 522 285 
? 4 496 589 24 798 
? 4 336 516 302 318 
? 4 39 323 294 472 
? 4 273 290 165 194 
? 4 32 718 580 230 
? 4 128 467 282 626 
? 3 459 529 298 
? 3 492 634 628 
? 3 732 792 357 
? 3 704 788 763 
? 3 613 739 593 
? 3 437 679 374 
? 3 149 504 449 
? 3 426 512 127 
? 3 138 213 466 
? 3 441 605 471 
? 3 117 427 262 
? 3 15 477 261 
? 3 68 402 257 
? 3 206 506 156 
? 3 291 621 455 
? 3 17 489 399 
? 3 50 534 121 
? 3 595 624 530 
? 3 38 733 11 
? 3 217 508 734 
? 3 268 641 395 
? 3 215 785 385 
? 3 483 767 190 
!
797 
238 560 
238 560
483 767 190 
767 190
483 767
215 785 385 
785 385
215 785
693 
585 646 
585 646
236 420 
236 420
268 641 395 
268 395
268 641
692 
198 340 125 188 598 349 40 759 627 674 640 325 776 647 383 258 300 650 27 
198 340
125 340
188 198
598 188
349 198
40 349
759 40
627 125
674 40
640 598
325 759
776 349
647 674
383 640
258 776
300 627
650 258
27 647
41 416 622 730 63 478 447 131 490 536 643 48 88 365 329 556 237 228 202 114 116 499 765 
41 416
622 41
730 41
63 416
478 416
447 730
131 416
490 63
536 490
643 478
48 536
88 63
365 730
329 131
556 88
237 88
228 536
202 237
114 48
116 365
499 365
765 114
241 728 775 668 54 712 102 8 369 209 362 
775 712
54 712
728 54
8 209
8 369
241 102
728 668
102 362
241 728
54 369
217 508 734 
217 734
217 508
175 548 799 686 541 
175 686
175 548
548 541
548 799
119 495 197 538 700 400 3 599 
119 495
197 538
119 197
495 700
400 3
3 599
700 400
378 439 584 75 70 370 34 377 661 333 737 118 95 482 61 
370 737
439 34
75 70
378 439
378 75
370 34
439 584
377 95
333 737
75 95
118 61
584 61
661 61
377 482
608 652 309 566 332 670 288 444 375 
652 332
608 670
309 375
566 444
608 652
566 670
332 288
309 566
38 733 11 
38 733
733 11
630 
259 758 80 726 587 485 140 170 219 736 221 371 488 781 579 52 
259 758
80 758
726 758
587 259
485 726
140 259
170 758
219 259
736 587
221 485
371 170
488 371
781 736
579 170
52 485
128 467 282 626 
467 626
128 467
128 282
32 718 580 230 
718 580
32 718
718 230
382 748 5 243 708 445 62 454 192 287 229 
382 748
243 62
748 5
62 287
445 454
748 708
5 62
243 454
287 229
445 192
591 
595 624 530 
595 624
624 530
44 280 616 707 446 656 130 348 223 144 234 359 167 
348 223
44 280
280 446
616 707
144 359
44 707
707 656
616 223
44 359
656 234
446 130
144 167
81 142 782 266 256 639 211 176 424 677 293 
81 142
176 677
81 782
639 424
782 256
266 639
256 176
81 266
176 293
142 211
31 98 550 97 590 681 179 171 666 321 609 469 
97 171
31 98
681 171
590 179
550 666
98 97
179 171
31 609
31 550
666 321
609 469
50 534 121 
534 121
50 534
17 489 399 
489 399
17 399
291 621 455 
291 455
291 621
77 360 648 85 315 
648 85
360 315
77 360
360 648
505 528 264 183 501 133 
501 133
505 528
264 133
528 264
528 183
206 506 156 
206 506
506 156
503 
564 632 
564 632
273 290 165 194 
273 194
273 290
290 165
68 402 257 
68 402
68 257
39 323 294 472 
294 472
323 472
39 323
430 
314 401 320 695 196 338 10 
695 338
314 401
401 338
314 320
320 10
196 10
201 408 146 57 347 145 92 203 
408 57
146 145
201 146
201 57
145 203
347 92
408 347
336 516 302 318 
336 516
516 302
516 318
419 
295 731 
295 731
60 638 
60 638
356 563 28 161 747 
563 161
356 28
356 563
356 747
15 477 261 
15 477
477 261
435 783 
435 783
418 
303 308 317 56 518 
303 518
308 518
308 317
308 56
117 427 262 
117 427
117 262
367 
441 605 471 
441 605
441 471
476 620 90 397 780 286 519 393 
780 286
90 397
476 393
476 90
620 90
620 286
397 519
448 645 373 491 717 676 610 274 205 111 
717 676
448 373
448 645
645 676
491 205
274 111
491 676
717 610
448 274
480 576 78 413 557 750 388 659 768 766 440 660 415 
480 576
78 557
413 750
750 659
413 440
480 78
557 415
576 413
768 766
659 660
413 768
388 660
496 589 24 798 
496 589
496 24
589 798
33 515 
33 515
749 755 
749 755
631 687 
631 687
586 682 301 29 601 571 
586 682
586 601
301 29
682 571
586 301
311 
138 213 466 
213 466
138 213
195 249 269 602 703 615 567 306 
602 703
269 615
269 567
567 306
195 249
195 269
195 602
289 
272 742 414 363 673 322 481 746 410 533 461 45 37 67 
410 37
742 322
272 322
742 673
410 67
461 37
272 414
414 363
363 45
746 410
746 45
673 533
414 481
426 512 127 
426 512
426 127
191 452 376 537 433 155 542 389 651 172 465 387 554 539 137 169 199 575 352 16 514 386 572 134 
191 452
376 452
537 376
433 376
155 191
542 376
389 542
651 452
172 542
465 651
387 376
554 155
539 465
137 389
169 155
199 554
575 155
352 539
16 137
514 352
386 169
572 386
134 387
429 696 104 498 709 667 255 240 279 406 14 409 479 182 267 216 
429 696
104 696
498 429
709 498
667 709
255 709
240 667
279 667
406 429
14 406
409 255
479 14
182 255
267 409
216 479
578 583 773 698 719 69 
719 69
578 583
583 773
578 69
578 698
64 463 178 73 623 526 296 
64 463
73 296
178 296
463 73
64 526
64 623
20 82 612 158 665 764 51 
82 612
20 51
20 764
20 82
612 158
612 665
149 504 449 
149 504
504 449
570 724 
570 724
437 679 374 
437 374
437 679
184 794 284 523 714 2 358 637 611 690 678 729 159 691 368 307 157 
184 794
284 794
523 184
714 523
2 184
358 523
637 714
611 2
690 358
678 690
729 2
159 729
691 729
368 523
307 368
157 368
613 739 593 
613 739
613 593
527 713 222 218 339 384 706 381 657 751 456 688 
706 381
527 713
713 222
657 688
706 688
222 218
339 384
381 751
218 751
339 751
713 456
305 421 136 619 745 364 403 544 59 
403 544
136 745
305 421
364 403
745 59
619 364
421 136
305 619
101 379 522 285 
101 379
379 522
379 285
36 701 405 327 487 141 604 106 603 752 253 166 543 784 254 319 122 100 160 725 233 250 721 551 
36 701
405 36
327 36
487 327
141 405
604 487
106 405
603 327
752 327
253 106
166 106
543 752
784 603
254 166
319 254
122 543
100 122
160 122
725 122
233 254
250 725
721 253
551 233
644 756 292 535 124 
756 292
644 292
644 535
756 124
231 
704 788 763 
704 788
788 763
4 770 
4 770
532 699 
532 699
210 
297 573 
297 573
732 792 357 
792 357
732 792
432 715 350 394 271 549 
432 350
715 271
432 715
715 394
350 549
187 
328 618 9 103 313 225 450 351 520 43 552 235 711 12 559 423 126 
328 618
9 328
103 328
313 618
225 313
450 313
351 328
520 103
43 103
552 450
235 351
711 235
12 43
559 103
423 711
126 552
76 372 636 245 341 474 304 789 30 390 702 689 607 649 779 163 457 769 355 342 
76 372
636 76
245 636
341 245
474 636
304 372
789 636
30 304
390 341
702 390
689 390
607 304
649 689
779 649
163 607
457 30
769 649
355 607
342 457
19 569 361 486 168 592 565 
569 565
168 592
19 569
19 361
19 486
486 168
642 697 663 6 
697 663
642 697
697 6
74 509 108 47 
509 108
74 509
509 47
470 596 94 324 540 226 87 741 
470 94
596 324
596 94
324 741
596 540
324 226
470 87
21 343 625 380 521 738 
21 343
625 521
21 625
625 380
343 738
55 553 193 123 683 597 633 754 344 86 510 65 502 276 760 150 422 436 720 13 246 49 411 242 735 662 
55 553
193 55
123 193
683 193
597 553
633 597
754 633
344 123
86 683
510 597
65 510
502 553
276 65
760 510
150 760
422 344
436 86
720 276
13 720
246 150
49 246
411 760
242 49
735 720
662 49
278 694 
278 694
425 547 396 263 189 431 53 139 790 500 181 669 239 129 71 151 173 186 757 99 
425 547
396 425
263 547
189 263
431 263
53 425
139 431
790 139
500 431
181 396
669 181
239 500
129 53
71 181
151 790
173 71
186 790
757 500
99 669
147 743 
147 743
1 152 462 722 629 723 655 582 331 453 497 
723 453
462 655
1 152
655 453
152 629
1 462
582 331
629 331
1 722
582 497
492 634 628 
634 628
492 634
132 
107 793 
107 793
204 247 531 66 316 281 653 546 795 46 464 
546 464
204 281
204 247
281 546
66 653
795 46
66 464
531 281
531 795
316 46
473 561 392 154 277 412 177 796 404 434 517 458 
473 561
177 434
412 517
473 392
392 177
154 796
412 434
473 277
404 458
561 154
517 458
335 684 777 705 513 330 
335 684
777 705
684 330
335 705
513 330
507 614 185 96 443 
507 614
507 96
185 443
96 443
459 529 298 
459 529
529 298
93 606 558 442 164 
606 442
93 558
606 164
606 558
18 774 207 635 600 524 761 511 153 252 594 771 671 58 312 109 7 
18 774
207 18
635 207
600 207
524 635
761 635
511 635
153 600
252 524
594 153
771 252
671 771
58 671
312 635
109 312
7 312
283 588 
283 588
417 545 260 220 753 227 345 786 740 398 
417 545
220 227
417 220
545 260
786 398
260 753
345 740
753 345
227 786
460 680 148 224 91 244 26 
460 148
680 224
91 26
680 91
224 244
460 680
568 778 275 334 0 354 23 232 
778 334
568 275
354 232
23 232
778 275
0 232
334 0
110 115 577 135 716 685 787 562 326 
110 135
115 135
685 562
577 562
110 716
115 577
787 326
716 787
299 337 120 84 664 180 346 675 
299 337
84 664
120 675
120 180
120 346
84 346
299 84
484 555 744 762 112 468 617 
484 744
484 762
484 468
112 468
555 762
555 617
72 200 212 438 265 251 35 248 581 672 493 475 407 574 143 113 270 654 
72 200
212 200
438 212
265 438
251 265
35 265
248 72
581 35
672 265
493 581
475 581
407 248
574 672
143 574
113 407
270 672
654 143
710 772 208 658 
772 208
710 772
208 658
366 451 105 428 
366 451
451 105
105 428
25 727 174 353 83 
25 353
727 174
727 353
25 83
89 
310 494 22 791 
310 22
310 494
494 791
42 
79 391 162 214 525 
79 214
391 214
162 214
162 525
