? 15 18 774 207 635 600 252 524 511 761 771 671 58 312 740 7 
? 14 378 439 75 70 370 34 333 377 737 797 482 24 127 311 
? 13 527 713 218 339 751 453 381 657 688 384 456 722 677 
? 13 382 748 445 243 708 62 454 192 229 535 292 756 403 
? 12 198 340 125 598 188 40 349 759 627 674 640 776 
? 12 259 758 80 726 736 219 587 485 221 140 371 170 
? 12 578 583 773 698 444 719 69 230 686 632 17 489 
? 11 233 551 319 264 289 37 67 410 501 45 133 
? 11 46 795 531 717 491 204 247 373 205 610 464 
? 11 272 742 363 673 746 414 322 533 461 481 399 
? 11 470 596 94 324 226 540 87 741 700 400 42 
? 11 66 653 281 455 546 111 291 274 645 448 621 
? 10 1 152 462 629 723 655 582 331 33 497 
? 10 97 590 31 171 98 179 641 681 550 666 
? 9 321 609 469 262 427 483 767 117 663 
? 9 269 615 567 306 195 10 249 320 703 
? 9 81 142 782 517 458 266 256 639 412 
? 8 591 765 88 107 793 580 718 128 
? 8 417 545 109 220 260 753 227 345 
? 8 473 561 392 154 177 796 404 434 
? 8 21 343 625 380 507 521 738 273 
? 8 96 443 631 185 799 614 548 687 
? 8 350 432 715 271 138 549 394 213 
? 8 29 573 297 586 301 571 50 332 
? 7 241 728 775 650 54 668 712 
? 7 8 369 209 647 108 509 560 
? 7 145 203 588 57 201 146 317 
? 7 232 354 286 599 23 0 519 
? 7 136 745 59 675 120 421 180 
? 7 398 786 418 463 73 178 64 
? 6 20 82 612 158 665 764 
? 6 484 744 762 555 112 468 
? 6 84 664 419 346 747 236 
? 6 164 466 442 606 93 558 
? 6 3 397 90 476 620 393 
? 6 99 565 361 19 132 569 
? 5 335 777 684 705 330 
? 5 710 772 208 658 187 
? 5 356 563 28 161 360 
? 5 250 602 725 160 692 
? 5 608 652 288 566 309 
? 5 79 162 214 391 525 
? 5 168 592 298 486 441 
? 5 92 308 303 408 347 
? 5 119 495 538 197 334 
? 4 25 763 727 51 
? 4 459 529 426 471 
? 4 196 295 302 401 
? 4 595 624 77 648 
? 4 15 477 290 194 
? 4 460 680 91 224 
? 4 496 589 780 798 
? 4 156 165 261 506 
? 4 49 293 662 242 
? 4 26 472 294 39 
? 4 217 508 734 283 
? 4 357 732 792 147 
? 3 183 721 528 
? 3 275 568 512 
? 3 278 362 694 
? 3 38 733 11 
? 3 318 516 336 
? 3 314 695 731 
? 3 526 623 430 
? 3 366 451 105 
? 3 374 437 83 
? 3 310 791 22 
? 3 593 739 704 
? 3 353 788 174 
? 3 68 402 257 
? 3 505 617 206 
? 3 601 682 375 
? 3 101 379 285 
? 3 364 544 644 
? 3 642 697 190 
? 3 411 424 231 
? 3 47 74 27 
? 3 383 504 307 
? 3 296 679 585 
? 3 435 781 783 
!
785 
488 579 
488 579
435 781 783 
435 783
781 783
296 679 585 
296 679
679 585
755 
32 323 
32 323
238 532 
238 532
383 504 307 
383 504
383 307
743 
41 416 478 622 63 447 730 131 490 237 643 536 228 365 329 48 114 556 499 
41 416
478 416
622 416
63 416
447 478
730 447
131 622
490 63
237 41
643 478
536 63
228 536
365 730
329 131
48 536
114 48
556 114
499 365
72 200 212 438 265 251 35 248 581 672 493 407 475 574 270 143 654 215 153 313 594 113 225 
72 200
212 200
438 212
265 212
251 265
35 212
248 72
581 35
672 265
493 581
407 248
475 493
574 265
270 672
143 574
654 574
215 581
153 248
313 270
594 153
113 594
225 313
66 653 281 455 546 111 291 274 645 448 621 
653 455
645 448
281 546
66 653
291 274
111 291
66 546
455 111
111 621
274 448
47 74 27 
74 27
47 74
119 495 538 197 334 
119 495
538 197
119 197
119 334
29 573 297 586 301 571 50 332 
297 301
571 50
297 332
586 50
29 301
586 301
29 573
18 774 207 635 600 252 524 511 761 771 671 58 312 740 7 
771 671
635 761
511 761
207 635
774 207
18 207
671 58
524 511
761 312
312 7
774 600
252 524
252 671
252 740
81 142 782 517 458 266 256 639 412 
81 142
81 517
81 782
517 412
266 412
782 256
266 639
517 458
411 424 231 
411 424
411 231
670 
328 618 9 103 43 450 520 552 235 711 12 351 126 305 423 699 
328 618
9 328
103 328
43 103
450 618
520 103
552 450
235 328
711 235
12 43
351 235
126 552
305 103
423 711
699 126
357 732 792 147 
357 792
732 792
792 147
217 508 734 283 
217 734
217 508
508 283
470 596 94 324 226 540 87 741 700 400 42 
470 94
596 324
741 400
596 94
324 741
596 540
324 226
87 700
540 700
226 42
628 
642 697 190 
697 190
642 697
382 748 445 243 708 62 454 192 229 535 292 756 403 
382 748
229 292
292 756
243 62
535 403
445 454
454 403
229 403
748 708
243 454
382 243
445 192
272 742 363 673 746 414 322 533 461 481 399 
742 322
272 322
742 673
272 414
363 414
746 461
363 746
673 533
414 481
481 399
578 583 773 698 444 719 69 230 686 632 17 489 
719 69
719 686
578 583
578 444
583 773
578 69
230 17
698 632
578 698
698 489
17 489
364 544 644 
544 644
364 644
101 379 285 
101 379
379 285
601 682 375 
601 682
601 375
92 308 303 408 347 
303 347
92 308
303 408
92 347
99 565 361 19 132 569 
565 569
361 19
19 569
361 132
99 132
505 617 206 
505 617
505 206
605 
6 515 
6 515
26 472 294 39 
26 472
26 294
472 39
68 402 257 
68 402
68 257
49 293 662 242 
49 662
49 293
293 242
564 
398 786 418 463 73 178 64 
463 64
398 786
463 73
463 178
398 418
786 463
350 432 715 271 138 549 394 213 
350 432
549 213
715 271
432 715
350 213
715 394
138 213
156 165 261 506 
156 165
165 506
165 261
559 
85 89 
85 89
300 420 
300 420
168 592 298 486 441 
168 592
298 441
168 298
168 486
353 788 174 
353 174
353 788
4 770 
4 770
513 
79 162 214 391 525 
79 214
214 391
162 214
162 525
593 739 704 
593 704
593 739
503 
310 791 22 
310 22
310 791
96 443 631 185 799 614 548 687 
185 687
96 614
631 548
443 185
96 443
443 799
799 548
97 590 31 171 98 179 641 681 550 666 
97 171
31 98
171 681
590 179
550 666
97 98
171 179
31 550
641 681
527 713 218 339 751 453 381 657 688 384 456 722 677 
527 713
657 688
381 688
384 722
527 218
339 384
751 381
381 677
453 384
453 677
218 751
713 456
496 589 780 798 
496 589
589 798
589 780
52 676 
52 676
338 428 
338 428
102 258 
102 258
3 397 90 476 620 393 
397 90
476 393
90 476
90 620
3 397
325 
374 437 83 
437 83
374 437
21 343 625 380 507 521 738 273 
21 343
625 521
21 625
625 380
507 521
343 738
343 273
315 
378 439 75 70 370 34 333 377 737 797 482 24 127 311 
370 737
439 34
482 127
75 70
378 439
378 75
370 34
377 797
333 737
75 377
377 127
333 24
370 311
366 451 105 
366 451
451 105
429 696 104 498 709 667 255 279 479 182 14 240 406 267 216 530 409 449 626 724 277 570 202 467 
429 696
104 429
498 429
709 104
667 709
255 709
279 667
479 104
182 255
14 479
240 279
406 498
267 182
216 479
530 406
409 255
449 530
626 14
724 216
277 240
570 216
202 570
467 626
44 280 616 707 446 130 144 656 348 359 223 234 613 646 167 522 
44 280
616 44
707 44
446 44
130 616
144 280
656 144
348 707
359 144
223 348
234 348
613 130
646 130
167 144
522 167
164 466 442 606 93 558 
442 606
93 558
466 606
164 466
606 558
136 745 59 675 120 421 180 
136 745
59 675
745 59
675 120
136 421
120 180
232 354 286 599 23 0 519 
286 599
286 23
232 354
232 286
354 519
232 0
526 623 430 
623 430
526 623
211 749 
211 749
314 695 731 
314 695
695 731
110 115 135 61 577 118 716 562 685 787 326 661 337 619 299 95 584 
110 115
135 110
61 115
577 110
118 115
716 118
562 577
685 562
787 716
326 787
661 61
337 685
619 787
299 337
95 716
584 661
318 516 336 
516 336
318 516
259 758 80 726 736 219 587 485 221 140 371 170 
259 758
758 80
371 170
259 736
736 587
726 485
726 221
587 140
758 170
80 726
736 219
269 615 567 306 195 10 249 320 703 
269 615
269 567
567 306
615 320
195 249
10 320
269 195
567 703
460 680 91 224 
680 224
680 91
460 680
76 372 341 245 474 636 304 789 30 390 779 689 163 702 607 649 769 457 778 342 367 355 287 5 
76 372
341 76
245 341
474 245
636 474
304 76
789 636
30 304
390 341
779 304
689 390
163 304
702 390
607 163
649 779
769 649
457 30
778 789
342 457
367 342
355 779
287 769
5 769
608 652 288 566 309 
608 652
608 566
566 309
608 288
282 
38 733 11 
38 733
733 11
121 534 
121 534
385 494 
385 494
210 
268 395 
268 395
278 362 694 
362 694
278 362
84 664 419 346 747 236 
84 664
84 419
419 747
346 236
84 346
186 
480 576 413 78 557 659 750 768 388 660 766 440 415 638 60 316 630 
480 576
413 480
78 480
557 78
659 413
750 659
768 576
388 659
660 659
766 768
440 766
415 557
638 659
60 638
316 415
630 766
184 794 284 735 720 2 523 714 358 611 678 368 690 729 637 691 159 149 693 157 
184 794
284 794
735 794
720 735
2 735
523 794
714 523
358 523
611 735
678 358
368 284
690 358
729 2
637 714
691 729
159 729
149 637
693 368
157 368
145 203 588 57 201 146 317 
145 146
201 317
201 146
57 201
145 588
203 588
15 477 290 194 
290 194
15 477
477 290
595 624 77 648 
624 77
595 77
624 648
473 561 392 154 177 796 404 434 
473 561
177 434
473 392
392 177
154 796
561 154
561 404
484 744 762 555 112 468 
484 744
484 762
484 468
112 468
762 555
191 452 376 433 537 155 389 542 554 651 172 387 465 539 169 199 137 514 575 572 134 16 352 706 386 222 
191 452
376 452
433 452
537 376
155 191
389 376
542 389
554 155
651 452
172 376
387 537
465 651
539 465
169 155
199 554
137 542
514 539
575 554
572 169
134 651
16 542
352 465
706 465
386 169
222 199
56 518 
56 518
55 553 193 123 683 597 633 754 344 86 65 510 502 276 760 150 422 436 246 13 
55 553
193 55
123 193
683 123
597 553
633 597
754 597
344 123
86 683
65 754
510 65
502 55
276 65
760 510
150 633
422 344
436 86
246 150
13 276
175 541 
175 541
46 795 531 717 491 204 247 373 205 610 464 
204 247
531 205
795 491
46 795
531 204
204 464
795 531
717 491
717 373
717 610
275 568 512 
275 568
275 512
176 
148 244 
148 244
233 551 319 264 289 37 67 410 501 45 133 
37 410
233 551
289 410
67 410
551 319
319 37
501 133
233 264
289 45
67 133
198 340 125 598 188 40 349 759 627 674 640 776 
627 640
198 125
198 340
598 188
198 188
40 674
349 674
340 40
40 759
125 640
349 776
20 82 612 158 665 764 
82 612
20 764
20 82
612 158
612 665
250 602 725 160 692 
602 725
250 602
160 692
602 160
183 721 528 
183 721
721 528
356 563 28 161 360 
563 161
356 28
28 360
356 563
36 701 405 141 327 487 106 603 604 752 784 253 166 543 100 254 122 
36 701
405 36
141 405
327 36
487 327
106 141
603 327
604 487
752 327
784 603
253 106
166 604
543 752
100 784
254 166
122 100
492 634 
492 634
1 152 462 629 723 655 582 331 33 497 
462 655
1 152
152 629
1 462
723 655
331 33
582 331
629 331
582 497
8 369 209 647 108 509 560 
209 647
8 647
509 560
369 560
8 369
108 509
417 545 109 220 260 753 227 345 
417 545
220 227
417 220
545 260
260 753
753 345
417 109
321 609 469 262 427 483 767 117 663 
427 483
427 117
262 117
321 609
427 663
767 663
609 469
469 262
591 765 88 107 793 580 718 128 
580 718
107 793
793 580
765 580
591 765
765 88
591 128
241 728 775 650 54 668 712 
775 712
54 712
728 54
241 650
728 668
241 728
425 547 396 263 189 431 53 790 139 181 500 669 129 71 239 151 173 757 
425 547
396 425
263 547
189 263
431 189
53 425
790 431
139 790
181 189
500 431
669 181
129 53
71 181
239 500
151 790
173 71
757 500
196 295 302 401 
196 295
295 302
295 401
459 529 426 471 
459 529
459 426
529 471
710 772 208 658 187 
772 208
710 772
208 658
710 187
124 
25 763 727 51 
25 763
763 51
25 727
116 
335 777 684 705 330 
335 684
777 705
684 330
335 705
