? 15 241 728 775 54 712 668 209 102 8 369 362 108 694 278 238 
? 14 44 280 616 707 446 656 144 348 130 223 234 359 613 646 
? 13 578 583 773 444 698 719 17 230 686 69 566 632 32 
? 13 207 600 18 635 774 511 113 312 524 761 7 252 771 
? 12 272 742 363 414 673 746 322 481 410 45 533 461 
? 12 473 561 392 154 177 412 404 796 517 434 458 231 
? 12 448 645 676 717 491 373 488 610 52 485 274 221 
? 11 470 596 94 324 540 226 741 87 700 400 197 
? 11 328 618 9 103 520 43 313 450 225 423 711 
? 11 417 545 260 109 220 753 227 345 786 398 740 
? 11 259 758 80 736 726 587 140 371 170 219 157 
? 11 480 576 78 413 557 750 659 388 768 660 766 
? 10 31 98 97 550 179 590 666 171 321 609 
? 10 269 615 567 10 306 195 249 314 401 320 
? 9 204 247 531 66 316 281 653 546 795 
? 9 79 162 214 525 190 767 268 663 497 
? 9 126 699 552 532 785 791 12 310 634 
? 8 301 586 29 571 682 573 601 297 
? 8 146 201 57 408 145 203 317 92 
? 8 608 652 309 332 670 288 375 564 
? 8 167 285 101 379 770 522 56 4 
? 8 710 772 208 658 187 132 687 614 
? 8 432 715 350 394 271 549 138 466 
? 8 364 403 544 229 535 454 644 619 
? 7 3 397 519 620 90 286 476 
? 7 25 51 353 727 763 83 788 
? 7 382 748 5 243 445 708 62 
? 7 305 421 559 787 235 716 110 
? 7 64 463 178 73 296 526 623 
? 7 1 152 629 723 331 582 655 
? 6 335 684 705 777 513 330 
? 6 484 744 762 112 468 555 
? 6 175 548 799 541 631 443 
? 6 20 82 612 158 665 704 
? 6 298 592 168 605 441 486 
? 6 460 680 91 148 224 244 
? 5 81 142 782 266 256 
? 5 21 343 625 380 521 
? 5 213 442 558 606 93 
? 5 360 648 85 77 624 
? 5 196 295 302 336 695 
? 5 264 501 133 528 206 
? 5 61 577 419 124 121 
? 5 356 563 28 161 747 
? 5 58 671 402 764 68 
? 4 426 512 459 24 
? 4 232 354 0 599 
? 4 509 560 47 74 
? 4 119 495 538 334 
? 4 156 165 290 194 
? 4 430 734 374 217 
? 4 357 732 792 693 
? 4 107 580 793 591 
? 4 26 472 294 39 
? 4 49 293 662 242 
? 4 437 679 508 174 
? 4 128 467 282 724 
? 3 205 464 111 
? 3 593 739 585 
? 3 496 589 780 
? 3 283 588 308 
? 3 342 457 23 
? 3 117 515 6 
? 3 96 185 507 
? 3 22 628 257 
? 3 38 733 11 
? 3 366 451 105 
? 3 505 617 183 
? 3 37 289 67 
? 3 424 639 411 
? 3 303 518 347 
? 3 355 607 287 
? 3 292 756 163 
? 3 60 440 395 
? 3 428 692 338 
? 3 483 681 641 
? 3 642 697 33 
? 3 291 621 455 
? 3 134 749 211 
? 3 399 489 323 
!
731 
180 420 
180 420
399 489 323 
399 489
399 323
134 749 211 
134 749
134 211
718 
89 595 
89 595
164 315 
164 315
291 621 455 
291 455
291 621
638 
429 696 498 104 709 667 255 279 479 14 267 406 216 240 530 409 182 277 626 
429 696
498 429
104 696
709 696
667 709
255 709
279 667
479 429
14 479
267 255
406 498
216 479
240 279
530 406
409 267
182 255
277 240
626 14
191 452 376 537 433 542 389 155 465 554 651 387 539 172 169 137 199 575 352 572 16 514 386 
191 452
376 452
537 376
433 452
542 376
389 542
155 191
465 191
554 155
651 465
387 389
539 465
172 387
169 155
137 389
199 554
575 199
352 539
572 169
16 137
514 352
386 572
480 576 78 413 557 750 659 388 768 660 766 
480 576
78 557
413 750
750 659
480 78
576 413
768 766
659 660
413 768
388 660
642 697 33 
642 697
642 33
58 671 402 764 68 
402 68
58 671
58 402
58 764
364 403 544 229 535 454 644 619 
229 644
544 454
403 544
403 535
364 535
403 644
364 619
241 728 775 54 712 668 209 102 8 369 362 108 694 278 238 
775 712
54 712
728 54
209 8
8 369
362 694
241 102
102 694
728 668
241 728
54 369
362 278
369 108
668 238
126 699 552 532 785 791 12 310 634 
126 552
791 634
126 699
532 12
126 791
699 532
310 634
785 791
483 681 641 
681 641
483 641
630 
299 337 685 120 745 326 136 84 664 115 346 562 675 236 135 59 
299 337
685 299
120 299
745 337
326 337
136 745
84 685
664 84
115 685
346 84
562 685
675 120
236 346
135 115
59 675
128 467 282 724 
128 467
282 724
128 282
437 679 508 174 
508 174
437 679
437 508
259 758 80 736 726 587 140 371 170 219 157 
259 758
758 80
371 170
259 736
736 587
587 140
587 157
758 170
80 726
736 219
516 
428 692 338 
428 692
692 338
207 600 18 635 774 511 113 312 524 761 7 252 771 
635 761
511 761
113 312
207 635
207 774
207 18
113 761
511 524
312 7
600 774
524 252
18 771
417 545 260 109 220 753 227 345 786 398 740 
417 545
220 227
417 220
545 260
786 398
260 753
345 740
753 345
227 786
417 109
448 645 676 717 491 373 488 610 52 485 274 221 
676 717
448 373
373 221
448 645
645 676
52 485
645 485
676 491
488 221
717 610
448 274
60 440 395 
60 440
440 395
292 756 163 
292 756
756 163
355 607 287 
355 607
355 287
356 563 28 161 747 
563 161
356 28
356 563
356 747
460 680 91 148 224 244 
460 148
680 224
680 91
224 244
460 680
303 518 347 
518 347
303 347
506 
159 691 
159 691
49 293 662 242 
49 662
49 293
293 242
424 639 411 
424 639
424 411
26 472 294 39 
26 472
26 294
472 39
492 
1 152 629 723 331 582 655 
1 152
152 629
723 655
1 655
331 582
629 331
432 715 350 394 271 549 138 466 
432 350
715 271
432 715
549 466
350 466
715 394
394 138
107 580 793 591 
107 793
580 793
793 591
469 
192 503 
192 503
46 415 
46 415
61 577 419 124 121 
61 577
577 419
61 121
61 124
37 289 67 
37 289
37 67
471 529 
471 529
418 
264 501 133 528 206 
501 133
133 206
264 133
264 528
505 617 183 
505 617
617 183
393 
366 451 105 
366 451
451 105
710 772 208 658 187 132 687 614 
772 208
710 772
208 658
658 687
658 132
710 187
687 614
269 615 567 10 306 195 249 314 401 320 
269 615
314 401
269 567
567 306
314 320
615 320
195 249
10 320
269 195
578 583 773 444 698 719 17 230 686 69 566 632 32 
719 69
719 686
578 583
578 444
444 566
719 566
583 773
773 32
17 230
698 632
578 698
583 17
357 732 792 693 
357 792
732 792
357 693
367 798 
367 798
385 494 
385 494
50 534 
50 534
298 592 168 605 441 486 
592 168
298 441
605 441
298 168
168 486
351 
38 733 11 
38 733
733 11
167 285 101 379 770 522 56 4 
101 379
167 379
285 770
167 56
167 522
285 56
770 4
307 
44 280 616 707 446 656 144 348 130 223 234 359 613 646 
348 223
44 280
280 446
616 707
144 359
44 707
707 656
616 223
44 359
446 613
130 646
656 234
613 646
22 628 257 
22 628
22 257
41 416 131 622 490 447 63 478 730 643 536 365 48 114 237 202 570 228 556 116 499 329 88 765 
41 416
131 41
622 416
490 416
447 416
63 490
478 447
730 447
643 478
536 490
365 730
48 536
114 48
237 622
202 237
570 237
228 48
556 570
116 365
499 365
329 131
88 556
765 48
527 713 222 218 339 706 751 381 657 688 453 384 456 462 677 722 
527 713
222 713
218 713
339 527
706 218
751 706
381 751
657 381
688 657
453 339
384 339
456 222
462 453
677 751
722 384
20 82 612 158 665 704 
82 612
158 704
20 82
612 158
612 665
64 463 178 73 296 526 623 
64 463
73 296
178 296
463 73
64 526
64 623
305 421 559 787 235 716 110 
421 559
305 421
716 110
787 716
305 787
305 235
96 185 507 
96 507
96 185
262 427 
262 427
117 515 6 
117 515
515 6
245 341 474 636 76 372 789 390 30 702 304 689 649 779 778 568 769 
245 341
474 341
636 245
76 341
372 76
789 636
390 341
30 76
702 390
304 372
689 702
649 689
779 649
778 789
568 778
769 649
342 457 23 
342 23
342 457
473 561 392 154 177 412 404 796 517 434 458 231 
473 561
177 434
412 517
177 231
473 392
392 177
154 796
412 434
404 458
561 154
517 458
79 162 214 525 190 767 268 663 497 
525 190
79 214
162 214
162 767
162 525
767 663
767 268
190 497
430 734 374 217 
734 374
734 217
430 734
425 547 396 263 189 431 53 790 500 181 239 669 139 71 129 151 173 99 757 186 361 569 42 565 
425 547
396 547
263 547
189 263
431 263
53 547
790 431
500 189
181 189
239 500
669 181
139 790
71 669
129 53
151 790
173 669
99 71
757 500
186 151
361 757
569 757
42 129
565 757
196 295 302 336 695 
302 336
196 295
295 695
295 302
275 
283 588 308 
283 588
283 308
579 781 
579 781
318 755 
318 755
210 
435 783 
435 783
496 589 780 
496 589
589 780
175 548 799 541 631 443 
548 631
541 631
799 443
175 548
548 799
176 
378 439 584 75 70 34 370 377 737 333 661 95 118 797 311 127 482 
378 439
584 439
75 378
70 75
34 439
370 34
377 75
737 370
333 370
661 584
95 377
118 95
797 95
311 661
127 797
482 127
198 340 125 349 188 598 40 759 627 640 674 325 647 776 383 449 650 258 300 149 
198 340
125 198
349 340
188 198
598 188
40 340
759 188
627 125
640 125
674 349
325 759
647 674
776 349
383 640
449 640
650 647
258 650
300 627
149 383
382 748 5 243 445 708 62 
382 748
243 62
748 5
748 708
5 62
243 445
156 165 290 194 
156 165
290 194
165 290
119 495 538 334 
119 495
119 538
119 334
608 652 309 332 670 288 375 564 
652 332
608 670
309 375
608 652
332 288
309 564
608 309
484 744 762 112 468 555 
484 744
484 762
484 468
112 468
762 555
36 701 405 487 327 141 752 604 106 603 784 543 253 166 254 122 100 725 233 319 250 721 160 551 703 602 
36 701
405 36
487 36
327 487
141 405
752 327
604 487
106 141
603 752
784 603
543 752
253 106
166 604
254 166
122 543
100 122
725 543
233 254
319 233
250 543
721 253
160 122
551 233
703 122
602 250
261 273 
261 273
72 200 438 212 265 251 35 493 581 248 672 574 407 475 143 270 594 654 215 153 
72 200
438 200
212 438
265 212
251 212
35 438
493 35
581 493
248 493
672 265
574 265
407 248
475 581
143 574
270 672
594 407
654 574
215 581
153 594
147 743 
147 743
328 618 9 103 520 43 313 450 225 423 711 
9 43
328 9
618 43
313 225
103 520
313 450
423 711
520 711
103 43
618 450
593 739 585 
593 739
593 585
27 
477 738 
477 738
470 596 94 324 540 226 741 87 700 400 197 
470 94
596 324
741 400
596 94
324 741
596 540
700 197
324 226
87 700
540 700
272 742 363 414 673 746 322 481 410 45 533 461 
742 322
272 322
742 673
272 414
363 414
363 45
410 461
746 410
746 45
673 533
414 481
335 684 705 777 513 330 
335 684
705 777
684 330
335 705
513 330
360 648 85 77 624 
77 624
648 85
360 624
648 624
205 464 111 
205 464
205 111
213 442 558 606 93 
442 606
558 93
213 442
558 606
55 553 193 683 123 597 633 754 344 86 502 760 150 422 436 246 391 
55 553
193 55
683 193
123 193
597 553
633 597
754 597
344 123
86 55
502 55
760 754
150 760
422 344
436 86
246 150
391 436
504 637 
504 637
31 98 97 550 179 590 666 171 321 609 
97 171
31 98
179 590
550 666
98 97
179 171
31 609
31 550
666 321
25 51 353 727 763 83 788 
25 353
25 763
51 763
763 83
353 727
51 788
146 201 57 408 145 203 317 92 
57 408
146 145
201 317
146 201
201 57
203 317
408 92
204 247 531 66 316 281 653 546 795 
204 281
204 247
281 546
66 653
531 281
66 546
531 795
247 316
301 586 29 571 682 573 601 297 
586 682
301 297
586 601
301 29
571 682
301 586
29 573
3 397 519 620 90 286 476 
3 519
397 90
90 476
620 90
620 286
3 397
184 794 284 13 735 720 2 523 714 276 358 678 611 65 690 729 510 368 
184 794
284 794
13 794
735 794
720 735
2 720
523 794
714 523
276 13
358 523
678 358
611 720
65 276
690 358
729 714
510 65
368 690
509 560 47 74 
509 560
509 74
509 47
232 354 0 599 
232 354
232 0
232 599
21 343 625 380 521 
21 343
625 521
21 625
625 380
19 
426 512 459 24 
426 512
426 24
426 459
15 
81 142 782 266 256 
81 142
81 782
782 256
81 266
