? 15 480 576 557 78 413 750 768 659 766 388 440 660 415 60 316 
? 14 46 795 531 491 373 205 717 204 546 247 610 676 281 464 
? 13 184 794 284 735 2 714 523 358 678 690 637 729 159 
? 13 81 142 782 517 266 458 412 639 256 688 211 392 424 
? 12 18 774 207 635 524 252 511 761 771 671 312 58 
? 12 1 152 722 462 629 655 723 453 331 582 33 497 
? 12 356 563 28 161 747 360 648 419 346 236 85 315 
? 11 398 786 220 227 418 260 753 178 463 545 417 
? 11 382 748 5 243 445 708 454 62 192 287 229 
? 11 455 653 66 111 291 274 621 645 448 52 4 
? 11 31 98 97 550 590 179 681 666 609 171 469 
? 11 328 618 9 103 520 450 43 423 552 12 711 
? 10 8 369 209 108 560 650 509 241 775 54 
? 10 126 699 532 238 785 791 694 494 668 634 
? 9 110 115 135 61 577 716 562 326 685 
? 9 272 742 363 322 414 746 673 481 461 
? 9 484 744 762 112 555 468 501 133 505 
? 8 26 472 294 323 91 39 680 230 
? 8 136 745 59 305 675 559 421 120 
? 8 299 337 664 84 180 619 787 278 
? 8 269 615 567 306 195 10 249 314 
? 8 473 561 154 177 796 404 231 434 
? 8 275 334 568 778 0 495 232 342 
? 8 145 203 588 201 57 408 146 283 
? 7 608 652 288 566 332 670 309 
? 7 92 308 317 303 56 379 347 
? 7 335 684 513 777 705 330 399 
? 7 432 715 350 549 394 271 466 
? 7 3 519 400 397 286 90 620 
? 7 644 756 544 535 292 124 364 
? 6 301 586 682 29 297 571 
? 6 470 596 94 540 324 87 
? 6 96 443 185 799 614 521 
? 6 578 583 773 698 444 69 
? 6 21 343 380 625 507 738 
? 6 25 353 51 727 763 83 
? 5 175 548 631 375 686 
? 5 558 606 93 442 164 
? 5 19 486 569 132 168 
? 5 15 477 273 290 261 
? 5 73 296 64 345 740 
? 5 208 772 710 658 565 
? 5 79 162 214 525 190 
? 5 20 82 612 158 764 
? 5 128 282 467 591 765 
? 4 228 718 32 580 
? 4 496 589 780 23 
? 4 298 592 471 529 
? 4 430 734 508 374 
? 4 257 665 628 585 
? 4 428 692 105 451 
? 4 156 165 194 506 
? 4 149 504 691 435 
? 4 196 295 302 401 
? 4 602 703 67 45 
? 4 37 410 289 551 
? 4 357 732 792 693 
? 3 49 293 662 
? 3 167 285 101 
? 3 641 767 483 
? 3 176 677 242 
? 3 68 402 22 
? 3 704 788 593 
? 3 119 538 197 
? 3 426 512 459 
? 3 117 427 515 
? 3 224 460 148 
? 3 138 213 573 
? 3 268 395 630 
? 3 712 728 102 
? 3 318 336 516 
? 3 6 697 642 
? 3 38 601 11 
? 3 77 595 624 
? 3 441 605 733 
? 3 47 74 27 
? 3 393 476 186 
? 3 147 743 411 
? 3 320 695 338 
? 3 526 623 679 
!
770 
210 739 
210 739
526 623 679 
526 623
623 679
320 695 338 
695 338
320 338
755 
174 217 
174 217
541 687 
541 687
147 743 411 
147 743
147 411
700 
76 372 341 474 245 636 304 30 789 390 689 702 607 779 163 649 769 457 355 
76 372
341 372
474 76
245 341
636 474
304 372
30 76
789 636
390 341
689 390
702 390
607 304
779 304
163 30
649 779
769 649
457 30
355 607
36 701 405 327 141 487 106 603 604 752 253 543 784 100 166 254 122 319 233 160 721 250 725 
36 701
405 36
327 36
141 405
487 327
106 405
603 327
604 487
752 327
253 106
543 752
784 603
100 543
166 604
254 166
122 100
319 254
233 254
160 122
721 106
250 543
725 250
328 618 9 103 520 450 43 423 552 12 711 
9 43
328 9
618 43
103 520
450 552
423 711
520 711
103 43
618 450
618 12
393 476 186 
393 476
393 186
128 282 467 591 765 
282 591
128 467
591 765
128 282
145 203 588 201 57 408 146 283 
57 408
145 146
146 283
201 146
201 57
145 588
203 588
480 576 557 78 413 750 768 659 766 388 440 660 415 60 316 
480 576
415 316
557 78
413 750
750 659
750 60
413 440
480 78
557 415
576 413
768 766
659 660
413 768
388 660
484 744 762 112 555 468 501 133 505 
484 744
484 762
484 468
112 468
555 505
762 555
744 501
501 133
47 74 27 
74 27
47 74
632 
222 713 527 218 575 352 339 386 706 751 514 381 657 456 572 384 
222 713
527 222
218 713
575 713
352 218
339 527
386 575
706 352
751 706
514 352
381 751
657 381
456 386
572 456
384 339
357 732 792 693 
357 792
732 792
357 693
37 410 289 551 
37 410
410 289
37 551
31 98 97 550 590 179 681 666 609 171 469 
97 171
31 98
681 171
590 179
550 666
98 97
179 171
31 609
31 550
609 469
518 
441 605 733 
441 605
605 733
81 142 782 517 266 458 412 639 256 688 211 392 424 
81 142
81 517
81 782
639 424
517 412
266 412
782 256
266 639
412 392
256 688
517 458
458 211
455 653 66 111 291 274 621 645 448 52 4 
455 653
645 448
653 66
291 274
111 291
621 4
455 111
111 621
274 448
645 52
356 563 28 161 747 360 648 419 346 236 85 315 
563 161
356 28
648 85
28 85
360 315
747 315
747 419
346 236
28 360
356 563
563 346
77 595 624 
77 624
77 595
38 601 11 
38 601
38 11
6 697 642 
697 642
6 697
20 82 612 158 764 
82 612
20 764
20 82
612 158
25 353 51 727 763 83 
25 353
25 763
51 763
763 83
353 727
318 336 516 
336 516
318 516
492 
362 420 
362 420
602 703 67 45 
602 703
67 45
602 45
712 728 102 
712 728
728 102
196 295 302 401 
196 295
295 302
295 401
437 
644 756 544 535 292 124 364 
756 292
644 292
535 364
644 544
544 535
756 124
275 334 568 778 0 495 232 342 
334 778
275 568
275 778
0 232
232 342
334 0
334 495
149 504 691 435 
149 504
504 691
149 435
403 
262 663 
262 663
17 489 
17 489
79 162 214 525 190 
525 190
79 214
162 214
162 525
268 395 630 
268 395
395 630
7 109 
7 109
366 
208 772 710 658 565 
208 772
772 710
208 658
208 565
138 213 573 
213 573
138 573
321 
224 460 148 
460 148
224 460
473 561 154 177 796 404 231 434 
473 561
177 434
177 231
154 796
561 154
473 177
561 404
126 699 532 238 785 791 694 494 668 634 
791 634
126 699
694 668
126 791
699 238
699 532
238 668
494 634
785 494
184 794 284 735 2 714 523 358 678 690 637 729 159 
184 794
358 690
714 358
284 735
794 284
678 637
714 678
729 159
735 2
523 358
184 714
184 729
156 165 194 506 
156 165
165 506
165 194
367 798 
367 798
121 534 
121 534
354 599 
354 599
21 343 380 625 507 738 
21 343
21 625
380 625
343 738
625 507
311 
117 427 515 
117 427
117 515
269 615 567 306 195 10 249 314 
269 615
269 567
567 306
195 249
269 195
615 10
615 314
264 
46 795 531 491 373 205 717 204 546 247 610 676 281 464 
546 464
717 676
204 281
204 247
546 281
531 205
795 491
46 795
531 281
795 531
491 676
373 676
717 610
426 512 459 
426 512
426 459
429 696 104 498 709 667 255 279 479 406 14 240 182 409 267 216 449 277 530 724 570 89 626 202 
429 696
104 696
498 429
709 696
667 709
255 709
279 667
479 429
406 498
14 479
240 279
182 255
409 255
267 409
216 479
449 498
277 240
530 406
724 216
570 216
89 406
626 14
202 570
44 280 616 446 707 656 144 130 223 348 359 234 613 646 522 783 
44 280
616 44
446 280
707 616
656 707
144 656
130 616
223 616
348 656
359 144
234 656
613 130
646 130
522 613
783 234
578 583 773 698 444 69 
578 583
578 444
583 773
578 69
578 698
3 519 400 397 286 90 620 
3 519
397 90
519 400
90 620
286 620
3 397
432 715 350 549 394 271 466 
432 350
715 271
432 715
549 466
350 466
715 394
119 538 197 
538 197
119 197
206 533 
206 533
704 788 593 
704 788
704 593
191 452 376 537 433 172 155 542 389 465 387 651 169 137 554 539 199 
191 452
376 452
537 376
433 191
172 537
155 191
542 376
389 542
465 452
387 537
651 465
169 155
137 389
554 155
539 465
199 155
68 402 22 
68 402
68 22
1 152 722 462 629 655 723 453 331 582 33 497 
723 453
462 655
1 152
655 453
152 629
1 462
331 33
331 582
629 331
1 722
582 497
272 742 363 322 414 746 673 481 461 
742 322
272 322
742 673
272 414
363 414
746 461
363 746
414 481
428 692 105 451 
428 692
105 451
428 105
55 553 193 123 683 597 633 754 344 86 65 510 502 276 760 422 150 436 246 720 391 13 638 611 
55 553
193 553
123 193
683 123
597 553
633 597
754 633
344 123
86 683
65 597
510 754
502 55
276 65
760 633
422 344
150 760
436 86
246 150
720 276
391 436
13 276
638 86
611 760
73 296 64 345 740 
73 345
296 740
73 296
73 64
244 
176 677 242 
176 677
176 242
310 385 
310 385
134 749 
134 749
235 
107 793 
107 793
641 767 483 
641 483
641 767
96 443 185 799 614 521 
96 614
96 521
443 185
96 443
443 799
187 
378 439 75 584 34 370 70 377 333 661 737 95 118 797 482 127 24 
378 439
75 439
584 439
34 378
370 34
70 439
377 70
333 370
661 584
737 333
95 377
118 95
797 95
482 377
127 482
24 127
41 416 622 131 447 63 478 730 490 643 536 237 365 114 556 88 329 48 116 499 
41 416
622 416
131 41
447 416
63 416
478 63
730 447
490 63
643 478
536 490
237 131
365 447
114 536
556 237
88 556
329 131
48 536
116 365
499 365
335 684 513 777 705 330 399 
335 684
777 705
684 330
335 705
513 330
335 399
257 665 628 585 
665 585
257 628
257 665
430 734 508 374 
734 374
430 734
734 508
299 337 664 84 180 619 787 278 
299 337
664 84
619 787
180 278
299 84
84 278
337 619
470 596 94 540 324 87 
470 94
596 324
596 94
596 540
470 87
72 200 212 438 265 251 35 672 581 248 475 493 407 574 143 654 270 215 113 153 594 313 503 600 225 351 
72 200
212 200
438 212
265 212
251 265
35 212
672 265
581 35
248 72
475 581
493 581
407 248
574 251
143 574
654 574
270 143
215 475
113 407
153 248
594 248
313 270
503 654
600 153
225 313
351 672
16 731 
16 731
425 547 396 263 189 53 431 139 181 790 500 239 669 129 71 151 173 99 757 361 
425 547
396 425
263 547
189 263
53 547
431 263
139 425
181 189
790 139
500 431
239 500
669 181
129 53
71 669
151 790
173 71
99 669
757 500
361 757
564 719 
564 719
382 748 5 243 445 708 454 62 192 287 229 
382 748
243 62
748 5
62 287
445 454
748 708
5 62
243 454
287 229
445 192
167 285 101 
167 101
167 285
183 
528 617 
528 617
398 786 220 227 418 260 753 178 463 545 417 
545 417
220 227
220 417
260 545
398 786
260 753
178 463
786 227
398 418
786 463
18 774 207 635 524 252 511 761 771 671 312 58 
771 671
635 761
511 761
207 635
774 207
18 207
671 58
524 511
761 312
524 252
252 671
301 586 682 29 297 571 
586 682
301 297
301 29
682 571
301 586
15 477 273 290 261 
273 261
273 290
15 477
477 290
49 293 662 
49 662
49 293
19 486 569 132 168 
19 569
19 486
486 168
486 132
198 340 125 349 188 598 40 759 627 640 674 776 325 647 383 258 300 
198 340
125 340
349 340
188 340
598 188
40 349
759 188
627 125
640 627
674 40
776 349
325 759
647 674
383 640
258 349
300 627
226 741 
226 741
8 369 209 108 560 650 509 241 775 54 
560 509
8 209
775 54
369 560
8 369
650 241
108 509
209 650
650 54
92 308 317 303 56 379 347 
303 347
92 308
56 379
92 347
308 317
308 379
136 745 59 305 675 559 421 120 
136 745
559 421
59 675
305 421
745 59
675 120
136 421
110 115 135 61 577 716 562 326 685 
110 135
115 135
562 685
577 562
110 716
110 61
115 577
115 326
26 472 294 323 91 39 680 230 
26 472
323 230
26 294
472 91
472 323
323 39
91 680
608 652 288 566 332 670 309 
652 332
608 670
608 652
566 670
288 332
566 309
259 758 80 726 221 736 140 485 170 587 157 371 368 781 219 488 307 579 
259 758
80 259
726 758
221 726
736 259
140 80
485 221
170 736
587 736
157 140
371 170
368 157
781 587
219 736
488 371
307 368
579 170
298 592 471 529 
298 592
298 529
298 471
496 589 780 23 
496 589
780 23
589 780
558 606 93 442 164 
606 442
558 93
606 164
558 606
50 
228 718 32 580 
228 580
718 580
718 32
42 
175 548 631 375 686 
175 686
548 375
548 631
175 375
