? 15 25 51 763 353 727 83 788 679 437 20 174 704 374 82 158 
? 14 212 438 200 72 251 574 248 407 654 503 594 153 600 113 
? 13 332 670 288 652 297 608 29 301 309 566 586 573 375 
? 13 511 761 524 635 18 312 207 545 774 109 252 7 417 
? 12 148 460 224 680 91 499 10 643 116 26 365 447 
? 12 239 500 757 569 361 19 431 565 168 99 189 790 
? 12 188 598 198 340 759 640 125 40 349 325 627 674 
? 11 299 337 685 745 326 120 136 346 84 115 664 
? 11 41 416 622 63 131 478 730 490 536 237 48 
? 11 580 793 107 765 591 114 718 228 32 88 128 
? 11 184 794 284 13 720 735 2 523 358 611 678 
? 11 245 474 636 341 76 372 789 390 30 304 702 
? 10 36 701 405 141 487 327 106 604 603 752 
? 10 568 778 275 334 457 0 342 354 232 23 
? 9 3 519 397 400 286 620 90 599 741 
? 9 79 525 214 391 162 436 190 497 663 
? 9 310 494 791 22 628 68 634 257 402 
? 8 441 605 471 298 592 11 486 733 
? 8 119 495 197 538 700 87 540 94 
? 8 356 563 28 161 747 360 648 85 
? 8 222 713 527 218 199 575 339 384 
? 8 49 662 293 242 246 639 655 723 
? 8 728 775 54 241 712 668 102 650 
? 8 421 559 305 520 423 711 12 135 
? 7 659 750 638 660 60 413 440 
? 7 480 576 78 768 388 766 743 
? 7 425 547 396 263 53 181 139 
? 7 468 762 744 484 112 501 555 
? 7 321 609 666 469 550 31 179 
? 7 526 623 64 463 178 430 73 
? 6 93 558 606 442 534 164 
? 6 74 509 108 560 47 369 
? 6 77 624 595 406 315 271 
? 6 38 601 682 541 571 50 
? 6 146 201 408 57 145 203 
? 6 398 786 227 220 260 418 
? 5 1 152 722 462 629 
? 5 426 512 459 476 393 
? 5 335 777 399 489 206 
? 5 175 548 631 564 686 
? 5 71 669 173 208 710 
? 5 642 697 6 515 427 
? 5 233 551 254 319 166 
? 5 92 303 308 317 518 
? 5 8 209 647 27 258 
? 4 496 589 780 798 
? 4 473 561 154 392 
? 4 250 602 725 703 
? 4 350 432 715 549 
? 4 470 596 324 226 
? 4 671 771 764 58 
? 4 97 590 98 171 
? 4 219 781 435 579 
? 4 216 570 479 556 
? 4 578 583 773 698 
? 4 269 615 122 196 
? 4 323 472 39 294 
? 3 336 516 318 
? 3 483 681 767 
? 3 89 530 300 
? 3 331 582 33 
? 3 467 626 14 
? 3 101 379 56 
? 3 585 665 612 
? 3 278 362 694 
? 3 345 740 753 
? 3 59 675 180 
? 3 42 129 186 
? 3 217 508 734 
? 3 5 382 649 
? 3 329 755 796 
? 3 163 607 779 
? 3 268 395 641 
? 3 183 721 528 
? 3 110 577 562 
? 3 505 617 264 
? 3 156 165 506 
? 3 138 213 466 
? 3 444 719 230 
? 3 658 772 687 
!
716 
690 693 
690 693
658 772 687 
658 687
658 772
444 719 230 
444 719
444 230
630 
236 419 
236 419
689 708 
689 708
138 213 466 
213 466
138 213
532 
535 544 229 403 644 364 756 454 292 243 62 124 619 287 787 748 445 355 769 
535 544
229 535
403 535
644 544
364 403
756 644
454 229
292 756
243 454
62 243
124 644
619 364
287 62
787 619
748 243
445 748
355 287
769 287
267 409 255 182 159 709 279 504 667 729 240 104 498 696 231 429 691 149 714 637 383 449 177 
267 409
255 267
182 267
159 409
709 255
279 709
504 159
667 279
729 159
240 279
104 709
498 104
696 104
231 729
429 104
691 231
149 504
714 149
637 149
383 149
449 182
177 231
245 474 636 341 76 372 789 390 30 304 702 
76 372
245 341
245 474
474 636
341 372
390 702
76 304
474 789
245 390
76 30
156 165 506 
156 165
165 506
8 209 647 27 258 
209 647
8 647
647 258
8 27
421 559 305 520 423 711 12 135 
421 559
421 305
423 711
559 520
520 711
559 12
305 135
25 51 763 353 727 83 788 679 437 20 174 704 374 82 158 
763 679
704 158
51 20
25 353
83 437
25 763
51 763
20 82
353 437
788 704
82 158
353 727
727 174
437 374
310 494 791 22 628 68 634 257 402 
68 402
310 22
310 628
494 628
791 634
310 257
628 634
22 68
505 617 264 
505 617
505 264
529 
657 688 381 706 751 352 514 81 256 176 677 142 782 211 517 458 
657 688
381 657
706 657
751 381
352 706
514 706
81 688
256 381
176 751
677 176
142 81
782 142
211 514
517 782
458 517
323 472 39 294 
472 294
323 472
323 39
269 615 122 196 
269 615
269 122
615 196
184 794 284 13 720 735 2 523 358 611 678 
184 794
720 735
284 13
720 2
284 720
794 284
358 678
735 611
523 358
184 523
453 
110 577 562 
577 562
110 577
511 761 524 635 18 312 207 545 774 109 252 7 417 
545 417
761 635
511 761
635 207
207 774
18 207
109 7
511 524
761 312
312 7
524 252
109 417
580 793 107 765 591 114 718 228 32 88 128 
114 718
580 114
765 228
793 228
580 228
793 107
591 228
718 32
765 88
591 128
188 598 198 340 759 640 125 40 349 325 627 674 
640 627
198 125
198 340
188 598
188 198
40 674
349 674
340 40
759 40
759 325
640 125
183 721 528 
183 721
721 528
268 395 641 
268 395
268 641
163 607 779 
607 779
163 607
92 303 308 317 518 
92 308
303 518
92 518
308 317
398 786 227 220 260 418 
227 220
398 786
227 260
786 227
398 418
329 755 796 
329 796
755 796
434 
133 289 
133 289
578 583 773 698 
578 583
583 773
578 698
5 382 649 
5 382
5 649
216 570 479 556 
570 556
216 479
216 570
394 
526 623 64 463 178 430 73 
64 463
623 430
463 73
463 178
526 64
64 430
728 775 54 241 712 668 102 650 
775 712
54 712
728 54
241 650
241 102
728 668
728 241
219 781 435 579 
219 781
781 579
219 435
367 
202 277 
202 277
121 311 
121 311
233 551 254 319 166 
233 551
233 254
551 319
254 166
217 508 734 
217 734
217 508
117 262 
117 262
347 
642 697 6 515 427 
642 515
642 427
697 427
6 515
42 129 186 
42 129
129 186
296 
59 675 180 
59 675
675 180
49 662 293 242 246 639 655 723 
49 662
655 723
49 293
242 639
246 639
293 242
662 723
568 778 275 334 457 0 342 354 232 23 
778 334
568 275
354 232
342 23
232 23
778 275
0 232
275 457
457 0
332 670 288 652 297 608 29 301 309 566 586 573 375 
297 301
332 652
670 608
309 375
652 297
29 301
652 608
670 566
301 586
29 573
332 288
309 566
97 590 98 171 
97 171
97 98
97 590
543 784 
543 784
238 492 
238 492
420 776 
420 776
146 201 408 57 145 203 
408 57
146 145
146 201
201 57
145 203
295 
345 740 753 
345 740
345 753
222 713 527 218 199 575 339 384 
713 527
222 713
222 199
222 218
339 384
199 575
218 339
253 
212 438 200 72 251 574 248 407 654 503 594 153 600 113 
407 594
200 72
212 438
248 594
212 200
654 503
407 600
574 503
153 600
251 574
600 113
212 251
72 248
278 362 694 
362 694
278 362
225 313 450 270 215 618 9 552 328 785 35 672 475 581 126 699 493 351 143 103 385 265 235 43 
225 313
450 225
270 313
215 225
618 313
9 618
552 450
328 9
785 215
35 215
672 270
475 35
581 475
126 552
699 126
493 475
351 9
143 672
103 328
385 785
265 672
235 351
43 103
55 553 193 683 123 597 633 754 86 344 65 510 502 276 760 150 
55 553
193 553
683 193
123 683
597 553
633 597
754 633
86 683
344 123
65 754
510 65
502 55
276 65
760 510
150 760
38 601 682 541 571 50 
571 50
601 682
682 50
38 601
38 541
321 609 666 469 550 31 179 
666 550
609 31
550 31
321 666
31 179
609 469
468 762 744 484 112 501 555 
744 484
762 484
468 484
468 112
762 555
744 501
585 665 612 
585 665
665 612
282 724 
282 724
101 379 56 
101 379
379 56
66 281 653 546 464 455 204 205 531 111 247 795 291 316 415 621 557 
66 281
653 281
546 66
464 546
455 653
204 66
205 464
531 204
111 464
247 204
795 531
291 111
316 247
415 316
621 291
557 415
467 626 14 
467 626
467 14
239 500 757 569 361 19 431 565 168 99 189 790 
569 565
757 569
757 19
361 19
239 500
239 569
431 189
361 99
19 168
431 790
500 431
79 525 214 391 162 436 190 497 663 
525 190
79 214
79 436
214 391
214 162
525 162
190 663
391 497
671 771 764 58 
671 771
671 58
764 58
21 343 625 380 521 507 330 273 738 513 614 632 15 96 477 443 290 799 194 185 261 684 69 705 
21 343
625 343
380 343
521 625
507 521
330 380
273 380
738 521
513 330
614 507
632 625
15 738
96 614
477 15
443 96
290 273
799 443
194 290
185 443
261 194
684 513
69 632
705 684
71 669 173 208 710 
71 669
208 710
173 710
71 173
210 
331 582 33 
331 33
331 582
147 422 
147 422
4 770 
4 770
192 
404 749 
404 749
89 530 300 
89 530
530 300
77 624 595 406 315 271 
77 624
624 406
77 595
624 315
595 271
187 
414 481 363 272 742 673 461 322 746 410 244 45 249 67 533 37 195 
414 481
363 414
272 363
742 272
673 272
461 363
322 673
746 742
410 746
244 481
45 410
249 461
67 45
533 746
37 67
195 249
44 280 616 707 446 656 144 348 130 223 359 234 613 646 167 739 522 285 783 593 
44 280
616 280
707 280
446 44
656 707
144 656
348 656
130 616
223 348
359 144
234 348
613 130
646 130
167 359
739 613
522 167
285 167
783 234
593 739
425 547 396 263 53 181 139 
425 547
547 263
547 396
425 53
53 139
396 181
470 596 324 226 
596 324
470 596
324 226
350 432 715 549 
350 432
432 715
350 549
356 563 28 161 747 360 648 85 
563 161
356 28
648 85
28 85
28 360
356 563
747 360
74 509 108 560 47 369 
509 560
560 369
509 108
74 509
509 47
221 485 52 726 80 645 448 758 488 259 140 732 676 371 491 717 792 373 610 357 170 274 587 46 157 736 
221 485
52 221
726 485
80 726
645 52
448 645
758 80
488 448
259 758
140 80
732 140
676 645
371 488
491 676
717 676
792 732
373 491
610 717
357 792
170 371
274 448
587 259
46 373
157 140
736 587
266 412 
266 412
376 537 172 389 542 387 452 191 433 137 651 465 134 16 731 539 155 169 302 554 
376 537
172 537
389 172
542 389
387 172
452 376
191 452
433 542
137 542
651 387
465 651
134 387
16 137
731 16
539 465
155 191
169 155
302 387
554 155
411 424 
411 424
41 416 622 63 131 478 730 490 536 237 48 
622 131
416 490
41 416
490 536
63 237
63 536
41 131
478 490
63 48
622 730
483 681 767 
483 681
681 767
151 
283 588 
283 588
299 337 685 745 326 120 136 346 84 115 664 
299 337
84 664
745 136
299 685
685 664
120 346
346 84
326 136
745 120
685 115
148 460 224 680 91 499 10 643 116 26 365 447 
148 460
499 447
116 365
224 680
91 643
91 26
365 447
499 643
680 91
460 680
148 10
93 558 606 442 534 164 
606 442
93 558
606 164
558 606
93 534
175 548 631 564 686 
175 686
548 631
564 686
175 548
336 516 318 
336 516
516 318
335 777 399 489 206 
399 489
777 206
335 777
335 399
366 451 105 428 338 692 456 572 695 386 314 320 401 306 160 567 100 
366 451
105 451
428 105
338 451
692 428
456 366
572 456
695 338
386 572
314 695
320 314
401 320
306 428
160 306
567 306
100 160
307 368 
307 368
36 701 405 141 487 327 106 604 603 752 
405 141
36 701
603 752
327 604
487 604
36 141
604 752
701 327
141 106
480 576 78 768 388 766 743 
480 576
480 78
768 766
576 768
388 743
78 388
119 495 197 538 700 87 540 94 
119 495
197 538
119 197
495 700
540 94
700 87
700 540
3 519 397 400 286 620 90 599 741 
3 519
397 90
286 599
519 400
400 741
620 599
620 90
3 397
441 605 471 298 592 11 486 733 
441 298
441 605
298 592
11 733
592 486
605 11
441 471
659 750 638 660 60 413 440 
750 413
659 750
638 60
750 60
413 440
659 660
70 378 439 75 584 34 370 377 333 737 661 95 118 482 797 127 24 61 
70 378
439 378
75 378
584 75
34 70
370 34
377 75
333 370
737 333
661 584
95 377
118 95
482 377
797 95
127 482
24 482
61 118
250 602 725 703 
602 703
602 725
250 602
473 561 154 392 
473 561
473 392
561 154
426 512 459 476 393 
476 393
512 393
426 512
426 459
132 
496 589 780 798 
496 589
589 798
589 780
17 
1 152 722 462 629 
1 152
152 629
1 462
1 722
