? 6 310 742 388 390 706 148 
!
670 
377 761 642 177 54 89 780 655 474 599 149 56 795 123 788 318 444 112 748 744 410 238 276 38 260 605 665 507 682 65 108 82 52 47 408 773 775 121 92 106 290 391 750 201 553 207 766 321 322 203 281 604 244 567 478 150 7 230 784 292 41 393 631 754 589 345 44 762 394 417 59 447 120 612 236 254 787 266 660 334 85 259 528 624 684 366 649 636 470 786 386 81 51 585 428 519 449 4 353 421 627 40 442 107 343 252 510 600 736 741 128 331 180 739 116 153 370 135 215 562 737 472 43 232 84 721 355 559 389 305 198 16 277 621 407 249 189 357 498 316 753 535 764 779 399 145 419 247 178 378 693 363 62 633 319 77 720 718 280 228 502 467 301 555 223 793 197 257 756 679 434 469 545 34 557 751 500 354 372 282 596 129 274 164 404 658 506 80 325 295 229 534 296 258 146 794 698 634 666 218 496 267 462 299 630 124 237 23 652 518 509 733 799 12 200 293 346 703 563 481 774 446 529 167 131 543 400 648 639 20 8 162 255 440 188 158 182 303 542 489 628 759 330 541 127 591 284 484 195 616 256 333 191 584 35 143 783 707 613 64 261 672 122 187 376 58 487 792 558 568 765 174 100 398 508 344 95 142 401 588 525 118 466 716 758 212 778 608 340 618 265 619 204 412 512 380 782 450 437 656 99 332 320 593 418 480 503 240 708 76 757 711 675 549 451 263 791 561 463 515 138 476 101 728 117 620 735 225 2 9 415 459 651 601 460 133 298 181 674 49 0 637 31 405 697 641 36 471 533 338 493 524 602 209 183 109 731 772 683 168 644 680 740 288 403 573 397 
377 761
642 377
177 761
54 177
89 761
780 377
655 89
474 655
599 54
149 642
56 177
795 655
123 149
788 599
318 123
444 599
112 795
748 112
744 318
410 56
238 410
276 410
38 748
260 112
605 260
665 748
507 444
682 605
65 260
108 65
82 149
52 744
47 665
408 108
773 788
775 773
121 507
92 82
106 682
290 238
391 238
750 507
201 410
553 682
207 290
766 682
321 82
322 665
203 238
281 766
604 276
244 321
567 65
478 121
150 65
7 290
230 260
784 322
292 784
41 321
393 52
631 478
754 478
589 7
345 82
44 553
762 292
394 7
417 7
59 281
447 762
120 394
612 41
236 567
254 345
787 120
266 254
660 394
334 41
85 762
259 244
528 787
624 528
684 762
366 624
649 236
636 254
470 636
786 266
386 631
81 787
51 44
585 604
428 150
519 386
449 51
4 51
353 636
421 4
627 334
40 449
442 627
107 786
343 428
252 470
510 449
600 81
736 470
741 428
128 386
331 736
180 528
739 343
116 421
153 334
370 684
135 40
215 442
562 116
737 449
472 589
43 736
232 562
84 107
721 562
355 472
559 180
389 519
305 741
198 741
16 252
277 153
621 739
407 559
249 428
189 4
357 355
498 421
316 135
753 116
535 621
764 84
779 357
399 84
145 737
419 370
247 277
178 419
378 277
693 585
363 693
62 764
633 249
319 600
77 43
720 189
718 510
280 62
228 16
502 389
467 145
301 319
555 198
223 355
793 502
197 16
257 779
756 247
679 257
434 407
469 419
545 793
34 363
557 555
751 557
500 756
354 498
372 301
282 718
596 753
129 434
274 693
164 535
404 316
658 223
506 282
80 596
325 319
295 751
229 502
534 249
296 720
258 404
146 596
794 229
698 80
634 658
666 500
218 258
496 372
267 666
462 164
299 218
630 634
124 295
237 129
23 178
652 257
518 229
509 124
733 462
799 462
12 146
200 23
293 295
346 518
703 274
563 467
481 293
774 563
446 794
529 703
167 237
131 774
543 652
400 167
648 774
639 652
20 293
8 200
162 639
255 162
440 446
188 299
158 666
182 197
303 200
542 440
489 20
628 506
759 489
330 469
541 648
127 162
591 12
284 188
484 462
195 303
616 799
256 509
333 543
191 591
584 372
35 284
143 191
783 484
707 256
613 23
64 584
261 255
672 303
122 330
187 12
376 333
58 261
487 628
792 143
558 628
568 188
765 541
174 783
100 558
398 613
508 167
344 542
95 158
142 174
401 508
588 707
525 261
118 613
466 487
716 256
758 376
212 792
778 174
608 174
340 284
618 558
265 64
619 759
204 558
412 122
512 568
380 440
782 204
450 765
437 187
656 204
99 340
332 584
320 672
593 618
418 58
480 487
503 320
240 758
708 380
76 412
757 716
711 401
675 618
549 265
451 708
263 398
791 512
561 320
463 261
515 240
138 418
476 708
101 418
728 344
117 608
620 463
735 476
225 792
2 101
9 620
415 791
459 476
651 225
601 117
460 619
133 332
298 708
181 561
674 711
49 340
0 711
637 735
31 437
405 181
697 460
641 138
36 240
471 133
533 765
338 697
493 338
524 31
602 36
209 263
183 138
109 133
731 728
772 225
683 36
168 36
644 405
680 731
740 2
288 415
403 791
573 620
397 656
3 147 171 359 609 667 581 350 594 650 226 395 492 513 714 66 193 48 495 566 73 432 597 110 532 607 79 696 206 420 565 126 86 369 313 653 309 268 406 798 796 586 571 286 638 176 456 245 173 53 520 152 130 578 622 248 361 722 90 234 738 172 222 577 272 521 781 74 491 734 251 373 32 60 409 452 392 300 213 603 358 202 381 712 574 289 219 485 439 352 362 159 430 72 37 387 335 422 770 114 564 132 375 536 685 538 702 57 269 78 368 22 517 125 17 767 522 569 184 192 725 582 691 579 28 39 572 250 365 678 681 776 580 186 179 551 461 526 717 93 384 221 342 374 382 30 623 455 115 548 190 103 14 
3 147
171 3
359 171
609 147
667 3
581 667
350 609
594 581
650 594
226 650
395 350
492 350
513 395
714 395
66 581
193 594
48 66
495 48
566 226
73 513
432 48
597 495
110 193
532 66
607 432
79 566
696 73
206 432
420 79
565 420
126 432
86 566
369 607
313 110
653 607
309 313
268 532
406 268
798 532
796 696
586 313
571 206
286 420
638 268
176 796
456 286
245 176
173 369
53 173
520 456
152 586
130 520
578 130
622 578
248 653
361 245
722 173
90 578
234 361
738 152
172 234
222 722
577 173
272 361
521 520
781 90
74 738
491 578
734 577
251 172
373 491
32 521
60 251
409 74
452 373
392 74
300 734
213 251
603 251
358 734
202 452
381 358
712 60
574 781
289 381
219 373
485 219
439 574
352 219
362 213
159 574
430 202
72 430
37 219
387 72
335 159
422 712
770 392
114 289
564 387
132 770
375 422
536 381
685 770
538 564
702 300
57 702
269 538
78 538
368 335
22 57
517 439
125 368
17 362
767 685
522 57
569 564
184 536
192 375
725 114
582 368
691 17
579 517
28 78
39 17
572 39
250 184
365 569
678 22
681 184
776 572
580 39
186 681
179 579
551 28
461 186
526 186
717 582
93 582
384 461
221 572
342 384
374 717
382 461
30 717
623 384
455 580
115 776
548 382
190 374
103 28
14 551
328 431 137 156 68 468 540 69 516 483 134 24 729 347 475 154 592 511 15 119 351 29 279 208 139 111 554 523 63 635 477 768 224 275 283 479 243 692 640 659 436 235 239 676 341 464 151 297 626 302 724 104 217 242 590 233 50 689 611 539 141 473 595 726 713 67 433 632 423 273 349 435 701 687 71 210 570 155 560 326 556 385 552 194 140 21 505 324 576 709 686 199 752 457 165 356 246 771 211 610 348 454 33 308 317 550 424 453 10 87 55 264 
328 431
137 431
156 328
68 431
468 328
540 156
69 468
516 69
483 431
134 540
24 483
729 468
347 483
475 69
154 468
592 347
511 154
15 24
119 475
351 347
29 119
279 351
208 279
139 154
111 134
554 111
523 119
63 279
635 139
477 119
768 635
224 139
275 477
283 554
479 275
243 479
692 511
640 275
659 640
436 283
235 692
239 479
676 659
341 239
464 341
151 676
297 341
626 297
302 235
724 302
104 341
217 151
242 676
590 302
233 242
50 233
689 242
611 590
539 104
141 539
473 611
595 233
726 595
713 726
67 141
433 67
632 433
423 595
273 423
349 273
435 595
701 713
687 632
71 687
210 423
570 435
155 570
560 435
326 570
556 155
385 210
552 71
194 687
140 385
21 556
505 560
324 21
576 324
709 556
686 709
199 576
752 324
457 752
165 752
356 199
246 356
771 356
211 356
610 356
348 211
454 348
33 348
308 33
317 308
550 317
424 550
453 424
10 453
87 453
55 424
264 87
214 304 654 371 427 663 160 488 501 336 102 504 688 441 743 285 19 531 710 94 671 163 443 105 175 216 544 662 723 402 294 205 438 546 694 755 414 323 699 18 497 425 661 530 494 26 499 306 705 690 629 61 673 643 790 647 287 329 745 231 315 166 695 96 5 270 677 727 490 196 11 241 136 445 70 360 763 170 337 785 25 614 646 411 719 760 13 169 307 448 715 465 769 777 583 45 383 278 732 749 700 615 253 157 730 625 185 514 482 379 587 312 657 797 220 789 91 97 98 6 311 669 75 429 364 396 413 144 262 227 327 527 458 42 46 704 416 645 746 161 88 537 
214 304
654 304
371 654
427 214
663 371
160 214
488 214
501 663
336 427
102 501
504 160
688 501
441 688
743 504
285 336
19 160
531 504
710 285
94 19
671 285
163 710
443 671
105 94
175 94
216 443
544 710
662 544
723 671
402 105
294 175
205 294
438 723
546 438
694 438
755 546
414 694
323 414
699 323
18 414
497 755
425 323
661 497
530 661
494 661
26 494
499 18
306 499
705 425
690 499
629 690
61 690
673 61
643 690
790 61
647 673
287 790
329 643
745 26
231 705
315 329
166 745
695 790
96 647
5 166
270 647
677 231
727 677
490 315
196 727
11 270
241 677
136 5
445 695
70 241
360 136
763 490
170 11
337 11
785 337
25 241
614 170
646 763
411 170
719 785
760 719
13 646
169 614
307 763
448 13
715 337
465 169
769 241
777 760
583 777
45 777
383 13
278 614
732 777
749 307
700 749
615 278
253 383
157 749
730 583
625 732
185 157
514 730
482 185
379 185
587 514
312 482
657 625
797 700
220 482
789 312
91 625
97 220
98 657
6 98
311 91
669 379
75 379
429 75
364 429
396 311
413 6
144 789
262 396
227 364
327 144
527 327
458 327
42 262
46 227
704 42
416 75
645 458
746 645
161 704
88 704
537 746
310 742 388 390 706 148 
310 742
742 388
706 148
388 390
742 706
367 426 339 547 617 668 747 606 83 1 664 113 598 314 575 486 27 291 271 
367 426
339 367
547 339
617 547
668 617
747 668
606 617
83 547
1 747
664 606
113 664
598 113
314 1
575 598
486 598
27 486
291 27
271 486
