? 6 457 752 165 348 454 33 
!
308 
377 761 54 642 177 89 780 474 655 599 795 149 56 123 788 318 444 112 748 410 744 605 238 276 38 260 665 507 682 108 65 92 391 408 82 290 775 201 52 773 106 121 750 553 47 207 766 322 321 281 604 244 203 478 567 7 230 784 150 345 393 447 41 528 292 394 631 754 59 762 612 589 259 417 236 120 44 254 787 334 266 660 684 624 636 649 786 470 85 81 585 4 343 366 386 51 510 428 421 449 353 40 370 519 600 252 736 128 107 627 739 116 331 442 153 737 741 472 135 562 180 84 621 43 389 355 16 721 198 277 232 305 189 249 215 407 535 779 498 559 357 764 178 753 316 399 419 693 77 718 247 378 228 720 62 319 197 756 301 223 363 502 280 467 354 145 274 434 500 633 679 557 545 257 34 751 555 129 372 793 469 282 534 325 596 658 80 164 404 296 634 258 698 218 295 229 506 146 462 794 496 666 733 124 237 630 652 267 23 299 518 446 799 200 481 346 703 8 774 563 12 293 167 616 509 543 648 20 400 639 529 162 188 131 255 303 440 127 489 182 542 158 541 628 484 284 256 195 759 330 191 333 35 584 672 122 58 64 613 591 344 707 765 143 261 558 783 588 398 487 187 174 100 376 568 508 525 142 401 212 95 340 380 792 716 118 265 782 618 204 608 758 99 778 466 619 512 412 418 437 332 450 549 656 451 320 708 463 503 593 240 480 711 561 225 757 138 263 675 476 620 791 459 728 117 101 515 735 9 76 2 415 31 601 0 637 133 674 298 49 460 36 405 651 697 209 338 524 533 602 181 493 109 641 772 183 471 683 731 168 644 680 740 505 140 1 397 
377 761
54 377
642 761
177 54
89 377
780 642
474 89
655 89
599 177
795 655
149 177
56 177
123 149
788 599
318 123
444 599
112 795
748 112
410 56
744 318
605 474
238 410
276 410
38 748
260 605
665 38
507 444
682 605
108 605
65 260
92 149
391 238
408 65
82 92
290 410
775 92
201 290
52 744
773 775
106 682
121 507
750 507
553 106
47 665
207 391
766 106
322 665
321 82
281 766
604 276
244 321
203 290
478 121
567 108
7 290
230 567
784 322
150 38
345 775
393 52
447 47
41 321
528 447
292 322
394 7
631 478
754 478
59 281
762 447
612 41
589 394
259 244
417 394
236 567
120 394
44 59
254 345
787 120
334 612
266 254
660 787
684 762
624 528
636 254
649 236
786 266
470 636
85 684
81 624
585 604
4 393
343 784
366 624
386 631
51 4
510 59
428 343
421 4
449 510
353 636
40 449
370 684
519 386
600 81
252 470
736 754
128 386
107 259
627 107
739 343
116 421
331 736
442 627
153 627
737 40
741 428
472 589
135 649
562 116
180 85
84 107
621 739
43 736
389 519
355 472
16 252
721 562
198 741
277 153
232 562
305 741
189 51
249 305
215 627
407 180
535 621
779 472
498 189
559 407
357 355
764 84
178 370
753 116
316 135
399 84
419 178
693 585
77 43
718 189
247 277
378 277
228 16
720 189
62 764
319 600
197 228
756 247
301 319
223 357
363 693
502 389
280 62
467 40
354 189
145 467
274 363
434 407
500 756
633 249
679 223
557 198
545 77
257 679
34 363
751 557
555 557
129 434
372 301
793 502
469 129
282 718
534 249
325 301
596 753
658 257
80 596
164 535
404 316
296 720
634 658
258 404
698 80
218 258
295 557
229 502
506 282
146 596
462 534
794 229
496 372
666 500
733 462
124 295
237 129
630 634
652 634
267 666
23 178
299 404
518 229
446 794
799 733
200 23
481 295
346 518
703 274
8 200
774 467
563 774
12 146
293 295
167 237
616 799
509 293
543 652
648 774
20 293
400 167
639 652
529 346
162 652
188 299
131 648
255 162
303 200
440 446
127 162
489 20
182 197
542 440
158 666
541 648
628 506
484 462
284 188
256 124
195 303
759 20
330 23
191 12
333 543
35 284
584 325
672 195
122 330
58 255
64 584
613 122
591 191
344 440
707 256
765 541
143 191
261 58
558 628
783 707
588 707
398 613
487 628
187 12
174 588
100 558
376 333
568 299
508 167
525 58
142 174
401 508
212 591
95 158
340 759
380 344
792 212
716 707
118 613
265 64
782 558
618 782
204 782
608 174
758 376
99 340
778 608
466 628
619 759
512 568
412 118
418 58
437 187
332 584
450 765
549 265
656 782
451 380
320 484
708 451
463 261
503 320
593 618
240 758
480 204
711 401
561 320
225 792
757 778
138 418
263 561
675 618
476 708
620 463
791 568
459 476
728 344
117 757
101 418
515 240
735 476
9 101
76 412
2 101
415 791
31 437
601 117
0 711
637 735
133 332
674 711
298 459
49 99
460 619
36 515
405 561
651 792
697 460
209 263
338 697
524 31
533 765
602 36
181 561
493 338
109 133
641 549
772 225
183 2
471 133
683 36
731 728
168 36
644 181
680 731
740 101
505 460
140 117
1 459
397 480
3 147 171 359 667 609 581 350 594 395 226 650 492 714 513 66 193 48 566 432 110 597 495 79 73 607 532 126 206 696 420 653 565 369 86 313 309 798 268 406 796 586 286 571 456 53 176 638 245 173 130 520 622 152 578 573 361 90 248 738 234 722 222 172 577 781 272 74 521 734 202 491 251 32 373 409 300 60 452 213 392 358 381 712 603 485 352 574 289 219 362 72 159 37 770 335 422 439 387 430 564 114 375 132 536 685 702 57 538 269 368 125 517 522 767 17 78 22 725 569 192 582 184 691 365 250 579 572 39 678 28 681 580 186 776 461 179 551 526 717 548 93 221 623 455 374 382 115 342 190 384 30 103 
3 147
171 147
359 3
667 147
609 3
581 667
350 609
594 581
395 350
226 594
650 594
492 395
714 395
513 395
66 581
193 650
48 66
566 193
432 66
110 193
597 48
495 597
79 566
73 513
607 432
532 110
126 432
206 495
696 73
420 79
653 607
565 420
369 126
86 79
313 110
309 313
798 532
268 532
406 268
796 696
586 309
286 420
571 206
456 286
53 571
176 796
638 268
245 176
173 53
130 456
520 456
622 309
152 586
578 622
573 571
361 176
90 578
248 653
738 152
234 361
722 53
222 722
172 361
577 173
781 90
272 172
74 738
521 520
734 577
202 521
491 521
251 172
32 202
373 491
409 74
300 734
60 32
452 521
213 272
392 409
358 734
381 358
712 60
603 251
485 491
352 485
574 392
289 381
219 485
362 213
72 452
159 574
37 219
770 392
335 352
422 712
439 159
387 72
430 387
564 387
114 289
375 422
132 770
536 114
685 132
702 300
57 702
538 387
269 538
368 335
125 368
517 439
522 57
767 685
17 362
78 269
22 57
725 114
569 538
192 17
582 368
184 536
691 17
365 569
250 184
579 517
572 192
39 572
678 702
28 269
681 250
580 39
186 681
776 572
461 186
179 579
551 365
526 186
717 582
548 461
93 582
221 572
623 681
455 580
374 717
382 548
115 776
342 461
190 374
384 623
30 374
103 551
304 654 214 371 663 427 501 336 160 102 441 488 688 504 743 285 19 710 531 163 671 94 544 216 443 175 662 105 402 294 723 205 14 546 438 694 755 414 323 699 18 497 661 425 494 530 26 499 705 306 690 629 61 647 673 790 745 287 643 329 166 231 695 315 96 5 270 677 727 490 445 196 70 241 136 25 763 646 13 448 769 383 253 314 709 686 291 556 664 271 486 113 747 576 390 598 27 21 199 668 611 610 606 356 324 771 617 211 575 339 388 246 
304 654
214 304
371 654
663 371
427 654
501 663
336 427
160 214
102 501
441 501
488 102
688 501
504 160
743 504
285 336
19 160
710 285
531 504
163 710
671 163
94 19
544 710
216 671
443 671
175 94
662 544
105 175
402 105
294 175
723 671
205 175
14 443
546 662
438 723
694 438
755 546
414 694
323 414
699 323
18 694
497 755
661 497
425 699
494 497
530 494
26 494
499 18
705 425
306 499
690 499
629 690
61 690
647 306
673 647
790 61
745 26
287 790
643 790
329 643
166 745
231 705
695 790
315 329
96 647
5 166
270 96
677 231
727 677
490 727
445 695
196 727
70 231
241 70
136 166
25 241
763 490
646 763
13 646
448 13
769 241
383 448
253 383
314 769
709 253
686 709
291 314
556 709
664 291
271 291
486 291
113 664
747 664
576 556
390 271
598 113
27 486
21 576
199 576
668 747
611 556
610 199
606 668
356 199
324 21
771 356
617 606
211 771
575 598
339 617
388 390
246 356
297 626 341 239 88 464 645 479 704 243 161 275 141 537 527 104 477 746 523 539 144 458 327 659 640 67 119 42 29 396 632 283 262 433 689 416 475 311 242 676 789 587 514 436 312 349 97 554 91 687 111 6 233 516 71 220 413 69 692 194 75 273 98 482 595 134 50 68 468 730 552 328 540 156 151 511 431 729 429 657 210 423 625 137 364 379 615 227 185 385 46 217 154 435 726 157 669 278 24 483 45 777 715 583 797 592 732 560 347 139 719 411 614 235 700 760 749 170 713 337 465 169 785 279 768 155 224 724 208 351 15 473 570 326 590 307 635 11 701 302 360 63 
297 626
341 626
239 341
88 626
464 341
645 626
479 464
704 88
243 479
161 88
275 479
141 341
537 645
527 645
104 341
477 275
746 537
523 477
539 141
144 527
458 527
327 458
659 104
640 659
67 537
119 477
42 704
29 119
396 42
632 67
283 161
262 42
433 632
689 104
416 67
475 119
311 396
242 689
676 242
789 327
587 789
514 587
436 283
312 789
349 433
97 789
554 283
91 514
687 433
111 554
6 262
233 242
516 475
71 687
220 97
413 6
69 516
692 676
194 687
75 97
273 71
98 6
482 97
595 233
134 516
50 233
68 516
468 69
730 91
552 71
328 68
540 328
156 328
151 50
511 468
431 328
729 516
429 75
657 98
210 273
423 210
625 657
137 328
364 429
379 429
615 482
227 364
185 379
385 210
46 227
217 151
154 511
435 423
726 50
157 185
669 364
278 157
24 156
483 24
45 730
777 45
715 730
583 777
797 669
592 154
732 777
560 435
347 592
139 592
719 777
411 615
614 411
235 692
700 157
760 777
749 700
170 411
713 726
337 715
465 614
169 614
785 337
279 347
768 139
155 435
224 768
724 235
208 347
351 279
15 347
473 713
570 155
326 155
590 724
307 169
635 279
11 337
701 713
302 724
360 760
63 279
457 752 165 348 454 33 
457 752
457 165
348 454
457 348
348 33
367 426 547 83 310 742 706 148 55 424 670 453 550 264 10 87 403 317 288 
367 426
547 367
83 547
310 83
742 310
706 426
148 706
55 706
424 55
670 706
453 424
550 453
264 670
10 453
87 453
403 550
317 403
288 403
