? 6 367 426 1 706 148 670 
!
264 
377 761 642 54 177 89 780 655 474 599 56 149 795 123 788 318 444 744 112 410 748 276 238 260 605 38 682 121 507 82 108 92 65 665 201 408 106 775 773 52 750 391 47 766 553 290 207 281 322 292 244 321 604 567 203 784 478 7 41 230 150 393 447 394 754 631 59 417 345 589 236 762 266 120 612 787 254 44 259 786 334 528 684 624 85 470 660 366 636 649 4 428 585 386 51 81 449 353 421 442 107 519 40 116 343 600 252 510 128 736 331 370 737 180 627 215 153 739 562 741 232 43 84 472 135 355 178 198 721 16 389 189 753 559 407 277 621 498 316 305 357 535 693 764 249 419 399 718 145 247 779 62 228 378 319 363 77 301 223 197 720 793 280 502 555 679 633 756 467 354 257 596 282 751 545 372 34 557 500 434 534 274 404 658 80 129 469 296 164 634 630 258 146 325 506 229 299 666 295 794 698 218 462 496 518 652 267 124 733 509 23 237 446 529 200 346 293 774 12 703 481 563 799 400 8 648 20 162 167 543 639 188 255 158 440 489 303 542 127 628 541 131 484 256 182 284 584 759 330 191 195 616 333 143 64 672 568 35 613 792 558 707 122 187 58 344 261 487 765 376 142 174 398 525 508 591 95 401 588 778 212 118 100 716 380 593 758 783 204 340 99 512 782 265 608 619 412 618 437 418 466 480 332 656 450 320 503 451 708 240 711 675 728 463 263 549 561 620 138 791 515 476 76 101 757 117 735 459 731 9 415 31 601 460 2 0 674 298 49 133 651 225 697 637 602 36 109 524 338 533 314 183 405 181 168 493 683 641 403 209 644 680 772 409 471 288 505 
377 761
642 377
54 761
177 377
89 761
780 642
655 89
474 655
599 177
56 599
149 54
795 655
123 149
788 599
318 123
444 599
744 123
112 795
410 56
748 112
276 410
238 410
260 112
605 260
38 748
682 605
121 444
507 444
82 123
108 605
92 82
65 260
665 38
201 238
408 605
106 682
775 788
773 775
52 744
750 507
391 276
47 665
766 106
553 766
290 238
207 290
281 766
322 47
292 47
244 82
321 244
604 276
567 260
203 290
784 322
478 121
7 290
41 321
230 567
150 230
393 52
447 292
394 7
754 478
631 478
59 766
417 394
345 775
589 394
236 567
762 447
266 345
120 394
612 41
787 120
254 345
44 59
259 244
786 266
334 612
528 447
684 762
624 528
85 528
470 254
660 120
366 624
636 254
649 236
4 393
428 150
585 604
386 631
51 4
81 366
449 59
353 636
421 4
442 259
107 266
519 386
40 449
116 421
343 428
600 120
252 470
510 449
128 386
736 754
331 736
370 684
737 449
180 85
627 442
215 442
153 334
739 343
562 116
741 150
232 562
43 736
84 107
472 589
135 40
355 472
178 370
198 741
721 562
16 252
389 519
189 4
753 721
559 180
407 559
277 153
621 739
498 189
316 135
305 741
357 355
535 739
693 585
764 84
249 428
419 178
399 84
718 189
145 718
247 277
779 472
62 764
228 16
378 277
319 81
363 693
77 43
301 319
223 357
197 228
720 189
793 389
280 62
502 793
555 198
679 357
633 249
756 247
467 145
354 498
257 779
596 498
282 145
751 555
545 77
372 301
34 363
557 751
500 756
434 407
534 633
274 34
404 316
658 223
80 596
129 434
469 434
296 720
164 535
634 658
630 658
258 404
146 596
325 301
506 282
229 502
299 258
666 500
295 751
794 229
698 80
218 258
462 164
496 372
518 229
652 679
267 666
124 751
733 534
509 751
23 419
237 129
446 794
529 518
200 23
346 518
293 295
774 467
12 146
703 274
481 293
563 774
799 733
400 325
8 200
648 774
20 293
162 652
167 400
543 162
639 162
188 299
255 162
158 267
440 446
489 20
303 200
542 440
127 543
628 506
541 648
131 541
484 462
256 509
182 77
284 188
584 325
759 20
330 23
191 12
195 200
616 733
333 543
143 191
64 584
672 303
568 188
35 284
613 303
792 191
558 628
707 256
122 330
187 792
58 255
344 542
261 58
487 628
765 541
376 333
142 707
174 142
398 613
525 58
508 167
591 143
95 158
401 508
588 142
778 616
212 792
118 613
100 558
716 588
380 446
593 100
758 376
783 142
204 558
340 759
99 35
512 568
782 204
265 64
608 174
619 716
412 118
618 593
437 187
418 58
466 204
480 487
332 64
656 204
450 487
320 195
503 320
451 380
708 451
240 758
711 401
675 618
728 344
463 525
263 398
549 265
561 320
620 463
138 418
791 512
515 758
476 708
76 412
101 418
757 716
117 608
735 476
459 476
731 728
9 620
415 791
31 437
601 117
460 619
2 101
0 711
674 0
298 708
49 99
133 332
651 212
225 651
697 460
637 735
602 240
36 602
109 549
524 31
338 697
533 450
314 476
183 2
405 561
181 561
168 637
493 338
683 36
641 183
403 415
209 263
644 561
680 731
772 651
409 109
471 133
288 415
505 460
3 147 171 359 609 667 581 350 226 650 395 492 594 714 513 66 193 48 566 495 73 597 432 79 607 532 110 565 653 696 420 206 369 126 86 313 798 571 796 406 309 268 286 586 638 456 176 245 53 173 520 130 740 622 578 573 152 361 90 234 248 722 738 272 172 222 577 521 781 74 734 373 491 32 251 452 60 202 213 300 381 358 603 712 392 219 289 352 574 362 159 485 72 37 387 430 770 335 439 422 132 114 564 536 375 685 269 57 538 78 702 368 125 517 767 17 522 22 569 725 691 582 250 579 184 39 678 365 192 572 28 681 776 580 186 461 526 179 717 93 551 623 455 384 382 548 30 374 221 190 103 342 115 
3 147
171 3
359 171
609 147
667 171
581 667
350 359
226 609
650 609
395 350
492 395
594 650
714 492
513 395
66 581
193 594
48 66
566 226
495 48
73 513
597 48
432 48
79 566
607 432
532 650
110 532
565 79
653 607
696 73
420 79
206 432
369 432
126 369
86 110
313 110
798 532
571 206
796 73
406 798
309 313
268 406
286 420
586 313
638 406
456 286
176 796
245 176
53 571
173 126
520 456
130 520
740 268
622 130
578 622
573 571
152 586
361 245
90 578
234 361
248 653
722 173
738 152
272 361
172 361
222 722
577 722
521 520
781 90
74 738
734 577
373 90
491 373
32 521
251 172
452 521
60 251
202 32
213 251
300 734
381 734
358 734
603 251
712 603
392 74
219 491
289 248
352 219
574 392
362 213
159 574
485 352
72 202
37 219
387 72
430 387
770 392
335 159
439 159
422 712
132 770
114 289
564 387
536 381
375 422
685 770
269 564
57 358
538 387
78 538
702 57
368 352
125 368
517 439
767 685
17 362
522 57
22 522
569 538
725 114
691 17
582 368
250 522
579 582
184 22
39 17
678 702
365 569
192 39
572 192
28 538
681 250
776 572
580 39
186 681
461 186
526 461
179 579
717 579
93 582
551 569
623 681
455 580
384 623
382 461
548 382
30 717
374 30
221 776
190 374
103 28
342 526
115 572
297 626 341 464 239 243 479 275 141 537 104 477 539 640 523 67 659 119 29 632 433 283 689 475 676 242 687 349 436 554 71 111 516 273 194 233 692 69 540 468 552 50 134 595 156 68 328 151 511 137 729 210 423 431 154 385 217 435 140 726 483 24 235 592 347 139 560 208 713 155 279 724 351 701 15 635 224 768 473 570 590 63 326 302 611 556 709 686 21 576 324 199 356 771 610 752 246 457 165 211 348 33 454 308 317 397 550 424 453 10 87 55 
297 626
341 297
464 341
239 341
243 626
479 243
275 479
141 341
537 141
104 464
477 275
539 141
640 104
523 477
67 537
659 640
119 477
29 119
632 67
433 632
283 523
689 104
475 29
676 659
242 676
687 632
349 433
436 283
554 283
71 687
111 554
516 475
273 349
194 687
233 242
692 676
69 516
540 69
468 516
552 71
50 233
134 111
595 233
156 540
68 156
328 156
151 50
511 468
137 328
729 511
210 273
423 273
431 328
154 511
385 210
217 151
435 423
140 385
726 595
483 431
24 483
235 217
592 483
347 592
139 154
560 435
208 592
713 726
155 435
279 592
724 235
351 279
701 713
15 347
635 351
224 139
768 224
473 713
570 155
590 724
63 279
326 155
302 724
611 590
556 570
709 155
686 709
21 556
576 21
324 21
199 576
356 199
771 356
610 356
752 324
246 356
457 752
165 457
211 771
348 211
33 348
454 348
308 33
317 308
397 317
550 397
424 550
453 424
10 453
87 10
55 424
304 654 214 371 663 427 336 501 160 102 488 441 688 504 285 743 19 710 531 94 163 671 443 216 544 105 175 662 402 294 723 205 14 546 438 694 755 414 323 699 425 497 661 18 530 494 26 306 499 705 690 629 61 647 673 790 287 745 643 329 166 231 315 5 96 695 270 677 727 490 11 196 445 70 241 136 337 360 25 763 170 307 411 785 719 169 614 646 448 769 13 760 715 465 583 777 45 278 732 383 615 749 700 157 730 253 625 185 797 514 482 657 220 587 312 379 91 789 311 98 97 6 669 75 144 396 429 413 364 527 262 327 227 458 42 46 704 416 645 88 161 746 
304 654
214 304
371 654
663 371
427 304
336 371
501 663
160 214
102 501
488 501
441 102
688 501
504 160
285 336
743 504
19 160
710 285
531 504
94 19
163 710
671 163
443 671
216 443
544 163
105 94
175 94
662 544
402 105
294 175
723 671
205 175
14 443
546 544
438 723
694 438
755 546
414 438
323 414
699 323
425 699
497 755
661 497
18 414
530 661
494 661
26 497
306 530
499 306
705 323
690 499
629 690
61 499
647 530
673 647
790 61
287 790
745 26
643 790
329 643
166 745
231 705
315 643
5 166
96 647
695 790
270 96
677 231
727 677
490 315
11 270
196 727
445 490
70 231
241 70
136 96
337 11
360 136
25 241
763 490
170 337
307 763
411 170
785 337
719 136
169 170
614 170
646 763
448 646
769 241
13 448
760 360
715 337
465 614
583 760
777 760
45 777
278 465
732 760
383 13
615 278
749 307
700 749
157 700
730 45
253 383
625 730
185 157
797 749
514 730
482 185
657 625
220 482
587 514
312 587
379 185
91 730
789 312
311 514
98 657
97 312
6 657
669 379
75 379
144 587
396 311
429 75
413 6
364 429
527 144
262 6
327 527
227 364
458 327
42 262
46 227
704 42
416 75
645 458
88 704
161 704
746 645
367 426 1 706 148 670 
367 426
148 670
706 148
367 1
426 706
310 742 388 575 390 271 486 598 27 83 291 113 664 606 547 617 339 668 747 
310 742
388 310
575 388
390 388
271 390
486 271
598 486
27 486
83 575
291 486
113 598
664 113
606 664
547 606
617 606
339 547
668 606
747 668
