? 10 109 278 792 595 11 97 622 163 701 709 
? 8 217 654 609 488 543 3 716 432 
? 8 497 581 352 318 15 768 364 160 
? 7 238 525 82 179 215 83 159 
? 7 292 679 349 770 487 63 684 
? 6 403 764 354 223 643 135 
? 6 327 531 328 276 460 419 
? 6 596 659 484 743 51 758 
? 6 162 302 726 300 718 26 
? 6 574 606 563 156 745 587 
? 5 57 559 618 228 397 
? 5 445 729 737 757 789 
? 5 335 626 469 343 678 
? 5 517 523 188 604 739 
? 5 9 541 515 547 108 
? 5 591 719 506 760 485 
? 5 480 793 14 508 746 
? 5 32 71 341 693 209 
? 5 498 552 738 62 273 
? 5 141 735 370 261 493 
? 5 118 665 410 176 367 
? 5 585 592 314 462 579 
? 5 296 607 651 260 401 
? 4 427 658 123 319 
? 4 198 752 148 790 
? 4 137 390 121 98 
? 4 275 766 708 56 
? 4 532 696 212 429 
? 4 138 147 102 22 
? 4 133 753 195 501 
? 4 202 355 568 405 
? 4 381 791 35 285 
? 4 545 759 439 661 
? 4 564 637 395 365 
? 4 47 303 247 351 
? 4 528 653 614 242 
? 4 25 40 78 755 
? 4 42 333 619 187 
? 4 76 99 542 548 
? 4 291 301 784 478 
? 4 338 590 220 660 
? 4 36 454 201 690 
? 4 207 687 191 580 
? 4 69 337 407 293 
? 4 95 749 535 19 
? 4 306 781 116 627 
? 4 321 597 453 399 
? 4 45 777 307 763 
? 4 122 409 748 214 
? 4 281 556 91 740 
? 4 252 434 169 616 
? 4 371 649 30 741 
? 4 452 689 368 235 
? 4 52 66 270 707 
? 4 308 588 495 797 
? 4 10 74 282 210 
? 3 23 666 486 
? 3 106 362 573 
? 3 213 420 668 
? 3 221 298 112 
? 3 363 786 603 
? 3 119 226 455 
? 3 28 744 692 
? 3 67 101 129 
? 3 2 284 245 
? 3 219 555 190 
? 3 398 566 136 
? 3 72 479 443 
? 3 0 470 620 
? 3 246 601 699 
? 3 526 554 727 
? 3 13 117 249 
? 3 423 500 251 
? 3 186 248 430 
? 3 181 311 262 
? 3 641 778 257 
? 3 255 645 761 
? 3 324 366 305 
? 3 110 164 507 
? 3 178 241 244 
? 3 513 675 773 
? 3 725 751 673 
? 3 4 756 624 
? 3 157 312 656 
? 3 322 762 426 
? 3 406 688 771 
? 3 60 70 514 
? 3 360 411 625 
? 3 171 435 264 
? 3 617 704 598 
? 3 265 446 623 
? 3 393 520 44 
? 3 582 736 481 
? 3 80 538 674 
? 3 92 232 385 
? 3 254 686 104 
? 3 127 537 1 
? 3 64 437 512 
? 3 336 358 655 
? 3 152 436 233 
? 3 283 715 742 
? 3 376 447 96 
!
10 74 282 210 
10 210
10 282
10 74
497 581 352 318 15 768 364 160 
497 352
768 364
581 364
497 581
318 15
15 160
318 364
376 447 96 
376 96
447 96
799 
795 
205 224 
205 224
283 715 742 
715 742
283 742
54 433 
54 433
152 436 233 
152 233
436 233
450 713 
450 713
165 382 
165 382
336 358 655 
336 358
336 655
308 588 495 797 
308 588
588 797
308 495
574 606 563 156 745 587 
563 156
606 745
156 587
563 745
574 606
783 
27 140 
27 140
782 
780 
776 
775 
64 437 512 
437 512
64 512
127 537 1 
127 1
127 537
767 
747 
732 
731 
254 686 104 
254 686
254 104
149 630 
149 630
61 331 
61 331
92 232 385 
92 385
92 232
730 
80 538 674 
538 674
80 538
728 
724 
34 631 
34 631
723 
582 736 481 
582 481
582 736
721 
720 
185 522 
185 522
711 
710 
702 
52 66 270 707 
66 707
52 707
66 270
94 550 
94 550
697 
677 
672 
664 
38 389 
38 389
663 
657 
393 520 44 
393 44
393 520
648 
647 
644 
174 765 
174 765
265 446 623 
265 623
446 623
418 662 
418 662
639 
638 
452 689 368 235 
452 689
452 368
368 235
634 
633 
124 642 
124 642
413 734 
413 734
371 649 30 741 
371 30
371 649
649 741
189 605 
189 605
632 
628 
467 613 
467 613
621 
296 607 651 260 401 
651 260
296 607
296 651
296 401
456 703 
456 703
615 
611 
617 704 598 
704 598
617 704
610 
252 434 169 616 
252 616
252 169
434 616
608 
602 
171 435 264 
435 264
171 435
600 
594 
589 
281 556 91 740 
556 91
281 556
91 740
584 
578 
153 334 
153 334
585 592 314 462 579 
462 579
592 579
592 314
585 462
577 
576 
571 
360 411 625 
360 625
411 625
569 
122 409 748 214 
409 214
748 214
122 409
292 679 349 770 487 63 684 
292 679
770 684
292 770
679 487
349 684
679 63
565 
560 
557 
113 583 
113 583
60 70 514 
60 70
60 514
45 777 307 763 
307 763
45 763
45 777
553 
65 706 
65 706
551 
406 688 771 
406 771
406 688
540 
53 345 
53 345
118 665 410 176 367 
118 367
118 665
665 176
118 410
322 762 426 
322 762
762 426
321 597 453 399 
597 399
453 399
321 453
157 312 656 
157 312
157 656
539 
4 756 624 
756 624
4 756
536 
306 781 116 627 
116 627
781 627
306 116
279 714 
279 714
172 441 
172 441
534 
533 
530 
529 
725 751 673 
751 673
725 751
167 779 
167 779
524 
705 754 
705 754
162 302 726 300 718 26 
718 26
162 302
302 718
300 26
726 718
518 
516 
511 
509 
502 
496 
227 694 
227 694
18 20 
18 20
491 
652 798 
652 798
95 749 535 19 
95 749
95 19
535 19
483 
482 
69 337 407 293 
69 337
69 407
337 293
193 256 
193 256
477 
317 494 
317 494
475 
474 
473 
468 
207 687 191 580 
207 191
687 580
191 580
158 599 
158 599
466 
465 
463 
461 
142 361 
142 361
459 
513 675 773 
513 773
513 675
58 332 
58 332
150 320 
150 320
458 
36 454 201 690 
454 690
454 201
36 201
448 
549 787 
549 787
444 
238 525 82 179 215 83 159 
238 215
238 525
82 179
238 83
82 215
215 159
442 
438 
431 
428 
527 572 
527 572
425 
424 
178 241 244 
241 244
178 244
338 590 220 660 
590 220
338 220
338 660
421 
416 
414 
412 
408 
110 164 507 
110 507
164 507
324 366 305 
324 305
366 305
404 
402 
291 301 784 478 
301 784
301 478
291 784
394 417 
394 417
472 476 
472 476
400 
255 645 761 
255 645
645 761
396 
76 99 542 548 
542 548
99 548
76 99
42 333 619 187 
333 187
619 187
42 619
392 
114 503 
114 503
391 
225 785 
225 785
388 
25 40 78 755 
25 78
40 755
40 78
387 
386 
641 778 257 
641 257
641 778
570 575 
570 575
383 
217 654 609 488 543 3 716 432 
488 3
217 654
217 716
654 543
543 3
609 432
217 609
380 
379 
375 
374 
373 
504 700 
504 700
230 505 
230 505
596 659 484 743 51 758 
743 758
596 51
596 743
659 484
596 484
181 311 262 
181 311
181 262
372 
369 
357 
218 586 
218 586
353 
350 
348 
141 735 370 261 493 
141 735
141 261
141 370
141 493
528 653 614 242 
528 614
653 614
653 242
315 346 
315 346
347 
377 440 
377 440
47 303 247 351 
247 351
47 351
303 247
144 208 
144 208
510 733 
510 733
344 
342 
498 552 738 62 273 
498 552
498 62
498 738
498 273
340 
186 248 430 
186 248
186 430
423 500 251 
500 251
423 500
339 
564 637 395 365 
564 365
395 365
637 365
330 
329 
384 676 
384 676
326 
323 
310 
143 216 
143 216
304 
32 71 341 693 209 
32 71
71 693
32 209
71 341
290 
13 117 249 
117 249
13 117
313 612 
313 612
327 531 328 276 460 419 
327 460
327 328
328 419
531 419
276 460
492 636 
492 636
561 695 
561 695
489 635 
489 635
451 698 
451 698
288 
289 670 
289 670
175 263 
175 263
111 194 
111 194
287 
593 682 
593 682
125 772 
125 772
526 554 727 
526 727
554 727
545 759 439 661 
545 759
545 439
759 661
274 519 
274 519
480 793 14 508 746 
480 793
480 14
793 508
508 746
280 
381 791 35 285 
791 285
791 35
381 35
202 355 568 405 
202 355
355 405
202 568
277 
243 422 
243 422
272 
268 
267 
84 299 
84 299
259 
75 567 
75 567
253 
250 
239 
237 
109 278 792 595 11 97 622 163 701 709 
109 595
278 595
278 792
97 622
109 709
792 97
622 701
11 709
97 163
246 601 699 
601 699
246 699
134 794 
134 794
591 719 506 760 485 
591 485
719 485
719 506
591 760
0 470 620 
470 620
0 470
72 479 443 
72 443
479 443
234 
231 
229 
9 541 515 547 108 
9 515
515 108
9 547
541 108
499 717 
499 717
93 295 
93 295
222 
269 646 
269 646
206 
517 523 188 604 739 
523 739
517 604
604 739
517 188
200 
197 
398 566 136 
398 566
566 136
464 490 
464 490
196 
219 555 190 
219 555
555 190
335 626 469 343 678 
335 626
469 678
626 678
335 343
192 
471 683 
471 683
184 
445 729 737 757 789 
445 729
729 737
737 789
445 757
2 284 245 
2 284
284 245
133 753 195 501 
753 195
133 753
133 501
67 101 129 
101 129
67 101
138 147 102 22 
147 102
147 22
138 147
183 
532 696 212 429 
696 212
696 429
532 696
180 
173 
81 182 
81 182
170 
168 
166 
161 
155 
151 
28 744 692 
28 744
28 692
12 544 
12 544
146 
145 
203 258 
203 258
640 750 
640 750
139 
132 
131 
236 266 
236 266
130 
119 226 455 
119 226
226 455
126 
275 766 708 56 
766 56
275 708
275 766
120 
57 559 618 228 397 
618 397
57 559
57 397
559 228
29 685 
29 685
115 
363 786 603 
363 786
363 603
128 271 
128 271
457 650 
457 650
107 
103 
100 
415 712 
415 712
221 298 112 
298 112
221 298
199 356 
199 356
8 154 
8 154
90 
37 558 
37 558
137 390 121 98 
137 121
137 390
390 98
240 297 
240 297
89 
88 
87 
204 722 
204 722
213 420 668 
213 420
420 668
86 
681 769 
681 769
85 
79 
77 
177 774 
177 774
106 362 573 
106 573
362 573
73 
68 
59 
55 
359 680 
359 680
50 
403 764 354 223 643 135 
403 764
643 135
403 354
403 223
223 135
294 667 
294 667
49 
198 752 148 790 
752 148
198 790
148 790
105 671 
105 671
211 788 
211 788
562 669 
562 669
39 521 
39 521
48 
309 316 
309 316
46 
43 
427 658 123 319 
427 123
427 319
658 319
41 
33 
546 629 
546 629
31 
325 691 
325 691
24 
23 666 486 
23 666
23 486
378 449 
378 449
286 796 
286 796
21 
17 
16 
7 
6 
5 
