? 10 452 689 235 368 397 775 57 618 559 538 
? 8 465 746 267 794 793 480 632 145 
? 8 187 619 333 346 42 712 234 315 
? 7 202 355 396 405 568 714 4 
? 7 481 582 111 736 661 759 409 
? 6 167 771 663 406 688 101 
? 6 486 666 23 551 610 265 
? 6 203 258 125 41 602 772 
? 6 278 792 109 595 701 11 
? 6 112 298 348 723 221 277 
? 5 399 453 529 247 321 
? 5 289 670 734 189 46 
? 5 195 753 133 459 501 
? 5 9 108 614 653 541 
? 5 213 668 345 150 420 
? 5 325 691 233 436 229 
? 5 32 71 693 341 20 
? 5 240 297 200 735 261 
? 5 95 749 19 535 334 
? 5 445 729 737 757 121 
? 5 39 521 120 75 745 
? 5 91 556 796 281 147 
? 5 179 383 82 159 767 
? 4 27 140 466 657 
? 4 510 798 776 495 
? 4 331 464 61 490 
? 4 143 216 747 87 
? 4 243 422 424 705 
? 4 177 774 664 165 
? 4 275 708 560 384 
? 4 385 699 92 601 
? 4 28 253 692 264 
? 4 156 599 563 432 
? 4 174 765 176 630 
? 4 10 282 210 682 
? 4 26 718 162 302 
? 4 591 719 415 760 
? 4 292 679 770 487 
? 4 450 713 573 482 
? 4 8 154 104 332 
? 4 65 625 360 706 
? 4 336 358 655 519 
? 4 256 755 50 40 
? 4 316 489 448 635 
? 4 354 764 403 605 
? 4 164 507 572 168 
? 4 305 536 324 639 
? 4 419 502 638 327 
? 4 398 425 681 566 
? 4 63 684 284 349 
? 4 37 558 113 624 
? 4 185 522 77 78 
? 4 437 512 64 239 
? 4 252 604 169 434 
? 4 312 359 680 157 
? 4 546 629 428 646 
? 3 580 687 207 
? 3 371 649 30 
? 3 524 530 492 
? 3 230 367 379 
? 3 296 388 607 
? 3 304 612 313 
? 3 212 696 429 
? 3 3 703 543 
? 3 730 788 584 
? 3 462 600 592 
? 3 641 778 257 
? 3 526 727 513 
? 3 6 131 435 
? 3 550 720 651 
? 3 51 783 351 
? 3 342 461 303 
? 3 155 504 338 
? 3 390 789 369 
? 3 170 628 473 
? 3 451 698 483 
? 3 186 248 347 
? 3 454 690 36 
? 3 353 562 472 
? 3 471 683 146 
? 3 190 231 373 
? 3 34 763 66 
? 3 365 707 52 
? 3 598 704 511 
? 3 659 743 47 
? 3 294 667 644 
? 3 116 413 128 
? 3 301 478 291 
? 3 81 444 171 
? 3 725 751 673 
? 3 446 457 623 
? 3 118 665 410 
? 3 322 386 375 
? 3 227 694 697 
? 3 433 615 356 
? 3 218 586 18 
? 3 123 416 89 
? 3 467 613 126 
? 3 236 266 389 
? 3 455 676 364 
? 3 110 527 135 
? 3 675 773 554 
!
546 629 428 646 
546 428
546 629
428 646
187 619 333 346 42 712 234 315 
187 333
187 619
619 346
619 42
42 712
333 234
234 315
675 773 554 
773 554
675 554
791 
790 
178 270 
178 270
110 527 135 
110 527
110 135
534 700 
534 700
455 676 364 
455 676
676 364
431 585 
431 585
49 583 
49 583
236 266 389 
236 266
266 389
312 359 680 157 
312 680
359 680
680 157
112 298 348 723 221 277 
348 277
112 298
112 723
112 277
221 277
787 
443 479 
443 479
785 
784 
781 
780 
467 613 126 
467 613
613 126
123 416 89 
416 89
123 416
779 
769 
768 
762 
218 586 18 
218 586
586 18
79 565 
79 565
217 609 
217 609
433 615 356 
433 615
615 356
761 
227 694 697 
227 694
694 697
756 
754 
427 658 
427 658
752 
322 386 375 
322 375
322 386
741 
738 
84 299 
84 299
733 
732 
728 
252 604 169 434 
252 169
252 604
252 434
766 799 
766 799
724 
722 
721 
717 
161 374 
161 374
716 
711 
118 665 410 
118 665
118 410
710 
702 
677 
201 463 
201 463
446 457 623 
457 623
446 623
38 225 
38 225
672 
669 
437 512 64 239 
437 512
512 64
64 239
662 
656 
183 744 
183 744
276 460 
276 460
185 522 77 78 
185 522
522 77
522 78
54 199 
54 199
654 
652 
268 575 
268 575
650 
179 383 82 159 767 
179 383
383 82
383 767
179 159
224 320 
224 320
647 
643 
725 751 673 
751 673
725 751
642 
37 558 113 624 
558 113
37 113
37 624
640 
636 
81 444 171 
81 171
81 444
634 
627 
626 
63 684 284 349 
63 284
684 349
63 684
622 
620 
60 514 
60 514
91 556 796 281 147 
91 556
91 147
556 281
796 147
603 
596 
593 
301 478 291 
301 478
301 291
589 
398 425 681 566 
425 566
398 425
425 681
481 582 111 736 661 759 409 
481 582
582 759
481 661
736 759
111 661
661 409
577 
574 
571 
567 608 
567 608
116 413 128 
413 128
116 413
419 502 638 327 
419 502
502 638
638 327
561 
549 648 
549 648
555 
294 667 644 
294 667
667 644
553 
29 715 
29 715
39 521 120 75 745 
39 521
75 745
521 120
120 745
659 743 47 
743 47
659 743
305 536 324 639 
324 639
305 536
536 639
598 704 511 
598 704
704 511
548 
365 707 52 
707 52
365 707
545 
164 507 572 168 
164 168
507 572
164 507
597 758 
597 758
204 377 
204 377
544 
540 
539 
533 
34 763 66 
763 66
34 763
250 295 
250 295
532 
300 726 
300 726
278 792 109 595 701 11 
109 595
278 595
278 792
278 701
109 11
531 
525 
523 
515 
509 
506 
97 709 
97 709
220 590 
220 590
505 
215 259 
215 259
354 764 403 605 
764 403
354 403
354 605
503 
497 
316 489 448 635 
489 448
316 635
316 489
496 740 
496 740
491 
13 117 
13 117
488 
485 
484 
470 
256 755 50 40 
256 755
755 40
50 40
340 442 
340 442
468 
458 
456 
449 
287 633 
287 633
441 
190 231 373 
190 373
190 231
196 493 
196 493
115 392 
115 392
439 
336 358 655 519 
336 358
655 519
336 519
438 
148 569 
148 569
430 
202 355 396 405 568 714 4 
202 355
396 568
202 714
405 4
202 396
355 405
426 
421 
414 
412 
214 748 
214 748
408 
400 
471 683 146 
471 683
471 146
65 625 360 706 
65 625
625 360
360 706
395 
387 
382 
381 
380 
353 562 472 
562 472
353 472
454 690 36 
454 690
454 36
378 
376 
8 154 104 332 
8 154
8 332
104 332
188 517 
188 517
160 318 
160 318
372 
186 248 347 
186 248
248 347
370 
450 713 573 482 
450 713
713 573
450 482
292 679 770 487 
292 679
292 770
679 487
366 
33 404 
33 404
362 
617 750 
617 750
350 
591 719 415 760 
591 415
591 719
415 760
339 
337 
451 698 483 
451 483
451 698
55 631 
55 631
328 
465 746 267 794 793 480 632 145 
465 746
793 480
465 267
746 632
267 794
746 793
794 145
323 
310 
309 
307 
306 
7 357 
7 357
43 518 
43 518
203 258 125 41 602 772 
203 258
258 125
125 41
125 772
258 602
170 628 473 
628 473
170 628
293 
286 
283 
242 528 
242 528
280 
279 
274 
445 729 737 757 121 
445 729
729 737
445 757
729 121
26 718 162 302 
26 718
162 302
718 302
254 686 
254 686
273 
69 678 
69 678
10 282 210 682 
210 682
10 210
10 282
59 98 
59 98
314 579 
314 579
272 
271 
95 749 19 535 334 
19 334
95 749
95 334
19 535
269 
390 789 369 
390 789
390 369
155 504 338 
155 504
155 338
255 
174 765 176 630 
174 765
174 176
176 630
251 
249 
520 576 
520 576
246 
244 
241 
407 469 
407 469
238 
240 297 200 735 261 
240 297
297 200
297 735
735 261
237 
342 461 303 
342 461
342 303
192 537 
192 537
486 666 23 551 610 265 
666 23
486 23
551 265
486 551
666 610
129 474 
129 474
695 795 
695 795
228 447 
228 447
44 393 
44 393
232 
14 326 
14 326
263 782 
263 782
222 290 
222 290
223 
119 226 
119 226
2 245 
2 245
51 783 351 
783 351
51 783
156 599 563 432 
156 563
156 599
156 432
182 516 
182 516
32 71 693 341 20 
32 71
71 693
71 341
693 20
219 
28 253 692 264 
28 692
28 253
253 264
385 699 92 601 
699 92
385 699
385 601
211 
344 547 
344 547
206 
205 
198 
48 411 
48 411
197 
45 777 
45 777
194 
193 
191 
181 
452 689 235 368 397 775 57 618 559 538 
397 618
57 559
397 57
452 689
452 368
775 538
235 368
689 397
235 775
550 720 651 
550 720
720 651
498 552 
498 552
325 691 233 436 229 
691 233
325 691
691 436
233 229
6 131 435 
6 131
131 435
526 727 513 
526 727
727 513
180 
173 
172 
213 668 345 150 420 
213 420
668 420
345 420
213 150
209 674 
209 674
352 581 
352 581
163 
132 288 
132 288
158 
9 108 614 653 541 
9 108
614 653
9 614
108 541
153 
152 
641 778 257 
641 257
641 778
329 361 
329 361
151 
462 600 592 
462 592
600 592
195 753 133 459 501 
195 753
753 133
753 459
459 501
149 
262 311 
262 311
144 
289 670 734 189 46 
289 670
734 46
289 734
289 189
730 788 584 
788 584
730 788
275 708 560 384 
275 384
275 708
560 384
3 703 543 
3 703
3 543
177 774 664 165 
177 774
177 664
774 165
142 
243 422 424 705 
243 422
243 705
422 424
141 
139 
423 500 
423 500
138 
137 
136 
134 
130 
127 
212 696 429 
212 696
696 429
418 508 
418 508
124 
122 
621 797 
621 797
578 742 
578 742
114 
107 
106 
208 499 
208 499
103 
304 612 313 
612 313
304 313
102 
143 216 747 87 
216 87
216 747
143 216
100 
399 453 529 247 321 
399 453
453 529
453 321
399 247
319 611 
319 611
96 
296 388 607 
388 607
296 607
587 606 
587 606
391 570 
391 570
94 
93 
90 
260 401 
260 401
230 367 379 
230 379
367 379
402 440 
402 440
476 660 
476 660
88 
394 417 
394 417
331 464 61 490 
331 464
464 61
331 490
105 671 
105 671
86 
85 
83 
317 494 
317 494
524 530 492 
524 530
524 492
80 
68 175 
68 175
76 
74 
73 
99 542 
99 542
371 649 30 
371 30
371 649
72 
70 
67 
62 
475 645 
475 645
58 
167 771 663 406 688 101 
167 771
167 406
663 688
771 663
167 101
35 285 
35 285
56 
510 798 776 495 
510 798
798 776
798 495
477 557 
477 557
308 588 
308 588
564 637 
564 637
335 343 
335 343
53 
166 330 
166 330
31 
25 
27 140 466 657 
27 140
27 466
27 657
24 
22 
363 786 
363 786
21 
184 731 
184 731
17 
580 687 207 
580 687
580 207
616 739 
616 739
594 685 
594 685
16 
15 
12 
5 
1 
0 
