? 10 202 355 405 714 396 568 37 558 4 464 
? 8 465 746 267 480 793 632 794 385 
? 8 187 619 42 346 333 234 315 712 
? 7 452 689 235 775 368 397 57 
? 7 23 486 666 551 446 224 610 
? 6 325 691 233 436 229 1 
? 6 203 258 125 41 602 772 
? 6 167 771 663 406 47 101 
? 6 399 453 529 597 129 247 
? 6 109 278 792 595 701 11 
? 5 133 753 195 459 501 
? 5 32 71 693 341 26 
? 5 213 668 345 420 320 
? 5 112 298 348 221 277 
? 5 481 582 759 111 661 
? 5 450 713 520 573 482 
? 5 186 248 430 347 591 
? 5 316 489 448 635 633 
? 5 275 708 384 560 676 
? 5 169 604 252 471 434 
? 5 179 383 82 159 238 
? 5 559 618 228 447 674 
? 5 614 653 9 242 344 
? 4 359 680 312 157 
? 4 510 798 512 776 
? 4 289 670 734 189 
? 4 451 698 313 710 
? 4 156 599 563 606 
? 4 679 770 292 487 
? 4 174 765 176 694 
? 4 331 490 61 624 
? 4 240 297 200 735 
? 4 367 379 230 118 
? 4 27 140 466 747 
? 4 92 699 601 580 
? 4 91 556 740 138 
? 4 473 628 170 225 
? 4 212 696 429 532 
? 4 305 536 639 6 
? 4 28 692 253 744 
? 4 10 282 210 593 
? 4 39 521 120 75 
? 4 95 749 19 535 
? 4 143 216 657 499 
? 4 336 358 655 519 
? 4 164 507 572 168 
? 4 8 154 104 686 
? 4 304 612 173 571 
? 4 428 546 629 796 
? 4 492 524 231 190 
? 4 256 755 40 50 
? 4 398 425 681 193 
? 4 467 613 126 578 
? 4 513 675 727 773 
? 4 243 422 754 424 
? 4 462 592 600 314 
? 3 354 764 403 
? 3 63 284 2 
? 3 343 682 100 
? 3 30 649 89 
? 3 182 516 81 
? 3 294 667 644 
? 3 65 625 360 
? 3 99 548 542 
? 3 3 703 543 
? 3 365 707 132 
? 3 598 704 641 
? 3 317 494 181 
? 3 329 361 716 
? 3 155 590 338 
? 3 177 774 664 
? 3 433 615 799 
? 3 419 502 327 
? 3 729 737 121 
? 3 131 435 171 
? 3 350 388 296 
? 3 351 783 743 
? 3 477 557 423 
? 3 18 20 538 
? 3 35 285 150 
? 3 319 611 427 
? 3 68 263 782 
? 3 78 522 185 
? 3 269 646 86 
? 3 153 334 493 
? 3 55 631 763 
? 3 301 478 291 
? 3 116 413 795 
? 3 262 311 380 
? 3 218 586 455 
? 3 725 751 784 
? 3 29 594 418 
? 3 371 461 342 
? 3 616 739 188 
? 3 530 584 373 
? 3 308 588 495 
? 3 105 392 671 
? 3 363 786 757 
? 3 66 438 52 
? 3 135 527 110 
? 3 146 683 249 
? 3 607 651 401 
!
462 592 600 314 
462 592
592 600
592 314
187 619 42 346 333 234 315 712 
187 333
187 619
619 346
619 42
42 712
333 234
234 315
607 651 401 
607 651
607 401
797 
791 
160 497 
160 497
146 683 249 
146 249
683 249
124 766 
124 766
135 527 110 
527 110
135 110
214 748 
214 748
337 407 
337 407
66 438 52 
438 52
66 438
243 422 754 424 
422 754
243 422
422 424
109 278 792 595 701 11 
109 595
278 595
278 792
278 701
109 11
790 
574 728 
574 728
787 
785 
781 
779 
363 786 757 
363 786
363 757
105 392 671 
105 671
105 392
767 
762 
761 
760 
308 588 495 
308 588
308 495
474 715 
474 715
456 488 
456 488
530 584 373 
530 373
584 373
756 
616 739 188 
616 188
616 739
752 
742 
103 115 
103 115
741 
371 461 342 
371 461
371 342
738 
736 
640 750 
640 750
733 
732 
722 
513 675 727 773 
513 773
675 727
727 773
136 268 
136 268
711 
702 
697 
695 
526 554 
526 554
688 
685 
29 594 418 
29 594
594 418
684 
678 
677 
93 215 
93 215
725 751 784 
725 784
725 751
250 509 
250 509
673 
669 
467 613 126 578 
467 578
467 613
613 126
662 
658 
444 534 
444 534
141 585 
141 585
398 425 681 193 
398 425
681 193
425 193
565 672 
565 672
656 
654 
15 318 
15 318
652 
614 653 9 242 344 
614 653
653 242
614 9
614 344
90 412 
90 412
650 
647 
218 586 455 
218 586
586 455
643 
256 755 40 50 
256 755
755 40
40 50
642 
638 
262 311 380 
311 380
262 311
636 
634 
626 
492 524 231 190 
492 524
231 190
524 190
623 
622 
102 130 
102 130
559 618 228 447 674 
228 447
559 618
559 228
447 674
620 
617 
609 
116 413 795 
116 795
116 413
608 
428 546 629 796 
428 546
546 629
428 796
23 486 666 551 446 224 610 
23 666
23 486
486 224
23 446
551 224
666 610
605 
603 
596 
73 769 
73 769
301 478 291 
301 478
301 291
304 612 173 571 
304 612
304 173
173 571
589 
567 745 
567 745
583 
55 631 763 
55 631
55 763
577 
31 709 
31 709
179 383 82 159 238 
179 383
383 82
179 159
159 238
153 334 493 
153 334
153 493
8 154 104 686 
8 154
8 686
8 104
269 646 86 
269 86
269 646
576 
78 522 185 
522 185
78 522
575 
164 507 572 168 
164 168
507 572
164 507
96 290 
96 290
476 562 
476 562
566 
561 
555 
549 
68 263 782 
68 782
68 263
119 226 
119 226
545 
24 621 
24 621
399 453 529 597 129 247 
399 597
399 453
453 529
597 247
399 129
544 
539 
528 
525 
523 
518 
180 273 
180 273
196 431 
196 431
517 
491 533 
491 533
336 358 655 519 
336 358
655 519
336 519
508 
506 
143 216 657 499 
143 657
216 657
216 499
276 531 
276 531
505 
432 587 
432 587
503 
500 
483 
479 
95 749 19 535 
95 749
95 19
19 535
394 723 
394 723
470 
468 
463 
460 
25 77 
25 77
458 
319 611 427 
319 427
319 611
515 547 
515 547
364 768 
364 768
449 
39 521 120 75 
39 521
521 120
120 75
441 
391 570 
391 570
439 
452 689 235 775 368 397 57 
397 57
452 689
452 368
235 368
689 397
235 775
426 
421 
414 
411 
564 637 
564 637
408 
400 
35 285 150 
285 150
35 150
10 282 210 593 
10 210
10 593
10 282
395 
387 
382 
381 
378 
18 20 538 
18 20
18 538
477 557 423 
477 423
477 557
376 
374 
28 692 253 744 
28 744
253 744
28 692
442 717 
442 717
62 239 
62 239
372 
351 783 743 
783 743
351 743
369 
305 536 639 6 
305 536
536 6
536 639
212 696 429 532 
212 696
696 429
696 532
366 
204 440 
204 440
362 
370 579 
370 579
356 
473 628 170 225 
628 225
473 225
628 170
340 
339 
350 388 296 
388 296
350 388
705 780 
705 780
335 
465 746 267 480 793 632 794 385 
465 746
480 793
465 267
632 385
746 632
267 794
746 793
328 
326 
324 
323 
321 
280 496 
280 496
511 706 
511 706
167 771 663 406 47 101 
167 771
167 406
771 663
167 101
47 101
131 435 171 
131 435
131 171
310 
309 
306 
34 45 
34 45
303 
302 
299 
169 604 252 471 434 
169 252
604 252
252 434
169 471
91 556 740 138 
91 556
91 740
91 138
162 300 
162 300
295 
128 627 
128 627
92 699 601 580 
601 580
92 699
699 580
192 537 
192 537
22 485 
22 485
293 
288 
275 708 384 560 676 
275 384
275 708
275 676
384 560
287 
729 737 121 
729 737
729 121
419 502 327 
419 502
502 327
286 
27 140 466 747 
27 140
27 466
27 747
283 
281 
201 454 
201 454
279 
274 
271 
475 645 
475 645
270 
316 489 448 635 633 
489 448
316 635
316 489
635 633
264 
433 615 799 
433 615
615 799
265 457 
265 457
203 258 125 41 602 772 
203 258
258 125
125 41
125 772
258 602
48 630 
48 630
236 266 
236 266
222 721 
222 721
51 758 
51 758
261 
349 540 
349 540
257 778 
257 778
409 724 
409 724
260 
64 437 
64 437
127 648 
127 648
177 774 664 
177 774
177 664
367 379 230 118 
379 230
367 379
367 118
307 777 
307 777
186 248 430 347 591 
186 248
248 591
248 347
186 430
255 
240 297 200 735 
240 297
297 200
297 735
331 490 61 624 
331 61
490 624
331 490
254 
43 209 
43 209
251 
246 
245 
445 789 
445 789
244 
410 665 
410 665
241 
237 
232 
227 
202 355 405 714 396 568 37 558 4 464 
202 355
558 4
405 37
37 4
396 568
202 714
202 396
355 37
355 464
155 590 338 
155 338
155 590
322 553 
322 553
450 713 520 573 482 
450 713
520 482
713 573
450 482
329 361 716 
329 361
361 716
317 494 181 
317 181
317 494
223 
219 
217 
481 582 759 111 661 
481 582
582 759
481 661
111 661
69 469 
69 469
108 541 
108 541
211 
353 472 
353 472
208 
112 298 348 221 277 
348 277
112 298
112 277
221 277
205 
199 
598 704 641 
598 704
704 641
484 659 
484 659
198 
365 707 132 
707 132
365 707
213 668 345 420 320 
213 420
668 420
345 420
668 320
197 
137 390 
137 390
194 
32 71 693 341 26 
32 71
71 693
32 26
71 341
3 703 543 
3 703
3 543
174 765 176 694 
174 765
174 176
174 694
99 548 542 
548 542
99 548
679 770 292 487 
679 292
770 292
679 487
191 
156 599 563 606 
156 563
156 599
563 606
183 
178 
352 581 
352 581
175 
172 
165 
163 
161 
158 
65 625 360 
65 625
625 360
415 719 
415 719
152 
151 
259 332 
259 332
498 552 
498 552
149 
147 
144 
220 660 
220 660
142 
294 667 644 
294 667
667 644
139 
451 698 313 710 
313 710
698 710
451 698
134 
133 753 195 459 501 
753 195
133 753
753 459
459 501
504 700 
504 700
122 
182 516 81 
182 516
182 81
44 393 
44 393
7 357 
7 357
117 
114 
107 
184 731 
184 731
30 649 89 
30 89
649 89
33 404 
33 404
14 514 
14 514
106 
60 145 
60 145
289 670 734 189 
289 670
289 734
289 189
49 113 
49 113
97 
94 
88 
123 416 
123 416
343 682 100 
682 100
343 682
87 
207 687 
207 687
85 
84 
83 
166 330 
166 330
63 284 2 
284 2
63 2
80 
79 
76 
74 
272 417 
272 417
72 
325 691 233 436 229 1 
691 233
325 691
229 1
691 436
325 1
730 788 
730 788
70 
510 798 512 776 
510 798
512 776
798 776
59 98 
59 98
718 726 
718 726
148 569 
148 569
377 402 
377 402
67 
206 443 
206 443
58 
56 
359 680 312 157 
680 312
359 680
680 157
54 
53 
36 690 
36 690
46 
38 389 
38 389
21 
354 764 403 
764 403
354 403
550 720 
550 720
375 386 
375 386
17 
16 
13 
12 
5 
0 
