? 10 187 619 346 42 333 315 234 197 229 712 
? 8 465 746 267 794 793 480 632 385 
? 8 195 753 133 459 501 765 694 174 
? 7 167 771 663 406 247 758 101 
? 7 452 689 235 368 775 397 618 
? 6 203 258 125 772 41 602 
? 6 486 666 23 551 446 610 
? 6 399 453 529 129 351 597 
? 6 9 108 614 653 344 734 
? 6 109 278 792 595 709 163 
? 5 57 559 228 447 5 
? 5 481 582 122 111 759 
? 5 202 355 405 396 714 
? 5 179 383 82 159 117 
? 5 32 71 693 341 26 
? 5 325 691 233 436 152 
? 5 112 298 348 277 160 
? 5 510 798 733 776 512 
? 5 91 556 796 281 102 
? 5 169 604 252 471 739 
? 5 289 670 189 46 413 
? 5 679 770 292 540 487 
? 5 28 692 253 744 0 
? 4 240 297 200 735 
? 4 275 708 560 384 
? 4 213 668 345 150 
? 4 256 755 40 50 
? 4 490 624 331 464 
? 4 580 687 207 601 
? 4 598 704 641 750 
? 4 450 713 482 573 
? 4 524 530 492 231 
? 4 591 719 760 415 
? 4 294 667 644 115 
? 4 365 564 707 637 
? 4 143 747 216 657 
? 4 359 680 312 157 
? 4 363 786 603 757 
? 4 243 422 424 754 
? 4 526 727 675 21 
? 4 212 696 429 483 
? 4 343 682 210 291 
? 4 316 489 448 635 
? 4 398 425 681 566 
? 4 543 571 3 703 
? 4 66 763 52 132 
? 4 27 140 466 499 
? 4 51 783 47 484 
? 4 419 502 638 328 
? 4 725 751 478 301 
? 4 6 131 435 171 
? 4 445 737 729 789 
? 4 462 600 314 592 
? 4 186 248 347 430 
? 4 507 572 168 527 
? 4 30 649 371 342 
? 3 92 699 404 
? 3 304 612 313 
? 3 95 749 535 
? 3 218 586 18 
? 3 546 629 428 
? 3 156 599 563 
? 3 336 358 655 
? 3 8 154 104 
? 3 10 282 13 
? 3 274 519 134 
? 3 317 494 225 
? 3 455 676 119 
? 3 35 285 420 
? 3 37 558 113 
? 3 116 795 128 
? 3 230 367 118 
? 3 177 774 664 
? 3 89 416 123 
? 3 155 338 590 
? 3 364 768 497 
? 3 296 401 388 
? 3 77 78 185 
? 3 375 633 636 
? 3 2 245 63 
? 3 65 625 360 
? 3 99 542 548 
? 3 249 683 146 
? 3 394 417 723 
? 3 473 628 170 
? 3 477 557 423 
? 3 305 536 324 
? 3 329 716 361 
? 3 302 718 162 
? 3 538 674 20 
? 3 354 764 643 
? 3 515 541 547 
? 3 433 615 799 
? 3 646 648 242 
? 3 322 386 287 
? 3 467 613 126 
? 3 105 468 671 
? 3 39 521 227 
? 3 504 700 220 
? 3 584 788 107 
? 3 454 690 36 
? 3 190 373 219 
!
30 649 371 342 
30 371
649 371
371 342
195 753 133 459 501 765 694 174 
195 753
459 765
753 133
765 174
753 459
694 174
459 501
190 373 219 
190 373
373 219
797 
790 
261 370 
261 370
454 690 36 
454 690
454 36
124 199 
124 199
584 788 107 
584 788
584 107
260 651 
260 651
58 254 
58 254
504 700 220 
504 220
504 700
507 572 168 527 
507 572
572 527
507 168
109 278 792 595 709 163 
109 595
278 595
278 792
109 709
792 163
785 
76 272 
76 272
784 
781 
779 
769 
39 521 227 
39 521
39 227
105 468 671 
105 468
105 671
767 
762 
761 
756 
467 613 126 
467 613
613 126
356 766 
356 766
414 645 
414 645
322 386 287 
386 287
322 386
741 
646 648 242 
646 648
646 242
736 
732 
392 791 
392 791
728 
433 615 799 
433 615
615 799
726 
724 
262 311 
262 311
722 
721 
717 
186 248 347 430 
186 248
248 347
186 430
211 730 
211 730
711 
710 
701 
695 
49 583 
49 583
688 
684 
515 541 547 
515 547
541 547
678 
672 
669 
391 570 
391 570
354 764 643 
354 764
354 643
110 135 
110 135
665 
662 
462 600 314 592 
462 592
600 592
314 592
661 
660 
79 565 
79 565
145 237 
145 237
445 737 729 789 
445 729
737 729
737 789
184 503 
184 503
658 
654 
496 740 
496 740
652 
28 692 253 744 0 
28 744
692 0
253 744
28 692
33 299 
33 299
647 
642 
538 674 20 
538 674
538 20
640 
6 131 435 171 
6 131
131 435
131 171
630 
627 
302 718 162 
302 162
302 718
623 
622 
620 
725 751 478 301 
725 478
478 301
725 751
617 
606 
25 782 
25 782
679 770 292 540 487 
679 292
770 292
679 487
770 540
596 
589 
587 
329 716 361 
329 361
716 361
585 
419 502 638 328 
419 502
638 328
502 638
452 689 235 368 775 397 618 
397 618
452 689
452 368
235 368
689 397
235 775
577 
575 
574 
22 485 
22 485
305 536 324 
305 536
536 324
51 783 47 484 
783 47
783 484
51 47
568 
553 702 
553 702
561 
477 557 423 
477 423
477 557
555 
208 442 
208 442
289 670 189 46 413 
289 670
289 46
289 189
670 413
473 628 170 
473 628
628 170
27 140 466 499 
27 140
27 466
27 499
394 417 723 
394 417
417 723
554 
249 683 146 
249 146
249 683
545 
66 763 52 132 
52 132
66 52
66 763
44 520 
44 520
215 525 
215 525
544 
539 
534 
533 
99 542 548 
542 548
99 548
90 379 
90 379
532 
387 634 
387 634
9 108 614 653 344 734 
9 108
614 653
9 614
614 344
108 734
528 
523 
522 
518 
517 
514 
279 310 
279 310
353 562 
353 562
513 
74 593 
74 593
543 571 3 703 
543 571
3 703
543 3
511 
509 
398 425 681 566 
425 566
398 425
425 681
164 605 
164 605
506 
86 269 
86 269
505 
500 
488 
479 
316 489 448 635 
489 448
316 635
316 489
198 752 
198 752
475 
470 
463 
461 
12 508 
12 508
460 
65 625 360 
65 625
625 360
639 656 
639 656
474 715 
474 715
458 
343 682 210 291 
682 210
343 291
682 291
456 
96 222 
96 222
449 
167 771 663 406 247 758 101 
167 771
247 758
758 101
167 247
167 406
771 663
441 
439 
438 
434 
659 743 
659 743
431 
427 
2 245 63 
2 63
2 245
212 696 429 483 
212 483
212 696
696 429
426 
421 
412 
411 
408 
375 633 636 
375 636
633 636
77 78 185 
77 185
78 185
403 
395 
526 727 675 21 
526 727
526 21
526 675
567 608 
567 608
377 440 
377 440
382 
296 401 388 
296 388
296 401
381 
243 422 424 754 
422 754
243 422
422 424
363 786 603 757 
363 786
603 757
363 603
380 
217 609 
217 609
378 
194 320 
194 320
376 
359 680 312 157 
680 312
359 680
680 157
374 
372 
364 768 497 
364 768
364 497
148 569 
148 569
369 
465 746 267 794 793 480 632 385 
465 746
793 480
465 267
632 385
746 632
267 794
746 793
366 
362 
352 
340 
339 
196 579 
196 579
393 576 
393 576
399 453 529 129 351 597 
399 597
351 597
399 453
453 529
399 129
155 338 590 
155 338
155 590
327 
326 
323 
48 706 
48 706
321 
309 
307 
169 604 252 471 739 
169 252
604 252
604 739
169 471
143 747 216 657 
143 657
216 657
747 216
731 748 
731 748
306 
276 531 
276 531
365 564 707 637 
365 564
707 637
365 707
335 626 
335 626
206 259 
206 259
303 
300 
91 556 796 281 102 
91 556
556 281
281 102
796 102
295 
89 416 123 
89 416
416 123
177 774 664 
177 774
177 664
293 
294 667 644 115 
294 667
294 115
667 644
290 
288 
29 685 
29 685
286 
283 
280 
578 742 
578 742
271 
510 798 733 776 512 
510 798
776 512
798 776
733 512
270 
230 367 118 
367 118
230 367
350 607 
350 607
486 666 23 551 446 610 
666 23
486 23
23 446
551 446
666 610
432 650 
432 650
273 738 
273 738
257 778 
257 778
142 173 
142 173
268 
437 677 
437 677
284 349 
284 349
120 697 
120 697
266 
127 537 
127 537
43 209 
43 209
116 795 128 
116 795
116 128
591 719 760 415 
591 415
591 719
760 415
204 402 
204 402
112 298 348 277 160 
348 277
112 298
348 160
112 277
264 
524 530 492 231 
524 530
524 492
524 231
450 713 482 573 
450 713
713 573
450 482
255 
34 631 
34 631
251 
246 
244 
337 491 
337 491
241 
166 330 
166 330
238 
232 
226 
224 
187 619 346 42 333 315 234 197 229 712 
187 333
187 619
619 346
333 229
619 42
42 712
333 234
315 234
346 197
37 558 113 
558 113
37 113
549 787 
549 787
325 691 233 436 152 
691 233
325 691
233 152
691 436
35 285 420 
285 420
35 420
455 676 119 
455 676
455 119
223 
221 
205 
32 71 693 341 26 
32 71
71 693
32 26
71 341
7 621 
7 621
319 611 
319 611
201 
705 780 
705 780
193 
179 383 82 159 117 
179 383
383 82
383 117
179 159
192 
191 
317 494 225 
494 225
317 494
93 332 
93 332
183 
274 519 134 
274 134
274 519
202 355 405 396 714 
202 355
202 714
202 396
355 405
181 
188 616 
188 616
180 
481 582 122 111 759 
481 582
481 122
582 759
582 111
10 282 13 
10 282
282 13
598 704 641 750 
598 704
641 750
704 750
8 154 104 
8 154
8 104
580 687 207 601 
580 601
687 601
580 207
178 
490 624 331 464 
331 464
490 624
490 331
175 
172 
98 357 
98 357
165 
161 
158 
151 
149 
147 
336 358 655 
336 358
336 655
472 476 
472 476
144 
139 
182 516 
182 516
318 581 
318 581
138 
137 
136 
308 588 
308 588
130 
156 599 563 
156 563
156 599
114 
256 755 40 50 
256 755
755 40
40 50
106 
57 559 228 447 5 
57 559
228 447
559 228
447 5
81 444 
81 444
103 
546 629 428 
546 428
546 629
62 239 
62 239
250 686 
250 686
100 
97 
94 
214 409 
214 409
218 586 18 
218 586
586 18
236 389 
236 389
495 773 
495 773
88 
498 552 
498 552
213 668 345 150 
213 668
213 345
213 150
176 410 
176 410
87 
85 
84 
68 263 
68 263
95 749 535 
95 749
95 535
83 
61 400 
61 400
80 
73 
72 
141 493 
141 493
304 612 313 
612 313
304 313
70 
69 
67 
64 
265 457 
265 457
59 
203 258 125 772 41 602 
203 258
258 125
125 41
125 772
258 602
55 777 
55 777
56 
275 708 560 384 
275 384
275 708
560 384
121 390 
121 390
418 594 
418 594
550 720 
550 720
153 334 
153 334
54 
443 673 
443 673
53 
45 
240 297 200 735 
240 297
297 200
297 735
38 
31 
75 745 
75 745
24 
14 60 
14 60
19 
92 699 404 
92 699
699 404
451 698 
451 698
407 469 
407 469
17 
16 
15 
11 
4 
1 
