!
461 767 678 575 15 222 483 97 511 317 586 463 445 328 534 335 344 725 236 407 574 242 457 709 313 427 632 460 174 757 764 209 128 762 147 186 504 348 53 50 475 524 307 566 397 705 35 157 257 77 665 303 28 649 243 47 141 325 176 723 143 380 355 583 614 666 119 169 451 345 689 493 309 239 540 423 319 499 795 477 403 584 68 789 105 786 760 278 744 298 315 250 766 466 773 393 656 116 615 603 604 74 281 272 697 385 55 22 125 443 428 338 231 368 432 442 794 497 171 276 590 361 749 679 492 458 36 70 13 620 687 142 726 233 778 360 67 529 485 539 322 326 204 686 491 342 676 3 595 507 251 138 634 226 640 658 467 688 746 392 713 768 52 553 750 296 751 681 462 480 650 395 302 692 513 621 289 526 399 79 237 426 202 780 784 64 227 554 589 610 340 753 162 606 73 740 548 411 93 351 101 434 151 238 253 364 158 103 410 793 282 731 677 211 528 378 456 431 311 476 254 441 559 215 783 375 0 602 543 547 619 739 396 274 350 287 790 703 71 32 139 38 223 745 334 100 173 518 440 108 27 530 797 329 312 482 486 178 587 374 323 358 488 230 372 11 629 474 508 337 668 394 268 197 343 367 6 148 381 532 781 34 294 23 75 409 62 131 195 436 150 331 8 519 216 444 796 314 48 730 371 189 1 390 478 437 362 229 185 166 201 452 389 205 144 44 521 720 618 31 498 747 798 225 569 685 293 181 59 43 592 107 179 123 95 118 690 404 318 72 232 471 89 512 182 320 308 624 420 567 633 776 644 49 183 506 785 280 748 653 455 617 500 167 670 40 161 270 400 316 613 212 611 149 490 594 424 494 379 450 684 580 701 438 560 129 37 724 164 662 710 297 4 66 177 546 244 24 694 109 359 702 721 699 571 495 655 376 447 549 544 718 45 25 557 295 192 347 134 771 599 646 788 706 219 562 207 430 729 413 88 642 415 714 612 406 137 220 779 568 550 622 454 755 255 661 57 799 608 659 465 536 719 591 26 522 597 165 115 288 275 258 565 712 357 704 660 631 453 533 19 472 551 545 14 717 625 700 300 65 354 601 673 188 664 271 264 262 556 263 422 16 2 261 643 578 577 152 481 279 284 41 80 356 114 228 537 626 672 593 581 63 214 487 122 515 791 501 58 414 425 520 153 191 416 449 42 291 180 247 190 377 85 576 775 464 305 245 273 92 635 607 332 401 252 448 419 782 527 193 402 696 735 292 693 605 30 266 269 674 56 246 54 349 708 738 645 648 558 81 285 763 133 18 682 172 69 502 517 283 429 596 639 241 758 531 208 636 256 113 175 299 46 433 759 542 120 51 496 505 145 12 728 383 199 470 248 217 741 479 641 663 206 446 627 777 382 96 154 386 579 667 398 87 516 598 127 
461 767
678 767
575 461
15 575
222 678
483 15
97 222
511 575
317 97
586 483
463 317
445 97
328 511
534 586
335 511
344 317
725 328
236 586
407 725
574 236
242 317
457 445
709 328
313 725
427 236
632 534
460 709
174 457
757 460
764 174
209 344
128 463
762 709
147 757
186 762
504 313
348 757
53 460
50 335
475 764
524 53
307 574
566 475
397 186
705 764
35 566
157 427
257 566
77 128
665 397
303 147
28 50
649 77
243 504
47 665
141 665
325 157
176 303
723 157
143 307
380 77
355 243
583 257
614 325
666 705
119 243
169 705
451 143
345 143
689 723
493 649
309 325
239 50
540 239
423 380
319 451
499 689
795 35
477 423
403 345
584 403
68 309
789 614
105 666
786 239
760 493
278 403
744 119
298 423
315 493
250 239
766 584
466 786
773 744
393 766
656 68
116 466
615 499
603 766
604 760
74 298
281 615
272 615
697 298
385 116
55 604
22 250
125 74
443 615
428 272
338 22
231 125
368 385
432 697
442 74
794 281
497 442
171 393
276 125
590 773
361 432
749 794
679 338
492 361
458 603
36 794
70 679
13 443
620 231
687 338
142 442
726 428
233 142
778 497
360 778
67 368
529 70
485 171
539 726
322 620
326 749
204 67
686 326
491 67
342 204
676 539
3 458
595 360
507 491
251 36
138 204
634 507
226 529
640 233
658 485
467 686
688 342
746 676
392 634
713 226
768 688
52 3
553 467
750 467
296 392
751 658
681 467
462 138
480 676
650 751
395 480
302 251
692 640
513 681
621 713
289 392
526 692
399 289
79 650
237 52
426 79
202 621
780 302
784 322
64 780
227 768
554 79
589 784
610 227
340 399
753 554
162 426
606 399
73 227
740 621
548 610
411 753
93 411
351 740
101 548
434 162
151 351
238 64
253 227
364 238
158 340
103 513
410 784
793 364
282 780
731 103
677 411
211 253
528 793
378 211
456 103
431 740
311 431
476 151
254 282
441 731
559 528
215 238
783 692
375 783
0 375
602 431
543 254
547 731
619 158
739 215
396 476
274 677
350 274
287 602
790 543
703 158
71 547
32 793
139 0
38 396
223 783
745 441
334 211
100 559
173 619
518 254
440 287
108 32
27 139
530 334
797 223
329 378
312 329
482 27
486 482
178 486
587 482
374 38
323 329
358 274
488 100
230 108
372 518
11 230
629 374
474 745
508 629
337 372
668 530
394 337
268 488
197 440
343 11
367 474
6 629
148 587
381 367
532 148
781 230
34 668
294 381
23 294
75 148
409 532
62 790
131 372
195 409
436 394
150 381
331 508
8 358
519 323
216 131
444 519
796 216
314 8
48 474
730 197
371 730
189 444
1 268
390 48
478 62
437 371
362 436
229 796
185 1
166 1
201 730
452 331
389 189
205 75
144 314
44 195
521 144
720 521
618 166
31 362
498 478
747 185
798 189
225 31
569 185
685 371
293 205
181 150
59 201
43 389
592 685
107 59
179 31
123 452
95 179
118 229
690 144
404 225
318 229
72 181
232 390
471 690
89 123
512 89
182 685
320 72
308 179
624 205
420 123
567 308
633 181
776 690
644 182
49 569
183 404
506 624
785 498
280 118
748 633
653 59
455 633
617 49
500 471
167 44
670 320
40 455
161 183
270 653
400 420
316 455
613 506
212 613
611 49
149 316
490 567
594 40
424 611
494 280
379 670
450 161
684 644
580 424
701 684
438 785
560 450
129 400
37 400
724 149
164 560
662 270
710 500
297 724
4 37
66 270
177 580
546 710
244 701
24 316
694 129
109 494
359 109
702 694
721 24
699 297
571 710
495 546
655 571
376 177
447 379
549 721
544 495
718 438
45 359
25 613
557 45
295 662
192 447
347 4
134 702
771 447
599 699
646 4
788 490
706 662
219 557
562 25
207 599
430 244
729 495
413 562
88 557
642 376
415 646
714 788
612 771
406 134
137 729
220 430
779 612
568 25
550 376
622 415
454 549
755 347
255 406
661 88
57 454
799 714
608 622
659 755
465 192
536 550
719 706
591 729
26 88
522 659
597 207
165 137
115 220
288 255
275 661
258 536
565 612
712 799
357 26
704 568
660 288
631 26
453 608
533 631
19 565
472 165
551 565
545 659
14 288
717 465
625 454
700 591
300 712
65 453
354 300
601 799
673 717
188 704
664 300
271 545
264 275
262 719
556 14
263 719
422 597
16 262
2 264
261 453
643 262
578 643
577 188
152 465
481 625
279 481
284 481
41 2
80 601
356 14
114 422
228 19
537 228
626 65
672 279
593 263
581 357
63 700
214 114
487 578
122 214
515 122
791 537
501 556
58 672
414 578
425 214
520 626
153 520
191 700
416 593
449 631
42 41
291 191
180 58
247 416
190 63
377 664
85 228
576 515
775 487
464 42
305 152
245 537
273 85
92 577
635 377
607 576
332 626
401 775
252 501
448 449
419 291
782 416
527 273
193 252
402 291
696 305
735 581
292 449
693 292
605 402
30 332
266 85
269 448
674 464
56 85
246 245
54 377
349 305
708 193
738 607
645 605
648 520
558 247
81 674
285 54
763 285
133 738
18 54
682 645
172 285
69 735
502 56
517 266
283 332
429 696
596 54
639 285
241 558
758 246
531 448
208 18
636 782
256 531
113 648
175 113
299 241
46 349
433 401
759 738
542 782
120 531
51 531
496 252
505 496
145 299
12 645
728 175
383 292
199 12
470 12
248 636
217 145
741 349
479 433
641 145
663 120
206 763
446 759
627 446
777 759
382 502
96 383
154 46
386 517
579 199
667 433
398 496
87 667
516 674
598 383
127 728
473 588 651 240 9 10 405 754 61 83 417 352 484 221 21 563 523 573 638 469 509 136 341 286 156 198 535 7 711 363 787 60 121 290 770 707 510 388 742 210 159 135 435 418 94 200 525 561 384 695 102 353 155 29 564 370 752 140 330 657 111 555 110 106 628 277 609 168 224 792 336 421 737 304 76 468 310 727 691 213 408 39 301 333 267 459 265 218 761 570 630 78 538 170 327 585 769 104 321 203 489 146 33 698 365 439 346 765 339 163 387 391 82 132 194 756 743 669 647 17 572 652 369 623 20 736 306 91 160 126 722 733 324 772 235 196 616 503 99 582 234 84 249 732 600 671 637 124 112 412 552 774 675 373 130 541 366 187 260 5 680 90 514 259 117 184 86 683 716 654 734 98 715 
473 588
651 473
240 473
9 651
10 9
405 240
754 9
61 405
83 754
417 61
352 754
484 83
221 352
21 417
563 484
523 221
573 523
638 484
469 21
509 638
136 573
341 136
286 136
156 523
198 341
535 198
7 156
711 469
363 711
787 198
60 363
121 787
290 286
770 363
707 61
510 509
388 290
742 510
210 563
159 711
135 159
435 707
418 707
94 418
200 770
525 200
561 200
384 510
695 121
102 159
353 384
155 742
29 561
564 525
370 210
752 695
140 94
330 752
657 370
111 370
555 290
110 155
106 140
628 106
277 110
609 140
168 155
224 277
792 555
336 330
421 106
737 792
304 111
76 277
468 336
310 421
727 224
691 628
213 76
408 727
39 213
301 168
333 408
267 301
459 737
265 333
218 408
761 459
570 459
630 691
78 630
538 727
170 213
327 301
585 459
769 265
104 538
321 170
203 104
489 630
146 489
33 769
698 321
365 33
439 698
346 203
765 365
339 146
163 339
387 339
391 163
82 346
132 365
194 82
756 82
743 756
669 387
647 132
17 743
572 669
652 82
369 17
623 669
20 194
736 20
306 652
91 736
160 736
126 306
722 736
733 91
324 722
772 324
235 623
196 772
616 772
503 196
99 235
582 616
234 99
84 234
249 582
732 249
600 249
671 84
637 732
124 671
112 637
412 637
552 600
774 124
675 412
373 774
130 675
541 130
366 130
187 541
260 373
5 187
680 260
90 680
514 187
259 514
117 514
184 117
86 184
683 86
716 683
654 683
734 654
98 734
715 734
