!
461 767 678 15 575 222 483 97 511 317 463 586 335 534 344 445 328 725 236 407 457 709 242 574 313 427 632 460 174 757 348 764 128 186 762 209 504 307 50 147 53 475 705 566 397 524 77 35 157 257 665 303 28 47 723 141 649 243 176 325 355 380 614 583 143 119 345 169 666 451 309 239 493 689 319 423 499 540 795 584 477 403 789 68 105 786 278 760 744 298 315 766 466 773 250 393 656 116 603 272 74 615 604 697 22 55 281 443 385 231 432 125 428 368 338 276 442 794 171 361 497 590 492 749 679 458 36 13 687 70 620 142 233 726 778 529 360 67 539 485 686 326 322 342 204 491 595 507 3 676 634 138 251 226 658 746 640 467 688 392 52 713 768 750 553 681 462 296 751 480 650 289 395 692 621 513 399 526 79 237 302 202 780 554 610 426 227 589 162 64 784 340 753 606 93 73 548 434 740 411 364 238 253 101 351 282 158 410 103 793 677 151 528 211 431 311 456 731 476 441 254 378 559 783 619 543 375 215 547 0 602 739 396 274 350 71 703 287 518 790 32 223 745 38 100 139 334 173 440 329 108 530 797 27 482 358 312 486 587 323 374 488 230 372 178 268 11 474 337 629 668 394 508 197 367 343 781 532 6 148 381 34 409 23 75 436 8 294 195 62 331 150 131 519 216 730 444 48 314 796 189 1 390 478 362 371 205 185 166 437 181 229 389 521 44 452 31 720 201 747 618 144 225 798 569 498 72 293 59 592 179 43 318 685 107 404 95 123 690 118 232 471 567 320 308 89 182 512 420 624 776 644 183 280 506 748 633 785 167 500 455 670 161 617 653 49 40 270 400 613 316 212 149 490 594 611 424 379 450 494 701 684 438 560 129 580 37 724 164 662 4 297 710 546 177 66 244 109 694 721 359 24 702 571 699 655 376 549 447 495 544 706 45 557 25 718 134 646 192 219 788 295 599 347 88 771 642 430 406 413 729 562 207 714 137 779 612 622 415 550 220 608 454 255 57 536 568 755 661 522 465 659 799 719 591 26 165 115 275 288 597 712 565 357 545 660 258 533 551 704 631 472 300 700 14 19 625 453 717 673 601 354 16 264 65 263 152 422 664 261 643 262 577 188 556 271 481 578 284 2 279 80 41 593 356 114 228 581 487 515 122 626 214 414 672 537 501 425 63 58 791 153 449 191 520 416 42 180 576 291 247 190 377 464 85 775 635 305 245 92 273 419 332 401 607 30 527 735 448 252 269 696 193 782 605 558 402 292 349 674 266 693 246 54 738 708 56 648 81 645 285 133 763 283 69 639 172 682 502 241 18 517 429 596 531 758 208 636 113 542 256 46 299 51 175 433 759 470 120 496 12 217 145 383 505 199 728 479 741 641 398 248 446 598 627 87 96 206 663 777 382 154 516 654 667 386 489 
461 767
678 767
15 461
575 15
222 678
483 15
97 222
511 575
317 97
463 317
586 483
335 511
534 586
344 317
445 97
328 511
725 511
236 586
407 725
457 445
709 328
242 317
574 236
313 725
427 236
632 534
460 328
174 457
757 460
348 757
764 174
128 632
186 709
762 186
209 344
504 313
307 574
50 335
147 757
53 460
475 174
705 764
566 475
397 53
524 53
77 128
35 242
157 307
257 566
665 397
303 524
28 50
47 665
723 157
141 665
649 77
243 504
176 524
325 157
355 243
380 77
614 325
583 257
143 723
119 355
345 143
169 705
666 147
451 143
309 325
239 28
493 649
689 723
319 28
423 380
499 689
540 239
795 493
584 143
477 423
403 584
789 614
68 309
105 666
786 540
278 403
760 493
744 119
298 423
315 760
766 403
466 786
773 744
250 239
393 766
656 68
116 466
603 766
272 499
74 298
615 272
604 760
697 298
22 250
55 604
281 272
443 615
385 116
231 315
432 697
125 231
428 615
368 385
338 393
276 125
442 74
794 281
171 393
361 697
497 442
590 773
492 432
749 794
679 338
458 603
36 794
13 458
687 679
70 338
620 231
142 442
233 142
726 428
778 497
529 70
360 778
67 368
539 13
485 171
686 794
326 749
322 360
342 67
204 342
491 342
595 778
507 491
3 458
676 539
634 507
138 204
251 326
226 485
658 485
746 676
640 233
467 326
688 342
392 634
52 3
713 226
768 688
750 467
553 467
681 467
462 138
296 392
751 658
480 52
650 751
289 392
395 480
692 640
621 226
513 681
399 289
526 692
79 650
237 52
302 251
202 621
780 302
554 79
610 768
426 79
227 610
589 322
162 202
64 780
784 589
340 399
753 554
606 399
93 753
73 227
548 73
434 162
740 202
411 93
364 64
238 364
253 73
101 548
351 740
282 780
158 340
410 784
103 513
793 364
677 93
151 351
528 237
211 253
431 740
311 431
456 103
731 103
476 151
441 731
254 282
378 211
559 528
783 692
619 158
543 254
375 783
215 238
547 731
0 375
602 311
739 215
396 476
274 677
350 274
71 547
703 619
287 311
518 254
790 543
32 793
223 71
745 441
38 396
100 559
139 375
334 703
173 619
440 287
329 378
108 32
530 334
797 223
27 139
482 27
358 274
312 329
486 482
587 482
323 329
374 38
488 100
230 108
372 518
178 486
268 488
11 230
474 745
337 372
629 374
668 530
394 337
508 629
197 440
367 474
343 488
781 230
532 27
6 629
148 532
381 367
34 668
409 532
23 381
75 148
436 394
8 358
294 23
195 409
62 790
331 508
150 381
131 372
519 323
216 131
730 197
444 519
48 367
314 8
796 216
189 519
1 343
390 48
478 62
362 436
371 730
205 75
185 1
166 1
437 371
181 48
229 796
389 189
521 314
44 195
452 331
31 362
720 521
201 730
747 185
618 166
144 521
225 31
798 389
569 747
498 390
72 181
293 205
59 201
592 437
179 31
43 389
318 229
685 371
107 59
404 225
95 179
123 452
690 720
118 318
232 390
471 690
567 179
320 72
308 567
89 123
182 685
512 89
420 123
624 205
776 690
644 182
183 404
280 118
506 624
748 320
633 748
785 498
167 44
500 592
455 633
670 320
161 183
617 185
653 59
49 617
40 455
270 653
400 420
613 506
316 455
212 613
149 316
490 567
594 670
611 617
424 611
379 670
450 183
494 118
701 644
684 701
438 785
560 450
129 400
580 611
37 400
724 149
164 560
662 270
4 37
297 724
710 500
546 580
177 580
66 662
244 684
109 494
694 129
721 316
359 494
24 721
702 694
571 710
699 297
655 571
376 177
549 721
447 379
495 546
544 495
706 662
45 359
557 45
25 613
718 438
134 702
646 4
192 447
219 45
788 490
295 706
599 718
347 646
88 557
771 447
642 376
430 244
406 134
413 25
729 495
562 413
207 599
714 788
137 729
779 192
612 779
622 646
415 622
550 642
220 430
608 622
454 549
255 134
57 454
536 550
568 25
755 347
661 88
522 755
465 192
659 755
799 714
719 706
591 729
26 88
165 137
115 220
275 661
288 255
597 207
712 799
565 771
357 26
545 659
660 288
258 536
533 788
551 565
704 568
631 26
472 165
300 712
700 591
14 288
19 565
625 454
453 608
717 465
673 717
601 799
354 300
16 719
264 275
65 453
263 16
152 717
422 597
664 300
261 453
643 719
262 643
577 704
188 577
556 522
271 545
481 625
578 643
284 481
2 264
279 284
80 601
41 264
593 263
356 14
114 422
228 19
581 357
487 578
515 41
122 515
626 65
214 422
414 487
672 279
537 228
501 556
425 214
63 700
58 279
791 537
153 261
449 631
191 700
520 153
416 593
42 41
180 58
576 515
291 191
247 416
190 63
377 354
464 42
85 228
775 414
635 377
305 152
245 791
92 577
273 85
419 191
332 626
401 775
607 576
30 332
527 85
735 581
448 449
252 501
269 448
696 305
193 252
782 416
605 419
558 247
402 605
292 449
349 305
674 464
266 85
693 292
246 245
54 377
738 425
708 193
56 85
648 153
81 464
645 605
285 54
133 738
763 285
283 332
69 735
639 285
172 285
682 645
502 56
241 558
18 54
517 266
429 696
596 54
531 448
758 246
208 18
636 782
113 648
542 782
256 531
46 180
299 241
51 531
175 113
433 401
759 738
470 682
120 531
496 252
12 470
217 299
145 299
383 292
505 496
199 12
728 175
479 433
741 349
641 299
398 496
248 636
446 759
598 51
627 446
87 479
96 383
206 763
663 256
777 759
382 502
154 46
516 674
654 502
667 87
386 517
489 641
473 588 651 240 9 10 405 754 83 352 61 417 484 563 21 221 469 523 638 573 136 509 341 286 156 198 535 7 711 363 787 60 121 290 770 510 200 742 210 707 94 388 418 135 159 353 435 525 695 561 384 102 155 752 564 370 29 140 657 111 330 106 555 110 609 628 277 168 224 792 579 336 304 76 421 737 468 727 691 310 39 213 265 218 267 459 333 301 408 761 78 570 630 538 327 170 769 585 104 321 203 146 698 33 439 365 346 765 163 339 391 387 132 194 82 756 743 669 647 17 623 572 652 369 20 736 160 306 126 91 722 733 324 772 235 616 196 99 503 582 234 84 249 732 671 600 112 637 124 412 552 675 774 373 130 127 366 541 187 260 5 680 90 259 514 117 184 86 683 716 98 734 715 
473 588
651 473
240 588
9 651
10 9
405 240
754 9
83 754
352 754
61 405
417 61
484 83
563 484
21 61
221 352
469 21
523 221
638 352
573 523
136 573
509 638
341 136
286 136
156 523
198 341
535 198
7 156
711 469
363 711
787 535
60 363
121 787
290 286
770 363
510 509
200 770
742 510
210 563
707 21
94 707
388 290
418 94
135 711
159 135
353 510
435 707
525 200
695 121
561 200
384 353
102 135
155 742
752 695
564 770
370 210
29 561
140 94
657 370
111 370
330 752
106 140
555 388
110 155
609 140
628 106
277 110
168 155
224 277
792 555
579 564
336 330
304 111
76 277
421 106
737 792
468 737
727 224
691 421
310 421
39 168
213 76
265 792
218 727
267 304
459 737
333 265
301 267
408 218
761 459
78 691
570 459
630 78
538 727
327 301
170 213
769 408
585 459
104 538
321 170
203 104
146 630
698 321
33 769
439 698
365 33
346 203
765 365
163 146
339 163
391 163
387 339
132 365
194 765
82 194
756 82
743 756
669 387
647 132
17 743
623 669
572 623
652 82
369 17
20 647
736 20
160 736
306 652
126 306
91 736
722 736
733 91
324 722
772 733
235 623
616 324
196 324
99 235
503 196
582 616
234 99
84 234
249 503
732 249
671 84
600 249
112 732
637 112
124 671
412 637
552 600
675 412
774 124
373 774
130 675
127 373
366 130
541 130
187 541
260 127
5 187
680 260
90 680
259 5
514 259
117 259
184 117
86 184
683 86
716 683
98 683
734 98
715 734
