!
461 767 678 15 575 222 511 483 97 317 586 328 335 463 445 344 725 534 242 236 457 407 709 574 313 632 427 174 460 186 757 764 348 209 762 147 128 504 307 475 50 53 705 566 397 524 35 257 77 157 303 665 28 649 141 47 325 723 143 355 176 243 380 583 614 169 451 423 345 309 119 239 493 666 689 540 319 499 795 584 477 789 403 68 105 786 278 760 744 315 766 298 466 773 250 393 656 116 604 603 74 615 272 697 338 281 443 385 55 432 125 231 368 22 428 497 442 276 794 749 590 361 13 171 458 70 492 679 36 687 620 233 142 726 778 67 360 529 539 485 686 491 326 322 204 342 507 676 3 595 251 634 138 746 226 658 640 467 688 52 392 713 768 553 750 296 681 751 462 480 650 395 692 302 621 513 289 399 526 237 79 426 554 202 784 780 227 64 610 340 589 753 73 162 606 740 411 93 364 351 434 238 548 101 253 410 151 677 793 158 282 211 311 103 528 731 456 431 476 215 441 378 254 559 783 547 375 543 619 0 602 739 274 396 287 703 350 71 790 32 139 223 745 518 100 334 173 440 38 329 530 108 797 27 482 358 312 486 488 374 587 230 323 178 372 11 474 629 268 337 508 668 394 197 343 367 6 781 148 532 381 409 23 34 436 294 195 331 150 519 8 75 131 62 216 444 48 730 796 1 314 189 390 478 437 371 362 229 166 185 205 389 201 31 521 144 452 618 181 720 498 747 44 293 225 592 685 798 569 59 107 43 179 95 232 318 123 308 72 118 471 690 404 89 512 182 320 624 748 567 420 49 506 183 280 776 633 167 653 785 500 617 161 455 670 644 40 400 613 316 212 270 594 611 684 149 490 424 379 494 450 701 129 560 580 438 37 724 164 662 4 297 710 546 66 24 177 109 244 694 721 359 571 702 376 655 699 495 646 447 557 544 45 706 549 718 25 134 192 788 347 295 599 219 207 562 771 430 729 642 88 413 406 714 779 415 612 550 536 220 454 137 622 755 661 57 608 591 568 799 255 465 659 26 522 719 597 115 288 275 565 165 357 712 704 631 673 545 258 551 533 14 717 660 472 625 300 19 700 453 664 354 188 65 601 264 16 422 263 152 556 261 2 577 271 279 643 262 578 481 356 581 80 41 284 228 487 114 626 593 214 122 672 515 63 791 501 58 414 537 425 153 191 416 449 520 42 180 247 291 190 377 576 85 464 607 245 635 305 92 527 273 775 401 332 448 269 30 292 735 419 193 605 402 696 266 693 252 782 674 558 246 54 81 349 56 648 708 639 763 133 285 738 645 69 682 172 283 502 517 596 429 241 18 758 51 531 208 46 636 113 175 299 759 542 496 256 383 433 120 217 641 470 12 145 728 199 479 206 598 741 505 627 248 579 446 96 154 386 516 663 382 398 87 127 489 667 
461 767
678 767
15 461
575 15
222 678
511 575
483 15
97 222
317 222
586 483
328 511
335 511
463 317
445 97
344 463
725 511
534 586
242 317
236 586
457 445
407 725
709 328
574 236
313 407
632 534
427 236
174 457
460 328
186 709
757 445
764 174
348 757
209 344
762 186
147 757
128 209
504 313
307 574
475 174
50 335
53 460
705 764
566 475
397 460
524 348
35 242
257 35
77 128
157 427
303 147
665 397
28 50
649 77
141 665
47 665
325 157
723 157
143 723
355 504
176 303
243 355
380 77
583 257
614 325
169 705
451 143
423 380
345 143
309 614
119 243
239 28
493 209
666 705
689 723
540 239
319 451
499 689
795 35
584 451
477 423
789 614
403 584
68 309
105 666
786 540
278 584
760 493
744 119
315 760
766 403
298 423
466 786
773 744
250 239
393 766
656 68
116 466
604 760
603 766
74 298
615 499
272 615
697 298
338 393
281 272
443 272
385 116
55 604
432 697
125 74
231 125
368 385
22 250
428 272
497 74
442 74
276 125
794 281
749 794
590 773
361 697
13 443
171 393
458 13
70 338
492 432
679 22
36 794
687 70
620 231
233 492
142 442
726 36
778 497
67 368
360 778
529 70
539 13
485 171
686 749
491 679
326 686
322 620
204 67
342 204
507 491
676 539
3 458
595 360
251 326
634 507
138 204
746 676
226 529
658 485
640 233
467 326
688 342
52 3
392 634
713 226
768 688
553 467
750 686
296 634
681 467
751 658
462 138
480 676
650 751
395 480
692 640
302 251
621 751
513 681
289 392
399 289
526 692
237 52
79 650
426 79
554 79
202 426
784 595
780 302
227 768
64 780
610 227
340 399
589 784
753 554
73 227
162 202
606 399
740 202
411 753
93 411
364 64
351 740
434 162
238 364
548 610
101 548
253 73
410 784
151 351
677 93
793 364
158 340
282 780
211 253
311 740
103 513
528 237
731 103
456 103
431 311
476 151
215 238
441 103
378 253
254 282
559 528
783 526
547 731
375 783
543 254
619 158
0 375
602 311
739 215
274 677
396 476
287 431
703 158
350 274
71 547
790 543
32 793
139 0
223 71
745 441
518 254
100 559
334 211
173 619
440 287
38 396
329 378
530 334
108 32
797 783
27 139
482 27
358 274
312 329
486 482
488 100
374 38
587 482
230 108
323 329
178 486
372 518
11 230
474 745
629 374
268 488
337 372
508 629
668 530
394 337
197 440
343 11
367 474
6 629
781 230
148 587
532 148
381 367
409 532
23 381
34 668
436 394
294 23
195 409
331 508
150 381
519 323
8 358
75 148
131 372
62 131
216 131
444 519
48 367
730 197
796 131
1 268
314 8
189 519
390 48
478 62
437 730
371 437
362 436
229 796
166 1
185 1
205 75
389 189
201 371
31 362
521 314
144 521
452 331
618 166
181 48
720 521
498 478
747 185
44 195
293 205
225 31
592 437
685 371
798 444
569 747
59 201
107 59
43 389
179 31
95 179
232 390
318 229
123 452
308 179
72 181
118 318
471 144
690 471
404 225
89 123
512 89
182 685
320 72
624 205
748 320
567 179
420 123
49 569
506 624
183 404
280 118
776 690
633 748
167 44
653 59
785 232
500 471
617 49
161 183
455 633
670 320
644 182
40 455
400 420
613 506
316 455
212 613
270 653
594 40
611 617
684 644
149 232
490 567
424 611
379 670
494 280
450 161
701 684
129 400
560 450
580 424
438 785
37 400
724 149
164 560
662 270
4 37
297 724
710 500
546 580
66 662
24 316
177 580
109 494
244 701
694 129
721 24
359 109
571 710
702 694
376 177
655 571
699 297
495 177
646 4
447 379
557 359
544 495
45 359
706 662
549 721
718 438
25 613
134 702
192 447
788 490
347 4
295 706
599 718
219 557
207 599
562 25
771 447
430 244
729 495
642 376
88 557
413 562
406 134
714 788
779 192
415 646
612 779
550 642
536 550
220 430
454 549
137 729
622 415
755 347
661 88
57 454
608 622
591 729
568 25
799 714
255 134
465 192
659 755
26 88
522 659
719 295
597 207
115 220
288 255
275 661
565 612
165 591
357 26
712 550
704 568
631 26
673 612
545 659
258 536
551 565
533 631
14 522
717 465
660 288
472 137
625 454
300 712
19 565
700 591
453 622
664 300
354 300
188 704
65 453
601 799
264 275
16 719
422 597
263 16
152 717
556 14
261 453
2 264
577 188
271 545
279 57
643 16
262 643
578 643
481 625
356 14
581 357
80 601
41 264
284 279
228 19
487 578
114 422
626 65
593 263
214 114
122 214
672 284
515 41
63 700
791 551
501 356
58 279
414 578
537 791
425 214
153 261
191 700
416 593
449 631
520 153
42 41
180 284
247 416
291 191
190 63
377 664
576 122
85 228
464 42
607 576
245 791
635 377
305 152
92 577
527 85
273 85
775 414
401 775
332 626
448 449
269 448
30 332
292 449
735 581
419 291
193 501
605 419
402 605
696 305
266 85
693 292
252 193
782 416
674 464
558 247
246 245
54 377
81 674
349 305
56 273
648 153
708 193
639 635
763 639
133 114
285 763
738 576
645 605
69 735
682 645
172 639
283 332
502 56
517 266
596 763
429 696
241 558
18 54
758 246
51 693
531 448
208 18
46 349
636 782
113 648
175 113
299 241
759 738
542 782
496 708
256 531
383 292
433 401
120 531
217 299
641 217
470 645
12 470
145 299
728 175
199 12
479 433
206 596
598 383
741 349
505 496
627 759
248 636
579 199
446 627
96 383
154 46
386 429
516 81
663 120
382 502
398 505
87 479
127 728
489 542
667 87
473 588 651 240 9 10 405 754 352 61 83 417 221 484 563 21 523 638 573 509 136 469 341 286 156 198 535 7 711 363 787 770 60 121 290 510 135 707 388 200 210 418 94 525 435 695 159 742 561 384 353 155 102 752 29 370 564 330 140 657 111 110 555 628 277 106 609 168 224 792 336 421 468 76 304 727 737 310 691 213 218 408 39 301 761 267 459 333 78 265 570 630 538 170 327 585 769 104 321 203 146 33 698 365 439 346 765 339 163 391 82 387 132 194 756 743 669 647 17 572 623 652 369 20 736 91 160 306 126 722 733 324 772 235 196 616 99 503 582 234 84 249 732 600 671 777 637 112 124 552 412 774 675 373 130 366 541 187 260 5 680 90 514 259 117 184 86 683 716 654 734 98 715 
473 588
651 588
240 473
9 651
10 9
405 240
754 9
352 754
61 405
83 754
417 61
221 352
484 83
563 484
21 417
523 221
638 352
573 523
509 638
136 573
469 21
341 136
286 136
156 523
198 341
535 198
7 156
711 469
363 711
787 198
770 363
60 363
121 787
290 286
510 509
135 711
707 135
388 290
200 770
210 563
418 707
94 418
525 200
435 707
695 121
159 135
742 510
561 200
384 510
353 384
155 742
102 135
752 695
29 561
370 210
564 102
330 752
140 94
657 370
111 657
110 155
555 330
628 140
277 110
106 628
609 140
168 155
224 277
792 555
336 555
421 628
468 336
76 277
304 111
727 224
737 468
310 421
691 628
213 76
218 727
408 218
39 213
301 168
761 737
267 301
459 761
333 218
78 691
265 218
570 459
630 78
538 727
170 213
327 301
585 459
769 333
104 538
321 170
203 104
146 630
33 769
698 321
365 33
439 698
346 439
765 365
339 146
163 339
391 163
82 346
387 339
132 365
194 82
756 82
743 756
669 387
647 132
17 743
572 391
623 669
652 82
369 17
20 194
736 20
91 736
160 736
306 652
126 306
722 736
733 91
324 722
772 324
235 623
196 772
616 772
99 235
503 196
582 616
234 99
84 234
249 582
732 582
600 249
671 84
777 732
637 732
112 637
124 671
552 600
412 637
774 124
675 412
373 774
130 675
366 130
541 130
187 541
260 373
5 187
680 260
90 680
514 5
259 514
117 259
184 117
86 184
683 86
716 683
654 683
734 654
98 734
715 734
