!
461 767 678 15 575 222 483 97 511 463 586 317 445 534 335 344 328 725 236 407 574 709 242 457 313 632 427 460 174 348 757 764 209 128 504 762 186 147 50 475 566 524 307 705 53 397 35 257 77 665 28 157 303 243 649 325 47 141 723 176 143 380 583 355 119 169 614 451 666 309 423 493 689 345 239 540 319 499 795 584 477 403 68 105 789 786 278 760 744 315 298 250 773 766 466 393 656 116 615 272 603 604 74 697 22 281 385 443 55 432 125 231 428 338 368 794 276 497 442 361 171 590 492 749 70 679 458 36 13 142 687 233 620 726 778 529 360 67 485 686 491 539 326 204 322 342 595 3 676 507 138 634 226 251 640 658 746 688 467 392 553 52 768 750 713 296 681 751 462 650 480 395 621 302 289 237 513 692 399 526 79 202 780 426 554 610 784 64 227 589 753 340 73 162 606 740 434 93 548 411 364 238 351 101 253 410 677 282 151 793 158 211 103 311 528 731 456 431 559 476 441 254 378 0 602 783 375 547 543 619 215 739 396 350 274 703 71 287 790 32 139 334 223 745 38 518 100 329 173 440 530 108 27 797 482 358 312 488 587 486 323 374 230 178 372 11 629 474 268 508 337 668 394 197 343 367 6 148 532 381 34 781 409 23 75 195 8 436 294 150 331 62 519 444 131 730 216 796 314 48 189 390 478 371 362 1 205 44 185 166 437 389 720 31 452 229 521 181 201 618 144 747 498 569 293 225 798 59 107 685 43 179 592 95 232 123 318 690 118 308 72 320 471 404 89 182 633 624 512 420 567 748 785 183 644 776 506 161 280 653 617 500 455 49 167 670 40 270 613 400 316 212 149 594 490 611 424 494 379 684 450 701 129 560 580 37 438 724 164 710 662 546 4 297 177 66 244 109 24 694 699 655 359 721 702 571 549 495 376 447 45 25 544 718 706 646 134 295 557 192 788 347 219 599 771 562 430 207 88 642 413 729 612 415 622 714 406 137 550 779 220 57 454 591 755 659 661 568 255 799 536 465 522 597 608 26 165 719 115 288 275 565 704 700 533 631 551 357 472 712 660 625 545 19 14 258 300 717 664 601 673 354 453 65 264 263 16 422 188 271 261 556 643 152 481 2 577 262 578 284 279 80 41 356 593 228 487 114 122 626 515 214 672 537 414 63 581 501 791 58 425 191 153 416 520 449 42 291 180 247 576 190 377 85 635 607 527 245 464 305 419 775 92 332 273 193 401 605 735 292 448 402 696 782 30 693 252 558 56 269 349 674 266 246 54 708 18 738 81 648 682 133 241 763 283 69 645 285 172 517 429 531 639 502 758 596 208 542 46 113 636 51 175 299 759 120 433 496 505 470 217 641 383 145 728 199 256 479 741 12 206 248 598 627 154 96 446 777 87 382 398 663 579 386 516 489 654 
461 767
678 767
15 461
575 15
222 678
483 15
97 222
511 575
463 461
586 483
317 463
445 97
534 483
335 511
344 463
328 511
725 328
236 586
407 725
574 236
709 328
242 317
457 445
313 725
632 534
427 236
460 709
174 457
348 460
757 348
764 174
209 344
128 209
504 313
762 709
186 762
147 757
50 335
475 764
566 242
524 460
307 574
705 764
53 524
397 53
35 242
257 566
77 128
665 397
28 50
157 427
303 348
243 504
649 77
325 157
47 665
141 665
723 157
176 53
143 723
380 77
583 257
355 243
119 243
169 705
614 325
451 28
666 303
309 614
423 380
493 649
689 723
345 143
239 50
540 239
319 451
499 689
795 35
584 143
477 423
403 584
68 309
105 666
789 68
786 540
278 403
760 493
744 119
315 493
298 423
250 540
773 744
766 403
466 786
393 766
656 68
116 466
615 789
272 615
603 766
604 760
74 477
697 298
22 250
281 272
385 116
443 272
55 604
432 697
125 74
231 125
428 272
338 250
368 385
794 281
276 125
497 276
442 74
361 432
171 393
590 773
492 432
749 794
70 338
679 22
458 603
36 281
13 443
142 442
687 338
233 142
620 231
726 36
778 497
529 70
360 778
67 368
485 171
686 749
491 679
539 726
326 686
204 67
322 620
342 204
595 778
3 458
676 539
507 491
138 204
634 507
226 485
251 326
640 233
658 485
746 676
688 342
467 326
392 634
553 467
52 3
768 688
750 467
713 226
296 392
681 467
751 658
462 138
650 751
480 676
395 480
621 713
302 251
289 392
237 52
513 681
692 640
399 289
526 692
79 650
202 621
780 302
426 79
554 79
610 768
784 595
64 780
227 610
589 784
753 554
340 399
73 227
162 426
606 399
740 202
434 162
93 753
548 73
411 93
364 64
238 364
351 740
101 548
253 73
410 589
677 411
282 780
151 351
793 364
158 340
211 253
103 513
311 740
528 237
731 103
456 103
431 311
559 528
476 351
441 731
254 282
378 211
0 526
602 311
783 0
375 0
547 441
543 254
619 158
215 64
739 215
396 476
350 677
274 350
703 619
71 547
287 311
790 543
32 793
139 0
334 703
223 783
745 441
38 396
518 254
100 559
329 378
173 619
440 287
530 334
108 32
27 139
797 783
482 27
358 274
312 329
488 100
587 482
486 587
323 329
374 38
230 108
178 486
372 518
11 230
629 374
474 745
268 488
508 629
337 372
668 530
394 337
197 440
343 268
367 474
6 508
148 587
532 148
381 367
34 668
781 230
409 532
23 381
75 148
195 409
8 358
436 337
294 23
150 381
331 508
62 790
519 323
444 519
131 372
730 197
216 131
796 216
314 8
48 474
189 444
390 48
478 62
371 730
362 436
1 268
205 75
44 195
185 1
166 1
437 371
389 189
720 166
31 362
452 331
229 796
521 314
181 48
201 730
618 166
144 521
747 185
498 390
569 185
293 205
225 362
798 389
59 201
107 59
685 371
43 389
179 31
592 371
95 179
232 498
123 452
318 229
690 144
118 229
308 179
72 181
320 72
471 690
404 225
89 123
182 685
633 72
624 205
512 89
420 123
567 308
748 320
785 498
183 404
644 182
776 690
506 624
161 183
280 118
653 59
617 569
500 471
455 633
49 617
167 44
670 320
40 455
270 653
613 506
400 420
316 455
212 613
149 316
594 748
490 567
611 617
424 611
494 280
379 670
684 644
450 161
701 684
129 400
560 450
580 424
37 400
438 785
724 149
164 560
710 500
662 270
546 710
4 37
297 724
177 580
66 662
244 701
109 494
24 316
694 129
699 297
655 710
359 109
721 24
702 694
571 655
549 721
495 177
376 177
447 379
45 359
25 613
544 495
718 438
706 662
646 4
134 66
295 706
557 45
192 447
788 490
347 4
219 557
599 699
771 447
562 25
430 706
207 599
88 45
642 376
413 562
729 495
612 771
415 646
622 415
714 788
406 134
137 729
550 376
779 612
220 430
57 549
454 57
591 729
755 347
659 755
661 88
568 25
255 134
799 714
536 550
465 192
522 659
597 718
608 622
26 88
165 137
719 295
115 220
288 255
275 661
565 612
704 568
700 591
533 788
631 26
551 565
357 26
472 165
712 799
660 288
625 454
545 659
19 565
14 522
258 536
300 712
717 465
664 300
601 799
673 717
354 300
453 622
65 453
264 275
263 719
16 719
422 597
188 704
271 545
261 453
556 14
643 719
152 717
481 625
2 264
577 188
262 643
578 643
284 481
279 284
80 601
41 264
356 556
593 263
228 19
487 578
114 422
122 422
626 65
515 41
214 422
672 284
537 228
414 487
63 700
581 357
501 556
791 537
58 279
425 214
191 700
153 261
416 593
520 153
449 631
42 41
291 191
180 481
247 416
576 122
190 63
377 664
85 228
635 377
607 576
527 85
245 537
464 607
305 152
419 291
775 414
92 577
332 626
273 85
193 501
401 775
605 419
735 581
292 449
448 449
402 605
696 305
782 416
30 332
693 292
252 193
558 247
56 273
269 448
349 180
674 464
266 56
246 245
54 377
708 193
18 190
738 576
81 674
648 520
682 605
133 425
241 558
763 54
283 332
69 735
645 682
285 763
172 285
517 266
429 696
531 269
639 763
502 273
758 246
596 763
208 18
542 558
46 180
113 648
636 782
51 531
175 113
299 241
759 738
120 531
433 401
496 252
505 496
470 645
217 299
641 299
383 292
145 299
728 175
199 470
256 120
479 433
741 349
12 199
206 763
248 636
598 383
627 759
154 46
96 383
446 627
777 446
87 479
382 502
398 505
663 256
579 12
386 517
516 81
489 542
654 502
473 588 651 240 9 10 405 754 83 417 61 352 563 21 484 523 221 638 469 573 136 509 341 286 156 198 535 7 711 787 363 121 290 707 60 770 510 200 135 94 418 388 742 210 159 435 525 695 384 561 102 155 353 370 564 29 140 752 330 657 111 555 106 110 628 609 277 168 224 792 336 468 421 304 76 737 727 310 691 213 408 301 39 570 459 267 218 78 761 630 333 265 170 769 327 538 585 104 321 203 146 33 698 365 439 346 765 339 163 391 387 132 82 194 756 743 647 669 17 572 369 652 623 20 736 160 306 126 722 91 733 324 772 235 196 616 99 503 667 582 234 84 249 732 671 600 637 112 124 412 552 675 774 373 130 127 541 366 187 260 5 680 90 514 259 117 184 86 683 716 98 734 715 
473 588
651 473
240 473
9 651
10 9
405 240
754 9
83 754
417 405
61 417
352 754
563 83
21 61
484 563
523 352
221 523
638 352
469 405
573 221
136 573
509 638
341 136
286 136
156 221
198 341
535 198
7 156
711 469
787 198
363 711
121 535
290 286
707 21
60 363
770 60
510 509
200 770
135 711
94 707
418 94
388 290
742 510
210 563
159 135
435 707
525 770
695 121
384 510
561 200
102 135
155 742
353 384
370 210
564 770
29 561
140 94
752 695
330 752
657 370
111 370
555 388
106 140
110 155
628 106
609 140
277 110
168 110
224 277
792 555
336 555
468 336
421 628
304 111
76 277
737 792
727 224
310 421
691 628
213 76
408 727
301 168
39 213
570 737
459 570
267 301
218 408
78 691
761 737
630 78
333 408
265 333
170 213
769 333
327 301
538 727
585 459
104 538
321 170
203 104
146 630
33 769
698 321
365 33
439 698
346 439
765 365
339 146
163 339
391 163
387 339
132 365
82 346
194 82
756 82
743 756
647 132
669 387
17 743
572 163
369 17
652 82
623 669
20 194
736 20
160 736
306 652
126 306
722 736
91 160
733 91
324 722
772 324
235 623
196 324
616 324
99 235
503 196
667 99
582 616
234 99
84 234
249 582
732 249
671 84
600 249
637 732
112 637
124 671
412 637
552 600
675 412
774 124
373 774
130 675
127 373
541 130
366 130
187 541
260 127
5 187
680 260
90 680
514 5
259 514
117 259
184 117
86 184
683 86
716 683
98 716
734 98
715 734
