? 14 349 588 16 482 178 671 536 63 622 323 210 37 56 558 
? 14 683 773 343 230 57 150 734 9 530 666 699 584 152 136 
? 11 129 583 497 368 527 165 792 205 514 449 460 
? 11 18 375 609 14 370 580 501 766 203 602 248 
? 11 312 649 182 457 431 572 390 255 469 645 594 
? 10 198 355 60 770 432 508 702 371 363 421 
? 9 333 388 688 705 2 260 123 99 561 
? 9 172 293 100 799 676 636 736 254 748 
? 8 290 791 127 509 13 204 332 250 
? 8 105 642 440 239 579 472 661 531 
? 7 121 403 316 264 102 318 74 
? 7 52 755 540 53 794 786 548 
? 6 166 749 98 483 42 220 
? 6 275 639 674 604 417 286 
? 5 196 610 6 224 96 
? 5 499 744 635 252 226 
? 4 729 795 335 64 
? 3 465 727 5 
? 3 504 554 682 
? 3 577 677 191 
!
499 744 635 252 226 
499 744
744 635
635 252
635 226
167 681 228 330 707 101 147 632 352 81 32 378 348 429 265 308 297 282 471 776 424 576 401 753 454 774 331 39 51 299 1 373 637 7 760 726 582 739 
167 681
228 681
330 167
707 228
101 228
147 167
632 101
352 707
81 101
32 147
378 352
348 330
429 32
265 348
308 632
297 352
282 297
471 429
776 265
424 429
576 776
401 32
753 424
454 424
774 753
331 282
39 401
51 753
299 39
1 471
373 282
637 331
7 1
760 373
726 39
582 637
739 760
111 170 614 634 473 55 566 341 659 247 315 398 245 357 670 108 
111 170
614 170
634 170
473 634
55 634
566 473
341 55
659 341
247 659
315 247
398 247
245 315
357 245
670 315
108 247
479 692 
479 692
577 677 191 
577 677
577 191
200 325 391 381 435 589 113 434 515 159 249 475 598 400 419 521 103 222 124 555 229 382 58 798 389 418 698 143 
200 325
391 325
381 200
435 381
589 381
113 589
434 391
515 435
159 434
249 159
475 159
598 434
400 249
419 400
521 589
103 113
222 521
124 475
555 103
229 515
382 222
58 598
798 555
389 229
418 124
698 229
143 555
213 650 396 59 22 199 328 115 762 585 445 72 319 464 71 15 476 33 148 
213 650
396 213
59 650
22 59
199 22
328 396
115 328
762 59
585 22
445 762
72 445
319 445
464 585
71 319
15 115
476 72
33 319
148 464
172 293 100 799 676 636 736 254 748 
172 293
293 676
172 100
799 676
736 254
636 254
736 748
799 636
105 642 440 239 579 472 661 531 
105 642
440 472
642 440
642 239
105 531
239 661
239 579
529 626 513 93 404 741 292 384 782 171 66 638 359 517 433 559 657 367 704 612 603 
529 626
513 626
93 513
404 93
741 626
292 513
384 529
782 93
171 782
66 292
638 66
359 782
517 66
433 384
559 517
657 782
367 517
704 66
612 741
603 171
190 414 742 54 747 697 192 221 233 615 562 703 399 725 69 126 533 88 
190 414
742 414
54 742
747 54
697 747
192 697
221 192
233 221
615 221
562 233
703 233
399 615
725 562
69 747
126 703
533 126
88 399
52 755 540 53 794 786 548 
52 540
794 548
53 786
755 794
755 53
52 755
683 773 343 230 57 150 734 9 530 666 699 584 152 136 
343 57
230 9
150 9
683 773
734 136
530 699
773 230
150 152
9 666
343 584
734 699
683 734
773 57
296 327 667 738 270 201 441 526 601 777 365 408 459 395 379 493 257 24 516 731 563 168 
296 327
667 327
738 667
270 296
201 270
441 201
526 441
601 270
777 441
365 526
408 441
459 201
395 738
379 738
493 365
257 408
24 395
516 408
731 493
563 24
168 601
729 795 335 64 
729 795
795 64
729 335
444 757 728 160 547 209 139 303 110 287 70 477 153 137 716 722 385 294 691 492 591 216 
444 757
728 444
160 757
547 160
209 547
139 728
303 209
110 160
287 110
70 287
477 209
153 139
137 477
716 70
722 303
385 716
294 153
691 385
492 137
591 139
216 691
76 300 
76 300
504 554 682 
504 554
504 682
196 610 6 224 96 
196 610
196 6
610 96
196 224
3 512 690 446 629 719 232 288 244 309 89 486 647 672 458 549 194 651 652 550 394 
3 512
690 3
446 690
629 690
719 690
232 446
288 719
244 719
309 232
89 244
486 89
647 309
672 89
458 629
549 672
194 309
651 672
652 647
550 194
394 458
312 649 182 457 431 572 390 255 469 645 594 
255 469
390 469
457 255
645 594
182 457
572 645
312 649
572 390
649 182
312 431
236 495 0 663 268 80 581 474 644 43 468 438 397 768 662 23 420 412 
236 495
0 236
663 0
268 663
80 495
581 268
474 268
644 80
43 644
468 43
438 43
397 474
768 0
662 468
23 397
420 468
412 23
487 619 360 354 119 452 187 781 669 613 694 269 573 490 369 708 723 451 653 142 462 118 234 528 246 553 75 163 470 721 374 506 193 112 67 538 134 607 84 169 565 158 600 498 759 346 507 428 174 324 301 455 523 608 780 503 778 188 242 409 797 320 146 173 
487 619
360 487
354 619
119 354
452 360
187 452
781 119
669 360
613 119
694 354
269 613
573 669
490 781
369 490
708 694
723 490
451 669
653 708
142 269
462 653
118 723
234 573
528 142
246 118
553 118
75 246
163 75
470 573
721 234
374 723
506 234
193 721
112 553
67 528
538 67
134 374
607 470
84 451
169 112
565 67
158 470
600 462
498 158
759 134
346 498
507 759
428 84
174 163
324 538
301 607
455 506
523 565
608 455
780 174
503 428
778 523
188 600
242 193
409 169
797 324
320 158
146 780
173 174
290 791 127 509 13 204 332 250 
791 509
290 509
290 127
791 332
204 332
13 250
127 13
522 595 240 737 740 488 480 361 310 313 176 410 380 758 525 793 524 36 353 706 164 30 631 262 28 132 502 73 443 377 620 442 156 10 20 796 733 31 181 542 289 274 223 546 392 284 534 304 685 484 665 263 628 95 356 
522 595
240 595
737 522
740 737
488 737
480 488
361 240
310 480
313 488
176 488
410 480
380 410
758 361
525 758
793 176
524 313
36 793
353 758
706 353
164 793
30 380
631 525
262 30
28 164
132 353
502 36
73 30
443 28
377 443
620 132
442 706
156 620
10 73
20 73
796 620
733 377
31 20
181 443
542 31
289 181
274 442
223 733
546 796
392 181
284 289
534 542
304 392
685 546
484 442
665 10
263 665
628 392
95 274
356 304
275 639 674 604 417 286 
639 674
275 604
275 639
275 286
604 417
625 743 272 596 537 383 366 448 342 44 575 344 120 543 416 621 593 78 25 679 745 334 179 746 557 49 253 322 347 305 789 251 787 599 790 149 587 138 314 765 779 97 456 26 130 94 660 485 764 656 640 122 712 491 86 21 709 496 
625 743
272 625
596 625
537 596
383 537
366 383
448 366
342 596
44 383
575 596
344 44
120 575
543 44
416 448
621 342
593 342
78 120
25 575
679 344
745 78
334 621
179 334
746 334
557 334
49 679
253 679
322 745
347 253
305 179
789 347
251 557
787 322
599 49
790 599
149 787
587 599
138 790
314 149
765 251
779 314
97 138
456 599
26 456
130 765
94 587
660 765
485 97
764 130
656 787
640 764
122 660
712 26
491 122
86 491
21 712
709 656
496 491
17 532 338 256 461 281 364 422 362 724 775 207 35 283 259 340 720 184 423 345 11 85 646 715 535 686 19 109 351 258 630 38 447 12 202 
17 532
338 532
256 532
461 256
281 461
364 338
422 338
362 422
724 362
775 17
207 256
35 281
283 775
259 724
340 35
720 207
184 35
423 364
345 720
11 184
85 775
646 362
715 720
535 340
686 184
19 715
109 11
351 535
258 646
630 85
38 259
447 535
12 85
202 351
519 772 541 590 437 117 592 586 450 175 735 183 47 673 46 463 62 92 696 545 467 568 714 402 761 
519 772
541 519
590 519
437 772
117 541
592 590
586 117
450 437
175 117
735 586
183 450
47 183
673 592
46 175
463 673
62 47
92 463
696 735
545 696
467 92
568 117
714 463
402 46
761 714
18 375 609 14 370 580 501 766 203 602 248 
18 375
14 370
375 609
609 370
602 248
766 203
501 203
609 580
580 501
766 602
197 617 386 337 206 618 186 426 8 79 91 552 494 466 135 571 
197 617
386 197
337 617
206 386
618 337
186 206
426 186
8 206
79 8
91 426
552 186
494 552
466 494
135 552
571 466
680 
465 727 5 
465 727
465 5
121 403 316 264 102 318 74 
121 264
121 403
403 316
316 102
102 318
264 74
349 588 16 482 178 671 536 63 622 323 210 37 56 558 
178 63
323 56
63 558
349 588
349 16
482 536
588 482
536 37
671 622
671 210
16 622
178 671
16 323
333 388 688 705 2 260 123 99 561 
2 260
123 561
333 388
333 705
260 123
99 561
388 688
688 2
198 355 60 770 432 508 702 371 363 421 
702 363
432 508
508 363
702 421
770 371
198 355
198 60
355 770
60 702
212 769 
212 769
439 668 185 68 358 48 654 750 4 623 695 45 273 266 217 271 225 551 783 90 321 687 116 754 518 128 211 756 405 87 336 578 606 520 751 61 83 711 133 125 40 151 717 788 664 641 261 41 718 393 235 427 140 276 
439 668
185 439
68 439
358 68
48 185
654 48
750 68
4 48
623 48
695 358
45 68
273 695
266 750
217 623
271 623
225 217
551 45
783 225
90 551
321 217
687 225
116 273
754 687
518 90
128 271
211 128
756 783
405 687
87 321
336 116
578 756
606 211
520 518
751 756
61 271
83 211
711 336
133 520
125 754
40 90
151 40
717 133
788 83
664 520
641 606
261 717
41 717
718 641
393 261
235 41
427 751
140 711
276 788
155 633 278 285 34 237 564 114 214 624 784 730 430 605 658 141 767 195 157 689 131 567 106 227 279 510 500 678 162 406 453 145 50 570 627 407 306 311 82 693 376 556 539 215 65 302 569 326 413 481 
155 633
278 155
285 155
34 285
237 278
564 237
114 237
214 114
624 237
784 633
730 624
430 784
605 784
658 564
141 114
767 605
195 767
157 658
689 157
131 214
567 689
106 157
227 430
279 106
510 34
500 141
678 658
162 131
406 689
453 678
145 195
50 453
570 605
627 50
407 453
306 145
311 279
82 406
693 678
376 510
556 311
539 227
215 510
65 306
302 556
569 539
326 145
413 693
481 407
166 749 98 483 42 220 
166 749
98 42
42 220
749 483
483 42
180 277 713 372 700 27 415 218 104 771 489 611 144 425 280 574 701 161 387 189 219 238 317 648 752 177 511 298 267 505 231 
180 277
713 277
372 713
700 713
27 700
415 277
218 180
104 218
771 27
489 218
611 415
144 771
425 372
280 104
574 280
701 611
161 574
387 27
189 489
219 771
238 189
317 238
648 161
752 425
177 238
511 317
298 752
267 317
505 219
231 177
129 583 497 368 527 165 792 205 514 449 460 
583 527
165 792
129 583
129 368
129 497
497 792
165 205
514 460
368 449
368 514
154 291 684 655 763 544 243 29 329 597 339 732 675 478 785 350 436 411 560 295 307 616 208 77 107 241 
154 291
684 291
655 291
763 154
544 655
243 684
29 655
329 684
597 763
339 544
732 597
675 732
478 329
785 544
350 478
436 350
411 339
560 436
295 411
307 785
616 411
208 560
77 616
107 295
241 107
643 710 
643 710
