? 14 345 720 152 715 207 666 19 150 256 9 431 230 630 17 
? 14 517 559 359 704 404 66 357 292 513 638 245 93 782 258 
? 11 52 53 540 786 755 76 794 548 300 37 510 
? 11 23 412 584 710 397 581 298 752 474 268 643 
? 11 56 323 577 191 16 677 88 349 588 692 399 
? 10 35 340 11 535 281 447 461 351 364 202 
? 9 38 203 766 259 724 646 422 362 283 
? 9 639 674 275 165 205 481 407 453 413 
? 8 683 773 343 57 530 242 699 608 
? 8 529 626 741 171 657 659 670 315 
? 7 12 85 602 775 248 307 785 
? 7 233 703 725 221 562 533 126 
? 6 430 784 605 767 34 570 
? 6 155 633 237 624 227 50 
? 5 329 478 684 339 243 
? 5 338 532 423 544 29 
? 4 154 291 655 732 
? 3 192 697 615 
? 3 420 468 663 
? 3 148 464 69 
!
338 532 423 544 29 
544 29
338 532
338 423
338 544
415 611 701 574 161 144 104 280 771 648 218 219 180 700 277 27 465 489 768 713 727 151 372 189 210 505 40 387 682 0 622 238 425 224 5 236 671 551 
415 611
701 611
574 611
161 574
144 415
104 574
280 574
771 144
648 161
218 280
219 144
180 218
700 771
277 180
27 771
465 161
489 218
768 465
713 700
727 161
151 219
372 277
189 489
210 189
505 771
40 151
387 27
682 189
0 505
622 210
238 189
425 372
224 682
5 622
236 505
671 622
551 40
200 325 391 381 589 113 249 400 419 521 222 103 143 798 384 433 
200 325
391 325
381 200
589 381
113 589
249 391
400 249
419 249
521 113
222 521
103 113
143 103
798 143
384 798
433 143
71 747 
71 747
148 464 69 
148 464
464 69
444 728 757 160 547 139 209 778 303 110 153 477 722 137 496 86 294 491 122 492 188 660 130 765 617 197 337 593 
444 728
757 728
160 757
547 444
139 757
209 547
778 139
303 209
110 160
153 139
477 209
722 303
137 477
496 153
86 496
294 496
491 496
122 491
492 477
188 778
660 122
130 86
765 491
617 188
197 617
337 197
593 765
121 403 316 99 264 761 260 102 402 318 705 276 545 788 641 718 509 83 332 
121 403
316 403
99 121
264 99
761 316
260 99
102 761
402 260
318 102
705 402
276 705
545 705
788 276
641 705
718 641
509 545
83 788
332 509
639 674 275 165 205 481 407 453 413 
639 674
407 453
275 205
481 407
407 413
639 275
165 205
275 481
529 626 741 171 657 659 670 315 
670 315
529 626
657 659
529 741
171 657
741 171
626 670
18 375 609 77 616 14 241 370 208 580 108 560 411 247 350 436 501 107 398 367 295 
18 375
609 375
77 375
616 77
14 609
241 375
370 14
208 77
580 18
108 14
560 208
411 616
247 108
350 560
436 560
501 580
107 411
398 580
367 398
295 411
157 567 689 106 279 311 406 82 658 693 678 278 302 168 556 564 285 376 
157 567
689 567
106 157
279 106
311 279
406 689
82 406
658 689
693 406
678 693
278 658
302 311
168 82
556 302
564 658
285 278
376 302
233 703 725 221 562 533 126 
233 703
533 126
703 562
703 221
233 533
233 725
517 559 359 704 404 66 357 292 513 638 245 93 782 258 
404 93
292 638
704 357
704 66
517 559
517 357
93 782
66 258
292 513
513 93
66 245
359 93
559 359
427 661 751 578 239 756 440 484 642 87 405 472 579 105 783 321 225 95 217 479 687 531 
427 661
751 427
578 751
239 661
756 578
440 427
484 661
642 440
87 578
405 751
472 440
579 239
105 642
783 87
321 87
225 783
95 484
217 321
479 579
687 405
531 479
154 291 655 732 
291 732
154 732
655 732
519 772 541 590 437 592 586 117 450 175 735 47 183 673 46 463 62 92 467 696 568 714 
519 772
541 519
590 519
437 772
592 590
586 519
117 541
450 437
175 117
735 586
47 437
183 450
673 592
46 175
463 673
62 47
92 463
467 92
696 735
568 117
714 463
379 417 
379 417
420 468 663 
420 468
468 663
329 478 684 339 243 
329 684
329 478
684 243
329 339
365 526 493 777 731 441 667 516 408 327 738 296 748 201 395 257 270 24 563 604 459 
365 526
493 365
777 526
731 493
441 777
667 526
516 777
408 441
327 667
738 327
296 327
748 731
201 408
395 738
257 408
270 296
24 395
563 395
604 257
459 270
56 323 577 191 16 677 88 349 588 692 399 
56 323
577 677
16 349
349 588
577 692
677 88
56 191
577 191
323 16
88 399
4 48 623 654 271 668 128 61 606 750 266 74 204 754 127 125 250 791 
4 48
623 4
654 48
271 623
668 48
128 271
61 271
606 128
750 668
266 750
74 61
204 74
754 266
127 74
125 754
250 127
791 127
26 456 712 94 21 599 587 135 656 787 680 769 571 709 322 790 149 552 466 49 25 494 779 514 460 745 8 138 314 78 212 305 79 206 186 575 286 485 120 179 344 97 253 679 347 789 746 44 426 91 334 621 764 543 386 537 596 557 640 383 162 251 591 342 
26 456
712 456
94 26
21 712
599 94
587 599
135 21
656 135
787 456
680 21
769 94
571 680
709 656
322 787
790 587
149 787
552 709
466 552
49 790
25 49
494 466
779 149
514 769
460 514
745 322
8 709
138 790
314 779
78 745
212 769
305 149
79 8
206 8
186 494
575 78
286 460
485 138
120 78
179 745
344 49
97 138
253 49
679 253
347 253
789 347
746 179
44 679
426 186
91 426
334 179
621 334
764 314
543 344
386 186
537 44
596 537
557 334
640 764
383 537
162 91
251 334
591 640
342 621
683 773 343 57 530 242 699 608 
343 57
683 773
530 699
530 242
683 699
773 57
242 608
487 619 360 354 452 119 187 781 669 694 269 613 573 708 451 490 369 723 653 142 462 234 118 75 528 721 553 470 246 163 193 506 374 134 112 607 538 67 84 158 169 565 600 498 174 759 428 507 346 301 324 455 409 523 503 
487 619
360 487
354 487
452 619
119 619
187 452
781 119
669 360
694 354
269 781
613 269
573 669
708 694
451 708
490 781
369 781
723 452
653 694
142 613
462 653
234 573
118 723
75 490
528 142
721 573
553 118
470 573
246 118
163 75
193 721
506 234
374 723
134 374
112 553
607 470
538 142
67 528
84 653
158 470
169 112
565 67
600 653
498 158
174 163
759 134
428 84
507 134
346 498
301 607
324 538
455 506
409 112
523 565
503 428
155 633 237 624 227 50 
237 624
155 633
237 50
155 624
633 227
737 740 522 595 240 480 488 313 310 410 380 176 361 524 758 793 30 36 262 164 525 631 502 353 706 28 132 73 10 377 443 20 620 31 733 156 542 442 223 534 796 181 289 392 284 304 512 274 628 665 546 356 3 685 476 263 232 414 
737 740
522 737
595 522
240 522
480 740
488 480
313 488
310 480
410 480
380 410
176 488
361 240
524 313
758 361
793 176
30 380
36 524
262 380
164 793
525 758
631 525
502 164
353 758
706 353
28 164
132 353
73 30
10 73
377 164
443 377
20 73
620 132
31 20
733 377
156 620
542 31
442 353
223 733
534 542
796 620
181 443
289 181
392 181
284 289
304 392
512 542
274 442
628 392
665 10
546 796
356 304
3 512
685 546
476 223
263 476
232 534
414 223
146 572 780 645 173 594 457 390 252 255 635 469 418 182 124 58 216 649 691 385 287 312 716 70 797 598 499 434 475 744 159 686 109 184 555 
146 572
780 146
645 572
173 645
594 645
457 146
390 457
252 594
255 390
635 173
469 255
418 469
182 457
124 418
58 469
216 635
649 182
691 635
385 691
287 385
312 649
716 385
70 287
797 70
598 124
499 216
434 598
475 124
744 499
159 475
686 312
109 686
184 109
555 58
133 520 717 393 261 664 80 41 235 518 116 695 273 495 336 90 358 45 711 68 43 140 439 185 211 
133 520
717 133
393 133
261 717
664 393
80 717
41 717
235 41
518 520
116 520
695 116
273 695
495 235
336 116
90 518
358 695
45 90
711 336
68 358
43 80
140 711
439 68
185 439
211 711
23 412 584 710 397 581 298 752 474 268 643 
298 752
584 298
581 268
23 710
581 474
23 412
412 584
710 643
710 397
397 474
473 566 634 55 170 111 614 698 389 229 612 382 515 603 435 341 
473 566
634 566
55 634
170 634
111 170
614 111
698 111
389 698
229 698
612 614
382 612
515 229
603 55
435 515
341 603
601 
192 697 615 
697 615
192 697
12 85 602 775 248 307 785 
602 307
12 85
248 307
85 775
12 307
307 785
345 720 152 715 207 666 19 150 256 9 431 230 630 17 
345 715
345 207
9 230
150 9
720 715
19 630
152 207
256 17
152 150
152 431
666 9
720 19
715 256
38 203 766 259 724 646 422 362 283 
38 203
38 766
38 259
724 646
724 362
422 362
259 362
259 283
35 340 11 535 281 447 461 351 364 202 
281 461
35 340
35 281
35 11
535 202
351 202
340 447
340 535
281 364
13 290 
13 290
89 486 244 672 288 549 719 651 690 60 770 198 446 194 355 432 550 309 702 647 799 629 363 371 508 100 676 172 293 421 652 458 15 636 115 394 328 396 72 650 213 445 254 736 59 762 190 33 199 319 22 742 585 54 
89 486
244 89
672 89
288 89
549 672
719 244
651 672
690 719
60 651
770 672
198 60
446 690
194 288
355 198
432 60
550 194
309 550
702 432
647 309
799 550
629 690
363 702
371 799
508 432
100 550
676 371
172 100
293 100
421 363
652 647
458 629
15 421
636 15
115 15
394 458
328 115
396 328
72 394
650 396
213 650
445 72
254 636
736 254
59 650
762 59
190 445
33 190
199 213
319 445
22 59
742 190
585 22
54 319
228 681 707 167 101 330 147 632 352 81 32 348 378 265 308 429 297 282 471 776 424 576 401 331 753 739 39 299 454 774 51 760 373 637 1 582 726 7 688 333 2 644 438 388 123 561 675 662 763 597 
228 681
707 681
167 681
101 681
330 228
147 167
632 681
352 707
81 632
32 147
348 707
378 352
265 348
308 632
429 32
297 81
282 308
471 429
776 265
424 429
576 776
401 32
331 297
753 424
739 308
39 401
299 39
454 424
774 753
51 753
760 739
373 760
637 331
1 51
582 637
726 39
7 1
688 760
333 760
2 331
644 401
438 401
388 333
123 2
561 123
675 1
662 438
763 753
597 675
430 784 605 767 34 570 
784 605
605 570
430 605
784 767
430 34
231 610 196 177 6 96 64 317 267 511 220 558 42 63 483 98 795 136 178 729 749 539 569 504 166 734 482 335 554 536 215 
231 610
196 610
177 231
6 196
96 177
64 610
317 177
267 317
511 317
220 64
558 6
42 220
63 558
483 558
98 42
795 64
136 511
178 63
729 795
749 98
539 98
569 539
504 136
166 98
734 136
482 178
335 729
554 335
536 482
215 166
52 53 540 786 755 76 794 548 300 37 510 
52 540
794 548
53 786
755 794
786 76
53 755
548 37
52 755
540 510
76 300
625 743 272 366 448 416 65 129 583 497 527 306 131 368 449 500 145 326 141 627 618 195 214 114 792 730 
625 743
272 743
366 272
448 366
416 448
65 625
129 65
583 129
497 129
527 583
306 65
131 306
368 583
449 368
500 449
145 306
326 145
141 131
627 449
618 326
195 145
214 131
114 141
792 368
730 141
226 320 
226 320
