? 14 53 786 52 76 540 755 376 300 794 548 69 126 148 37 
? 14 121 403 316 264 99 761 561 123 714 260 102 2 688 402 
? 11 483 558 749 42 63 98 166 178 64 220 536 
? 11 200 325 384 638 670 513 315 292 744 93 404 
? 11 283 775 85 12 259 766 38 630 307 203 602 
? 10 639 674 275 604 792 165 205 459 601 379 
? 9 57 343 584 9 734 136 666 412 23 
? 9 54 747 697 71 233 192 703 221 562 
? 8 539 569 215 227 795 729 510 96 
? 8 349 588 16 482 725 88 399 533 
? 7 597 732 1 675 763 243 7 
? 7 430 605 784 335 504 554 464 
? 6 333 388 739 791 290 454 
? 6 753 774 655 29 291 154 
? 5 517 559 66 704 359 
? 5 329 478 684 339 544 
? 4 657 659 782 245 
? 3 643 710 19 
? 3 397 420 662 
? 3 258 357 785 
!
329 478 684 339 544 
329 684
329 478
329 339
339 544
133 520 717 261 393 664 41 235 116 80 518 273 695 644 336 726 39 358 299 711 68 43 401 140 438 668 268 439 185 474 83 211 276 788 750 581 468 654 
133 520
717 133
261 133
393 520
664 393
41 717
235 41
116 520
80 717
518 261
273 116
695 273
644 80
336 116
726 664
39 726
358 695
299 39
711 336
68 358
43 644
401 644
140 711
438 43
668 68
268 235
439 668
185 439
474 268
83 711
211 83
276 140
788 83
750 68
581 268
468 43
654 185
624 730 237 141 114 627 50 633 453 155 214 407 34 195 481 767 
624 730
237 624
141 730
114 141
627 730
50 627
633 237
453 50
155 633
214 114
407 453
34 633
195 214
481 407
767 195
13 318 
13 318
258 357 785 
258 357
258 785
228 707 681 101 167 330 632 352 81 147 378 348 297 32 429 308 265 282 576 471 776 331 637 424 373 760 582 51 
228 707
681 228
101 707
167 681
330 707
632 707
352 707
81 632
147 167
378 352
348 378
297 352
32 147
429 32
308 632
265 348
282 297
576 265
471 429
776 576
331 282
637 331
424 429
373 282
760 373
582 637
51 471
4 48 623 271 61 606 128 641 74 266 718 204 754 332 509 127 705 125 250 
4 48
623 48
271 4
61 271
606 271
128 606
641 606
74 61
266 48
718 641
204 74
754 266
332 204
509 332
127 74
705 641
125 754
250 127
54 747 697 71 233 192 703 221 562 
54 71
697 221
54 747
233 703
747 697
703 562
703 221
747 192
349 588 16 482 725 88 399 533 
349 588
349 16
588 725
588 482
725 533
725 399
88 399
18 375 77 609 241 616 370 14 580 108 208 411 560 436 350 247 107 398 295 501 367 
18 375
77 18
609 375
241 375
616 77
370 609
14 609
580 18
108 370
208 77
411 241
560 208
436 560
350 436
247 108
107 411
398 580
295 411
501 398
367 398
365 526 493 777 731 441 516 667 408 327 296 738 395 257 201 270 563 748 
365 526
493 365
777 526
731 493
441 777
516 777
667 526
408 777
327 667
296 667
738 667
395 667
257 408
201 408
270 327
563 395
748 731
430 605 784 335 504 554 464 
605 784
430 605
504 554
335 554
430 335
430 464
121 403 316 264 99 761 561 123 714 260 102 2 688 402 
121 264
403 99
260 2
121 99
561 123
403 316
264 561
761 714
123 260
316 761
761 102
2 688
688 402
625 743 272 366 448 342 416 593 197 617 129 337 583 497 527 306 131 449 368 500 145 326 
625 743
272 743
366 272
448 366
342 625
416 448
593 342
197 593
617 197
129 617
337 197
583 129
497 129
527 583
306 337
131 306
449 129
368 497
500 449
145 306
326 337
657 659 782 245 
657 659
657 782
782 245
519 772 541 590 437 117 592 586 450 175 735 47 183 46 62 673 545 463 92 696 467 568 
519 772
541 519
590 519
437 772
117 541
592 437
586 117
450 437
175 117
735 586
47 437
183 450
46 175
62 47
673 592
545 183
463 673
92 463
696 545
467 92
568 117
615 692 
615 692
397 420 662 
420 662
397 420
517 559 66 704 359 
66 704
517 559
517 704
559 359
105 642 440 239 579 472 427 661 531 479 87 578 751 321 756 783 95 217 225 405 687 
105 642
440 642
239 642
579 239
472 440
427 239
661 427
531 579
479 531
87 427
578 87
751 661
321 87
756 578
783 87
95 661
217 321
225 783
405 578
687 225
283 775 85 12 259 766 38 630 307 203 602 
283 775
38 203
766 38
307 602
85 12
775 85
259 38
12 307
85 630
283 259
157 567 106 689 279 406 82 311 658 678 302 556 278 693 564 168 285 413 
157 567
106 157
689 567
279 106
406 689
82 406
311 279
658 689
678 406
302 311
556 302
278 658
693 678
564 658
168 82
285 278
413 693
26 456 712 94 599 21 587 135 656 787 680 769 322 571 709 790 149 552 466 494 49 138 25 779 514 745 212 305 8 78 79 460 314 186 206 679 286 575 485 120 179 97 344 746 253 347 44 789 426 334 91 621 386 764 543 537 557 596 383 640 251 162 591 65 
26 456
712 26
94 712
599 94
21 712
587 599
135 21
656 135
787 656
680 21
769 94
322 787
571 680
709 656
790 599
149 787
552 709
466 552
494 466
49 790
138 790
25 49
779 149
514 769
745 149
212 769
305 149
8 709
78 745
79 8
460 514
314 779
186 552
206 8
679 49
286 460
575 78
485 138
120 575
179 305
97 485
344 679
746 179
253 679
347 253
44 679
789 347
426 186
334 179
91 426
621 334
386 426
764 314
543 344
537 44
557 334
596 537
383 537
640 764
251 557
162 91
591 640
65 426
539 569 215 227 795 729 510 96 
215 510
539 569
795 729
539 227
569 215
227 795
795 96
415 611 701 574 161 144 648 104 280 771 277 180 700 713 218 219 768 27 489 727 465 151 372 189 210 40 0 387 505 682 622 425 5 224 238 752 671 323 551 231 177 236 317 267 90 495 196 610 56 663 511 298 6 191 45 
415 611
701 611
574 611
161 574
144 415
648 574
104 161
280 574
771 144
277 415
180 277
700 144
713 700
218 280
219 771
768 701
27 700
489 218
727 280
465 727
151 219
372 180
189 489
210 727
40 151
0 27
387 0
505 0
682 189
622 210
425 372
5 727
224 682
238 189
752 425
671 210
323 5
551 151
231 238
177 238
236 0
317 177
267 317
90 40
495 236
196 231
610 231
56 323
663 387
511 317
298 752
6 196
191 5
45 551
753 774 655 29 291 154 
655 29
291 154
753 774
774 655
29 154
737 740 522 595 240 480 410 488 313 310 380 176 361 524 758 793 30 36 262 525 164 502 706 353 631 28 132 73 20 443 10 377 620 31 733 796 156 442 542 534 181 223 289 392 284 304 665 546 356 512 3 274 263 414 476 628 685 484 
737 740
522 737
595 522
240 522
480 740
410 480
488 480
313 488
310 480
380 480
176 488
361 240
524 313
758 361
793 176
30 380
36 793
262 30
525 758
164 793
502 793
706 758
353 706
631 525
28 164
132 353
73 30
20 73
443 28
10 73
377 443
620 132
31 10
733 377
796 620
156 620
442 706
542 31
534 542
181 443
223 733
289 796
392 181
284 289
304 181
665 10
546 796
356 304
512 534
3 512
274 442
263 665
414 223
476 263
628 304
685 546
484 274
455 608 506 431 759 134 234 202 351 374 507 150 721 242 535 193 447 530 230 152 573 683 207 187 345 723 340 312 452 773 256 686 649 699 346 
455 608
506 455
431 608
759 506
134 759
234 506
202 759
351 202
374 134
507 134
150 431
721 234
242 721
535 351
193 721
447 535
530 242
230 150
152 230
573 193
683 230
207 152
187 234
345 152
723 374
340 535
312 447
452 187
773 683
256 207
686 340
649 312
699 530
346 193
473 566 634 55 111 698 614 170 389 229 612 382 603 515 341 741 435 222 589 521 381 171 626 529 113 
473 566
634 566
55 634
111 634
698 111
614 111
170 614
389 698
229 698
612 111
382 612
603 55
515 229
341 603
741 382
435 515
222 382
589 515
521 222
381 589
171 341
626 741
529 626
113 589
200 325 384 638 670 513 315 292 744 93 404 
670 315
93 404
638 292
200 325
384 638
513 292
513 93
638 670
200 384
200 744
281 461 35 338 532 11 184 17 364 422 423 720 362 715 724 646 
281 461
35 281
338 461
532 281
11 35
184 11
17 532
364 338
422 364
423 364
720 17
362 422
715 720
724 362
646 422
248 
643 710 19 
643 19
710 19
597 732 1 675 763 243 7 
597 675
597 732
675 763
732 243
1 7
1 675
53 786 52 76 540 755 376 300 794 548 69 126 148 37 
52 540
794 548
300 148
53 786
755 794
786 76
53 755
548 37
52 755
540 376
548 126
76 300
300 69
57 343 584 9 734 136 666 412 23 
57 343
734 136
9 666
343 584
412 23
584 412
666 412
57 734
639 674 275 604 792 165 205 459 601 379 
792 165
639 674
275 205
275 604
639 275
165 205
604 459
459 601
601 379
24 417 
24 417
89 486 672 244 719 288 549 651 690 60 446 770 198 355 432 550 309 702 194 232 629 371 363 647 508 799 100 172 421 676 293 652 458 15 394 636 115 328 72 396 213 650 445 254 736 59 190 762 33 22 199 319 742 585 
89 486
672 89
244 486
719 89
288 486
549 672
651 672
690 719
60 651
446 690
770 549
198 770
355 198
432 60
550 486
309 446
702 432
194 550
232 446
629 690
371 770
363 702
647 309
508 363
799 550
100 550
172 100
421 363
676 799
293 100
652 647
458 629
15 421
394 458
636 15
115 15
328 115
72 394
396 328
213 328
650 213
445 72
254 636
736 254
59 650
190 445
762 59
33 190
22 59
199 22
319 190
742 190
585 22
444 728 757 160 547 139 324 67 538 565 209 778 303 287 110 797 70 153 528 477 716 523 142 137 722 385 294 496 86 691 269 491 122 613 369 188 492 462 660 130 694 765 653 708 600 781 216 490 119 173 
444 728
757 728
160 444
547 160
139 757
324 728
67 324
538 67
565 67
209 547
778 565
303 547
287 324
110 287
797 287
70 797
153 139
528 67
477 209
716 70
523 778
142 538
137 477
722 303
385 70
294 153
496 294
86 496
691 385
269 142
491 496
122 294
613 269
369 269
188 523
492 691
462 188
660 491
130 491
694 462
765 130
653 462
708 694
600 462
781 369
216 691
490 369
119 781
173 691
333 388 739 791 290 454 
333 388
791 290
388 739
333 791
739 454
487 619 360 354 669 451 246 118 553 75 163 470 112 169 607 84 158 498 428 174 301 503 780 409 320 572 146 618 226 570 645 
487 619
360 487
354 619
669 360
451 669
246 619
118 246
553 118
75 246
163 75
470 451
112 553
169 553
607 470
84 451
158 470
498 158
428 84
174 163
301 607
503 84
780 174
409 169
320 498
572 780
146 572
618 428
226 320
570 226
645 572
483 558 749 42 63 98 166 178 64 220 536 
63 178
749 166
42 98
558 63
483 558
42 220
483 749
483 42
64 220
63 536
255 469 390 457 58 418 124 182 594 252 598 475 159 555 434 103 635 391 249 143 419 400 798 499 109 433 
255 469
390 255
457 390
58 469
418 469
124 418
182 457
594 390
252 594
598 124
475 124
159 475
555 58
434 598
103 555
635 252
391 475
249 159
143 555
419 249
400 419
798 143
499 635
109 182
433 143
577 677 
577 677
