? 14 74 204 332 509 127 61 791 290 696 250 128 545 641 13 
? 14 121 403 316 99 264 761 260 123 568 714 102 561 463 2 
? 11 56 323 191 16 349 588 725 703 533 37 551 
? 11 363 508 432 421 15 636 355 736 371 676 233 
? 11 105 642 531 479 271 654 185 68 606 718 211 
? 10 639 674 481 407 413 601 564 155 784 430 
? 9 268 581 663 474 397 752 23 412 298 
? 9 12 85 630 602 307 248 643 19 710 
? 8 17 532 338 364 423 670 357 315 
? 8 454 774 753 51 763 655 29 1 
? 7 597 675 732 243 7 154 291 
? 7 517 559 359 66 292 404 245 
? 6 276 788 83 140 711 705 
? 6 333 388 688 739 402 582 
? 5 548 794 227 57 584 
? 5 657 659 782 513 384 
? 4 329 684 544 339 
? 3 420 468 662 
? 3 92 467 318 
? 3 58 469 418 
!
657 659 782 513 384 
657 659
657 782
513 384
782 513
487 619 451 75 163 607 169 84 301 174 428 780 503 409 320 146 618 572 326 617 226 645 197 337 570 594 335 457 554 252 390 145 182 255 767 306 734 504 
487 619
451 619
75 487
163 75
607 451
169 163
84 451
301 607
174 163
428 84
780 174
503 428
409 169
320 607
146 780
618 428
572 146
326 618
617 84
226 320
645 572
197 617
337 503
570 226
594 645
335 320
457 572
554 335
252 594
390 457
145 326
182 457
255 390
767 570
306 145
734 554
504 554
18 375 77 609 616 370 14 108 580 208 560 350 247 436 398 478 
18 375
77 375
609 18
616 77
370 18
14 370
108 370
580 108
208 77
560 208
350 560
247 108
436 560
398 580
478 436
45 401 
45 401
58 469 418 
58 469
469 418
231 610 196 177 6 64 96 317 267 220 511 558 42 483 63 795 136 98 569 178 749 671 729 539 166 482 215 536 
231 610
196 610
177 231
6 196
64 610
96 177
317 177
267 317
220 64
511 317
558 6
42 558
483 558
63 558
795 220
136 511
98 42
569 220
178 63
749 98
671 178
729 795
539 569
166 98
482 178
215 166
536 482
365 526 493 731 777 408 516 441 667 296 327 738 748 257 201 270 604 459 275 
365 526
493 365
731 493
777 365
408 777
516 408
441 408
667 526
296 667
327 296
738 667
748 731
257 408
201 441
270 327
604 257
459 270
275 604
12 85 630 602 307 248 643 19 710 
643 19
630 643
602 307
12 85
307 248
12 307
85 630
19 710
454 774 753 51 763 655 29 1 
454 774
655 29
753 51
51 1
774 753
774 655
763 655
200 325 391 381 435 589 113 434 159 515 598 249 475 419 400 521 222 103 124 389 555 
200 325
391 200
381 200
435 381
589 381
113 381
434 391
159 434
515 435
598 434
249 159
475 159
419 249
400 419
521 113
222 521
103 113
124 475
389 515
555 103
473 566 634 55 170 111 614 698 229 612 382 603 341 741 171 529 626 93 
473 566
634 566
55 634
170 634
111 170
614 111
698 111
229 698
612 614
382 612
603 55
341 603
741 603
171 341
529 741
626 529
93 626
517 559 359 66 292 404 245 
517 559
66 245
559 359
359 404
517 66
292 245
121 403 316 99 264 761 260 123 568 714 102 561 463 2 
121 264
403 99
260 2
121 99
714 463
568 2
123 561
403 316
264 561
761 714
260 123
316 761
761 102
133 520 717 393 261 80 664 41 518 116 235 273 695 495 644 336 726 39 299 236 90 358 
133 520
717 133
393 520
261 520
80 393
664 393
41 717
518 717
116 664
235 717
273 116
695 273
495 235
644 80
336 116
726 664
39 726
299 39
236 495
90 518
358 695
329 684 544 339 
329 684
329 339
544 339
225 783 756 578 87 405 321 217 687 751 427 754 239 48 623 579 750 266 4 668 125 439 
225 783
756 783
578 225
87 578
405 783
321 87
217 321
687 405
751 756
427 756
754 687
239 427
48 217
623 48
579 239
750 754
266 750
4 48
668 4
125 754
439 668
638 798 
638 798
92 467 318 
92 467
92 318
548 794 227 57 584 
548 794
57 584
794 227
227 57
22 585 59 199 464 213 650 148 69 71 396 417 300 328 115 126 24 379 563 395 254 
22 585
59 22
199 22
464 585
213 59
650 213
148 464
69 464
71 59
396 213
417 199
300 148
328 396
115 328
126 71
24 417
379 417
563 24
395 563
254 563
105 642 531 479 271 654 185 68 606 718 211 
105 642
271 654
606 718
105 531
531 479
654 185
185 68
606 211
271 606
479 271
38 203 766 259 501 107 724 362 258 283 422 646 295 241 775 411 367 704 
38 203
766 38
259 38
501 203
107 766
724 259
362 724
258 362
283 259
422 362
646 258
295 766
241 766
775 283
411 295
367 501
704 258
26 456 712 94 599 21 135 587 680 787 656 322 769 571 709 149 790 552 466 25 494 49 779 460 138 212 514 745 8 79 78 305 314 186 485 286 179 575 206 679 97 344 120 347 253 789 746 44 334 426 91 621 543 386 764 640 537 596 383 251 557 162 129 591 
26 456
712 26
94 456
599 94
21 712
135 21
587 599
680 21
787 26
656 135
322 787
769 94
571 680
709 656
149 787
790 587
552 135
466 552
25 322
494 466
49 790
779 149
460 680
138 790
212 769
514 460
745 322
8 709
79 8
78 745
305 149
314 779
186 552
485 138
286 460
179 745
575 78
206 8
679 49
97 485
344 679
120 575
347 138
253 347
789 347
746 179
44 344
334 746
426 186
91 426
621 746
543 44
386 186
764 314
640 764
537 44
596 537
383 537
251 334
557 334
162 91
129 460
591 640
17 532 338 364 423 670 357 315 
670 315
338 364
532 338
423 315
17 532
364 423
357 315
455 608 506 234 202 759 134 431 150 351 507 242 447 721 374 193 535 530 207 230 573 187 152 345 683 723 340 312 686 773 452 256 699 461 346 184 720 649 35 470 281 553 112 118 9 498 669 666 360 246 343 11 158 109 715 
455 608
506 455
234 506
202 608
759 202
134 759
431 202
150 431
351 202
507 134
242 234
447 351
721 234
374 507
193 721
535 447
530 242
207 431
230 150
573 193
187 234
152 150
345 152
683 230
723 374
340 535
312 447
686 340
773 683
452 187
256 207
699 530
461 256
346 193
184 340
720 345
649 312
35 340
470 346
281 461
553 723
112 553
118 553
9 152
498 346
669 573
666 9
360 452
246 553
343 773
11 35
158 498
109 11
715 720
333 388 688 739 402 582 
333 388
388 402
388 688
388 739
688 582
31 542 534 512 3 20 10 73 446 690 232 629 30 665 647 288 719 309 244 262 652 524 89 486 263 194 502 458 380 410 672 36 549 550 310 476 480 100 72 651 313 793 394 293 172 223 799 164 60 488 702 733 770 176 28 198 377 190 
31 542
534 542
512 542
3 512
20 31
10 542
73 20
446 512
690 512
232 446
629 690
30 73
665 629
647 232
288 446
719 288
309 232
244 719
262 30
652 647
524 30
89 244
486 89
263 665
194 309
502 524
458 629
380 262
410 380
672 89
36 502
549 672
550 194
310 410
476 263
480 310
100 550
72 263
651 672
313 310
793 36
394 458
293 100
172 100
223 476
799 172
164 793
60 651
488 313
702 60
733 223
770 549
176 488
28 164
198 60
377 733
190 476
415 611 701 161 574 144 104 280 771 648 219 218 277 180 489 465 27 700 727 768 713 151 189 372 505 387 210 682 40 0 622 238 224 5 425 
415 611
701 611
161 701
574 161
144 415
104 574
280 574
771 144
648 161
219 144
218 280
277 415
180 277
489 218
465 648
27 771
700 27
727 465
768 465
713 700
151 219
189 489
372 713
505 771
387 771
210 727
682 189
40 505
0 505
622 210
238 189
224 682
5 622
425 372
106 279 157 311 567 302 556 82 689 406 76 376 53 285 52 658 278 510 168 786 540 755 693 678 34 
106 279
157 106
311 279
567 157
302 311
556 302
82 567
689 567
406 567
76 302
376 556
53 302
285 106
52 53
658 689
278 658
510 376
168 406
786 53
540 52
755 540
693 406
678 693
34 285
363 508 432 421 15 636 355 736 371 676 233 
508 432
363 508
15 636
421 15
363 421
355 371
371 676
432 355
636 736
15 233
519 772 541 590 437 117 592 586 450 175 735 183 673 46 47 62 
519 772
541 519
590 541
437 519
117 541
592 590
586 117
450 437
175 117
735 586
183 450
673 592
46 175
47 183
62 47
785 
420 468 662 
420 468
420 662
597 675 732 243 7 154 291 
732 291
597 675
597 732
732 154
243 154
7 291
74 204 332 509 127 61 791 290 696 250 128 545 641 13 
332 696
509 791
74 204
696 545
128 641
509 290
127 290
332 791
204 332
250 13
127 13
74 61
61 128
268 581 663 474 397 752 23 412 298 
268 663
752 298
581 663
581 474
23 412
23 298
474 397
663 298
639 674 481 407 413 601 564 155 784 430 
639 674
481 407
407 413
784 430
413 601
564 155
407 564
155 430
639 481
43 438 
43 438
444 728 757 547 160 139 209 324 67 538 287 565 303 778 797 110 70 523 153 528 716 142 477 385 137 722 294 496 691 86 122 269 491 613 188 369 462 492 660 130 694 653 765 173 781 354 216 600 119 708 635 490 744 499 
444 728
757 728
547 757
160 757
139 728
209 547
324 728
67 324
538 67
287 324
565 67
303 547
778 565
797 287
110 287
70 797
523 778
153 139
528 67
716 70
142 528
477 110
385 70
137 477
722 303
294 153
496 294
691 385
86 153
122 294
269 142
491 496
613 269
188 523
369 269
462 188
492 137
660 122
130 86
694 462
653 694
765 130
173 385
781 369
354 781
216 492
600 653
119 354
708 653
635 173
490 369
744 216
499 744
737 740 595 522 240 361 758 525 631 706 353 132 443 620 156 442 796 181 392 289 284 304 274 685 546 356 628 192 414 484 33 742 95 399 615 472 88 692 697 221 677 319 54 445 747 440 661 562 762 577 
737 740
595 737
522 595
240 522
361 240
758 361
525 758
631 525
706 758
353 706
132 706
443 631
620 132
156 620
442 706
796 620
181 443
392 181
289 392
284 289
304 392
274 442
685 796
546 685
356 181
628 304
192 304
414 356
484 442
33 414
742 33
95 274
399 628
615 628
472 484
88 399
692 546
697 192
221 615
677 88
319 33
54 742
445 33
747 54
440 472
661 472
562 221
762 445
577 677
276 788 83 140 711 705 
788 83
276 140
140 711
276 705
276 83
625 743 272 366 448 342 416 593 65 527 497 583 500 368 131 449 141 627 195 214 114 50 165 730 205 792 624 237 453 605 633 
625 743
272 625
366 272
448 366
342 625
416 448
593 342
65 593
527 65
497 527
583 527
500 65
368 497
131 65
449 500
141 131
627 449
195 131
214 131
114 141
50 627
165 497
730 141
205 165
792 205
624 730
237 624
453 50
605 195
633 237
56 323 191 16 349 588 725 703 533 37 551 
56 323
16 349
349 588
588 725
56 191
533 37
725 533
323 16
725 703
191 551
101 228 681 167 707 330 81 147 352 632 308 348 378 32 265 282 297 429 576 331 776 471 424 760 637 373 
101 228
681 228
167 681
707 681
330 707
81 101
147 228
352 707
632 101
308 632
348 681
378 352
32 147
265 348
282 308
297 352
429 32
576 265
331 282
776 576
471 429
424 429
760 282
637 331
373 760
143 433 
143 433
