? 3 91 507 756 
? 3 272 378 615 
? 3 71 772 691 
? 3 48 492 710 
? 3 326 701 679 
? 3 337 550 528 
? 3 520 588 732 
? 3 614 734 612 
? 3 201 617 715 
? 3 277 672 654 
? 3 372 792 404 
? 3 139 185 202 
? 3 368 728 234 
? 3 266 413 152 
? 3 275 419 638 
? 3 174 430 607 
? 3 539 671 343 
? 3 370 423 332 
? 3 725 770 574 
? 3 150 284 89 
? 3 409 692 45 
? 3 581 645 449 
? 3 41 478 158 
? 3 95 776 439 
? 3 406 624 405 
? 3 177 397 428 
? 3 213 440 165 
? 3 434 781 255 
? 3 183 745 641 
? 3 248 682 215 
? 3 132 677 719 
? 3 462 742 247 
? 3 252 435 542 
? 3 75 726 138 
? 3 39 316 487 
? 3 142 704 533 
? 3 438 593 403 
? 3 366 733 697 
? 3 536 551 166 
? 3 24 410 322 
? 3 282 473 562 
? 3 292 599 204 
? 3 156 239 619 
? 3 67 580 471 
? 3 157 279 510 
? 3 9 606 527 
? 3 61 501 244 
? 3 241 416 51 
!
798 
793 
653 696 
653 696
241 416 51 
241 416
416 51
225 369 
225 369
61 501 244 
61 244
61 501
200 328 
200 328
465 571 794 346 
465 571
794 571
346 465
331 753 
331 753
9 606 527 
606 527
9 606
278 780 35 291 306 309 777 559 445 656 
278 780
35 278
291 780
306 35
309 278
777 306
559 278
445 35
656 291
787 
198 525 750 494 675 280 
198 525
750 525
494 750
675 750
280 198
784 
157 279 510 
157 279
157 510
299 414 
299 414
778 
67 580 471 
67 580
67 471
761 
759 
587 716 
587 716
652 762 769 325 684 586 771 124 
652 762
769 762
325 769
684 762
586 652
771 325
124 762
156 239 619 
239 619
156 239
292 599 204 
292 599
292 204
217 651 
217 651
282 473 562 
282 473
282 562
155 764 412 670 359 192 106 56 
155 764
412 764
670 764
359 155
192 764
106 670
56 155
402 602 47 554 785 628 176 164 
402 602
47 602
554 47
785 402
628 402
176 785
164 47
312 433 348 421 54 77 383 269 179 
312 433
348 433
421 433
54 433
77 433
383 421
269 421
179 433
752 
24 410 322 
410 322
24 322
747 
746 
96 134 
96 134
724 
536 551 166 
551 166
536 166
722 
109 627 489 605 
109 627
489 627
605 109
717 
713 
541 702 304 270 374 481 
541 702
304 702
270 702
374 702
481 270
540 639 
540 639
643 736 
643 736
366 733 697 
366 733
366 697
712 
381 532 
381 532
703 
37 488 237 673 737 635 401 
37 488
237 37
673 488
737 488
635 237
401 237
700 
438 593 403 
438 593
438 403
93 758 371 94 59 
93 758
371 93
94 93
59 94
688 
380 625 
380 625
687 
683 
665 
610 622 144 302 66 
610 622
144 610
302 144
66 622
657 
246 575 
246 575
142 704 533 
142 704
142 533
649 
68 748 566 418 739 53 568 62 342 603 
68 748
566 68
418 748
739 68
53 68
568 418
62 68
342 418
603 739
6 596 453 480 
6 596
453 6
480 596
39 316 487 
39 316
39 487
648 
75 726 138 
75 726
75 138
221 515 197 285 707 
221 515
197 221
285 515
707 515
103 128 339 86 301 262 650 699 351 448 121 151 
103 128
339 128
86 103
301 128
262 301
650 301
699 103
351 301
448 103
121 103
151 339
249 437 
249 437
642 
74 463 
74 463
741 788 253 210 
741 788
253 788
210 788
317 644 
317 644
252 435 542 
435 542
252 435
486 598 
486 598
632 
462 742 247 
462 742
742 247
288 698 226 681 
288 698
226 288
681 698
276 561 460 240 
276 561
460 561
240 561
132 677 719 
677 719
132 719
248 682 215 
248 215
248 682
631 
183 745 641 
745 641
183 745
14 375 
14 375
7 626 415 209 126 457 799 429 708 751 
7 626
415 626
209 415
126 7
457 7
799 415
429 209
708 209
751 126
216 425 50 595 258 117 105 768 
216 425
50 425
595 216
258 425
117 595
105 425
768 117
186 616 393 224 305 553 
186 616
393 186
224 186
305 393
553 186
229 391 
229 391
382 408 
382 408
173 265 147 474 
173 265
147 173
474 265
618 
63 233 442 196 424 767 
63 233
442 63
196 63
424 442
767 63
577 
434 781 255 
434 255
434 781
569 
70 338 178 552 
70 338
178 338
552 178
131 647 
131 647
90 187 100 232 327 519 
90 187
100 187
232 90
327 90
519 187
564 
585 646 450 782 223 175 
585 646
450 646
782 585
223 585
175 585
560 
556 
543 
145 446 60 160 358 
145 446
60 145
160 145
358 446
10 547 744 118 
10 547
744 547
118 547
119 360 193 797 293 
119 360
193 360
797 360
293 119
213 440 165 
440 165
213 165
123 773 
123 773
107 666 300 399 
107 666
300 666
399 107
110 589 
110 589
177 397 428 
177 397
177 428
88 289 203 101 
88 289
203 88
101 203
355 432 711 344 
355 432
711 432
344 432
406 624 405 
406 405
406 624
523 
482 667 731 361 390 44 431 686 
482 667
731 667
361 667
390 731
44 482
431 482
686 482
319 633 
319 633
512 
208 259 191 263 680 757 775 389 297 135 363 354 720 
208 259
191 259
263 208
680 263
757 259
775 263
389 263
297 191
135 263
363 680
354 389
720 297
250 760 
250 760
31 470 34 763 730 783 42 12 159 395 508 
31 470
34 31
763 470
730 31
783 763
42 763
12 31
159 12
395 12
508 34
95 776 439 
95 439
776 439
511 
57 506 451 685 340 
57 506
451 506
685 57
340 685
170 576 754 498 153 387 199 162 19 172 
170 576
754 170
498 170
153 754
387 576
199 170
162 498
19 754
172 576
41 478 158 
41 158
41 478
113 620 
113 620
505 
504 
581 645 449 
581 645
581 449
287 549 
287 549
308 461 
308 461
500 690 545 26 
500 690
545 500
26 545
409 692 45 
692 45
409 45
497 
535 538 658 476 613 125 69 789 
535 538
658 535
476 538
613 535
125 476
69 535
789 476
82 600 743 303 
82 600
743 600
303 82
490 
484 
49 52 693 16 15 
49 52
693 52
16 52
15 693
29 329 
29 329
30 313 531 84 565 509 320 
30 313
531 313
84 313
565 313
509 565
320 84
150 284 89 
150 89
284 89
271 472 83 65 791 
271 472
83 472
65 271
791 83
464 
459 
725 770 574 
725 770
725 574
114 601 723 25 357 
114 601
723 601
25 114
357 601
452 
64 243 
64 243
352 479 238 694 97 661 
352 479
238 352
694 352
97 352
661 694
370 423 332 
423 332
370 332
539 671 343 
539 671
539 343
444 
149 660 349 28 3 705 
149 660
349 149
28 149
3 28
705 349
443 
441 
427 
154 590 640 296 
154 590
640 590
296 154
111 502 
111 502
264 323 513 555 
264 323
513 323
555 323
120 529 563 218 122 180 
120 529
563 529
218 120
122 218
180 529
526 765 385 774 468 706 514 
526 765
385 526
774 526
468 526
706 468
514 774
81 456 466 637 
81 456
466 456
637 456
426 
422 
130 493 
130 493
407 
112 496 
112 496
400 
73 362 495 608 454 336 314 188 168 167 
73 362
495 73
608 495
454 362
336 362
314 73
188 454
168 495
167 314
136 570 
136 570
174 430 607 
174 607
430 607
436 721 
436 721
4 455 
4 455
275 419 638 
275 638
275 419
171 534 104 189 307 205 311 567 206 516 591 230 583 
171 534
104 171
189 104
307 104
205 534
311 534
567 307
206 171
516 311
591 205
230 205
583 591
594 790 373 584 347 335 330 709 392 411 
594 790
373 790
584 594
347 373
335 373
330 584
709 790
392 594
411 330
266 413 152 
413 152
266 152
755 795 786 108 524 315 572 310 
755 795
786 795
108 795
524 795
315 795
572 795
310 524
669 779 
669 779
22 38 579 678 
22 38
579 38
678 579
398 
368 728 234 
368 234
368 728
139 185 202 
139 185
185 202
33 379 674 212 207 
33 379
674 33
212 33
207 379
40 43 333 21 447 161 
40 43
333 43
21 40
447 40
161 40
372 792 404 
372 792
792 404
256 281 92 623 146 
256 281
92 256
623 92
146 92
558 604 20 629 
558 604
20 604
629 558
396 
386 
384 
376 
141 636 
141 636
87 294 499 353 27 
87 294
499 294
353 499
27 353
277 672 654 
672 654
277 654
261 467 
261 467
274 749 
274 749
181 546 
181 546
367 
163 544 
163 544
201 617 715 
201 715
617 715
364 
334 
129 254 
129 254
13 689 
13 689
76 578 
76 578
318 
614 734 612 
614 734
614 612
520 588 732 
520 588
520 732
295 
290 
298 530 740 592 
298 530
740 298
592 298
78 664 537 573 
78 664
537 664
573 78
251 
1 184 214 521 388 668 
1 184
214 1
521 1
388 1
668 521
236 609 
236 609
485 597 
485 597
115 458 
115 458
337 550 528 
337 528
550 528
394 659 
394 659
257 377 621 324 137 365 268 
257 377
621 257
324 377
137 377
365 377
268 377
143 503 
143 503
242 
231 
491 738 80 98 222 
491 738
80 491
98 491
222 98
220 
219 
211 
194 
190 
182 
169 
326 701 679 
326 701
326 679
48 492 710 
492 710
48 492
420 630 483 727 735 99 
420 630
483 630
727 420
735 630
99 727
71 772 691 
71 772
772 691
23 766 
23 766
417 522 267 140 718 518 517 
417 522
267 417
140 522
718 417
518 417
517 518
148 
272 378 615 
378 615
272 378
341 695 729 228 32 
341 695
729 695
228 341
32 695
91 507 756 
507 756
91 507
133 
102 
235 321 663 195 46 796 350 
235 321
663 235
195 321
46 235
796 195
350 46
85 
79 
58 
55 
286 557 
286 557
18 
17 
245 345 
245 345
5 548 227 273 283 
5 548
227 5
273 5
283 548
260 662 676 36 
260 662
676 260
36 662
11 
8 
469 655 
469 655
356 582 475 116 
356 582
475 356
116 475
2 
127 477 611 72 634 714 
127 477
611 127
72 611
634 72
714 634
0 
