? 3 107 175 666 
? 3 326 701 679 
? 3 70 338 178 
? 3 113 557 587 
? 3 150 284 135 
? 3 293 620 286 
? 3 32 151 25 
? 3 581 645 449 
? 3 65 407 419 
? 3 462 742 466 
? 3 465 571 794 
? 3 136 570 409 
? 3 81 456 637 
? 3 520 588 736 
? 3 179 212 33 
? 3 222 253 545 
? 3 345 625 659 
? 3 134 460 561 
? 3 536 551 66 
? 3 277 471 672 
? 3 139 185 225 
? 3 261 340 467 
? 3 249 638 275 
? 3 75 316 138 
? 3 82 600 440 
? 3 141 578 636 
? 3 201 607 617 
? 3 292 599 215 
? 3 224 696 653 
? 3 219 691 441 
? 3 125 710 752 
? 3 317 644 9 
? 3 624 735 99 
? 3 174 699 121 
? 3 539 766 391 
? 3 210 376 521 
? 3 226 288 698 
? 3 51 416 132 
? 3 96 358 553 
? 3 23 398 118 
? 3 129 458 254 
? 3 163 308 544 
? 3 469 655 784 
? 3 549 733 45 
? 3 741 788 690 
? 3 11 778 773 
? 3 110 589 709 
? 3 142 704 396 
!
787 
779 
331 753 
331 753
142 704 396 
704 396
142 704
242 647 
242 647
110 589 709 
589 709
110 709
403 560 
403 560
27 438 593 747 
27 438
593 438
747 438
300 619 
300 619
11 778 773 
11 778
778 773
412 764 155 670 359 192 52 693 49 106 
412 764
155 764
670 764
359 155
192 764
52 764
693 412
49 52
106 49
777 
257 377 621 365 268 324 
257 377
621 257
365 377
268 377
324 257
759 
741 788 690 
741 788
741 690
137 459 
137 459
724 
549 733 45 
549 733
549 45
719 
713 
496 523 
496 523
100 187 90 444 527 519 683 327 
100 187
90 187
444 100
527 187
519 90
683 527
327 90
469 655 784 
469 655
469 784
163 308 544 
163 544
308 544
200 493 
200 493
129 458 254 
129 458
129 254
37 488 237 737 673 401 635 497 
37 488
237 37
737 488
673 237
401 237
635 237
497 635
526 765 385 774 706 468 512 245 
526 765
385 765
774 526
706 526
468 774
512 765
245 385
402 602 47 785 554 628 164 176 797 
402 602
47 602
785 402
554 47
628 602
164 47
176 602
797 628
712 
23 398 118 
23 398
398 118
703 
697 
160 677 
160 677
692 
96 358 553 
96 553
358 553
686 
48 492 303 436 
48 492
303 48
436 48
676 
665 
198 525 750 675 494 280 
198 525
750 525
675 525
494 750
280 198
229 343 
229 343
285 793 
285 793
51 416 132 
416 132
51 416
649 
247 681 
247 681
648 
267 417 522 140 518 13 370 
267 417
522 417
140 417
518 417
13 518
370 417
643 
226 288 698 
226 698
226 288
491 738 80 500 98 
491 738
80 491
500 80
98 80
639 
211 583 
211 583
633 
631 
623 
356 582 475 116 79 
356 582
475 356
116 356
79 582
615 
143 503 
143 503
210 376 521 
210 376
210 521
612 
755 795 786 328 315 108 572 524 310 580 
755 795
786 755
328 755
315 795
108 795
572 795
524 795
310 524
580 315
656 792 372 678 
656 792
372 792
678 656
539 766 391 
539 766
539 391
609 
174 699 121 
699 121
174 699
144 610 302 622 722 
144 610
302 610
622 610
722 622
31 470 34 763 783 511 42 730 12 159 395 508 
31 470
34 31
763 470
783 763
511 31
42 34
730 763
12 730
159 12
395 12
508 511
318 474 
318 474
606 
246 575 
246 575
451 734 614 531 
451 734
614 451
531 451
320 505 
320 505
624 735 99 
624 735
735 99
162 290 
162 290
605 
317 644 9 
317 644
644 9
145 446 60 168 
145 446
60 145
168 446
355 432 344 711 
355 432
344 432
711 432
125 710 752 
125 710
710 752
219 691 441 
219 691
691 441
574 
224 696 653 
224 696
224 653
196 319 
196 319
170 576 754 498 387 153 199 194 618 19 
170 576
754 170
498 170
387 170
153 498
199 576
194 576
618 576
19 498
120 529 218 180 563 473 122 197 
120 529
218 120
180 120
563 529
473 529
122 120
197 120
109 489 283 627 274 749 
109 489
283 109
627 109
274 627
749 627
299 726 
299 726
16 56 
16 56
379 674 157 207 
379 674
157 674
207 674
569 
83 472 271 746 791 232 
83 472
271 472
746 472
791 83
232 791
543 
292 599 215 
292 599
292 215
542 
94 758 93 654 
94 758
93 758
654 94
156 399 
156 399
117 768 595 114 217 216 
117 768
595 117
114 117
217 117
216 595
510 
73 362 495 336 608 314 
73 362
495 73
336 362
608 495
314 73
504 
501 
490 
351 650 74 448 384 
351 650
74 351
448 650
384 650
10 547 481 744 
10 547
481 547
744 547
368 478 234 728 41 
368 478
234 368
728 368
41 478
201 607 617 
201 607
201 617
220 642 
220 642
221 515 562 707 
221 515
562 221
707 515
183 641 
183 641
141 578 636 
141 578
141 636
154 590 296 167 
154 590
296 154
167 154
256 281 92 146 
256 281
92 281
146 92
82 600 440 
82 600
600 440
487 
535 538 658 476 166 789 613 743 
535 538
658 538
476 538
166 538
789 538
613 476
743 789
346 798 
346 798
485 
208 259 263 191 680 757 297 354 363 389 775 662 58 
208 259
263 259
191 259
680 263
757 191
297 191
354 263
363 680
389 680
775 680
662 363
58 191
61 244 
61 244
594 790 373 584 347 335 330 392 411 716 725 
594 790
373 790
584 594
347 594
335 790
330 594
392 594
411 584
716 584
725 411
75 316 138 
316 138
75 316
484 
22 38 579 236 15 
22 38
579 22
236 38
15 22
68 748 418 53 566 568 342 739 603 62 
68 748
418 748
53 68
566 68
568 68
342 568
739 53
603 739
62 603
249 638 275 
249 638
638 275
181 546 
181 546
464 
463 
261 340 467 
340 467
261 340
669 705 
669 705
17 266 
17 266
36 776 95 439 
36 776
95 776
439 776
139 185 225 
139 185
185 225
437 
482 667 731 24 361 550 431 390 
482 667
731 667
24 482
361 667
550 482
431 24
390 731
97 661 364 657 
97 661
364 97
657 97
430 
429 
28 149 3 349 660 
28 149
3 28
349 149
660 149
165 213 
165 213
103 128 339 86 262 301 715 
103 128
339 128
86 339
262 339
301 128
715 103
277 471 672 
277 471
277 672
88 289 455 101 203 
88 289
455 289
101 289
203 455
423 
413 
536 551 66 
536 66
551 66
585 646 450 782 239 
585 646
450 646
782 585
239 646
410 
435 770 
435 770
235 321 663 195 46 796 
235 321
663 321
195 321
46 235
796 663
134 460 561 
460 561
134 561
345 625 659 
345 625
345 659
408 
652 762 769 325 684 248 
652 762
769 762
325 769
684 652
248 769
400 
386 
382 
57 506 685 251 
57 506
685 57
251 506
461 720 
461 720
173 265 486 540 
173 265
486 173
540 265
397 428 71 177 427 772 
397 428
71 428
177 397
427 428
772 428
420 630 483 727 406 405 586 
420 630
483 630
727 420
406 727
405 406
586 405
6 596 689 453 
6 596
689 596
453 6
369 
350 
480 718 
480 718
332 
14 375 
14 375
295 
278 780 35 445 306 291 309 111 334 559 
278 780
35 278
445 278
306 278
291 780
309 780
111 291
334 780
559 278
255 366 
255 366
222 253 545 
253 545
222 253
598 688 
598 688
528 700 
528 700
179 212 33 
212 33
179 33
171 534 104 189 307 567 311 206 205 632 591 516 230 
171 534
104 171
189 104
307 189
567 307
311 534
206 311
205 206
632 534
591 205
516 311
230 516
7 626 415 126 209 708 799 39 457 751 
7 626
415 626
126 7
209 626
708 7
799 415
39 415
457 415
751 126
520 588 736 
520 588
588 736
312 433 348 421 383 77 269 54 
312 433
348 312
421 312
383 421
77 312
269 421
54 77
4 260 
4 260
186 616 305 393 
186 616
305 616
393 305
287 
81 456 637 
456 637
81 637
136 570 409 
136 570
136 409
188 454 564 112 640 
188 454
564 454
112 188
640 188
558 604 20 629 552 190 
558 604
20 604
629 558
552 558
190 629
465 571 794 
571 794
465 794
50 425 258 723 443 
50 425
258 425
723 425
443 258
91 507 756 732 
91 507
756 507
732 507
282 
279 
276 
272 
131 202 
131 202
298 530 592 740 452 
298 530
592 298
740 592
452 298
462 742 466 
462 466
462 742
381 721 
381 721
577 761 
577 761
380 394 
380 394
250 
89 371 
89 371
65 407 419 
65 419
65 407
243 
241 
434 781 
434 781
59 760 
59 760
130 514 
130 514
240 
581 645 449 
581 645
581 449
32 151 25 
32 151
32 25
231 
223 
78 537 664 573 
78 537
664 78
573 78
193 360 252 119 
193 360
252 193
119 360
204 
304 702 541 374 270 671 
304 702
541 702
374 702
270 541
671 304
414 533 
414 533
357 532 
357 532
152 367 
152 367
293 620 286 
293 286
620 286
601 651 
601 651
127 477 611 634 714 72 745 
127 477
611 127
634 127
714 127
72 611
745 72
69 687 
69 687
182 
172 
1 184 214 668 388 
1 184
214 1
668 184
388 1
169 
161 
158 
148 
147 
133 
124 
150 284 135 
150 284
284 135
113 557 587 
557 587
113 557
424 442 233 63 767 597 
424 442
233 442
63 233
767 442
597 424
70 338 178 
338 178
70 338
378 717 
378 717
264 323 555 64 513 517 115 
264 323
555 323
64 264
513 323
517 264
115 513
123 
326 701 679 
326 701
326 679
238 479 352 76 694 
238 479
352 479
76 479
694 352
107 175 666 
107 666
107 175
105 
102 
40 43 333 556 21 422 447 
40 43
333 40
556 40
21 40
422 43
447 43
85 
67 
55 
44 
322 337 
322 337
29 
26 
404 502 
404 502
30 313 509 565 84 
30 313
509 30
565 30
84 313
5 548 273 227 
5 548
273 5
227 5
18 
8 
682 771 
682 771
87 294 499 353 
87 294
499 87
353 499
2 
228 341 695 329 729 426 
228 341
695 341
329 228
729 695
426 341
0 
