? 3 366 733 549 
? 3 373 790 594 
? 3 25 114 601 
? 3 113 119 293 
? 3 132 719 416 
? 3 480 747 596 
? 3 469 655 784 
? 3 10 744 439 
? 3 634 714 166 
? 3 53 739 62 
? 3 76 578 479 
? 3 147 798 598 
? 3 266 501 152 
? 3 39 138 75 
? 3 330 411 725 
? 3 253 741 98 
? 3 468 512 765 
? 3 127 477 611 
? 3 51 160 446 
? 3 628 649 797 
? 3 19 413 367 
? 3 87 294 499 
? 3 156 239 450 
? 3 763 783 569 
? 3 148 782 193 
? 3 558 629 604 
? 3 17 61 244 
? 3 60 145 168 
? 3 179 674 54 
? 3 64 243 264 
? 3 577 761 143 
? 3 257 621 377 
? 3 80 491 738 
? 3 652 684 124 
? 3 133 230 206 
? 3 298 530 452 
? 3 50 443 105 
? 3 12 395 716 
? 3 436 721 381 
? 3 108 675 572 
? 3 280 310 41 
? 3 507 756 91 
? 3 620 642 286 
? 3 33 212 379 
? 3 465 794 571 
? 3 27 403 353 
? 3 65 407 746 
? 3 287 697 573 
!
779 
770 
545 788 
545 788
287 697 573 
697 573
287 697
405 624 
405 624
65 407 746 
65 407
65 746
157 207 
157 207
141 636 364 647 
141 636
364 636
647 364
137 324 
137 324
27 403 353 
27 353
403 353
653 759 236 678 579 38 372 2 22 792 
653 759
236 653
678 759
579 678
38 579
372 678
2 236
22 38
792 678
750 
117 768 595 217 651 216 
117 768
595 768
217 117
651 117
216 595
732 
465 794 571 
794 571
465 794
181 546 
181 546
726 
33 212 379 
33 212
33 379
724 
720 
190 787 
190 787
451 614 734 509 506 490 531 30 
451 614
734 614
509 451
506 509
490 614
531 509
30 509
620 642 286 
620 286
620 642
507 756 91 
507 756
507 91
434 781 
434 781
280 310 41 
280 41
310 41
228 426 729 341 695 329 102 8 
228 426
729 426
341 228
695 341
329 228
102 329
8 102
265 474 173 77 540 318 486 312 
265 474
173 265
77 265
540 474
318 540
486 173
312 77
1 560 184 214 521 388 438 593 668 
1 560
184 1
214 184
521 184
388 1
438 388
593 388
668 521
669 
108 675 572 
675 572
108 675
665 
656 
380 510 
380 510
639 
436 721 381 
721 381
436 381
635 
274 749 489 627 
274 749
489 749
627 489
623 
608 
120 180 529 218 282 122 
120 180
529 180
218 120
282 529
122 218
9 606 
9 606
494 700 
494 700
12 395 716 
12 716
395 716
592 
70 338 
70 338
584 
233 767 597 442 63 196 424 
233 767
597 767
442 597
63 767
196 233
424 597
574 
50 443 105 
443 105
50 105
412 764 155 693 192 
412 764
155 412
693 412
192 764
563 
32 151 
32 151
544 
539 
532 
260 662 363 676 95 
260 662
363 662
676 363
95 676
527 
198 524 
198 524
298 530 452 
298 530
530 452
526 
203 455 4 88 101 182 289 374 46 36 
203 455
4 203
88 455
101 88
182 4
289 88
374 101
46 101
36 4
232 408 791 519 
232 408
791 408
519 232
133 230 206 
230 206
133 206
503 
652 684 124 
684 124
652 124
34 42 31 470 730 
34 42
31 34
470 31
730 31
186 616 358 305 393 134 96 696 224 553 609 648 
186 616
358 616
305 186
393 305
134 186
96 358
696 393
224 696
553 96
609 224
648 393
485 552 
485 552
500 
386 776 
386 776
82 743 303 18 
82 743
303 82
18 303
79 582 
79 582
80 491 738 
80 491
491 738
26 690 
26 690
488 
257 621 377 
257 377
257 621
515 707 221 11 
515 707
221 515
11 515
786 795 755 328 
786 795
755 786
328 786
577 761 143 
577 761
761 143
64 243 264 
243 264
64 264
487 
179 674 54 
179 674
674 54
136 570 
136 570
583 632 591 567 205 390 211 461 104 534 
583 632
591 583
567 583
205 591
390 591
211 632
461 211
104 567
534 104
194 618 576 170 159 498 153 754 
194 618
576 618
170 576
159 194
498 170
153 170
754 153
86 262 128 339 103 301 
86 262
128 262
339 86
103 128
301 262
14 375 
14 375
508 511 
508 511
660 717 378 705 
660 717
378 717
705 660
484 
55 541 304 270 702 547 
55 541
304 541
270 55
702 304
547 270
483 
60 145 168 
60 145
60 168
473 
177 397 428 71 
177 397
428 177
71 177
125 710 
125 710
100 187 90 382 327 683 
100 187
90 187
382 90
327 90
683 327
449 
99 727 406 735 420 630 
99 727
406 99
735 406
420 727
630 420
448 
444 
435 
174 715 699 121 201 
174 715
699 174
121 174
201 715
300 666 107 619 
300 666
107 300
619 300
237 673 737 497 37 
237 673
737 673
497 237
37 673
17 61 244 
17 244
61 244
357 723 
357 723
351 650 384 74 
351 650
384 650
74 351
463 793 
463 793
558 629 604 
558 604
558 629
269 421 383 348 
269 421
383 421
348 383
256 281 92 146 
256 281
92 256
146 92
148 782 193 
148 782
148 193
433 
535 538 658 789 631 476 613 641 
535 538
658 538
789 535
631 658
476 789
613 789
641 538
197 562 
197 562
409 
278 309 780 35 445 306 777 334 559 291 111 404 502 
278 309
780 309
35 309
445 35
306 445
777 306
334 780
559 334
291 334
111 291
404 111
502 111
268 712 
268 712
81 456 466 637 464 462 226 742 247 681 288 
81 456
466 81
637 81
464 456
462 466
226 637
742 462
247 226
681 247
288 681
763 783 569 
763 783
763 569
401 
345 625 245 385 394 
345 625
245 345
385 245
394 625
188 454 564 523 640 112 336 496 590 154 
188 454
564 188
523 454
640 564
112 523
336 523
496 112
590 640
154 590
156 239 450 
156 450
239 450
773 778 
773 778
399 
392 
87 294 499 
294 499
87 499
85 252 
85 252
536 551 
536 551
199 290 162 387 
199 290
162 290
387 199
19 413 367 
19 367
413 367
391 
142 704 533 615 299 414 396 272 
142 704
533 704
615 533
299 615
414 615
396 142
272 615
93 322 758 94 
93 322
758 93
94 758
389 
376 
73 362 495 314 167 
73 362
495 73
314 73
167 314
109 283 
109 283
144 610 231 302 722 622 229 
144 610
231 610
302 231
722 144
622 722
229 302
628 649 797 
628 649
628 797
643 736 617 430 607 
643 736
617 643
430 617
607 430
365 
360 
51 160 446 
160 446
51 446
234 368 728 478 659 
234 368
728 368
478 234
659 728
359 
47 164 
47 164
295 493 130 706 688 400 
295 493
130 493
706 493
688 706
400 688
127 477 611 
127 477
477 611
468 512 765 
512 765
468 765
349 
333 556 43 447 161 422 
333 556
43 556
447 43
161 43
422 447
347 
346 
342 
44 550 337 528 
44 550
337 550
528 337
275 419 
275 419
78 537 664 437 
78 537
664 537
437 78
67 760 250 315 471 580 
67 760
250 760
315 250
471 67
580 315
23 398 766 481 677 118 241 
23 398
766 398
481 23
677 23
118 481
241 677
176 331 220 753 
176 331
220 176
753 220
335 
316 
175 223 
175 223
308 
5 548 
5 548
296 
150 284 89 757 135 371 410 431 354 24 
150 284
89 150
757 150
135 757
371 284
410 371
431 410
354 135
24 431
441 605 
441 605
253 741 98 
253 98
741 98
585 646 
585 646
557 587 
557 587
330 411 725 
330 725
330 411
267 417 718 140 522 689 518 370 332 517 644 317 423 
267 417
718 417
140 267
522 718
689 718
518 689
370 140
332 140
517 518
644 332
317 332
423 370
115 458 21 513 555 129 254 40 323 603 
115 458
21 115
513 458
555 513
129 115
254 21
40 254
323 555
603 555
39 138 75 
39 75
39 138
235 321 663 195 796 350 343 671 
235 321
663 321
195 663
796 663
350 235
343 350
671 343
356 475 
356 475
49 52 106 670 
49 52
106 52
670 106
285 
266 501 152 
501 152
266 152
147 798 598 
147 798
147 598
429 708 344 126 751 
429 708
344 708
126 429
751 126
415 457 799 626 7 209 
415 457
799 415
626 457
7 626
209 626
76 578 479 
76 479
76 578
418 566 568 748 68 
418 566
568 418
748 566
68 748
514 774 713 200 
514 774
713 774
200 514
279 
273 
271 
255 
311 516 
311 516
213 440 427 165 600 
213 440
427 440
165 440
600 165
53 739 62 
53 739
739 62
3 149 
3 149
542 703 
542 703
581 645 
581 645
246 
0 740 
0 740
634 714 166 
634 166
714 166
242 
227 
72 745 
72 745
319 633 
319 633
249 638 
249 638
225 
10 744 439 
10 744
10 439
469 655 784 
469 655
469 784
222 
219 
355 504 711 432 
355 504
711 504
432 504
602 785 402 554 
602 785
402 602
554 785
210 
320 752 84 492 565 313 
320 752
84 752
492 84
565 320
313 565
326 701 
326 701
369 679 
369 679
520 588 
520 588
480 747 596 
480 747
480 596
691 772 
691 772
276 561 240 460 698 307 189 
276 561
240 561
460 276
698 460
307 240
189 307
45 692 
45 692
204 
185 
29 251 505 57 261 
29 251
505 29
57 251
261 251
183 
178 
172 
171 
169 
163 
139 
132 719 416 
132 416
719 416
113 119 293 
119 293
113 119
292 599 215 158 682 525 
292 599
215 292
158 599
682 215
525 215
25 114 601 
114 601
25 601
69 687 
69 687
202 694 661 131 352 657 238 
202 694
661 694
131 661
352 694
657 661
238 352
123 
373 790 594 
373 594
373 790
667 686 482 731 361 
667 686
482 667
731 686
361 667
366 733 549 
733 549
366 549
116 
97 
208 259 263 191 680 297 775 
208 259
263 208
191 259
680 263
297 191
775 680
66 
59 
58 
56 
6 453 
6 453
48 
28 
258 425 
258 425
340 685 612 467 459 
340 685
612 340
467 685
459 612
110 589 709 543 
110 589
709 110
543 589
20 
16 
83 472 
83 472
575 672 654 277 
575 672
654 672
277 672
15 
325 769 771 762 248 586 
325 769
771 325
762 769
248 771
586 762
13 
