? 3 88 289 101 
? 3 80 500 26 
? 3 440 600 82 
? 3 81 456 466 
? 3 355 432 344 
? 3 245 659 345 
? 3 193 252 148 
? 3 107 666 300 
? 3 74 351 121 
? 3 469 655 784 
? 3 207 379 212 
? 3 277 654 672 
? 3 66 496 536 
? 3 67 580 471 
? 3 150 284 410 
? 3 326 701 679 
? 3 136 570 161 
? 3 70 338 178 
? 3 741 788 222 
? 3 200 514 130 
? 3 725 770 587 
? 3 132 416 160 
? 3 65 419 275 
? 3 69 687 490 
? 3 249 638 143 
? 3 292 599 215 
? 3 272 378 615 
? 3 23 766 677 
? 3 337 494 528 
? 3 438 593 403 
? 3 239 399 156 
? 3 276 561 460 
? 3 236 609 759 
? 3 441 605 381 
? 3 247 288 698 
? 3 113 557 620 
? 3 138 316 75 
? 3 210 376 480 
? 3 520 588 643 
? 3 95 776 36 
? 3 201 607 174 
? 3 589 709 110 
? 3 9 606 317 
? 3 165 427 397 
? 3 166 641 714 
? 3 25 151 651 
? 3 549 733 761 
? 3 154 296 167 
!
797 
793 
232 408 
232 408
154 296 167 
154 167
154 296
295 400 
295 400
549 733 761 
549 733
549 761
299 414 
299 414
76 578 636 141 
76 578
636 578
141 636
617 736 
617 736
25 151 651 
25 151
151 651
417 522 267 140 518 689 423 517 718 332 
417 522
267 417
140 417
518 417
689 267
423 522
517 417
718 517
332 140
779 
221 515 707 197 778 562 
221 515
707 221
197 221
778 515
562 197
760 
166 641 714 
166 714
166 641
158 280 
158 280
746 
165 427 397 
427 397
165 427
738 
726 
152 501 
152 501
312 433 421 269 348 77 383 265 
312 433
421 312
269 421
348 421
77 433
383 421
265 77
9 606 317 
9 606
9 317
589 709 110 
589 709
709 110
710 752 
710 752
201 607 174 
607 174
201 607
278 780 309 35 291 445 777 559 
278 780
309 780
35 278
291 780
445 35
777 278
559 278
482 667 731 390 686 550 431 24 
482 667
731 667
390 667
686 667
550 482
431 482
24 431
535 538 658 613 631 789 476 125 743 
535 538
658 535
613 535
631 538
789 538
476 613
125 476
743 613
712 
95 776 36 
95 36
95 776
703 
697 
430 504 
430 504
669 
520 588 643 
520 588
588 643
644 
481 547 10 118 
481 547
10 547
118 481
642 
639 
90 187 100 327 527 683 
90 187
100 187
327 90
527 187
683 327
260 676 
260 676
461 720 
461 720
210 376 480 
210 376
376 480
632 
334 404 
334 404
577 
87 294 499 353 28 560 27 
87 294
499 87
353 499
28 87
560 294
27 353
574 
138 316 75 
138 316
316 75
94 758 93 700 59 
94 758
93 758
700 94
59 94
569 
162 290 
162 290
564 
544 
543 
356 475 116 582 79 
356 475
116 356
582 356
79 582
513 
133 361 
133 361
113 557 620 
113 620
113 557
510 
402 602 47 554 785 628 176 649 164 331 
402 602
47 602
554 47
785 47
628 402
176 554
649 602
164 47
331 602
139 185 635 202 
139 185
635 185
202 139
247 288 698 
247 698
288 698
502 
441 605 381 
605 381
441 605
341 695 228 329 665 
341 695
228 341
329 341
665 341
31 470 34 763 783 730 42 508 511 12 159 395 
31 470
34 470
763 470
783 470
730 31
42 763
508 31
511 508
12 31
159 12
395 12
51 358 
51 358
497 
688 713 
688 713
434 781 255 366 
434 781
255 434
366 255
55 671 
55 671
236 609 759 
236 759
609 759
105 443 
105 443
493 
276 561 460 
561 460
276 561
596 747 6 453 
596 747
6 596
453 6
111 656 792 678 
111 656
792 656
678 656
239 399 156 
239 399
239 156
438 593 403 
438 593
438 403
487 
337 494 528 
337 528
337 494
231 391 
231 391
7 626 415 209 126 799 708 429 457 39 
7 626
415 626
209 7
126 7
799 7
708 626
429 7
457 626
39 457
186 616 305 393 553 134 224 696 
186 616
305 186
393 305
553 616
134 553
224 186
696 224
585 646 450 175 223 782 
585 646
450 646
175 646
223 175
782 585
246 575 
246 575
439 744 
439 744
142 704 533 396 
142 704
533 142
396 142
484 
541 702 304 374 539 270 
541 702
304 702
374 702
539 541
270 702
474 
23 766 677 
23 677
766 677
473 
5 548 227 273 
5 548
227 5
273 548
422 556 
422 556
73 362 495 336 314 608 
73 362
495 73
336 73
314 73
608 495
464 
37 488 237 673 737 401 
37 488
237 37
673 237
737 488
401 237
463 
459 
455 
40 333 43 21 447 
40 333
43 40
21 40
447 333
261 685 340 612 
261 685
340 685
612 685
264 323 555 64 115 
264 323
555 323
64 264
115 323
272 378 615 
378 615
272 378
242 647 
242 647
78 664 537 573 
78 664
537 78
573 664
435 542 
435 542
292 599 215 
292 599
292 215
451 734 614 57 
451 734
614 451
57 451
177 691 71 428 
177 691
71 177
428 71
249 638 143 
249 638
638 143
437 
652 762 684 769 325 124 771 405 
652 762
684 652
769 762
325 769
124 652
771 325
405 762
169 767 
169 767
426 
208 259 263 191 680 775 757 297 363 354 389 58 662 
208 259
263 259
191 208
680 263
775 263
757 191
297 191
363 680
354 263
389 680
58 191
662 363
625 728 
625 728
68 748 568 418 566 53 342 739 13 603 62 
68 748
568 68
418 748
566 68
53 68
342 68
739 53
13 68
603 739
62 748
69 687 490 
687 490
69 490
409 
256 281 449 690 717 
256 281
449 256
690 281
717 449
594 790 584 373 347 335 330 392 716 411 
594 790
584 594
373 790
347 373
335 373
330 584
392 790
716 584
411 330
65 419 275 
65 419
419 275
319 633 
319 633
398 
386 
132 416 160 
132 416
416 160
123 773 
123 773
181 546 
181 546
173 486 147 798 
173 486
147 486
798 486
725 770 587 
770 587
725 770
384 
170 576 754 498 153 387 199 19 
170 576
754 170
498 170
153 170
387 576
199 170
19 754
462 742 624 637 
462 742
624 742
637 742
382 
371 
424 442 196 63 233 
424 442
196 442
63 442
233 196
619 724 
619 724
120 529 563 218 122 180 282 
120 529
563 529
218 120
122 120
180 120
282 529
200 514 130 
200 130
200 514
298 530 740 0 452 
298 530
740 298
0 740
452 530
370 
369 
741 788 222 
741 222
741 788
144 610 622 302 722 
144 610
622 610
302 610
722 622
367 
375 719 
375 719
114 601 729 117 32 723 
114 601
729 601
117 114
32 114
723 601
70 338 178 
338 178
70 338
136 570 161 
570 161
136 161
365 
83 472 271 444 519 791 
83 472
271 472
444 83
519 472
791 472
364 
350 
346 
179 674 157 33 
179 674
157 674
33 674
194 618 
194 618
145 446 60 168 
145 446
60 145
168 446
310 478 524 368 234 41 
310 478
524 310
368 478
234 368
41 310
755 795 108 572 786 315 328 
755 795
108 795
572 795
786 755
315 795
328 755
109 489 627 283 
109 489
627 109
283 109
343 
322 
357 721 
357 721
306 
318 540 
318 540
287 
412 764 155 670 359 192 56 693 49 106 
412 764
155 412
670 764
359 155
192 764
56 359
693 670
49 670
106 670
226 681 
226 681
326 701 679 
326 701
326 679
711 751 
711 751
219 772 
219 772
150 284 410 
150 284
150 410
171 534 104 307 189 205 567 206 311 591 516 583 230 
171 534
104 534
307 104
189 307
205 534
567 307
206 171
311 206
591 205
516 311
583 591
230 205
103 128 262 86 339 301 699 715 650 448 
103 128
262 128
86 128
339 86
301 128
699 128
715 103
650 301
448 103
67 580 471 
67 580
67 471
420 630 483 99 735 406 586 727 
420 630
483 630
99 630
735 630
406 99
586 630
727 99
266 413 
266 413
465 571 598 794 
465 571
598 465
794 571
285 
66 496 536 
66 536
66 496
277 654 672 
654 672
277 654
257 377 796 324 467 
257 377
796 377
324 257
467 257
216 425 258 50 595 768 
216 425
258 425
50 425
595 216
768 595
207 379 212 
207 379
379 212
3 149 660 349 705 
3 149
660 149
349 149
705 149
48 492 303 320 
48 492
303 48
320 492
279 
254 
251 
250 
137 506 
137 506
558 604 20 629 552 
558 604
20 604
629 558
552 558
469 655 784 
469 655
469 784
380 394 
380 394
190 787 
190 787
4 203 
4 203
243 
407 503 
407 503
74 351 121 
74 351
351 121
241 
240 
45 692 
45 692
129 458 
129 458
29 505 
29 505
229 
107 666 300 
107 666
107 300
193 252 148 
193 252
193 148
225 
217 
119 293 360 286 
119 293
360 119
286 293
198 525 750 675 
198 525
750 525
675 750
213 
30 313 509 84 531 565 
30 313
509 313
84 313
531 30
565 313
274 749 
274 749
372 648 
372 648
436 532 
436 532
245 659 345 
245 345
659 345
220 753 
220 753
526 765 468 774 385 706 512 
526 765
468 765
774 526
385 526
706 526
512 526
248 682 
248 682
211 
204 
235 321 663 195 46 
235 321
663 321
195 663
46 321
183 
182 
172 
135 
131 
102 
96 
355 432 344 
432 344
355 344
81 456 466 
456 466
81 466
1 184 521 214 388 668 
1 184
521 184
214 1
388 1
668 521
440 600 82 
600 82
440 600
61 244 
61 244
352 479 238 661 657 97 694 
352 479
238 479
661 352
657 352
97 352
694 352
89 
80 500 26 
80 500
500 26
92 581 645 146 623 
92 581
645 581
146 581
623 92
88 289 101 
289 101
88 289
85 
54 
127 477 611 72 634 551 745 
127 477
611 477
72 611
634 127
551 634
745 72
52 
44 
18 
17 
485 597 
485 597
16 
15 
268 621 
268 621
22 38 579 592 653 
22 38
579 22
592 22
653 38
91 507 732 756 
91 507
732 507
756 732
14 
11 
163 308 
163 308
98 253 545 491 
98 253
545 98
491 98
8 
188 454 112 640 523 590 
188 454
112 454
640 188
523 454
590 640
2 
