? 3 183 745 177 
? 3 581 645 146 
? 3 59 654 94 
? 3 520 588 643 
? 3 10 547 118 
? 3 275 419 638 
? 3 378 717 272 
? 3 24 410 322 
? 3 149 660 705 
? 3 434 781 255 
? 3 61 152 401 
? 3 93 758 337 
? 3 428 772 691 
? 3 81 456 466 
? 3 350 374 343 
? 3 79 582 475 
? 3 201 607 715 
? 3 176 753 606 
? 3 624 742 735 
? 3 163 308 544 
? 3 288 698 681 
? 3 245 728 625 
? 3 380 394 510 
? 3 300 666 107 
? 3 132 416 677 
? 3 77 474 269 
? 3 27 403 438 
? 3 142 704 533 
? 3 589 709 110 
? 3 5 548 227 
? 3 242 683 141 
? 3 115 129 243 
? 3 484 792 678 
? 3 76 578 636 
? 3 261 459 463 
? 3 113 119 770 
? 3 597 767 169 
? 3 286 557 587 
? 3 121 699 174 
? 3 69 490 687 
? 3 381 721 436 
? 3 328 786 514 
? 3 11 778 123 
? 3 157 279 54 
? 3 75 487 396 
? 3 531 710 505 
? 3 295 493 130 
? 3 23 766 241 
!
787 
784 
159 395 
159 395
23 766 241 
23 241
766 241
219 274 
219 274
295 493 130 
295 130
493 130
224 759 
224 759
440 600 82 165 
440 600
82 600
165 600
105 532 
105 532
531 710 505 
531 710
531 505
535 538 658 641 613 789 166 476 743 125 
535 538
658 535
641 538
613 535
789 535
166 538
476 613
743 613
125 476
761 
585 646 450 239 175 164 
585 646
450 646
239 646
175 585
164 450
760 
75 487 396 
75 487
487 396
445 464 
445 464
744 
157 279 54 
157 54
279 54
724 
719 
17 266 
17 266
127 477 611 72 634 714 551 536 
127 477
611 127
72 611
634 72
714 634
551 127
536 634
11 778 123 
11 778
778 123
328 786 514 
328 786
328 514
58 720 
58 720
381 721 436 
381 721
381 436
73 362 495 640 608 523 314 167 
73 362
495 73
640 362
608 495
523 362
314 73
167 73
216 425 258 595 50 117 768 443 
216 425
258 216
595 216
50 425
117 595
768 117
443 50
278 780 306 35 309 111 291 559 656 
278 780
306 278
35 780
309 780
111 780
291 111
559 278
656 291
713 
69 490 687 
490 687
69 490
703 
700 
168 398 
168 398
669 
121 699 174 
121 699
699 174
651 
139 185 635 202 
139 185
635 185
202 139
649 
644 
341 695 729 228 665 32 
341 695
729 341
228 341
665 695
32 695
52 56 
52 56
593 747 
593 747
286 557 587 
557 587
286 557
642 
382 519 
382 519
639 
304 541 702 270 671 481 539 
304 541
702 541
270 702
671 304
481 270
539 541
637 
597 767 169 
597 767
767 169
312 433 421 348 383 
312 433
421 312
348 421
383 421
631 
211 583 
211 583
623 
615 
614 
88 289 203 455 101 
88 289
203 289
455 88
101 455
612 
318 540 
318 540
113 119 770 
113 119
119 770
577 
198 525 750 524 108 494 310 675 280 755 
198 525
750 525
524 198
108 525
494 750
310 524
675 108
280 524
755 310
122 218 180 319 
122 218
180 218
319 122
261 459 463 
261 459
261 463
574 
76 578 636 
76 578
578 636
78 664 537 249 573 
78 664
537 664
249 78
573 78
594 790 347 373 584 330 335 716 773 411 392 725 
594 790
347 790
373 594
584 790
330 594
335 790
716 594
773 347
411 330
392 347
725 411
74 351 
74 351
543 
407 746 
407 746
368 478 234 41 
368 478
234 478
41 368
386 439 
386 439
484 792 678 
792 678
484 678
212 379 
212 379
542 
115 129 243 
115 129
115 243
179 674 207 33 
179 674
207 674
33 674
215 292 599 158 
215 292
599 292
158 292
242 683 141 
242 141
683 141
5 548 227 
5 227
5 548
530 
589 709 110 
589 709
709 110
14 375 
14 375
412 764 155 670 106 192 359 49 15 693 
412 764
155 412
670 412
106 764
192 412
359 155
49 106
15 412
693 670
128 262 103 301 339 86 650 151 
128 262
103 128
301 262
339 128
86 339
650 301
151 339
264 323 513 458 555 64 
264 323
513 323
458 513
555 513
64 323
345 659 
345 659
116 633 
116 633
213 397 71 427 
213 397
71 397
427 397
528 
424 442 233 63 196 356 
424 442
233 442
63 233
196 442
356 424
512 
142 704 533 
142 704
142 533
504 
460 561 276 134 
460 561
276 561
134 460
365 793 
365 793
271 472 83 791 65 232 
271 472
83 472
791 472
65 271
232 83
485 
402 602 47 554 628 785 
402 602
47 602
554 602
628 602
785 602
467 
462 
461 
57 506 685 29 734 
57 506
685 57
29 57
734 506
465 571 794 598 
465 571
794 465
598 465
235 321 663 46 195 
235 321
663 321
46 235
195 321
27 403 438 
27 438
403 438
414 779 
414 779
67 471 250 277 
67 471
250 67
277 471
697 733 
697 733
77 474 269 
77 269
77 474
89 150 284 413 
89 150
284 150
413 89
6 596 453 480 
6 596
453 6
480 596
132 416 677 
132 416
416 677
441 
482 667 731 390 361 550 431 686 
482 667
731 667
390 667
361 667
550 482
431 482
686 667
620 797 
620 797
437 
208 259 263 191 757 680 135 297 354 363 389 775 662 
208 259
263 208
191 259
757 208
680 263
135 757
297 191
354 680
363 680
389 680
775 263
662 363
369 501 
369 501
7 626 415 209 126 751 708 799 457 39 429 
7 626
415 626
209 626
126 7
751 7
708 7
799 415
457 126
39 415
429 708
300 666 107 
666 107
300 107
430 
87 294 499 353 3 
87 294
499 294
353 499
3 87
68 748 418 53 568 566 739 342 603 62 
68 748
418 748
53 68
568 68
566 568
739 748
342 748
603 739
62 603
380 394 510 
380 394
394 510
617 736 
617 736
426 
422 
245 728 625 
245 625
245 728
4 260 
4 260
162 290 
162 290
326 679 701 244 
326 679
701 326
244 679
288 698 681 
288 681
288 698
409 
170 576 754 498 153 199 387 19 
170 576
754 170
498 754
153 170
199 170
387 170
19 498
48 492 18 303 
48 492
18 48
303 48
408 
404 
491 738 500 222 741 
491 738
500 491
222 738
741 222
372 648 
372 648
1 184 214 521 388 560 668 
1 184
214 1
521 214
388 1
560 184
668 521
163 308 544 
163 544
308 544
144 610 622 302 722 
144 610
622 610
302 610
722 622
400 
399 
624 742 735 
624 735
742 735
355 432 344 711 448 
355 432
344 432
711 355
448 355
391 
452 546 
452 546
70 338 178 20 726 552 
70 338
178 338
20 70
726 70
552 178
176 753 606 
176 753
176 606
201 607 715 
201 715
607 715
384 
352 479 238 657 97 661 
352 479
238 352
657 352
97 352
661 352
371 
370 
367 
529 563 120 435 
529 563
120 529
435 563
575 672 
575 672
173 486 265 798 
173 486
265 173
798 486
221 515 197 707 282 285 
221 515
197 221
707 515
282 197
285 515
652 762 769 684 325 124 248 
652 762
769 762
684 652
325 769
124 762
248 769
91 507 756 732 
91 507
756 507
732 756
364 
346 
194 618 
194 618
336 
647 694 
647 694
334 
31 470 34 763 783 730 42 12 511 569 
31 470
34 31
763 470
783 763
730 34
42 31
12 31
511 34
569 763
502 777 
502 777
79 582 475 
79 582
79 475
268 712 
268 712
251 340 
251 340
350 374 343 
350 374
350 343
171 534 104 189 567 307 311 206 205 230 516 591 632 
171 534
104 534
189 171
567 534
307 189
311 534
206 534
205 534
230 311
516 311
591 205
632 591
420 630 483 727 406 99 586 405 771 682 
420 630
483 630
727 420
406 727
99 406
586 630
405 406
771 586
682 771
81 456 466 
456 466
81 466
267 417 522 689 518 517 140 423 
267 417
522 417
689 267
518 267
517 689
140 522
423 140
226 247 
226 247
136 570 161 444 
136 570
161 136
444 136
332 
428 772 691 
428 691
428 772
93 758 337 
93 758
93 337
188 454 112 496 154 
188 454
112 188
496 112
154 454
193 360 252 293 85 782 
193 360
252 193
293 360
85 360
782 193
61 152 401 
152 401
61 152
90 187 100 327 527 
90 187
100 187
327 90
527 187
0 740 592 298 
0 740
592 740
298 740
331 
329 
324 
299 
36 676 
36 676
526 765 774 468 385 
526 765
774 526
468 765
385 526
434 781 255 
434 255
434 781
469 655 
469 655
564 590 
564 590
473 562 
473 562
296 
9 317 
9 317
149 660 705 
660 705
149 660
287 
273 
45 692 
45 692
320 752 
320 752
210 376 
210 376
246 
24 410 322 
410 322
24 322
378 717 272 
378 272
378 717
240 
231 
60 145 446 696 
60 145
446 145
696 145
257 377 796 621 
257 377
796 377
621 257
229 
109 627 605 283 489 749 
109 627
605 109
283 109
489 627
749 489
366 549 
366 549
138 316 
138 316
51 96 
51 96
275 419 638 
275 638
275 419
95 776 
95 776
186 616 305 393 609 358 553 
186 616
305 186
393 305
609 616
358 186
553 616
236 653 
236 653
225 
223 
114 601 25 357 723 
114 601
25 114
357 601
723 601
220 
217 
204 
200 
182 
181 
172 
10 547 118 
10 547
547 118
520 588 643 
520 588
588 643
30 313 509 565 84 451 
30 313
509 313
565 313
84 313
451 509
59 654 94 
59 94
654 94
143 503 
143 503
40 43 21 556 333 254 447 
40 43
21 40
556 40
333 40
254 40
447 556
160 
581 645 146 
581 645
645 146
558 604 629 190 619 
558 604
629 604
190 629
619 604
183 745 177 
183 745
183 177
156 
148 
37 488 237 673 737 508 497 
37 488
237 37
673 37
737 488
508 488
497 237
147 
137 
133 
131 
26 690 
26 690
102 
66 
13 718 
13 718
98 545 253 788 80 
98 545
253 98
788 545
80 98
315 580 795 572 
315 580
795 315
572 795
55 
44 
688 706 
688 706
22 38 2 579 
22 38
2 22
579 22
16 
256 281 92 349 449 28 
256 281
92 256
349 281
449 349
28 349
8 
