? 4 195 494 45 113 
? 4 23 399 768 747 
? 4 296 353 723 149 
? 4 16 500 754 710 
? 4 209 665 377 532 
? 4 647 671 457 730 
? 3 220 766 48 
? 3 273 688 253 
? 3 477 560 194 
!
477 560 194 
560 194
477 560
287 320 221 205 275 105 203 570 114 171 153 18 365 123 152 68 289 78 658 384 117 542 448 251 134 352 675 743 313 77 261 
287 320
221 320
205 287
275 287
105 205
203 205
570 275
114 570
171 114
153 114
18 171
365 18
123 18
152 365
68 365
289 123
78 152
658 289
384 203
117 658
542 117
448 78
251 384
134 289
352 78
675 384
743 542
313 352
77 251
261 542
304 640 437 86 119 602 582 51 606 39 577 562 270 432 670 284 319 59 316 608 
304 640
437 304
86 640
119 304
602 304
582 602
51 86
606 582
39 119
577 39
562 39
270 51
432 577
670 577
284 670
319 670
59 270
316 319
608 59
69 318 553 331 392 52 264 199 771 775 4 35 359 695 746 412 97 603 403 745 12 655 682 506 74 235 
69 318
553 69
331 553
392 318
52 331
264 553
199 392
771 392
775 199
4 199
35 392
359 331
695 264
746 199
412 264
97 52
603 412
403 359
745 97
12 403
655 775
682 695
506 603
74 97
235 74
73 237 514 749 157 571 478 70 425 490 708 709 523 424 102 442 624 64 508 641 126 764 155 297 627 163 735 101 657 214 791 786 778 295 238 204 464 507 92 503 110 37 687 635 638 595 545 344 622 234 408 583 678 22 575 607 213 206 
73 237
514 73
749 73
157 749
571 749
478 749
70 514
425 73
490 571
708 478
709 749
523 708
424 708
102 490
442 425
624 708
64 424
508 102
641 102
126 490
764 442
155 641
297 425
627 297
163 624
735 424
101 764
657 735
214 64
791 297
786 163
778 297
295 735
238 778
204 238
464 126
507 791
92 155
503 155
110 155
37 297
687 163
635 735
638 110
595 92
545 507
344 464
622 297
234 37
408 622
583 126
678 464
22 344
575 344
607 635
213 638
206 101
308 381 422 132 364 445 332 632 54 452 291 362 400 1 496 724 662 341 390 404 376 156 317 726 254 589 224 367 196 660 639 610 762 411 
308 381
422 381
132 308
364 132
445 422
332 308
632 422
54 381
452 364
291 54
362 54
400 632
1 362
496 332
724 1
662 291
341 452
390 364
404 341
376 362
156 376
317 400
726 376
254 496
589 317
224 390
367 726
196 1
660 341
639 317
610 196
762 376
411 341
9 426 116 599 183 
9 426
116 426
599 116
183 9
188 218 328 535 758 312 495 561 759 80 722 510 752 692 601 76 229 501 33 
188 218
328 188
535 188
758 188
312 218
495 535
561 328
759 312
80 759
722 759
510 561
752 722
692 722
601 561
76 601
229 758
501 229
33 561
49 787 466 488 389 372 151 702 135 462 
49 787
466 787
488 466
389 466
372 49
151 49
702 389
135 389
462 389
159 180 185 15 792 61 125 780 416 248 133 733 
159 180
185 159
15 180
792 180
61 180
125 180
780 61
416 780
248 185
133 416
733 416
148 397 600 720 89 298 465 611 460 215 142 83 24 736 446 517 454 120 93 285 13 7 160 511 167 262 212 173 8 463 217 
148 397
600 148
720 397
89 720
298 89
465 720
611 298
460 465
215 89
142 460
83 720
24 83
736 460
446 460
517 142
454 460
120 446
93 24
285 720
13 285
7 285
160 446
511 160
167 93
262 7
212 517
173 120
8 7
463 160
217 511
182 240 491 350 172 634 103 268 333 31 596 719 306 363 672 550 88 82 555 
182 240
491 240
350 240
172 240
634 172
103 172
268 350
333 350
31 182
596 634
719 634
306 333
363 306
672 719
550 719
88 672
82 363
555 31
486 642 118 41 342 659 387 538 272 274 128 111 187 249 673 246 744 378 90 697 276 594 324 566 184 174 705 
486 642
118 486
41 118
342 118
659 486
387 642
538 118
272 118
274 387
128 274
111 342
187 272
249 274
673 187
246 249
744 187
378 744
90 659
697 90
276 697
594 673
324 378
566 744
184 249
174 378
705 697
21 681 243 481 67 663 472 680 669 29 443 620 165 104 36 798 470 737 5 717 783 421 461 356 568 72 683 129 586 668 420 439 480 476 636 427 613 329 131 358 382 189 429 138 738 46 499 227 
21 681
243 21
481 243
67 481
663 481
472 243
680 21
669 680
29 681
443 669
620 29
165 29
104 669
36 165
798 472
470 165
737 798
5 470
717 680
783 798
421 5
461 737
356 470
568 737
72 470
683 568
129 421
586 421
668 586
420 72
439 420
480 586
476 717
636 668
427 683
613 439
329 636
131 427
358 476
382 329
189 683
429 189
138 429
738 429
46 613
499 427
227 382
433 718 584 150 451 75 266 265 459 181 401 742 715 278 241 567 168 143 728 260 609 711 360 696 256 551 774 428 277 676 398 107 578 765 244 734 530 280 763 19 
433 718
584 433
150 584
451 718
75 150
266 718
265 266
459 451
181 265
401 584
742 401
715 459
278 715
241 459
567 742
168 181
143 181
728 143
260 715
609 260
711 567
360 711
696 360
256 728
551 728
774 260
428 551
277 774
676 256
398 711
107 277
578 398
765 578
244 360
734 551
530 107
280 244
763 734
19 107
618 782 247 656 210 430 
618 782
247 618
656 782
210 656
430 656
647 671 457 730 
671 730
647 671
647 457
14 343 368 391 225 591 614 527 371 100 
14 343
368 14
391 343
225 391
591 225
614 368
527 614
371 527
100 591
537 760 11 361 548 453 691 219 713 729 330 252 534 
537 760
11 760
361 11
548 361
453 11
691 11
219 361
713 537
729 713
330 729
252 361
534 537
273 688 253 
273 688
688 253
209 665 377 532 
209 665
209 532
665 377
127 286 315 725 522 236 739 520 373 650 469 
127 286
315 286
725 127
522 315
236 522
739 236
520 739
373 236
650 373
469 373
27 789 533 200 519 541 63 
27 789
533 789
200 533
519 200
541 519
63 519
198 757 434 374 770 370 193 679 487 190 504 95 616 761 515 468 797 394 140 795 455 228 572 644 
198 757
434 198
374 757
770 757
370 757
193 370
679 370
487 193
190 487
504 374
95 487
616 487
761 504
515 487
468 679
797 190
394 504
140 797
795 515
455 468
228 770
572 468
644 468
109 436 674 216 449 579 645 479 354 473 414 25 340 147 
109 436
674 109
216 674
449 674
579 674
645 579
479 579
354 645
473 354
414 473
25 414
340 354
147 340
62 450 753 87 539 524 796 17 502 122 623 
62 450
753 62
87 450
539 62
524 62
796 450
17 450
502 796
122 502
623 17
141 334 388 55 626 137 574 
141 334
388 334
55 388
626 55
137 55
574 626
310 557 740 619 211 643 590 357 242 
310 557
740 310
619 310
211 557
643 557
590 740
357 211
242 211
16 500 754 710 
16 500
754 710
500 754
438 605 303 366 435 546 544 776 492 258 700 701 549 269 569 793 704 386 2 250 259 769 493 309 255 637 418 58 245 
438 605
303 438
366 303
435 438
546 366
544 546
776 544
492 435
258 303
700 544
701 492
549 700
269 701
569 258
793 269
704 569
386 549
2 700
250 793
259 704
769 2
493 259
309 493
255 250
637 493
418 255
58 269
245 418
311 326 57 629 536 751 415 267 136 552 772 799 585 785 375 
311 326
57 326
629 311
536 57
751 311
415 629
267 629
136 57
552 311
772 629
799 552
585 415
785 57
375 772
385 686 175 474 756 279 652 
385 686
175 385
474 175
756 175
279 474
652 756
405 417 
405 417
529 633 112 402 32 489 773 563 108 6 431 
529 633
112 529
402 633
32 529
489 32
773 489
563 773
108 489
6 108
431 563
296 353 723 149 
353 723
296 353
296 149
409 
23 399 768 747 
23 399
768 747
23 768
239 649 145 47 630 592 327 482 197 521 281 440 28 617 191 525 714 395 144 653 
239 649
145 239
47 649
630 145
592 239
327 649
482 327
197 482
521 327
281 482
440 327
28 281
617 521
191 197
525 28
714 47
395 47
144 395
653 395
335 338 779 684 721 471 588 587 348 661 604 351 293 505 379 106 292 690 625 790 222 598 483 230 667 547 573 597 30 60 
335 338
779 338
684 335
721 335
471 684
588 338
587 779
348 587
661 779
604 588
351 471
293 471
505 293
379 661
106 661
292 604
690 348
625 690
790 292
222 293
598 690
483 351
230 222
667 483
547 230
573 292
597 573
30 667
60 230
3 314 302 339 628 664 
3 314
302 3
339 314
628 3
664 3
345 
232 558 513 698 271 98 475 580 56 767 
232 558
513 232
698 232
271 558
98 271
475 98
580 232
56 98
767 56
290 748 
290 748
34 497 0 115 65 593 407 10 456 231 96 540 85 712 282 
34 497
0 34
115 497
65 497
593 34
407 115
10 407
456 115
231 10
96 593
540 231
85 540
712 96
282 65
220 766 48 
766 48
220 48
195 494 45 113 
494 45
195 45
195 113
124 654 233 158 349 559 322 781 325 444 164 257 380 71 741 
124 654
233 654
158 654
349 158
559 349
322 124
781 124
325 322
444 325
164 325
257 781
380 257
71 444
741 349
526 564 
526 564
40 
208 528 186 99 612 646 556 121 731 458 166 727 
208 528
186 208
99 186
612 208
646 99
556 186
121 556
731 121
458 646
166 556
727 121
355 467 615 651 543 631 53 84 321 419 706 576 91 689 512 393 154 176 38 179 223 413 777 79 50 162 346 178 146 565 201 755 42 531 305 703 20 581 621 693 
355 467
615 467
651 615
543 355
631 355
53 631
84 543
321 631
419 543
706 419
576 419
91 321
689 706
512 91
393 615
154 576
176 576
38 706
179 91
223 512
413 38
777 91
79 777
50 223
162 223
346 393
178 162
146 178
565 413
201 38
755 413
42 176
531 346
305 146
703 154
20 346
581 755
621 146
693 531
130 498 788 294 307 732 139 323 699 484 677 396 784 716 750 707 44 369 347 554 94 447 336 202 648 
130 498
788 498
294 788
307 788
732 307
139 307
323 498
699 323
484 294
677 307
396 699
784 307
716 323
750 677
707 716
44 707
369 699
347 750
554 44
94 554
447 94
336 716
202 94
648 347
43 301 169 300 406 423 694 226 177 288 518 66 516 410 81 263 485 383 441 283 685 299 192 26 337 170 207 509 794 666 161 
43 301
169 43
300 43
406 301
423 301
694 43
226 694
177 300
288 423
518 694
66 288
516 226
410 516
81 410
263 81
485 177
383 263
441 177
283 441
685 410
299 485
192 516
26 518
337 26
170 299
207 170
509 170
794 337
666 685
161 207
