? 4 195 494 166 135 
? 4 526 580 564 754 
? 4 100 591 225 273 
? 4 220 766 741 290 
? 4 380 789 27 252 
? 4 219 361 77 533 
? 3 316 319 670 
? 3 372 417 357 
? 3 228 276 284 
!
228 276 284 
228 284
228 276
148 397 600 465 298 720 611 83 89 460 142 736 446 24 285 93 215 517 167 120 212 454 160 13 511 7 262 173 463 8 217 
148 397
600 148
465 397
298 397
720 298
611 720
83 397
89 298
460 465
142 460
736 460
446 460
24 83
285 83
93 24
215 89
517 142
167 93
120 446
212 517
454 120
160 736
13 285
511 160
7 285
262 89
173 120
463 160
8 83
217 511
335 338 779 721 684 588 471 348 587 661 379 604 351 106 690 292 625 483 790 598 
335 338
779 338
721 335
684 338
588 335
471 684
348 779
587 348
661 348
379 661
604 588
351 471
106 661
690 587
292 588
625 690
483 351
790 292
598 690
486 642 60 118 342 41 387 547 538 128 659 272 274 222 111 230 505 249 673 187 293 667 246 206 744 378 
486 642
60 642
118 486
342 486
41 118
387 60
547 486
538 118
128 486
659 387
272 538
274 128
222 118
111 222
230 342
505 222
249 274
673 538
187 111
293 505
667 249
246 249
206 187
744 206
378 744
73 237 514 157 70 749 478 571 425 708 490 508 523 424 442 102 709 764 126 624 64 214 641 155 297 627 778 163 735 791 657 238 786 464 101 507 110 635 295 503 37 545 638 687 204 595 92 607 408 622 33 213 344 22 678 583 234 575 
73 237
514 73
157 237
70 237
749 157
478 514
571 157
425 157
708 478
490 425
508 749
523 708
424 523
442 425
102 490
709 508
764 442
126 490
624 708
64 424
214 64
641 126
155 126
297 514
627 297
778 297
163 624
735 424
791 297
657 735
238 297
786 163
464 490
101 442
507 791
110 102
635 735
295 735
503 110
37 778
545 507
638 503
687 709
204 238
595 155
92 595
607 214
408 791
622 408
33 595
213 503
344 464
22 344
678 22
583 344
234 37
575 22
43 301 169 423 694 406 226 177 300 288 518 66 516 81 410 263 485 383 441 283 685 299 192 170 337 509 26 207 794 769 203 161 666 386 
43 301
169 301
423 169
694 43
406 423
226 694
177 301
300 177
288 423
518 694
66 288
516 226
81 169
410 81
263 81
485 177
383 81
441 485
283 441
685 410
299 485
192 516
170 299
337 518
509 170
26 337
207 170
794 337
769 170
203 685
161 207
666 203
386 441
71 164 325 322 233 
71 164
325 164
322 325
233 325
549 700 544 776 546 2 366 605 438 330 385 686 713 537 760 11 453 548 691 
549 700
544 700
776 544
546 544
2 549
366 546
605 366
438 605
330 2
385 330
686 385
713 686
537 713
760 537
11 760
453 11
548 11
691 453
466 787 49 488 389 702 462 151 45 113 
466 787
49 787
488 787
389 466
702 389
462 389
151 49
45 462
113 702
127 286 725 315 522 15 185 61 792 159 180 59 
127 286
725 127
315 286
522 315
15 522
185 15
61 15
792 15
159 185
180 159
59 61
239 649 145 630 327 47 482 592 521 281 440 795 197 617 28 191 95 395 525 200 40 144 515 654 714 748 559 349 158 48 124 
239 649
145 239
630 239
327 649
47 630
482 327
592 239
521 630
281 482
440 327
795 592
197 482
617 440
28 281
191 197
95 795
395 47
525 28
200 281
40 525
144 395
515 795
654 617
714 144
748 395
559 654
349 559
158 654
48 395
124 654
198 757 434 374 193 679 370 90 770 487 761 594 504 616 190 468 394 697 705 
198 757
434 198
374 434
193 757
679 193
370 679
90 434
770 434
487 193
761 374
594 761
504 761
616 679
190 487
468 679
394 761
697 90
705 697
287 320 221 205 254 660 105 275 341 411 570 404 114 496 452 153 171 364 332 18 132 381 308 365 123 1 152 
287 320
221 320
205 287
254 287
660 287
105 205
275 660
341 660
411 341
570 275
404 341
114 570
496 205
452 404
153 114
171 570
364 452
332 496
18 171
132 364
381 132
308 381
365 18
123 365
1 332
152 365
433 718 150 584 75 266 451 265 401 181 459 742 715 278 241 567 143 168 728 260 711 696 360 551 256 609 428 277 774 676 398 244 107 578 739 765 734 530 280 520 19 763 236 785 136 125 248 799 
433 718
150 433
584 150
75 150
266 718
451 75
265 433
401 150
181 265
459 75
742 266
715 459
278 715
241 459
567 266
143 181
168 181
728 143
260 278
711 567
696 168
360 696
551 168
256 728
609 260
428 728
277 609
774 277
676 256
398 711
244 696
107 774
578 398
739 244
765 578
734 551
530 107
280 765
520 739
19 530
763 734
236 763
785 19
136 785
125 734
248 520
799 136
21 681 243 67 481 680 472 669 29 663 620 443 798 165 104 36 5 737 470 717 421 72 783 356 568 129 683 461 668 586 480 439 420 476 636 427 532 613 131 16 
21 681
243 681
67 21
481 67
680 21
472 21
669 680
29 243
663 481
620 29
443 669
798 472
165 29
104 669
36 165
5 620
737 798
470 165
717 669
421 29
72 470
783 421
356 470
568 737
129 421
683 737
461 568
668 421
586 129
480 129
439 72
420 439
476 717
636 586
427 568
532 636
613 439
131 683
16 129
182 491 240 103 333 268 
182 491
240 491
103 491
333 240
268 103
219 361 77 533 
219 361
219 77
219 533
208 528 186 99 612 646 556 121 731 727 
208 528
186 208
99 186
612 528
646 99
556 186
121 186
731 121
727 121
34 497 0 115 65 407 10 231 456 688 253 85 540 
34 497
0 34
115 497
65 115
407 115
10 407
231 407
456 407
688 231
253 456
85 688
540 688
372 417 357 
372 357
372 417
380 789 27 252 
380 789
27 252
380 27
98 271 475 555 147 558 31 232 513 698 574 
98 271
475 98
555 98
147 475
558 98
31 271
232 558
513 232
698 232
574 147
314 339 3 302 17 368 14 
314 339
3 314
302 3
17 314
368 339
14 368
529 633 58 402 112 358 418 250 255 245 269 793 701 569 493 258 704 309 637 492 259 435 303 729 
529 633
58 633
402 633
112 633
358 402
418 112
250 58
255 418
245 418
269 250
793 269
701 793
569 250
493 245
258 569
704 569
309 493
637 493
492 701
259 637
435 492
303 435
729 309
692 759 80 535 312 495 218 174 566 758 388 626 137 324 
692 759
80 759
535 759
312 692
495 535
218 535
174 759
566 174
758 218
388 174
626 495
137 626
324 174
377 572 455 665 644 140 797 353 183 296 723 
377 572
455 377
665 377
644 572
140 377
797 140
353 797
183 644
296 353
723 353
313 352 122 224 502 796 623 
313 352
122 313
224 352
502 122
796 122
623 122
608 780 416 270 647 457 242 619 211 
608 780
416 780
270 608
647 416
457 647
242 457
619 457
211 242
220 766 741 290 
766 741
220 766
766 290
247 738 782 429 189 618 138 656 227 6 108 382 279 210 329 474 209 773 499 175 489 652 756 430 563 541 431 534 32 
247 738
782 738
429 738
189 247
618 429
138 189
656 429
227 656
6 247
108 6
382 656
279 782
210 656
329 227
474 279
209 329
773 108
499 773
175 279
489 773
652 210
756 279
430 209
563 773
541 210
431 175
534 652
32 563
289 658 117 68 542 134 78 743 390 261 336 448 447 345 664 
289 658
117 658
68 658
542 117
134 117
78 68
743 542
390 78
261 542
336 134
448 78
447 336
345 261
664 345
62 753 87 450 539 524 458 
62 753
87 62
450 62
539 450
524 753
458 753
55 710 
55 710
579 674 109 216 449 436 645 306 82 363 350 
579 674
109 674
216 674
449 674
436 109
645 579
306 674
82 645
363 82
350 82
100 591 225 273 
100 591
591 273
591 225
343 
526 580 564 754 
580 564
526 580
526 754
311 326 629 415 57 751 267 282 585 772 536 552 712 375 96 399 590 740 593 23 
311 326
629 311
415 629
57 326
751 326
267 415
282 629
585 629
772 629
536 57
552 267
712 536
375 585
96 536
399 552
590 267
740 267
593 96
23 399
69 318 553 331 392 771 52 264 35 359 199 412 775 4 695 97 746 603 403 12 745 682 671 74 235 86 655 506 405 730 
69 318
553 69
331 553
392 318
771 318
52 331
264 553
35 771
359 331
199 392
412 264
775 199
4 775
695 412
97 331
746 199
603 412
403 359
12 359
745 97
682 695
671 199
74 745
235 97
86 603
655 4
506 86
405 671
730 671
116 426 9 599 409 500 
116 426
9 426
599 426
409 116
500 9
149 
643 768 733 469 557 373 650 310 747 133 
643 768
733 643
469 733
557 643
373 733
650 768
310 557
747 768
133 650
432 653 
432 653
25 141 334 414 473 510 561 601 76 354 479 752 722 188 328 
25 141
334 141
414 25
473 414
510 473
561 510
601 473
76 601
354 601
479 354
752 510
722 752
188 510
328 188
316 319 670 
316 319
316 670
195 494 166 135 
494 135
195 166
195 494
304 640 437 51 582 119 602 606 597 573 39 30 577 184 562 
304 640
437 304
51 640
582 304
119 640
602 582
606 582
597 582
573 597
39 119
30 602
577 39
184 39
562 39
63 519 
63 519
46 
88 672 229 501 719 634 596 340 767 550 172 56 
88 672
229 672
501 229
719 88
634 88
596 634
340 229
767 229
550 596
172 634
56 767
355 467 615 651 543 53 631 419 321 706 84 576 91 689 393 512 154 176 79 38 223 179 777 413 201 162 565 346 146 50 178 391 531 42 621 755 693 581 305 20 
355 467
615 467
651 467
543 355
53 543
631 53
419 543
321 53
706 419
84 419
576 419
91 631
689 543
393 651
512 631
154 576
176 576
79 91
38 706
223 79
179 91
777 79
413 38
201 38
162 223
565 413
346 393
146 162
50 162
178 162
391 179
531 346
42 176
621 146
755 565
693 531
581 755
305 621
20 346
54 362 376 726 156 367 291 662 724 196 762 384 422 445 632 675 610 400 781 589 444 639 251 257 317 
54 362
376 362
726 376
156 376
367 726
291 54
662 291
724 156
196 156
762 156
384 196
422 291
445 422
632 422
675 762
610 384
400 632
781 762
589 291
444 589
639 400
251 675
257 675
317 639
677 750 396 307 139 732 347 788 784 648 699 323 294 498 484 369 130 477 560 527 614 202 628 371 194 707 94 716 554 703 44 
677 750
396 677
307 677
139 307
732 307
347 750
788 307
784 788
648 347
699 396
323 699
294 788
498 788
484 294
369 699
130 498
477 750
560 477
527 648
614 527
202 369
628 560
371 527
194 371
707 323
94 202
716 707
554 94
703 194
44 707
