? 4 594 761 55 409 
? 4 48 316 144 319 
? 4 225 391 591 343 
? 4 100 273 540 14 
? 4 653 748 630 395 
? 4 197 380 257 145 
? 3 90 434 274 
? 3 135 462 45 
? 3 372 417 730 
!
372 417 730 
417 730
372 730
287 320 221 205 254 660 275 105 341 114 570 411 404 496 171 452 332 153 364 132 18 381 308 123 365 422 152 724 1 390 445 
287 320
221 287
205 287
254 205
660 221
275 660
105 205
341 275
114 275
570 114
411 570
404 341
496 105
171 114
452 404
332 496
153 570
364 452
132 364
18 171
381 132
308 381
123 18
365 18
422 381
152 365
724 308
1 724
390 152
445 422
247 738 189 618 782 382 656 227 131 6 279 108 210 474 329 209 773 489 175 756 
247 738
189 247
618 738
782 618
382 738
656 382
227 656
131 247
6 131
279 618
108 6
210 782
474 279
329 382
209 329
773 108
489 773
175 279
756 474
188 218 535 328 495 758 312 550 722 759 692 752 561 510 88 672 719 80 596 33 634 601 501 76 172 229 
188 218
535 218
328 188
495 218
758 328
312 188
550 188
722 535
759 722
692 759
752 692
561 752
510 561
88 758
672 88
719 758
80 759
596 550
33 510
634 596
601 550
501 672
76 601
172 596
229 501
73 237 514 70 157 749 478 571 425 523 709 490 424 708 442 102 508 126 624 764 64 641 297 214 735 101 163 627 155 791 657 778 295 786 110 507 464 583 238 37 503 687 635 204 92 638 595 545 622 678 408 344 22 575 607 234 222 566 
73 237
514 237
70 514
157 514
749 157
478 73
571 749
425 237
523 478
709 157
490 749
424 523
708 523
442 425
102 490
508 709
126 490
624 709
764 442
64 424
641 126
297 425
214 64
735 214
101 442
163 624
627 297
155 102
791 297
657 735
778 297
295 657
786 657
110 155
507 791
464 126
583 464
238 778
37 297
503 110
687 709
635 735
204 238
92 155
638 503
595 92
545 627
622 791
678 764
408 622
344 464
22 464
575 344
607 64
234 37
222 234
566 678
43 301 169 423 406 694 300 226 177 288 518 66 516 81 283 263 485 410 383 441 685 299 207 192 337 170 509 26 794 666 203 330 161 453 
43 301
169 301
423 43
406 301
694 43
300 694
226 694
177 300
288 423
518 694
66 288
516 226
81 169
283 300
263 81
485 177
410 81
383 81
441 283
685 410
299 485
207 283
192 516
337 485
170 207
509 485
26 337
794 337
666 685
203 666
330 26
161 207
453 794
211 357 557 242 457 
211 357
557 211
242 211
457 211
529 633 58 402 112 358 32 499 255 418 250 793 245 269 701 563 569 258 309 
529 633
58 633
402 633
112 402
358 402
32 112
499 402
255 32
418 255
250 418
793 250
245 418
269 793
701 269
563 245
569 250
258 569
309 245
493 637 686 769 431 385 652 252 77 789 
493 637
686 637
769 493
431 686
385 686
652 431
252 652
77 252
789 252
62 753 727 450 524 539 87 458 502 121 17 796 
62 753
727 62
450 62
524 753
539 450
87 539
458 753
502 87
121 727
17 539
796 87
69 318 553 331 392 52 264 771 199 775 359 4 35 412 695 97 603 746 403 745 682 12 655 74 671 506 235 405 86 494 51 
69 318
553 69
331 553
392 318
52 553
264 553
771 392
199 392
775 199
359 331
4 199
35 199
412 264
695 264
97 331
603 412
746 199
403 359
745 97
682 695
12 359
655 4
74 97
671 35
506 412
235 97
405 671
86 506
494 74
51 86
54 362 376 726 291 156 367 662 762 632 196 384 610 675 400 589 317 251 639 
54 362
376 362
726 376
291 362
156 362
367 726
662 726
762 367
632 291
196 156
384 196
610 384
675 762
400 632
589 662
317 400
251 675
639 317
335 338 779 684 721 471 587 588 348 217 604 661 379 293 505 106 625 690 598 230 547 725 60 342 41 486 111 
335 338
779 335
684 335
721 684
471 684
587 779
588 338
348 587
217 348
604 588
661 348
379 661
293 471
505 293
106 661
625 106
690 625
598 690
230 505
547 230
725 598
60 230
342 230
41 342
486 41
111 342
433 718 584 150 451 75 265 266 401 742 181 459 715 278 241 567 168 143 260 728 360 711 696 609 256 551 428 774 277 676 398 244 578 107 765 734 530 280 763 739 19 520 785 236 136 248 125 522 
433 718
584 433
150 584
451 433
75 150
265 718
266 718
401 584
742 401
181 265
459 451
715 459
278 715
241 459
567 266
168 181
143 181
260 459
728 143
360 168
711 360
696 360
609 260
256 728
551 168
428 728
774 260
277 774
676 428
398 711
244 696
578 398
107 774
765 578
734 428
530 107
280 244
763 734
739 244
19 774
520 734
785 19
236 734
136 785
248 236
125 676
522 578
21 681 243 67 481 669 29 663 472 680 443 620 165 104 5 798 36 717 470 737 783 421 461 72 356 568 668 129 683 586 439 480 636 476 420 613 138 46 427 429 
21 681
243 681
67 21
481 67
669 21
29 21
663 481
472 29
680 669
443 680
620 29
165 29
104 680
5 29
798 472
36 165
717 104
470 165
737 798
783 29
421 470
461 798
72 470
356 421
568 737
668 421
129 668
683 568
586 129
439 72
480 356
636 586
476 717
420 439
613 439
138 568
46 613
427 683
429 138
49 787 488 305 389 85 
49 787
488 787
305 787
389 305
85 49
197 380 257 145 
197 145
380 257
197 380
314 623 3 339 302 122 703 352 113 368 
314 623
3 314
339 314
302 3
122 314
703 339
352 122
113 703
368 703
377 572 468 455 665 644 532 430 183 16 296 394 504 
377 572
468 572
455 572
665 377
644 572
532 665
430 532
183 644
16 183
296 665
394 183
504 394
135 462 45 
462 45
135 45
653 748 630 395 
748 395
748 630
653 395
208 528 186 99 612 646 556 741 731 766 195 
208 528
186 208
99 208
612 528
646 99
556 186
741 528
731 556
766 741
195 556
526 580 564 574 754 340 56 
526 580
564 526
574 564
754 580
340 574
56 340
82 363 306 645 268 333 216 354 350 674 103 579 240 109 491 479 436 182 449 473 31 555 767 98 
82 363
306 363
645 82
268 363
333 268
216 363
354 645
350 268
674 216
103 268
579 674
240 103
109 674
491 103
479 579
436 109
182 240
449 436
473 354
31 491
555 31
767 555
98 555
28 281 40 200 525 519 592 533 149 63 353 541 239 723 
28 281
40 28
200 281
525 28
519 200
592 525
533 200
149 519
63 519
353 149
541 519
239 592
723 353
537 760 11 361 548 691 219 713 729 534 27 
537 760
11 760
361 11
548 11
691 11
219 691
713 537
729 713
534 537
27 361
118 538 642 272 673 659 128 
118 538
642 118
272 118
673 538
659 642
128 659
127 286 315 185 373 768 643 647 747 
127 286
315 286
185 315
373 185
768 373
643 768
647 768
747 647
100 273 540 14 
273 540
100 273
100 14
304 640 437 119 602 582 606 597 573 39 30 246 483 184 577 667 562 670 432 270 276 292 351 697 705 790 228 249 387 
304 640
437 304
119 304
602 304
582 640
606 602
597 582
573 597
39 119
30 606
246 30
483 30
184 39
577 39
667 246
562 39
670 577
432 670
270 573
276 184
292 573
351 483
697 276
705 697
790 292
228 697
249 276
387 249
289 658 68 117 542 134 261 336 743 78 345 447 448 224 313 
289 658
68 658
117 658
542 117
134 117
261 542
336 134
743 542
78 542
345 261
447 336
448 78
224 78
313 448
232 558 271 698 513 147 475 
232 558
271 558
698 558
513 698
147 558
475 271
220 290 
220 290
141 334 25 213 414 388 206 174 744 378 187 
141 334
25 334
213 334
414 25
388 414
206 388
174 388
744 206
378 174
187 378
225 391 591 343 
225 391
391 343
225 591
324 
48 316 144 319 
48 144
316 319
144 319
617 654 124 158 233 521 440 559 349 327 325 649 47 444 322 482 191 781 164 714 
617 654
124 654
158 654
233 654
521 617
440 617
559 158
349 559
327 440
325 233
649 327
47 649
444 325
322 444
482 327
191 482
781 124
164 444
714 349
148 397 600 298 611 720 465 736 89 460 83 142 24 215 446 167 517 454 93 285 120 212 7 160 511 8 13 262 463 173 
148 397
600 148
298 397
611 148
720 298
465 720
736 465
89 298
460 736
83 720
142 460
24 83
215 298
446 460
167 24
517 142
454 446
93 167
285 83
120 446
212 517
7 285
160 142
511 160
8 7
13 7
262 285
463 160
173 120
9 426 116 710 599 500 
9 426
116 426
710 426
599 116
500 9
284 
34 497 0 115 407 231 10 456 688 253 
34 497
0 34
115 497
407 115
231 407
10 407
456 407
688 231
253 456
137 626 
137 626
193 487 190 370 679 515 757 797 140 198 616 795 374 95 770 
193 487
190 487
370 487
679 370
515 487
757 193
797 190
140 797
198 757
616 797
795 515
374 198
95 795
770 757
90 434 274 
90 434
90 274
594 761 55 409 
594 761
761 409
55 409
438 605 546 366 435 544 303 776 492 700 549 704 2 386 259 
438 605
546 438
366 546
435 605
544 546
303 366
776 544
492 435
700 544
549 700
704 303
2 549
386 549
259 704
166 702 
166 702
71 
59 608 780 416 133 650 61 180 792 15 733 159 
59 608
780 608
416 780
133 416
650 133
61 780
180 61
792 180
15 180
733 133
159 180
355 467 615 651 543 631 53 321 419 706 512 689 84 393 576 91 154 179 176 38 223 777 413 79 50 346 201 178 146 565 162 466 531 621 20 581 693 151 42 755 
355 467
615 355
651 467
543 355
631 543
53 631
321 631
419 543
706 419
512 53
689 543
84 53
393 651
576 419
91 321
154 576
179 91
176 576
38 706
223 512
777 223
413 38
79 223
50 223
346 393
201 38
178 223
146 178
565 201
162 223
466 146
531 346
621 146
20 346
581 565
693 531
151 79
42 154
755 581
311 326 415 629 57 751 282 772 267 536 712 799 552 585 375 590 96 399 593 740 23 65 619 310 469 
311 326
415 311
629 415
57 326
751 311
282 629
772 629
267 415
536 57
712 536
799 267
552 799
585 415
375 772
590 267
96 712
399 267
593 96
740 590
23 399
65 585
619 740
310 619
469 23
677 750 307 396 139 732 784 347 788 699 648 498 294 323 484 130 369 477 527 560 614 628 202 94 194 707 371 44 554 716 664 
677 750
307 677
396 677
139 307
732 139
784 677
347 750
788 307
699 396
648 347
498 788
294 788
323 699
484 294
130 498
369 699
477 369
527 477
560 477
614 527
628 560
202 369
94 202
194 477
707 323
371 194
44 707
554 94
716 707
664 554
