? 4 405 671 647 730 
? 4 159 792 746 417 
? 4 82 363 350 645 
? 4 4 775 655 97 
? 4 549 700 776 386 
? 4 220 766 403 380 
? 3 261 345 743 
? 3 45 135 494 
? 3 77 252 731 
!
77 252 731 
77 252
77 731
657 735 635 786 708 523 163 624 478 709 749 157 571 687 508 102 425 490 638 110 503 155 641 126 213 334 442 764 141 92 25 
657 735
635 657
786 735
708 786
523 708
163 786
624 523
478 523
709 624
749 478
157 749
571 749
687 624
508 709
102 508
425 157
490 102
638 508
110 102
503 110
155 102
641 155
126 641
213 638
334 213
442 425
764 442
141 334
92 155
25 141
524 753 62 727 450 87 539 639 121 458 502 317 589 796 71 17 186 646 99 400 
524 753
62 524
727 62
450 62
87 450
539 87
639 753
121 727
458 753
502 87
317 639
589 639
796 539
71 458
17 796
186 121
646 458
99 646
400 317
326 751 311 57 629 136 415 536 282 267 552 772 785 799 712 585 96 399 19 375 590 530 740 593 23 65 
326 751
311 751
57 326
629 311
136 57
415 629
536 57
282 629
267 415
552 267
772 415
785 136
799 552
712 536
585 772
96 712
399 552
19 785
375 585
590 267
530 19
740 590
593 96
23 399
65 282
335 721 338 545 779 684 507 408 471 627 791 622 588 348 587 297 217 212 604 37 234 379 661 293 351 517 511 238 778 505 64 607 214 106 160 292 690 167 625 93 463 204 790 547 142 230 424 598 70 600 667 483 222 573 514 295 237 73 
335 721
338 721
545 721
779 338
684 335
507 545
408 684
471 684
627 507
791 507
622 408
588 471
348 779
587 348
297 791
217 587
212 217
604 588
37 622
234 37
379 779
661 379
293 234
351 471
517 212
511 212
238 37
778 238
505 293
64 379
607 379
214 64
106 661
160 511
292 604
690 160
167 604
625 690
93 167
463 160
204 238
790 292
547 505
142 160
230 547
424 64
598 463
70 424
600 142
667 351
483 667
222 204
573 292
514 70
295 424
237 514
73 237
296 723 353 140 149 797 616 40 63 525 190 519 541 28 209 210 329 532 515 487 281 227 592 636 382 656 795 200 193 782 618 95 429 482 
296 723
353 296
140 723
149 353
797 140
616 140
40 149
63 149
525 40
190 797
519 63
541 63
28 525
209 723
210 541
329 209
532 209
515 190
487 190
281 28
227 329
592 515
636 532
382 227
656 382
795 515
200 281
193 487
782 656
618 782
95 795
429 618
482 281
78 448 313 352 122 
78 448
313 448
352 313
122 313
581 755 368 14 42 371 343 194 225 703 591 273 339 100 346 688 314 3 540 
581 755
368 581
14 755
42 581
371 42
343 14
194 42
225 343
703 194
591 225
273 591
339 703
100 591
346 703
688 273
314 339
3 339
540 688
164 444 325 322 233 781 124 675 257 741 
164 444
325 164
322 325
233 325
781 325
124 233
675 781
257 675
741 322
277 774 107 609 676 428 125 734 469 373 763 733 
277 774
107 774
609 774
676 277
428 676
125 676
734 428
469 125
373 469
763 734
733 373
53 631 321 91 543 512 689 355 84 467 179 615 419 706 777 79 651 223 38 576 393 413 201 50 162 176 391 565 154 151 178 
53 631
321 631
91 321
543 321
512 53
689 543
355 543
84 543
467 355
179 91
615 467
419 84
706 419
777 512
79 777
651 615
223 512
38 706
576 419
393 651
413 38
201 38
50 223
162 50
176 576
391 179
565 38
154 576
151 50
178 162
138 738 189 247 108 489 499 112 402 358 533 529 633 58 191 27 197 789 250 
138 738
189 738
247 138
108 247
489 108
499 489
112 499
402 112
358 402
533 738
529 112
633 529
58 633
191 533
27 533
197 191
789 27
250 58
41 342 486 118 272 642 60 111 538 659 387 187 128 274 206 101 249 388 566 174 246 30 90 697 276 678 184 
41 342
486 41
118 486
272 118
642 486
60 642
111 272
538 272
659 642
387 60
187 111
128 659
274 659
206 187
101 206
249 274
388 206
566 388
174 388
246 249
30 246
90 128
697 249
276 697
678 566
184 276
385 686 729 330 713 431 175 509 26 794 637 309 337 299 537 474 170 493 485 760 259 563 161 756 207 769 279 534 245 283 704 548 11 518 2 418 361 6 255 652 177 32 219 691 441 453 300 773 
385 686
729 686
330 729
713 729
431 385
175 431
509 330
26 330
794 26
637 431
309 637
337 26
299 509
537 794
474 175
170 299
493 637
485 299
760 537
259 493
563 309
161 170
756 474
207 170
769 161
279 474
534 756
245 563
283 207
704 259
548 760
11 548
518 485
2 769
418 245
361 548
6 563
255 418
652 534
177 518
32 245
219 548
691 219
441 283
453 691
300 177
773 32
340 767 56 147 555 229 501 475 574 98 672 558 271 564 31 88 232 580 526 698 719 634 596 182 513 758 172 491 240 550 495 218 535 328 188 613 103 268 333 46 
340 767
56 767
147 56
555 147
229 340
501 229
475 147
574 56
98 475
672 501
558 475
271 98
564 574
31 98
88 672
232 558
580 564
526 580
698 232
719 88
634 719
596 634
182 634
513 698
758 719
172 634
491 182
240 491
550 596
495 758
218 758
535 218
328 218
188 218
613 698
103 240
268 172
333 103
46 613
398 578 765 244 522 286 
398 578
765 578
244 765
522 765
286 522
220 766 403 380 
220 766
766 403
220 380
59 608 780 416 133 61 270 650 682 180 
59 608
780 608
416 780
133 416
61 780
270 59
650 133
682 270
180 61
269 793 701 492 569 258 435 303 366 438 546 605 544 
269 793
701 269
492 701
569 701
258 569
435 492
303 435
366 303
438 366
546 366
605 438
544 546
45 135 494 
135 494
45 494
549 700 776 386 
549 700
700 776
549 386
10 407 231 115 456 85 497 49 372 34 0 
10 407
231 10
115 407
456 407
85 231
497 115
49 85
372 456
34 497
0 497
51 86 582 603 695 412 597 
51 86
582 51
603 86
695 603
412 603
597 582
228 705 284 562 432 670 39 577 770 653 748 119 319 316 395 437 290 602 304 12 48 640 606 506 
228 705
284 705
562 705
432 562
670 432
39 562
577 39
770 228
653 284
748 653
119 39
319 670
316 319
395 316
437 119
290 316
602 437
304 437
12 577
48 316
640 304
606 602
506 437
305 621 146 466 702 389 693 787 488 166 113 531 462 195 
305 621
146 305
466 621
702 305
389 621
693 702
787 466
488 787
166 702
113 693
531 113
462 389
195 166
310 619 557 643 357 211 457 768 242 747 253 
310 619
557 310
643 310
357 557
211 357
457 211
768 643
242 457
747 242
253 357
109 674 216 436 579 449 306 
109 674
216 674
436 109
579 216
449 579
306 109
123 365 152 68 18 658 171 153 289 
123 365
152 365
68 123
18 365
658 68
171 18
153 171
289 658
4 775 655 97 
775 97
4 775
4 655
298 720 89 611 215 397 465 148 83 285 262 7 13 460 736 248 120 24 446 454 8 236 520 185 173 15 739 315 280 
298 720
89 298
611 720
215 89
397 611
465 611
148 397
83 148
285 83
262 285
7 285
13 7
460 465
736 460
248 262
120 736
24 83
446 736
454 120
8 7
236 248
520 236
185 13
173 454
15 185
739 520
315 173
280 739
287 320 221 205 660 105 254 666 275 203 341 383 411 685 570 
287 320
221 287
205 221
660 221
105 205
254 205
666 105
275 660
203 105
341 660
383 666
411 341
685 383
570 411
208 528 612 235 74 556 745 
208 528
612 528
235 612
74 612
556 612
745 74
127 725 
127 725
69 318 52 553 331 392 264 771 199 35 359 
69 318
52 69
553 69
331 553
392 318
264 553
771 392
199 392
35 771
359 331
82 363 350 645 
82 363
363 350
82 645
542 
159 792 746 417 
159 792
746 417
792 746
510 561 33 583 473 601 76 595 344 752 312 722 22 692 354 414 575 464 759 80 
510 561
33 510
583 33
473 561
601 473
76 601
595 33
344 583
752 344
312 752
722 752
22 344
692 722
354 601
414 595
575 22
464 344
759 692
80 759
21 681 243 67 481 472 443 29 669 663 680 620 165 104 36 798 5 737 470 717 72 783 461 568 683 439 420 476 427 131 
21 681
243 21
67 243
481 243
472 681
443 472
29 472
669 443
663 481
680 669
620 29
165 29
104 680
36 165
798 472
5 165
737 798
470 5
717 104
72 470
783 620
461 737
568 461
683 568
439 72
420 439
476 717
427 683
131 427
81 263 410 192 251 114 
81 263
410 81
192 410
251 192
114 410
479 
43 301 423 406 169 694 226 288 66 516 
43 301
423 301
406 423
169 43
694 43
226 694
288 423
66 288
516 226
302 623 
302 623
1 724 156 196 362 384 610 54 376 332 762 726 291 496 367 
1 724
156 724
196 156
362 156
384 196
610 196
54 362
376 362
332 1
762 156
726 376
291 54
496 332
367 726
261 345 743 
261 743
345 743
405 671 647 730 
671 730
405 671
671 647
239 649 145 47 630 327 521 440 617 714 144 158 654 349 559 
239 649
145 239
47 239
630 47
327 649
521 327
440 327
617 521
714 47
144 714
158 617
654 617
349 158
559 349
117 134 
117 134
20 
308 381 132 422 364 445 452 632 662 404 390 224 
308 381
132 381
422 381
364 132
445 422
452 364
632 422
662 632
404 452
390 445
224 390
116 599 426 394 9 409 504 183 761 710 500 644 594 137 55 455 16 374 324 754 480 572 468 679 673 129 377 198 586 370 378 757 356 434 668 421 626 744 665 430 
116 599
426 599
394 599
9 426
409 116
504 394
183 9
761 504
710 409
500 9
644 183
594 761
137 710
55 409
455 644
16 500
374 504
324 55
754 500
480 16
572 455
468 572
679 374
673 324
129 480
377 572
198 374
586 129
370 679
378 324
757 198
356 480
434 198
668 586
421 129
626 137
744 378
665 377
430 665
433 718 584 451 150 75 265 266 401 181 742 459 715 278 241 567 168 143 728 360 260 711 256 551 696 
433 718
584 433
451 433
150 584
75 451
265 718
266 265
401 266
181 265
742 266
459 451
715 459
278 715
241 459
567 266
168 181
143 181
728 143
360 168
260 278
711 567
256 728
551 168
696 360
139 307 732 788 396 677 699 750 498 784 294 323 130 484 347 369 648 707 716 202 44 94 477 554 560 447 628 527 664 614 336 
139 307
732 139
788 732
396 139
677 396
699 396
750 677
498 788
784 788
294 788
323 699
130 498
484 294
347 750
369 699
648 347
707 323
716 707
202 369
44 716
94 202
477 750
554 94
560 477
447 554
628 560
527 477
664 554
614 527
336 44
