? 4 671 730 417 405 
? 4 109 436 449 80 
? 4 195 462 494 45 
? 4 174 388 149 63 
? 4 85 151 273 591 
? 4 180 792 125 416 
? 3 124 233 559 
? 3 619 740 747 
? 3 519 541 533 
!
519 541 533 
519 533
519 541
239 649 145 630 47 327 482 592 521 795 281 440 617 197 95 28 525 191 395 515 144 748 200 714 48 654 40 349 158 220 653 
239 649
145 239
630 239
47 630
327 649
482 327
592 649
521 327
795 592
281 482
440 327
617 521
197 482
95 795
28 281
525 28
191 482
395 47
515 795
144 395
748 395
200 281
714 144
48 144
654 617
40 28
349 714
158 654
220 714
653 395
54 362 376 726 291 156 1 762 662 367 196 632 384 610 781 675 589 400 444 257 
54 362
376 362
726 376
291 54
156 376
1 156
762 156
662 291
367 726
196 156
632 291
384 196
610 384
781 762
675 762
589 632
400 632
444 726
257 675
335 338 721 779 684 471 588 587 348 217 661 351 379 106 690 292 625 598 790 573 597 725 606 582 602 173 
335 338
721 335
779 335
684 335
471 684
588 338
587 779
348 587
217 348
661 779
351 471
379 661
106 661
690 217
292 588
625 690
598 690
790 292
573 292
597 573
725 598
606 597
582 597
602 582
173 725
73 237 514 157 749 478 70 571 425 490 708 523 709 424 442 102 764 508 641 624 126 297 214 778 295 101 64 155 735 163 627 110 204 464 791 657 786 238 507 37 687 503 635 92 595 638 344 583 622 222 408 545 22 678 575 607 234 206 
73 237
514 237
157 73
749 157
478 514
70 73
571 749
425 514
490 571
708 478
523 157
709 571
424 708
442 490
102 490
764 442
508 102
641 490
624 708
126 490
297 425
214 424
778 297
295 214
101 442
64 214
155 641
735 295
163 708
627 297
110 102
204 101
464 126
791 627
657 735
786 163
238 297
507 791
37 297
687 163
503 110
635 657
92 641
595 92
638 503
344 464
583 344
622 37
222 101
408 622
545 507
22 344
678 22
575 344
607 214
234 37
206 101
419 706 689 543 576 413 84 38 565 467 176 355 321 201 53 91 154 631 179 651 615 755 581 512 343 393 79 14 777 223 391 225 50 162 
419 706
689 419
543 419
576 419
413 706
84 706
38 413
565 413
467 543
176 576
355 467
321 689
201 565
53 321
91 321
154 576
631 53
179 91
651 467
615 355
755 413
581 565
512 631
343 201
393 615
79 631
14 755
777 91
223 777
391 91
225 391
50 223
162 223
531 693 702 305 346 
531 693
702 693
305 693
346 531
198 757 434 374 770 193 679 370 487 504 190 761 468 394 455 140 797 616 644 
198 757
434 198
374 757
770 198
193 757
679 193
370 679
487 193
504 679
190 487
761 504
468 679
394 504
455 468
140 190
797 190
616 190
644 455
493 637 259 309 431 161 618 782 210 227 
493 637
259 637
309 637
431 637
161 259
618 431
782 618
210 618
227 782
377 572 665 430 209 296 183 329 723 353 599 382 
377 572
665 377
430 377
209 430
296 665
183 572
329 209
723 296
353 296
599 183
382 329
43 301 169 423 694 226 177 406 300 288 518 66 516 81 263 410 485 283 441 383 685 299 337 192 170 207 509 26 794 769 666 
43 301
169 43
423 301
694 43
226 694
177 43
406 301
300 177
288 423
518 694
66 288
516 226
81 169
263 81
410 81
485 177
283 485
441 283
383 81
685 383
299 485
337 518
192 516
170 299
207 170
509 170
26 337
794 337
769 207
666 685
311 326 57 629 415 751 282 267 136 772 552 799 585 785 712 536 399 375 96 
311 326
57 326
629 311
415 629
751 311
282 629
267 415
136 57
772 629
552 311
799 552
585 415
785 136
712 785
536 712
399 267
375 585
96 536
331 553 69 318 359 264 52 392 412 695 97 603 12 403 35 199 775 771 4 235 745 746 74 682 86 319 612 
331 553
69 553
318 69
359 331
264 553
52 318
392 318
412 264
695 264
97 52
603 412
12 359
403 359
35 392
199 392
775 199
771 199
4 199
235 97
745 235
746 199
74 97
682 695
86 695
319 12
612 74
21 681 243 481 67 443 472 669 29 663 680 620 165 104 36 798 5 737 470 717 421 72 461 568 356 668 783 586 129 480 683 420 439 476 636 189 427 16 46 613 131 358 532 656 429 738 247 138 
21 681
243 21
481 243
67 481
443 681
472 21
669 443
29 472
663 481
680 669
620 29
165 29
104 669
36 165
798 472
5 29
737 798
470 165
717 104
421 5
72 36
461 737
568 737
356 470
668 421
783 668
586 668
129 586
480 129
683 568
420 72
439 72
476 717
636 586
189 461
427 568
16 129
46 439
613 439
131 427
358 476
532 636
656 189
429 656
738 429
247 738
138 738
677 750 307 139 396 732 784 788 347 648 699 498 294 323 484 130 477 369 560 202 527 614 628 371 707 94 44 194 554 42 703 716 664 447 339 3 345 302 743 368 
677 750
307 677
139 307
396 307
732 307
784 750
788 307
347 784
648 347
699 396
498 788
294 788
323 699
484 294
130 498
477 750
369 699
560 477
202 369
527 477
614 527
628 560
371 560
707 323
94 202
44 707
194 371
554 94
42 371
703 628
716 707
664 554
447 94
339 628
3 339
345 664
302 3
743 664
368 371
172 634 491 182 240 672 
172 634
491 172
182 491
240 182
672 634
180 792 125 416 
792 125
180 125
180 416
9 426 116 500 409 710 754 137 55 564 
9 426
116 426
500 9
409 116
710 409
754 500
137 710
55 409
564 754
188 218 535 758 495 312 692 759 550 722 88 719 596 
188 218
535 188
758 218
495 535
312 218
692 312
759 692
550 758
722 759
88 758
719 88
596 88
619 740 747 
619 740
619 747
85 151 273 591 
85 273
151 273
273 591
186 208 528 99 121 646 727 556 731 62 113 
186 208
528 208
99 528
121 186
646 99
727 121
556 121
731 556
62 727
113 556
373 733 23 469 643 768 590 
373 733
23 373
469 23
643 733
768 643
590 23
537 760 11 361 548 330 453 691 219 713 729 686 252 534 27 385 652 756 175 77 474 251 279 789 
537 760
11 760
361 11
548 11
330 537
453 11
691 453
219 11
713 330
729 713
686 729
252 219
534 537
27 252
385 686
652 534
756 534
175 713
77 27
474 175
251 77
279 474
789 27
34 497 0 115 65 593 407 10 456 231 688 253 540 100 
34 497
0 34
115 497
65 34
593 34
407 115
10 407
456 407
231 115
688 231
253 456
540 688
100 688
127 286 315 522 520 248 236 185 15 61 159 
127 286
315 286
522 315
520 315
248 520
236 248
185 248
15 185
61 15
159 185
526 580 698 574 626 501 229 
526 580
698 526
574 526
626 574
501 574
229 501
317 639 753 458 71 524 164 325 322 
317 639
753 639
458 639
71 458
524 753
164 71
325 71
322 325
174 388 149 63 
174 388
149 63
174 63
287 320 221 205 254 105 660 275 203 341 411 570 404 114 496 171 452 332 153 132 364 18 308 381 123 365 445 422 724 
287 320
221 287
205 287
254 205
105 254
660 221
275 660
203 205
341 275
411 275
570 411
404 341
114 570
496 254
171 114
452 404
332 496
153 114
132 452
364 452
18 171
308 132
381 308
123 18
365 18
445 132
422 381
724 332
25 334 141 213 414 473 33 510 561 601 354 76 752 479 328 
25 334
141 334
213 334
414 25
473 414
33 473
510 33
561 510
601 561
354 601
76 601
752 510
479 354
328 561
466 787 146 49 621 178 389 
466 787
146 466
49 787
621 146
178 466
389 146
166 488 
166 488
82 363 306 350 268 645 333 103 216 674 579 
82 363
306 363
350 363
268 350
645 82
333 268
103 333
216 82
674 216
579 674
195 462 494 45 
195 462
462 45
494 45
457 
109 436 449 80 
109 436
109 449
449 80
529 633 58 402 112 499 255 418 489 250 269 773 793 245 32 563 701 108 569 6 
529 633
58 633
402 633
112 529
499 402
255 529
418 255
489 499
250 418
269 250
773 489
793 269
245 418
32 773
563 418
701 793
108 489
569 250
6 108
148 397 600 720 298 611 83 465 89 460 142 736 24 13 446 517 215 285 167 93 120 511 160 7 212 454 8 262 604 463 
148 397
600 148
720 397
298 720
611 298
83 298
465 298
89 720
460 465
142 600
736 460
24 83
13 24
446 460
517 600
215 89
285 13
167 24
93 167
120 446
511 517
160 511
7 285
212 511
454 120
8 285
262 7
604 167
463 160
211 357 557 242 310 372 
211 357
557 357
242 211
310 557
372 211
380 
314 623 122 796 17 539 502 87 450 20 
314 623
122 623
796 122
17 796
539 796
502 122
87 122
450 539
20 17
135 655 
135 655
289 658 117 68 542 134 152 78 336 261 390 448 224 313 352 
289 658
117 658
68 658
542 117
134 117
152 68
78 68
336 134
261 542
390 78
448 78
224 390
313 448
352 313
124 233 559 
233 559
124 233
671 730 417 405 
730 417
671 730
671 405
438 605 546 366 435 544 303 492 776 258 700 549 2 704 386 
438 605
546 438
366 546
435 438
544 546
303 366
492 435
776 544
258 303
700 776
549 700
2 700
704 258
386 549
741 766 
741 766
19 
98 271 147 555 475 31 558 56 232 767 513 340 
98 271
147 98
555 98
475 98
31 98
558 475
56 555
232 558
767 555
513 232
340 767
433 718 150 584 75 451 265 266 401 181 742 715 459 278 241 143 567 168 260 728 256 696 360 551 711 609 428 277 676 774 398 765 107 244 578 734 530 739 763 280 
433 718
150 433
584 150
75 584
451 75
265 433
266 265
401 584
181 265
742 401
715 451
459 715
278 715
241 459
143 181
567 266
168 265
260 278
728 143
256 728
696 168
360 696
551 728
711 567
609 260
428 551
277 260
676 256
774 277
398 711
765 360
107 277
244 696
578 398
734 428
530 107
739 244
763 734
280 739
304 640 437 51 119 506 39 577 184 562 670 432 270 705 228 284 276 316 290 59 608 650 780 133 647 
304 640
437 304
51 640
119 437
506 640
39 437
577 39
184 39
562 39
670 577
432 670
270 51
705 184
228 705
284 432
276 228
316 284
290 316
59 270
608 59
650 608
780 59
133 780
647 650
486 642 118 60 41 342 272 659 128 230 387 538 547 274 111 505 187 673 249 293 246 744 667 30 378 483 697 594 324 90 566 
486 642
118 486
60 642
41 486
342 118
272 118
659 486
128 642
230 342
387 60
538 118
547 230
274 387
111 272
505 230
187 111
673 538
249 274
293 230
246 249
744 187
667 246
30 246
378 744
483 246
697 249
594 673
324 378
90 249
566 378
