? 14 224 659 556 663 799 615 94 360 414 621 455 7 154 53 
? 14 182 503 681 645 606 694 693 117 428 260 268 60 782 394 
? 13 166 461 547 93 146 197 213 522 6 253 70 536 110 
? 12 59 543 49 112 421 118 364 72 125 460 138 137 
? 12 297 589 128 600 299 264 393 155 88 387 481 111 
? 12 83 347 531 542 5 144 322 240 717 391 604 703 
? 11 678 733 309 766 38 269 120 351 61 275 505 
? 11 57 204 792 465 418 679 635 673 152 649 411 
? 10 244 552 176 548 319 488 596 305 756 785 
? 10 32 281 707 412 423 714 518 516 530 489 
? 10 261 633 135 532 697 689 415 221 546 504 
? 10 426 480 84 406 349 343 73 619 263 190 
? 10 403 521 588 401 258 795 786 691 257 355 
? 10 132 653 200 315 26 607 173 472 783 44 
? 9 169 629 513 181 333 484 23 597 232 
? 9 123 773 495 674 396 491 419 445 168 
? 9 170 444 30 554 441 378 175 564 581 
? 9 696 740 332 781 239 58 121 296 622 
? 9 3 680 271 270 105 300 308 272 685 
? 9 56 789 776 277 192 482 528 74 374 
? 9 202 514 613 676 620 91 402 377 687 
? 9 561 732 761 39 302 637 167 130 602 
? 8 0 525 742 52 64 36 21 96 
? 8 126 408 37 77 726 19 217 453 
? 8 571 614 133 611 705 437 195 582 
? 8 108 431 667 558 51 11 416 442 
? 8 312 743 555 784 48 569 407 139 
? 8 252 762 692 507 292 336 87 95 
? 8 314 327 570 140 303 368 417 438 
? 8 17 549 440 603 71 380 487 585 
? 8 497 591 473 346 686 79 750 456 
? 7 92 298 748 46 216 719 353 
? 7 28 124 236 755 730 289 156 
? 7 194 580 566 639 559 22 709 
? 7 731 764 735 384 341 576 129 
? 7 399 654 605 721 201 34 97 
? 7 669 738 448 153 212 779 634 
? 7 573 651 42 660 758 506 728 
? 7 249 572 698 535 245 280 623 
? 7 24 340 746 751 699 43 198 
? 7 335 476 435 141 638 450 540 
? 7 657 662 618 599 524 119 171 
? 7 162 502 193 164 494 115 434 
? 7 211 344 370 99 165 356 12 
? 6 147 485 338 509 376 486 
? 6 285 772 291 383 179 510 
? 6 259 718 20 226 361 78 
? 6 158 429 330 282 317 82 
? 6 612 790 136 235 246 328 
? 6 9 736 553 54 209 675 
? 6 433 598 185 682 228 710 
? 6 284 601 359 498 114 389 
? 6 243 345 323 712 636 50 
? 5 381 557 771 180 665 
? 5 265 640 590 508 357 
? 5 690 753 324 741 273 
? 5 199 541 483 500 41 
? 5 183 348 90 464 103 
? 5 2 578 109 248 66 
? 5 449 499 656 385 749 
? 5 688 777 230 231 172 
? 4 233 744 373 189 
? 4 35 366 798 227 
? 4 234 447 797 562 
? 4 33 768 477 388 
? 4 716 765 250 288 
? 4 220 256 752 81 
? 4 207 565 69 529 
? 3 45 515 371 
? 3 616 624 706 
? 3 16 55 668 
? 3 255 593 757 
? 3 251 563 670 
? 3 276 626 242 
? 3 386 470 222 
? 3 214 519 306 
? 3 446 661 274 
? 3 267 586 262 
? 3 363 463 466 
? 3 80 527 424 
? 3 14 745 150 
!
243 345 323 712 636 50 
345 323
243 712
243 636
345 712
323 50
497 591 473 346 686 79 750 456 
497 79
591 473
473 79
346 686
591 686
497 456
750 456
237 724 
237 724
793 
369 775 770 443 390 290 574 354 538 630 734 400 404 104 754 4 143 145 
369 775
770 775
443 775
390 770
290 369
574 390
354 290
538 354
630 574
734 354
400 390
404 734
104 630
754 104
4 400
143 4
145 404
14 745 150 
14 745
745 150
561 732 761 39 302 637 167 130 602 
561 732
167 130
732 39
302 602
561 761
167 602
39 302
561 637
132 653 200 315 26 607 173 472 783 44 
653 26
173 783
132 653
653 200
26 173
315 26
132 607
315 44
200 472
116 367 
116 367
83 347 531 542 5 144 322 240 717 391 604 703 
717 604
83 347
5 144
542 144
5 322
542 240
531 717
347 5
83 531
542 703
240 391
769 
403 521 588 401 258 795 786 691 257 355 
401 786
403 521
521 588
588 401
521 258
258 691
258 795
403 355
401 257
177 457 
177 457
202 514 613 676 620 91 402 377 687 
91 377
202 676
514 402
202 377
514 91
514 687
514 613
676 620
205 648 
205 648
80 527 424 
80 527
527 424
57 204 792 465 418 679 635 673 152 649 411 
635 673
57 204
152 411
679 673
792 465
418 679
204 465
152 649
57 418
57 649
310 652 
310 652
127 684 
127 684
688 777 230 231 172 
231 172
688 777
688 230
230 231
284 601 359 498 114 389 
284 601
114 389
284 359
359 114
601 498
512 655 
512 655
182 503 681 645 606 694 693 117 428 260 268 60 782 394 
606 268
182 681
503 606
645 117
182 503
681 394
694 60
117 394
645 693
60 394
117 260
693 428
606 782
211 344 370 99 165 356 12 
211 370
356 12
370 99
211 344
370 165
211 12
76 372 671 632 266 760 283 479 229 774 469 382 631 208 342 148 778 
76 372
671 76
632 372
266 671
760 76
283 760
479 283
229 632
774 266
469 229
382 774
631 671
208 229
342 760
148 382
778 342
449 499 656 385 749 
449 499
449 656
656 749
499 385
56 789 776 277 192 482 528 74 374 
528 74
56 789
789 776
277 482
789 277
192 374
56 192
776 528
433 598 185 682 228 710 
433 598
598 185
185 682
682 710
433 228
295 326 247 608 395 420 526 316 642 184 478 729 577 219 643 550 329 1 68 362 178 788 186 86 794 545 151 311 471 215 432 
295 326
247 326
608 326
395 608
420 295
526 420
316 526
642 395
184 526
478 642
729 316
577 478
219 577
643 577
550 184
329 219
1 729
68 329
362 68
178 1
788 178
186 362
86 186
794 68
545 186
151 1
311 545
471 86
215 151
432 794
207 565 69 529 
565 69
207 565
69 529
3 680 271 270 105 300 308 272 685 
680 271
270 105
3 271
3 300
3 270
680 685
105 272
270 308
763 
363 463 466 
363 463
463 466
759 
739 
17 549 440 603 71 380 487 585 
440 603
71 487
17 549
487 585
549 603
17 585
549 380
727 
162 502 193 164 494 115 434 
162 502
164 494
193 494
494 115
162 164
193 434
2 578 109 248 66 
2 109
578 109
2 248
578 66
657 662 618 599 524 119 171 
657 662
657 599
657 618
662 524
599 171
662 119
725 
704 
134 350 
134 350
335 476 435 141 638 450 540 
335 476
335 638
638 450
335 435
476 141
141 540
426 480 84 406 349 343 73 619 263 190 
406 619
73 619
349 73
480 84
426 84
343 190
619 263
343 263
426 349
220 256 752 81 
220 752
220 256
256 81
683 
261 633 135 532 697 689 415 221 546 504 
261 135
261 633
697 415
633 532
532 221
633 697
135 689
697 546
532 504
696 740 332 781 239 58 121 296 622 
696 740
696 332
121 296
58 296
332 781
296 622
239 121
740 239
170 444 30 554 441 378 175 564 581 
444 554
30 441
170 30
170 444
170 378
175 564
378 564
175 581
314 327 570 140 303 368 417 438 
303 368
570 140
314 327
327 368
303 438
314 417
314 570
716 765 250 288 
716 765
765 250
716 288
587 
658 767 318 89 672 791 122 468 579 163 331 238 63 161 617 188 677 
658 767
318 767
89 658
672 767
791 658
122 89
468 672
579 791
163 791
331 163
238 122
63 468
161 122
617 63
188 579
677 579
183 348 90 464 103 
183 348
90 464
348 90
464 103
33 768 477 388 
477 388
33 768
33 477
568 
24 340 746 751 699 43 198 
746 751
340 746
24 746
340 699
751 198
746 43
560 
249 572 698 535 245 280 623 
572 245
698 535
249 535
280 623
249 280
249 245
267 586 262 
267 586
586 262
446 661 274 
446 661
446 274
160 321 
160 321
131 398 196 397 107 737 31 100 254 780 695 462 425 27 85 286 467 451 715 203 534 159 452 644 711 157 313 98 379 339 575 723 409 13 520 174 47 
131 398
196 398
397 196
107 398
737 397
31 107
100 737
254 131
780 254
695 100
462 196
425 31
27 695
85 27
286 254
467 27
451 27
715 85
203 425
534 203
159 462
452 286
644 425
711 451
157 711
313 159
98 780
379 644
339 157
575 452
723 159
409 339
13 98
520 409
174 534
47 723
234 447 797 562 
234 447
447 797
234 562
422 544 
422 544
199 541 483 500 41 
483 500
199 541
541 483
541 41
252 762 692 507 292 336 87 95 
252 692
692 336
252 762
762 507
87 95
507 292
336 87
690 753 324 741 273 
690 753
753 324
690 741
690 273
32 281 707 412 423 714 518 516 530 489 
32 281
32 423
423 714
281 707
281 412
412 516
707 530
707 518
32 489
9 736 553 54 209 675 
9 736
553 54
209 675
54 675
9 553
573 651 42 660 758 506 728 
651 42
573 651
42 506
758 506
573 728
651 660
214 519 306 
519 306
214 306
312 743 555 784 48 569 407 139 
743 784
312 48
312 743
555 48
743 569
407 139
555 407
386 470 222 
386 470
386 222
533 
669 738 448 153 212 779 634 
669 738
212 779
448 153
669 448
448 212
153 634
678 733 309 766 38 269 120 351 61 275 505 
678 733
38 120
733 309
309 120
269 275
678 766
269 61
309 61
766 351
269 505
276 626 242 
276 626
626 242
492 
490 647 
490 647
493 595 
493 595
108 431 667 558 51 11 416 442 
558 11
108 431
667 442
108 442
431 51
431 558
51 416
612 790 136 235 246 328 
612 790
790 235
612 136
136 246
612 328
474 
337 
123 773 495 674 396 491 419 445 168 
495 396
674 491
123 419
491 419
495 419
123 773
773 445
445 168
325 
304 
307 496 
307 496
293 
399 654 605 721 201 34 97 
399 654
34 97
721 34
654 605
201 97
399 721
279 
29 551 142 517 113 701 225 358 67 218 720 610 501 475 567 439 15 101 375 747 511 352 427 625 
29 551
142 551
517 29
113 517
701 142
225 517
358 225
67 358
218 701
720 142
610 720
501 113
475 517
567 701
439 501
15 567
101 218
375 358
747 439
511 375
352 101
427 720
625 567
731 764 735 384 341 576 129 
735 576
731 576
764 735
384 341
735 384
731 129
265 640 590 508 357 
265 640
508 357
640 508
265 590
278 
35 366 798 227 
35 366
35 798
366 227
297 589 128 600 299 264 393 155 88 387 481 111 
299 481
264 155
589 600
297 589
589 128
600 88
128 111
600 155
600 393
88 481
297 387
241 
191 
251 563 670 
251 563
251 670
158 429 330 282 317 82 
429 282
158 429
429 82
317 82
158 330
75 537 
75 537
102 
259 718 20 226 361 78 
259 718
259 20
20 361
20 226
718 78
285 772 291 383 179 510 
285 383
285 291
772 291
383 510
772 179
65 
571 614 133 611 705 437 195 582 
571 614
437 195
133 611
571 133
611 705
614 195
195 582
392 713 666 436 708 594 628 106 650 627 430 62 187 458 722 18 796 584 646 206 454 
392 713
666 392
436 666
708 666
594 666
628 436
106 708
650 594
627 628
430 594
62 650
187 627
458 650
722 430
18 628
796 458
584 187
646 796
206 458
454 62
40 
8 583 
8 583
169 629 513 181 333 484 23 597 232 
513 181
169 513
181 333
169 629
23 597
629 484
333 23
597 232
381 557 771 180 665 
771 180
381 557
381 771
771 665
126 408 37 77 726 19 217 453 
126 408
726 217
19 453
37 19
37 77
408 37
126 726
244 552 176 548 319 488 596 305 756 785 
244 176
548 488
176 305
548 596
548 785
552 785
552 305
319 596
305 756
194 580 566 639 559 22 709 
566 639
194 566
559 22
580 709
194 580
580 559
224 659 556 663 799 615 94 360 414 621 455 7 154 53 
224 663
659 556
224 556
621 455
615 414
94 53
360 7
659 621
224 799
414 455
621 154
556 94
799 360
149 523 
149 523
28 124 236 755 730 289 156 
755 730
755 156
289 156
28 124
28 730
28 236
10 
294 365 
294 365
166 461 547 93 146 197 213 522 6 253 70 536 110 
461 547
146 522
166 547
6 253
93 213
197 213
197 70
93 522
461 522
146 536
6 110
253 70
92 298 748 46 216 719 353 
92 748
92 298
748 216
46 719
719 353
216 719
147 485 338 509 376 486 
147 485
147 376
509 376
338 509
147 486
255 593 757 
593 757
255 593
405 459 641 287 700 592 223 609 787 301 25 539 413 210 702 
405 459
641 459
287 641
700 405
592 287
223 592
609 223
787 287
301 787
25 223
539 609
413 301
210 539
702 301
320 334 
320 334
0 525 742 52 64 36 21 96 
0 525
525 52
525 742
36 96
64 21
52 64
742 96
16 55 668 
16 668
55 668
616 624 706 
616 624
616 706
233 744 373 189 
233 744
233 373
373 189
59 543 49 112 421 118 364 72 125 460 138 137 
421 364
460 137
49 118
125 138
421 72
118 125
59 543
112 460
59 49
543 421
59 112
45 515 371 
45 515
515 371
410 664 
410 664
