? 14 29 551 142 358 517 225 67 113 701 218 720 610 475 501 
? 14 92 298 748 48 569 46 216 555 743 784 312 622 407 719 
? 13 669 738 448 153 190 212 343 263 779 406 480 619 426 
? 12 294 617 63 365 468 672 465 792 667 108 431 658 
? 12 133 571 614 611 705 437 195 582 665 771 674 359 
? 12 199 438 541 303 625 483 368 472 500 327 314 570 
? 11 297 589 128 600 299 264 393 155 387 481 88 
? 11 316 526 184 420 729 550 295 326 247 1 395 
? 10 86 186 545 311 234 447 362 797 704 68 
? 10 74 528 736 232 597 9 536 776 23 56 
? 10 224 659 556 799 360 621 455 7 154 777 
? 10 635 673 563 679 418 251 11 103 558 416 
? 10 574 630 390 770 369 775 104 143 400 538 
? 10 165 233 744 99 344 370 373 211 189 78 
? 9 17 549 440 603 71 380 585 487 205 
? 9 166 461 547 146 93 197 213 522 6 
? 9 566 639 194 293 580 559 338 509 22 
? 9 433 598 270 185 682 228 105 272 308 
? 9 491 495 396 419 773 123 510 624 284 
? 9 169 629 413 513 181 301 333 778 342 
? 9 288 385 453 716 765 19 37 499 77 
? 9 72 364 553 54 112 785 209 460 675 
? 8 287 592 405 641 459 223 700 609 
? 8 746 751 24 340 198 457 43 35 
? 8 130 602 167 302 648 191 39 215 
? 8 404 734 354 145 382 774 479 290 
? 8 217 726 330 575 158 408 126 429 
? 8 292 507 363 466 44 151 315 178 
? 8 173 783 26 653 200 132 140 607 
? 8 485 728 147 623 573 280 651 486 
? 8 202 613 620 273 514 91 676 377 
? 7 243 345 323 712 129 636 50 
? 7 182 681 503 606 645 117 694 
? 7 89 122 238 767 579 204 791 
? 7 179 498 160 601 524 119 321 
? 7 612 790 136 235 246 328 519 
? 7 162 502 504 164 677 163 318 
? 7 81 127 237 684 724 686 276 
? 7 249 698 572 535 245 693 84 
? 7 76 372 671 632 266 283 760 
? 7 207 565 520 69 710 180 529 
? 7 381 557 339 389 114 409 757 
? 7 696 740 332 781 239 375 747 
? 7 539 578 2 210 109 581 391 
? 6 80 432 794 102 527 367 
? 6 277 789 482 488 319 192 
? 6 450 638 435 476 661 335 
? 6 12 356 274 599 657 540 
? 6 282 337 379 644 417 203 
? 6 20 259 718 361 753 250 
? 6 208 229 469 110 484 253 
? 6 478 642 643 577 608 329 
? 6 731 764 341 759 306 214 
? 5 30 444 170 441 554 
? 5 291 383 285 772 70 
? 5 75 139 782 537 371 
? 5 325 634 73 349 515 
? 5 265 640 51 442 508 
? 5 271 680 3 300 685 
? 5 148 533 227 366 798 
? 5 14 745 150 8 279 
? 4 79 456 750 591 
? 4 101 352 41 523 
? 4 320 334 668 16 
? 4 473 497 346 562 
? 4 144 542 322 703 
? 4 47 427 723 560 
? 4 548 596 552 176 
? 3 33 768 477 
? 3 121 296 58 
? 3 410 664 626 
? 3 172 231 230 
? 3 15 567 174 
? 3 422 544 439 
? 3 586 749 267 
? 3 490 647 492 
? 3 688 741 324 
? 3 42 660 255 
? 3 60 394 260 
? 3 506 758 376 
? 3 65 709 583 
!
731 764 341 759 306 214 
306 214
731 764
341 214
764 759
731 341
202 613 620 273 514 91 676 377 
613 273
91 377
202 676
202 377
514 91
273 514
620 676
474 725 
474 725
788 
32 281 707 412 423 714 489 518 516 530 304 732 561 637 95 241 463 761 
32 281
707 32
412 32
423 281
714 423
489 281
518 707
516 412
530 518
304 516
732 423
561 732
637 714
95 304
241 95
463 530
761 561
65 709 583 
65 709
65 583
72 364 553 54 112 785 209 460 675 
785 209
72 553
72 364
553 54
209 675
54 675
112 460
364 112
165 233 744 99 344 370 373 211 189 78 
165 744
233 744
370 211
99 370
344 211
165 370
189 78
233 373
373 189
10 446 
10 446
199 438 541 303 625 483 368 472 500 327 314 570 
541 472
438 472
303 368
483 500
199 438
327 314
199 303
368 327
541 625
483 472
314 570
787 
574 630 390 770 369 775 104 143 400 538 
574 390
574 630
369 775
390 770
770 775
770 400
143 400
104 538
630 104
55 670 
55 670
288 385 453 716 765 19 37 499 77 
288 385
716 765
453 19
19 37
499 77
37 77
288 716
288 499
702 754 
702 754
506 758 376 
506 758
506 376
316 526 184 420 729 550 295 326 247 1 395 
326 395
326 247
295 395
316 526
316 729
526 184
526 420
184 550
729 1
420 247
177 769 
177 769
616 706 
616 706
14 745 150 8 279 
14 745
745 150
150 279
14 8
478 642 643 577 608 329 
478 642
642 577
478 643
643 329
577 608
141 690 
141 690
92 298 748 48 569 46 216 555 743 784 312 622 407 719 
743 784
48 312
743 312
92 748
48 555
92 298
569 743
298 569
216 622
748 216
46 407
46 555
622 719
539 578 2 210 109 581 391 
578 210
539 109
2 109
539 578
578 581
581 391
399 654 605 721 201 34 414 97 615 576 756 305 384 244 278 663 735 
399 654
605 654
721 399
201 721
34 721
414 201
97 34
615 414
576 34
756 721
305 756
384 97
244 305
278 384
663 615
735 576
148 533 227 366 798 
533 227
148 533
366 798
227 366
169 629 413 513 181 301 333 778 342 
513 181
413 513
169 513
181 333
169 629
778 342
413 301
629 342
208 229 469 110 484 253 
208 229
110 484
208 469
208 110
110 253
156 755 730 289 763 546 124 434 28 236 415 152 53 697 649 411 221 633 261 135 689 532 94 161 348 193 183 115 494 188 57 
156 755
730 755
289 156
763 156
546 156
124 755
434 546
28 124
236 289
415 730
152 434
53 28
697 546
649 152
411 649
221 415
633 697
261 633
135 261
689 135
532 633
94 53
161 411
348 763
193 221
183 348
115 53
494 193
188 689
57 649
548 596 552 176 
548 596
552 176
548 552
491 495 396 419 773 123 510 624 284 
495 396
510 284
419 123
491 419
495 419
773 123
396 624
495 510
683 
60 394 260 
60 394
394 260
593 
590 
485 728 147 623 573 280 651 486 
485 147
573 651
485 728
485 623
623 280
147 573
728 486
587 
696 740 332 781 239 375 747 
696 740
696 332
781 375
332 781
740 239
696 747
271 680 3 300 685 
271 680
271 3
3 300
680 685
381 557 339 389 114 409 757 
339 409
557 114
381 557
557 389
381 409
381 757
568 
534 
13 98 
13 98
207 565 520 69 710 180 529 
565 69
207 565
207 710
565 180
69 529
520 180
635 673 563 679 418 251 11 103 558 416 
11 558
635 673
563 251
673 679
679 418
673 563
251 103
11 416
679 11
47 427 723 560 
47 427
427 723
427 560
511 
224 659 556 799 360 621 455 7 154 777 
659 556
224 556
621 455
7 777
360 7
659 621
224 799
621 154
799 360
433 598 270 185 682 228 105 272 308 
433 598
270 105
433 105
598 185
105 272
185 682
270 308
228 308
566 639 194 293 580 559 338 509 22 
566 639
566 194
559 22
194 580
580 559
338 509
293 509
566 338
173 783 26 653 200 132 140 607 
26 653
173 783
653 132
653 200
173 26
132 607
173 140
144 542 322 703 
144 542
144 322
542 703
449 
0 525 52 742 64 36 87 96 21 493 512 336 595 655 692 252 762 
0 525
52 525
742 0
64 52
36 0
87 742
96 36
21 64
493 21
512 64
336 87
595 21
655 512
692 336
252 692
762 252
265 640 51 442 508 
265 640
640 508
51 442
265 51
473 497 346 562 
473 497
346 562
473 346
443 
76 372 671 632 266 283 760 
283 760
372 671
76 671
76 266
372 632
671 283
424 
249 698 572 535 245 693 84 
572 245
698 535
245 693
249 535
249 245
572 84
42 660 255 
42 255
42 660
688 741 324 
688 741
741 324
134 242 
134 242
392 713 666 436 708 594 628 627 650 106 62 430 187 18 722 796 458 584 646 543 206 347 59 83 454 531 49 118 66 138 604 125 739 421 5 717 111 
392 713
666 392
436 666
708 666
594 666
628 436
627 628
650 594
106 708
62 650
430 594
187 627
18 628
722 430
796 650
458 796
584 187
646 796
543 646
206 458
347 62
59 646
83 347
454 347
531 454
49 206
118 49
66 106
138 118
604 531
125 118
739 66
421 722
5 531
717 604
111 739
320 334 668 16 
320 334
668 16
334 16
286 452 
286 452
325 634 73 349 515 
325 634
73 349
349 515
634 73
292 507 363 466 44 151 315 178 
292 363
292 507
44 315
363 466
151 178
466 178
507 44
75 139 782 537 371 
75 139
75 537
139 782
537 371
74 528 736 232 597 9 536 776 23 56 
74 736
74 528
232 536
776 56
736 9
536 776
597 23
597 9
528 232
20 259 718 361 753 250 
259 718
20 259
20 361
20 250
259 753
81 127 237 684 724 686 276 
237 686
81 127
127 684
81 237
127 724
684 276
490 647 492 
647 492
490 647
217 726 330 575 158 408 126 429 
408 126
217 726
217 330
575 158
158 429
330 575
726 126
586 749 267 
586 749
586 267
388 
162 502 504 164 677 163 318 
162 502
502 504
162 164
504 677
163 318
677 163
297 589 128 600 299 264 393 155 387 481 88 
299 481
264 155
589 600
297 589
589 128
600 88
600 155
600 393
481 88
297 387
422 544 439 
422 544
544 439
378 
116 357 
116 357
618 662 
618 662
404 734 354 145 382 774 479 290 
734 354
404 145
404 734
382 774
145 382
404 479
354 290
282 337 379 644 417 203 
644 203
337 379
282 337
644 417
379 644
353 
350 
166 461 547 146 93 197 213 522 6 
461 547
146 522
166 547
93 213
197 213
93 522
461 522
166 6
331 
313 
45 428 
45 428
268 
612 790 136 235 246 328 519 
328 519
612 790
790 235
612 136
136 246
612 328
248 
678 733 309 766 269 38 120 351 61 386 275 505 752 220 656 40 793 470 471 262 317 256 82 222 
678 733
309 733
766 733
269 766
38 309
120 38
351 678
61 269
386 351
275 61
505 766
752 61
220 752
656 275
40 505
793 351
470 386
471 120
262 752
317 793
256 220
82 317
222 351
179 498 160 601 524 119 321 
179 498
524 119
179 601
160 524
498 160
498 321
291 383 285 772 70 
383 285
291 285
291 772
285 70
240 
101 352 41 523 
101 352
352 523
101 41
133 571 614 611 705 437 195 582 665 771 674 359 
571 614
437 195
674 359
133 611
133 571
582 771
611 705
705 665
614 195
195 582
133 359
226 
219 
15 567 174 
15 567
15 174
12 356 274 599 657 540 
12 356
599 657
274 540
12 274
274 599
175 564 
175 564
149 
450 638 435 476 661 335 
476 335
638 335
450 638
435 335
450 661
277 789 482 488 319 192 
277 319
482 319
277 789
277 488
789 192
137 
130 602 167 302 648 191 39 215 
130 167
130 648
602 302
602 167
130 191
191 215
302 39
196 397 737 398 100 131 695 462 107 467 31 85 27 254 451 715 780 425 711 157 159 
196 397
737 397
398 397
100 737
131 398
695 100
462 196
107 398
467 462
31 107
85 695
27 85
254 398
451 85
715 85
780 254
425 31
711 27
157 711
159 462
25 
168 445 
168 445
17 549 440 603 71 380 585 487 205 
440 603
71 487
17 549
585 487
549 603
17 585
440 205
549 380
30 444 170 441 554 
444 554
30 441
30 170
444 170
746 751 24 340 198 457 43 35 
198 35
746 751
746 340
746 24
751 457
751 198
746 43
86 186 545 311 234 447 362 797 704 68 
86 186
234 447
545 362
86 545
362 68
447 797
311 234
186 797
797 704
89 122 238 767 579 204 791 
122 238
89 122
579 791
238 204
89 767
89 579
29 551 142 358 517 225 67 113 701 218 720 610 475 501 
517 113
358 67
225 67
29 551
142 610
701 218
113 501
551 358
720 610
142 701
29 517
113 475
551 701
90 464 
90 464
182 681 503 606 645 117 694 
182 681
503 606
645 117
182 503
681 117
681 694
4 
171 374 
171 374
669 738 448 153 190 212 343 263 779 406 480 619 426 
669 738
406 619
190 212
448 343
448 190
480 426
212 779
448 153
263 619
669 448
153 263
343 480
243 345 323 712 129 636 50 
345 323
712 129
243 712
243 636
345 712
323 50
80 432 794 102 527 367 
80 367
527 367
432 367
432 102
794 102
172 231 230 
172 231
231 230
403 521 588 401 258 795 786 355 691 257 310 652 727 699 631 
403 521
588 403
401 588
258 521
795 521
786 401
355 795
691 258
257 401
310 786
652 310
727 257
699 355
631 258
402 687 
402 687
287 592 405 641 459 223 700 609 
287 405
287 641
405 459
592 641
405 700
223 609
592 609
410 664 626 
410 664
664 626
121 296 58 
121 296
296 58
79 456 750 591 
79 591
456 750
79 456
294 617 63 365 468 672 465 792 667 108 431 658 
617 365
617 63
294 365
108 431
465 792
667 108
468 672
63 468
468 658
672 792
792 431
33 768 477 
33 768
33 477
307 496 
307 496
