? 14 32 281 707 412 423 714 518 530 516 489 732 561 191 761 
? 14 635 673 563 251 103 558 416 348 670 183 90 464 334 16 
? 13 669 738 448 190 153 343 212 263 406 779 619 480 426 
? 12 217 726 330 575 158 126 408 429 77 449 452 37 
? 12 86 186 545 362 234 447 797 311 704 68 367 237 
? 12 92 298 748 569 48 555 46 216 312 743 622 784 
? 11 297 589 128 600 299 264 393 88 155 387 481 
? 11 133 571 614 611 705 437 195 674 582 665 359 
? 10 182 681 503 645 606 260 117 694 428 693 
? 10 159 313 520 723 427 207 47 710 560 534 
? 10 303 368 199 438 327 541 314 15 625 567 
? 10 566 639 194 293 580 559 509 338 22 709 
? 10 316 526 184 420 729 326 550 295 247 608 
? 10 165 233 744 344 99 370 373 211 189 10 
? 9 283 479 760 754 145 404 372 671 76 
? 9 574 630 390 770 369 104 400 775 143 
? 9 29 551 142 225 517 358 218 113 701 
? 9 292 507 363 463 466 44 151 39 315 
? 9 24 340 746 751 177 43 198 366 769 
? 9 485 728 623 147 573 280 651 486 660 
? 9 17 549 440 71 380 603 487 585 140 
? 9 323 345 243 712 129 50 636 731 341 
? 8 74 528 736 232 597 9 536 776 
? 8 439 747 501 58 475 422 544 121 
? 8 491 495 396 419 123 773 510 624 
? 8 433 598 185 682 270 272 228 308 
? 8 137 460 23 112 333 513 413 181 
? 8 325 634 73 349 371 515 45 84 
? 8 577 643 478 329 219 642 395 794 
? 8 170 444 554 441 30 378 322 703 
? 8 613 620 202 273 676 514 230 402 
? 7 166 547 461 93 146 197 522 
? 7 80 432 102 527 424 562 116 
? 7 205 602 130 167 302 648 215 
? 7 6 253 110 70 616 484 706 
? 7 224 659 556 799 94 455 360 
? 7 456 750 590 79 591 497 508 
? 7 287 592 405 641 459 223 609 
? 7 381 557 339 157 389 711 114 
? 7 610 720 174 203 417 379 644 
? 7 208 229 632 469 266 342 774 
? 7 696 740 332 781 239 67 375 
? 7 169 629 301 778 702 787 538 
? 7 539 578 2 109 581 210 240 
? 6 249 698 572 535 245 279 
? 6 658 767 318 791 163 331 
? 6 255 593 757 42 683 758 
? 6 282 337 570 500 483 783 
? 6 300 685 33 271 768 477 
? 6 450 638 435 476 335 661 
? 6 72 553 364 54 209 785 
? 6 8 583 65 457 14 798 
? 6 288 385 716 765 453 19 
? 5 354 734 290 382 148 
? 5 265 640 51 442 357 
? 5 144 542 175 564 248 
? 5 60 394 388 268 680 
? 5 91 687 377 231 172 
? 5 599 657 662 524 618 
? 5 179 498 160 601 119 
? 5 488 596 548 319 552 
? 4 20 259 718 361 
? 4 291 383 285 772 
? 4 612 790 246 136 
? 4 56 789 277 192 
? 4 132 653 200 26 
? 4 688 741 777 324 
? 4 353 719 296 407 
? 3 307 496 568 
? 3 4 700 25 
? 3 306 328 519 
? 3 346 473 686 
? 3 101 352 41 
? 3 81 127 724 
? 3 178 788 1 
? 3 242 626 276 
? 3 690 753 141 
? 3 75 782 139 
? 3 171 374 446 
? 3 586 749 267 
? 3 492 523 149 
!
288 385 716 765 453 19 
288 385
716 765
453 19
288 716
385 19
613 620 202 273 676 514 230 402 
613 273
202 676
620 230
514 402
202 514
273 514
620 676
472 607 
472 607
764 
196 397 737 398 131 100 695 462 107 467 27 31 85 451 780 715 254 425 
196 397
737 397
398 397
131 398
100 737
695 100
462 397
107 398
467 695
27 695
31 107
85 27
451 85
780 737
715 85
254 780
425 31
492 523 149 
492 523
523 149
323 345 243 712 129 50 636 731 341 
323 345
712 129
243 712
243 636
345 712
50 341
129 731
731 341
165 233 744 344 99 370 373 211 189 10 
165 744
233 744
370 211
99 370
344 211
165 370
233 373
99 10
373 189
150 745 
150 745
92 298 748 569 48 555 46 216 312 743 622 784 
743 784
48 312
312 743
92 748
48 555
92 298
569 743
298 569
216 622
748 216
555 46
759 
316 526 184 420 729 326 550 295 247 608 
326 247
316 526
326 295
316 729
526 184
526 420
326 608
184 550
420 247
376 506 
376 506
17 549 440 71 380 603 487 585 140 
440 603
71 487
17 549
487 585
549 603
17 585
71 140
549 380
13 98 
13 98
586 749 267 
586 749
586 267
133 571 614 611 705 437 195 674 582 665 359 
571 614
437 195
674 359
133 611
133 571
611 705
705 665
614 195
195 582
133 359
69 565 
69 565
227 533 
227 533
488 596 548 319 552 
488 548
596 548
548 552
596 319
8 583 65 457 14 798 
8 583
583 65
583 457
457 798
8 14
55 668 
55 668
635 673 563 251 103 558 416 348 670 183 90 464 334 16 
103 670
635 673
563 251
673 563
348 183
334 16
464 334
103 334
90 464
251 670
558 416
563 416
348 90
539 578 2 109 581 210 240 
578 210
539 109
2 109
581 240
539 578
578 581
399 654 605 721 97 201 34 414 756 615 305 576 384 278 244 735 663 
399 654
605 654
721 399
97 721
201 97
34 97
414 201
756 721
615 414
305 756
576 34
384 97
278 384
244 305
735 576
663 615
179 498 160 601 119 
179 498
179 601
498 160
179 119
485 728 623 147 573 280 651 486 660 
485 147
573 651
485 728
485 623
623 280
147 573
651 660
486 660
72 553 364 54 209 785 
209 785
72 553
72 364
553 54
54 209
261 633 135 532 697 689 188 415 221 546 504 193 434 161 649 411 730 502 677 162 152 755 156 579 122 124 164 763 494 28 289 
261 633
135 261
532 633
697 261
689 135
188 689
415 697
221 532
546 415
504 532
193 221
434 546
161 689
649 161
411 161
730 546
502 504
677 188
162 502
152 649
755 730
156 755
579 677
122 161
124 755
164 193
763 156
494 164
28 124
289 755
353 719 296 407 
353 407
353 719
719 296
24 340 746 751 177 43 198 366 769 
746 751
340 746
24 746
198 366
24 366
177 43
177 769
746 43
725 
171 374 446 
171 374
171 446
675 
667 
170 444 554 441 30 378 322 703 
444 554
441 30
554 703
170 30
170 444
170 378
444 322
621 
169 629 301 778 702 787 538 
778 702
702 538
169 629
169 787
301 787
301 702
599 657 662 524 618 
657 662
599 657
657 618
662 524
696 740 332 781 239 67 375 
696 740
696 332
781 375
332 781
67 375
740 239
587 
537 
250 474 
250 474
208 229 632 469 266 342 774 
266 774
208 229
632 469
208 469
632 342
632 266
566 639 194 293 580 559 509 338 22 709 
566 639
566 194
559 22
580 709
194 580
580 559
509 338
293 509
566 338
688 741 777 324 
688 777
688 741
741 324
529 
303 368 199 438 327 541 314 15 625 567 
303 368
438 541
199 438
327 314
15 567
303 199
368 327
541 625
303 567
292 507 363 463 466 44 151 39 315 
363 463
292 363
292 507
44 315
463 466
39 315
151 39
466 151
29 551 142 225 517 358 218 113 701 
517 113
29 551
218 701
225 358
551 358
142 701
29 517
551 701
577 643 478 329 219 642 395 794 
478 642
577 642
329 219
577 643
642 395
329 794
577 219
132 653 200 26 
653 26
132 653
653 200
511 
465 792 204 57 238 365 679 63 617 468 418 672 89 431 108 294 11 
465 792
204 465
57 204
238 57
365 465
679 204
63 365
617 63
468 63
418 679
672 468
89 238
431 365
108 431
294 617
11 679
91 687 377 231 172 
91 377
231 172
91 687
377 231
56 789 277 192 
56 789
789 277
56 192
499 
610 720 174 203 417 379 644 
610 720
203 644
720 174
174 203
417 644
379 644
482 
381 557 339 157 389 711 114 
557 711
157 711
557 114
339 157
381 557
557 389
75 782 139 
75 139
782 139
690 753 141 
690 753
753 141
78 226 
78 226
392 713 666 708 436 594 628 627 650 106 430 62 722 187 458 584 18 796 646 206 59 454 347 531 49 83 543 118 66 604 421 138 125 739 717 5 391 
392 713
666 392
708 666
436 666
594 666
628 436
627 628
650 594
106 436
430 594
62 650
722 430
187 627
458 650
584 187
18 106
796 458
646 796
206 458
59 646
454 62
347 454
531 454
49 206
83 347
543 646
118 49
66 430
604 531
421 722
138 118
125 118
739 66
717 604
5 717
391 138
612 790 246 136 
612 790
612 136
246 136
490 647 
490 647
60 394 388 268 680 
60 394
388 680
394 268
60 680
325 634 73 349 371 515 45 84 
325 634
73 349
515 45
349 515
634 73
325 371
349 84
144 542 175 564 248 
144 542
175 564
175 248
542 175
159 313 520 723 427 207 47 710 560 534 
159 313
427 47
723 427
207 710
313 723
427 560
159 520
47 534
159 207
450 638 435 476 335 661 
476 335
638 335
450 638
435 335
450 661
287 592 405 641 459 223 609 
287 405
287 641
405 459
592 641
223 609
592 609
242 626 276 
626 276
242 626
137 460 23 112 333 513 413 181 
513 181
137 460
513 413
333 181
460 23
137 181
460 112
178 788 1 
178 788
178 1
443 
456 750 590 79 591 497 508 
79 497
591 497
750 590
456 590
456 497
750 508
297 589 128 600 299 264 393 88 155 387 481 
299 481
264 155
589 600
297 589
589 128
600 88
600 155
600 393
88 481
297 387
81 127 724 
81 127
127 724
410 
180 771 
180 771
168 445 
168 445
433 598 185 682 270 272 228 308 
433 598
598 185
185 682
270 308
228 308
598 272
433 270
300 685 33 271 768 477 
33 768
685 33
685 477
300 271
685 271
409 
321 
574 630 390 770 369 104 400 775 143 
574 390
574 630
369 775
390 770
770 775
770 400
400 143
630 104
320 
286 
134 350 
134 350
284 
224 659 556 799 94 455 360 
659 556
224 556
224 799
556 94
799 360
659 455
235 
678 733 309 766 38 120 269 61 351 386 505 275 752 220 470 40 82 262 656 793 317 471 256 222 
678 733
309 733
766 678
38 309
120 38
269 309
61 269
351 678
386 351
505 766
275 269
752 61
220 752
470 386
40 505
82 505
262 752
656 275
793 82
317 82
471 120
256 220
222 386
6 253 110 70 616 484 706 
6 253
110 484
6 706
6 616
6 110
70 616
265 640 51 442 357 
265 640
51 442
640 357
265 51
214 
291 383 285 772 
383 285
291 285
291 772
86 186 545 362 234 447 797 311 704 68 367 237 
86 186
234 447
545 362
86 545
362 68
311 367
447 797
234 311
186 797
447 237
797 704
213 
176 
101 352 41 
101 352
101 41
282 337 570 500 483 783 
500 483
282 337
500 783
337 570
570 500
115 154 
115 154
173 
255 593 757 42 683 758 
255 758
593 757
255 42
683 758
255 593
658 767 318 791 163 331 
658 318
658 767
163 331
791 163
318 791
111 
491 495 396 419 123 773 510 624 
495 396
419 123
491 419
495 419
123 773
396 624
495 510
0 525 742 52 64 36 96 493 21 512 87 336 95 241 692 252 595 655 762 304 637 
0 525
742 0
52 525
64 52
36 0
96 36
493 64
21 493
512 64
87 96
336 87
95 87
241 95
692 87
252 692
595 493
655 512
762 252
304 95
637 241
35 
12 356 
12 356
283 479 760 754 145 404 372 671 76 
283 760
479 760
479 754
145 404
372 671
671 76
283 671
283 404
354 734 290 382 148 
382 148
354 734
354 290
734 148
439 747 501 58 475 422 544 121 
439 747
747 501
58 544
58 121
422 544
439 475
439 58
182 681 503 645 606 260 117 694 428 693 
182 681
503 606
645 117
182 503
645 693
260 117
681 117
681 694
428 693
205 602 130 167 302 648 215 
205 602
205 648
130 167
130 648
602 302
130 215
32 281 707 412 423 714 518 530 516 489 732 561 191 761 
732 561
32 281
32 423
423 714
281 707
281 412
561 761
412 516
714 732
707 530
707 518
489 191
489 732
274 540 
274 540
80 432 102 527 424 562 116 
424 562
562 116
432 102
432 527
80 527
527 116
7 
53 236 
53 236
669 738 448 190 153 343 212 263 406 779 619 480 426 
669 738
406 619
190 212
448 343
448 190
480 426
212 779
448 153
263 619
669 448
153 263
343 480
166 547 461 93 146 197 522 
547 461
146 522
166 547
93 197
93 522
461 522
249 698 572 535 245 279 
572 245
698 535
249 535
249 245
535 279
346 473 686 
346 686
473 686
403 521 401 588 258 786 795 691 257 355 652 310 631 727 699 
403 521
401 403
588 401
258 521
786 401
795 521
691 258
257 401
355 795
652 786
310 786
631 258
727 257
699 355
664 684 
664 684
74 528 736 232 597 9 536 776 
74 736
74 528
232 536
736 9
536 776
597 9
528 232
306 328 519 
306 328
328 519
4 700 25 
4 700
700 25
20 259 718 361 
259 718
20 259
20 361
217 726 330 575 158 126 408 429 77 449 452 37 
126 408
217 726
217 330
575 158
77 449
158 429
330 575
77 37
408 37
126 452
726 126
307 496 568 
307 496
496 568
3 105 
3 105
