? 14 561 732 761 39 714 489 423 44 302 315 281 26 637 167 
? 14 316 526 184 420 550 729 295 326 247 395 1 608 178 151 
? 13 29 551 142 358 113 517 701 720 67 218 225 475 501 
? 12 63 617 294 365 468 672 465 792 667 108 767 431 
? 12 133 571 614 611 705 437 195 665 582 359 674 381 
? 12 190 212 779 448 343 669 738 153 480 426 263 406 
? 11 297 589 128 600 299 393 264 88 155 481 387 
? 11 304 516 412 530 463 32 707 507 518 762 292 
? 10 635 673 418 679 563 251 558 11 57 204 
? 10 17 549 440 603 71 380 585 487 783 222 
? 10 74 528 736 232 597 9 536 776 23 789 
? 10 390 574 630 770 369 775 400 143 443 104 
? 10 137 460 112 333 513 181 413 787 169 301 
? 10 217 726 330 575 158 126 317 429 408 77 
? 9 303 368 199 438 15 314 327 541 625 
? 9 354 734 404 538 145 290 382 754 479 
? 9 159 313 723 520 207 427 47 560 710 
? 9 491 495 419 396 773 123 510 624 284 
? 9 205 602 130 648 191 215 173 500 653 
? 9 164 494 115 154 28 124 136 53 790 
? 9 566 639 194 580 293 559 338 509 22 
? 9 165 233 99 744 344 370 211 373 189 
? 8 86 186 545 234 362 311 447 797 
? 8 323 345 243 712 129 50 636 731 
? 8 478 642 577 643 219 329 68 794 
? 8 224 659 556 663 799 360 94 621 
? 8 287 592 405 641 459 609 223 700 
? 8 73 619 634 349 325 515 45 84 
? 8 170 444 554 30 441 378 322 703 
? 8 249 698 572 535 245 280 693 260 
? 8 291 383 285 772 70 616 213 119 
? 7 573 651 660 42 506 758 728 
? 7 590 750 456 79 591 508 265 
? 7 166 547 461 93 146 522 197 
? 7 503 681 182 645 694 606 117 
? 7 613 620 273 676 202 514 402 
? 7 450 638 435 335 476 661 482 
? 7 60 486 394 33 685 768 147 
? 7 20 259 718 361 226 250 474 
? 7 372 632 76 671 469 266 229 
? 7 289 763 236 183 348 238 90 
? 7 271 680 3 300 270 105 529 
? 7 439 747 422 696 375 332 682 
? 7 306 328 214 519 246 235 455 
? 6 379 644 337 417 282 425 
? 6 449 499 385 37 453 749 
? 6 16 55 668 334 670 242 
? 6 657 662 618 599 524 171 
? 6 339 409 157 557 180 711 
? 6 485 623 279 376 388 255 
? 6 72 553 364 54 785 209 
? 6 283 760 342 702 778 774 
? 6 472 483 200 140 607 132 
? 5 80 432 102 527 367 
? 5 174 610 534 203 567 
? 5 276 626 664 724 684 
? 5 539 578 2 210 581 
? 5 144 542 240 175 391 
? 5 14 745 150 8 709 
? 5 116 424 562 357 346 
? 5 716 765 288 725 78 
? 4 746 751 24 457 
? 4 12 356 274 160 
? 4 6 253 706 110 
? 4 179 498 601 321 
? 4 89 122 658 791 
? 4 91 687 377 231 
? 4 688 741 777 324 
? 3 163 331 318 
? 3 13 19 98 
? 3 473 686 497 
? 3 176 552 319 
? 3 35 198 366 
? 3 548 596 488 
? 3 81 127 237 
? 3 101 352 41 
? 3 149 523 492 
? 3 442 640 51 
? 3 114 389 771 
? 3 10 540 446 
? 3 496 568 307 
!
472 483 200 140 607 132 
472 483
200 132
607 132
483 200
483 140
291 383 285 772 70 616 213 119 
383 285
772 119
291 285
291 772
285 70
383 616
70 213
7 230 
7 230
798 
403 521 588 401 258 795 691 786 257 355 310 652 699 727 631 445 769 340 
403 521
588 521
401 588
258 403
795 521
691 258
786 401
257 401
355 795
310 786
652 691
699 355
727 257
631 258
445 310
769 699
340 355
496 568 307 
496 307
496 568
165 233 99 744 344 370 211 373 189 
165 744
233 744
370 211
99 370
344 211
165 370
233 373
373 189
217 726 330 575 158 126 317 429 408 77 
126 408
217 726
217 330
575 158
158 429
330 575
408 77
317 429
726 126
286 452 
286 452
190 212 779 448 343 669 738 153 480 426 263 406 
669 738
190 212
448 343
190 448
480 426
212 779
448 153
448 669
153 263
263 406
343 480
788 
137 460 112 333 513 181 413 787 169 301 
513 181
137 460
513 413
413 787
513 169
333 181
787 301
137 181
460 112
471 704 
471 704
566 639 194 580 293 559 338 509 22 
566 639
566 194
559 22
194 580
580 559
338 509
293 509
566 338
168 683 
168 683
10 540 446 
10 540
540 446
304 516 412 530 463 32 707 507 518 762 292 
304 516
507 762
507 292
463 292
32 707
304 412
412 32
530 707
707 518
530 463
134 320 
134 320
69 565 
69 565
716 765 288 725 78 
716 765
716 288
716 725
765 78
283 760 342 702 778 774 
283 760
760 778
702 778
342 778
283 774
172 587 
172 587
316 526 184 420 550 729 295 326 247 395 1 608 178 151 
326 395
326 247
295 395
316 526
316 729
526 184
526 420
326 608
1 151
184 550
729 1
420 247
178 151
306 328 214 519 246 235 455 
306 328
328 519
306 214
214 455
246 455
246 235
0 525 52 742 64 36 493 96 21 87 512 241 95 595 336 692 252 
0 525
52 0
742 525
64 52
36 0
493 64
96 36
21 493
87 96
512 64
241 493
95 87
595 493
336 87
692 336
252 692
116 424 562 357 346 
424 562
116 562
424 346
116 357
164 494 115 154 28 124 136 53 790 
28 53
124 53
164 494
136 790
115 124
115 154
494 115
154 136
72 553 364 54 785 209 
785 209
72 553
72 364
553 54
54 209
92 298 748 48 569 46 216 555 312 743 622 784 407 719 296 139 121 239 353 537 75 228 308 544 782 58 433 268 185 740 371 
92 298
748 92
48 298
569 48
46 48
216 748
555 48
312 555
743 312
622 216
784 312
407 46
719 622
296 622
139 407
121 296
239 121
353 719
537 139
75 139
228 353
308 228
544 296
782 75
58 121
433 228
268 782
185 433
740 239
371 75
688 741 777 324 
688 777
688 741
741 324
205 602 130 648 191 215 173 500 653 
205 602
205 648
130 648
130 191
173 653
191 215
173 500
602 173
781 
114 389 771 
114 389
114 771
759 
675 
249 698 572 535 245 280 693 260 
572 245
698 535
245 693
280 260
249 535
249 280
249 245
655 
439 747 422 696 375 332 682 
439 747
696 332
422 682
375 332
439 696
747 422
14 745 150 8 709 
14 745
745 150
8 709
14 8
271 680 3 300 270 105 529 
271 680
270 105
271 3
3 300
3 270
680 529
629 
612 
248 564 
248 564
289 763 236 183 348 238 90 
289 763
183 348
348 90
763 348
289 236
763 238
390 574 630 770 369 775 400 143 443 104 
390 574
574 630
369 775
775 443
390 770
770 775
770 400
400 143
630 104
91 687 377 231 
91 377
91 687
377 231
583 
74 528 736 232 597 9 536 776 23 789 
74 736
74 528
776 789
232 536
736 9
536 776
597 23
597 9
528 232
491 495 419 396 773 123 510 624 284 
495 396
510 284
419 123
491 419
495 419
773 123
396 624
495 510
159 313 723 520 207 427 47 560 710 
159 313
427 47
723 427
207 710
313 723
427 560
159 520
159 207
170 444 554 30 441 378 322 703 
444 554
30 441
554 703
170 30
170 444
170 378
444 322
89 122 658 791 
89 122
89 658
658 791
570 
196 397 737 398 131 100 695 462 107 27 451 254 85 467 31 780 715 
196 397
737 397
398 196
131 398
100 737
695 100
462 397
107 398
27 695
451 27
254 398
85 27
467 462
31 107
780 254
715 85
144 542 240 175 391 
144 542
542 240
240 175
240 391
179 498 601 321 
179 498
179 601
498 321
511 
372 632 76 671 469 266 229 
372 671
76 671
76 266
632 469
372 632
469 229
484 
20 259 718 361 226 250 474 
259 718
20 259
20 361
226 250
20 226
250 474
442 640 51 
442 51
640 51
149 523 492 
523 492
149 523
272 598 
272 598
392 713 666 436 708 594 628 106 650 430 627 62 722 18 187 458 584 796 646 347 206 543 531 59 454 83 49 118 421 138 66 604 739 125 717 5 111 
392 713
666 392
436 666
708 666
594 713
628 436
106 708
650 594
430 594
627 628
62 392
722 430
18 628
187 627
458 650
584 187
796 458
646 796
347 62
206 458
543 646
531 347
59 646
454 531
83 347
49 206
118 49
421 722
138 118
66 430
604 454
739 66
125 138
717 604
5 531
111 739
6 253 706 110 
6 253
6 706
6 110
363 466 
363 466
539 578 2 210 581 
578 210
539 2
539 578
578 581
73 619 634 349 325 515 45 84 
73 619
634 325
73 349
515 45
349 515
73 634
349 84
276 626 664 724 684 
276 626
626 664
276 684
276 724
17 549 440 603 71 380 585 487 783 222 
440 603
71 487
17 549
380 222
585 487
487 783
549 603
17 585
549 380
485 623 279 376 388 255 
485 623
485 376
623 279
376 255
388 255
60 486 394 33 685 768 147 
60 486
33 768
33 685
486 394
60 768
486 147
101 352 41 
101 352
101 41
287 592 405 641 459 609 223 700 
287 405
287 641
405 459
592 641
405 700
609 223
592 609
81 127 237 
81 127
81 237
477 
450 638 435 335 476 661 482 
335 476
638 335
450 638
435 335
450 661
450 482
297 589 128 600 299 393 264 88 155 481 387 
299 481
264 155
589 600
297 589
589 128
600 88
600 155
600 393
88 481
297 387
548 596 488 
548 488
548 596
464 
490 647 
490 647
43 177 
43 177
224 659 556 663 799 360 94 621 
224 663
659 556
224 556
659 621
224 799
556 94
799 360
339 409 157 557 180 711 
339 409
557 711
157 711
339 157
409 180
428 
416 
354 734 404 538 145 290 382 754 479 
754 479
354 734
404 145
734 404
538 754
354 538
145 382
354 290
410 
350 
192 374 
192 374
341 
613 620 273 676 202 514 402 
613 273
676 202
514 402
202 514
273 514
620 676
227 
261 633 135 532 697 689 188 415 221 546 504 193 411 161 434 502 730 677 162 152 649 755 156 579 
261 633
135 261
532 633
697 633
689 135
188 135
415 697
221 532
546 415
504 532
193 221
411 697
161 411
434 546
502 532
730 415
677 188
162 502
152 411
649 152
755 730
156 755
579 677
503 681 182 645 694 606 117 
681 182
503 606
645 117
503 182
681 117
681 694
174 610 534 203 567 
534 203
174 534
174 610
610 567
208 
12 356 274 160 
356 160
12 356
12 274
133 571 614 611 705 437 195 665 582 359 674 381 
571 614
437 195
359 674
133 611
133 571
437 381
611 705
705 665
614 195
195 582
133 359
141 
109 
35 198 366 
35 198
35 366
657 662 618 599 524 171 
657 662
657 599
657 618
662 524
599 171
593 757 
593 757
103 
16 55 668 334 670 242 
668 242
55 242
16 242
16 334
334 670
449 499 385 37 453 749 
449 499
37 453
449 37
499 749
499 385
65 
478 642 577 643 219 329 68 794 
329 68
478 642
642 577
219 68
478 643
329 794
577 219
678 733 309 38 766 120 269 61 351 505 386 275 752 220 40 82 656 262 470 793 256 
678 733
309 733
38 309
766 733
120 38
269 766
61 269
351 678
505 269
386 351
275 61
752 61
220 752
40 505
82 40
656 275
262 752
470 386
793 82
256 220
25 
267 586 
267 586
303 368 199 438 15 314 327 541 625 
303 368
438 541
199 438
314 327
303 199
368 327
541 625
368 15
80 432 102 527 367 
80 367
527 367
432 367
432 102
323 345 243 712 129 50 636 731 
323 345
712 129
243 712
243 636
345 712
129 731
50 731
635 673 418 679 563 251 558 11 57 204 
558 11
635 673
57 204
563 251
673 679
418 679
673 563
418 57
679 11
166 547 461 93 146 522 197 
547 461
146 522
166 547
93 197
93 522
461 522
561 732 761 39 714 489 423 44 302 315 281 26 637 167 
561 732
423 281
732 39
714 423
761 315
315 26
561 761
761 44
39 489
732 714
302 167
489 167
44 637
690 753 
690 753
590 750 456 79 591 508 265 
590 750
590 456
79 591
508 265
750 508
456 79
4 
735 764 
735 764
29 551 142 358 113 517 701 720 67 218 225 475 501 
113 517
358 67
67 225
29 551
701 218
113 501
551 358
142 701
29 517
142 720
113 475
551 701
573 651 660 42 506 758 728 
651 42
573 651
42 506
506 758
573 728
651 660
379 644 337 417 282 425 
379 337
337 282
644 417
379 644
644 425
176 552 319 
176 552
176 319
399 654 605 721 201 34 97 615 414 576 305 756 384 244 278 
399 654
605 654
721 654
201 721
34 721
97 34
615 201
414 201
576 97
305 721
756 305
384 97
244 305
278 384
148 533 
148 533
86 186 545 234 362 311 447 797 
86 186
234 447
545 362
86 545
447 797
234 311
186 797
473 686 497 
473 497
473 686
13 19 98 
13 98
13 19
746 751 24 457 
746 751
746 24
751 457
63 617 294 365 468 672 465 792 667 108 767 431 
617 365
63 617
294 365
108 431
465 792
667 108
468 672
63 468
672 767
672 792
792 431
163 331 318 
163 331
163 318
56 277 
56 277
