? 14 635 673 679 418 563 251 103 11 204 57 558 416 348 670 
? 14 133 571 614 611 705 195 437 359 674 582 665 771 381 593 
? 13 403 521 401 588 258 786 691 795 355 257 310 652 727 
? 12 294 617 63 365 468 672 792 465 667 108 431 658 
? 12 85 715 27 451 695 100 711 467 737 157 397 389 
? 12 316 526 184 420 729 550 326 295 247 1 608 395 
? 11 669 738 153 448 190 343 212 263 779 426 619 
? 11 438 541 199 483 303 625 472 368 500 314 327 
? 10 17 549 440 603 71 380 487 585 205 222 
? 10 92 298 748 48 569 216 555 46 312 743 
? 10 29 551 142 517 67 701 358 113 225 218 
? 10 233 744 165 99 373 370 344 211 189 288 
? 10 573 651 42 660 758 506 728 147 255 486 
? 10 613 620 202 676 514 273 230 402 377 231 
? 9 433 598 185 682 105 270 272 228 308 
? 9 354 734 404 538 145 290 382 369 283 
? 9 610 720 174 47 534 203 15 417 723 
? 9 323 345 243 712 50 731 341 306 496 
? 9 86 186 545 234 311 447 362 797 704 
? 9 16 55 668 334 242 320 276 626 724 
? 9 74 528 736 597 232 9 536 776 23 
? 9 491 495 396 419 773 123 510 624 284 
? 8 574 630 390 770 775 104 143 400 
? 8 657 662 599 618 524 171 119 374 
? 8 159 313 520 427 462 207 710 560 
? 8 372 671 632 76 266 760 229 774 
? 8 224 659 556 799 94 360 621 455 
? 8 164 494 115 154 28 53 136 124 
? 8 539 578 2 210 109 581 391 240 
? 8 287 592 641 405 459 223 609 700 
? 8 137 460 112 333 513 181 413 169 
? 7 249 698 572 535 245 280 693 
? 7 166 547 461 93 146 197 522 
? 7 217 726 330 575 158 126 429 
? 7 170 444 30 554 441 703 378 
? 7 325 634 73 349 406 371 515 
? 7 140 570 337 783 282 379 644 
? 7 473 591 497 686 346 750 79 
? 7 289 763 236 183 90 238 464 
? 7 577 643 478 329 219 642 68 
? 7 291 383 285 70 772 616 213 
? 7 277 789 56 482 488 319 192 
? 7 26 315 653 132 173 200 607 
? 7 33 768 685 477 394 388 300 
? 6 24 340 746 751 699 198 
? 6 450 638 435 335 476 661 
? 6 696 740 332 475 239 781 
? 6 267 586 749 262 410 725 
? 6 612 790 246 235 328 519 
? 6 144 542 322 175 564 248 
? 6 182 503 681 645 606 694 
? 6 163 331 791 318 767 89 
? 6 72 553 364 54 209 785 
? 5 131 398 196 107 31 
? 5 339 409 557 180 565 
? 5 20 259 718 361 250 
? 5 14 745 150 84 480 
? 5 80 432 794 102 527 
? 5 91 687 172 587 134 
? 5 121 296 622 58 719 
? 5 6 253 110 706 484 
? 4 548 596 446 741 
? 4 449 499 77 37 
? 4 3 680 271 529 
? 4 178 788 215 648 
? 4 179 498 160 601 
? 4 357 508 116 590 
? 4 75 537 139 784 
? 3 265 640 442 
? 3 439 747 501 
? 3 117 260 60 
? 3 35 366 798 
? 3 101 352 523 
? 3 13 19 453 
? 3 664 684 81 
? 3 43 457 177 
? 3 716 765 385 
? 3 148 533 227 
? 3 208 469 342 
? 3 479 754 778 
? 3 254 780 286 
!
72 553 364 54 209 785 
209 785
72 553
72 364
553 54
54 209
137 460 112 333 513 181 413 169 
513 181
137 460
513 413
513 169
333 181
137 181
460 112
470 471 
470 471
769 
0 525 742 52 64 36 21 96 493 512 595 252 655 762 492 490 149 647 
0 525
742 0
52 525
64 52
36 0
21 64
96 36
493 21
512 64
595 493
252 96
655 512
762 252
492 655
490 492
149 492
647 492
254 780 286 
780 286
254 780
491 495 396 419 773 123 510 624 284 
495 396
510 284
419 123
491 419
495 419
773 123
396 624
495 510
613 620 202 676 514 273 230 402 377 231 
613 273
202 676
620 230
514 402
202 377
676 231
202 514
514 273
620 676
268 782 
268 782
316 526 184 420 729 550 326 295 247 1 608 395 
326 395
326 247
295 395
316 526
316 729
526 184
526 420
326 608
184 550
729 1
420 247
702 
573 651 42 660 758 506 728 147 255 486 
651 42
573 651
728 147
42 506
758 506
758 255
573 147
651 660
660 486
127 237 
127 237
74 528 736 597 232 9 536 776 23 
74 736
74 528
232 536
736 9
536 776
597 23
597 9
528 232
422 544 
422 544
479 754 778 
479 754
479 778
438 541 199 483 303 625 472 368 500 314 327 
541 472
438 472
303 368
483 500
438 199
314 327
199 303
368 327
541 625
483 472
168 445 
168 445
69 757 
69 757
6 253 110 706 484 
6 253
110 484
6 706
6 110
163 331 791 318 767 89 
318 767
163 331
163 791
767 89
791 318
324 777 
324 777
133 571 614 611 705 195 437 359 674 582 665 771 381 593 
571 614
195 437
665 593
359 674
133 611
133 571
582 771
437 381
705 593
611 705
614 195
195 582
133 359
33 768 685 477 394 388 300 
477 388
33 768
33 685
685 477
33 300
768 394
297 589 128 600 393 264 299 88 155 387 129 481 759 636 764 568 675 
297 589
128 589
600 589
393 600
264 600
299 297
88 299
155 264
387 297
129 299
481 88
759 155
636 387
764 481
568 387
675 393
121 296 622 58 719 
121 296
296 58
622 719
296 622
16 55 668 334 242 320 276 626 724 
276 626
668 242
55 242
16 242
334 320
16 334
55 626
276 724
182 503 681 645 606 694 
182 681
503 606
182 503
681 694
182 645
32 281 707 412 423 714 516 489 518 530 304 732 561 637 241 95 39 761 463 191 44 87 336 466 167 151 363 692 507 130 292 
32 281
707 32
412 32
423 281
714 423
516 412
489 281
518 707
530 518
304 516
732 714
561 732
637 714
241 637
95 241
39 732
761 561
463 530
191 489
44 637
87 95
336 87
466 463
167 191
151 191
363 463
692 336
507 692
130 167
292 507
75 537 139 784 
75 139
75 537
537 784
86 186 545 234 311 447 362 797 704 
86 186
234 447
545 362
86 545
447 797
234 311
186 797
797 704
683 
208 469 342 
208 469
469 342
631 
629 
287 592 641 405 459 223 609 700 
287 405
287 641
405 459
592 641
405 700
223 609
592 609
567 
26 315 653 132 173 200 607 
26 653
653 132
653 200
26 173
26 315
132 607
91 687 172 587 134 
91 687
172 587
91 172
687 134
277 789 56 482 488 319 192 
789 56
277 319
482 319
277 789
56 192
277 488
474 
456 
274 540 
274 540
291 383 285 70 772 616 213 
383 285
291 285
291 772
285 70
383 616
70 213
233 744 165 99 373 370 344 211 189 288 
744 165
233 744
370 211
99 370
344 211
165 370
233 373
373 189
373 288
357 508 116 590 
357 508
357 116
508 590
443 
29 551 142 517 67 701 358 113 225 218 
517 113
67 358
67 225
29 551
701 218
551 358
142 701
29 517
551 701
323 345 243 712 50 731 341 306 496 
323 345
243 712
345 712
50 341
731 341
50 306
712 731
243 496
610 720 174 47 534 203 15 417 723 
534 203
610 720
720 174
47 723
174 534
610 15
720 47
15 417
539 578 2 210 109 581 391 240 
578 210
539 109
2 109
581 240
539 578
578 581
581 391
179 498 160 601 
179 498
179 601
498 160
425 
678 733 309 38 766 120 269 351 275 61 752 505 386 82 220 40 656 
678 733
309 733
38 309
766 733
120 38
269 309
351 678
275 269
61 269
752 61
505 766
386 351
82 505
220 752
40 505
656 275
80 432 794 102 527 
432 102
432 527
80 527
794 102
178 788 215 648 
178 788
215 648
178 215
424 
577 643 478 329 219 642 68 
329 68
478 642
577 642
219 68
577 643
577 219
407 
289 763 236 183 90 238 464 
289 763
90 464
183 90
289 236
763 183
763 238
148 533 227 
533 227
148 533
716 765 385 
716 765
765 385
408 452 
408 452
392 713 666 708 594 436 628 106 627 650 62 430 458 18 796 187 722 584 206 646 454 543 59 347 531 83 49 118 138 604 5 66 421 739 125 111 717 
392 713
666 713
708 666
594 713
436 666
628 436
106 708
627 628
650 594
62 713
430 594
458 650
18 106
796 458
187 627
722 430
584 187
206 458
646 796
454 62
543 646
59 646
347 454
531 454
83 347
49 206
118 49
138 118
604 531
5 531
66 106
421 722
739 66
125 118
111 739
717 604
3 680 271 529 
680 271
3 271
680 529
302 602 
302 602
14 745 150 84 480 
84 480
14 745
745 150
150 84
164 494 115 154 28 53 136 124 
28 53
53 124
164 494
115 124
115 154
494 115
154 136
20 259 718 361 250 
259 718
20 259
20 361
20 250
92 298 748 48 569 216 555 46 312 743 
48 312
312 743
92 748
48 555
92 298
569 743
298 569
748 216
555 46
144 542 322 175 564 248 
144 542
175 564
144 322
175 248
542 175
473 591 497 686 346 750 79 
497 79
473 591
473 79
686 346
591 686
497 750
43 457 177 
43 177
43 457
224 659 556 799 94 360 621 455 
659 556
224 556
621 455
659 621
224 799
556 94
799 360
664 684 81 
684 81
664 684
353 
140 570 337 783 282 379 644 
140 570
337 379
337 282
379 644
570 337
140 783
669 738 153 448 190 343 212 263 779 426 619 
669 738
190 212
448 343
448 190
212 779
153 448
263 619
669 448
153 263
426 619
13 19 453 
19 453
13 453
350 
45 428 
45 428
8 583 
8 583
372 671 632 76 266 760 229 774 
266 774
372 671
671 76
76 266
372 632
671 760
632 229
612 790 246 235 328 519 
328 519
612 790
790 235
612 246
612 328
321 
307 
354 734 404 538 145 290 382 369 283 
354 734
404 145
734 404
354 538
290 369
145 382
354 369
538 283
256 
226 
317 793 
317 793
214 
325 634 73 349 406 371 515 
325 634
73 406
73 349
349 515
634 406
325 371
141 
261 633 135 532 697 689 188 415 221 546 502 504 193 411 434 677 649 730 161 162 152 755 156 579 
261 633
135 261
532 633
697 261
689 633
188 689
415 697
221 532
546 697
502 532
504 502
193 221
411 689
434 546
677 188
649 434
730 415
161 411
162 502
152 649
755 730
156 755
579 677
170 444 30 554 441 703 378 
444 554
30 441
554 703
170 30
170 444
170 378
339 409 557 180 565 
339 409
180 565
409 557
409 180
122 
449 499 77 37 
449 77
449 499
77 37
85 715 27 451 695 100 711 467 737 157 397 389 
85 715
85 27
27 451
451 695
451 100
100 737
711 157
737 397
27 467
467 157
711 389
114 
98 
101 352 523 
101 352
352 523
267 586 749 262 410 725 
586 749
267 586
749 725
749 262
267 410
375 511 
375 511
51 
696 740 332 475 239 781 
696 740
696 332
332 781
740 475
475 239
450 638 435 335 476 661 
335 476
638 335
450 638
435 335
450 661
41 
159 313 520 427 462 207 710 560 
159 313
207 710
520 462
427 560
159 520
313 427
159 207
399 654 605 721 34 97 576 414 756 615 201 305 384 278 735 244 688 663 552 176 7 
399 654
605 654
721 399
34 721
97 34
576 34
414 97
756 721
615 414
201 97
305 756
384 576
278 384
735 576
244 305
688 605
663 615
552 244
176 244
7 688
25 
12 356 
12 356
433 598 185 682 105 270 272 228 308 
433 598
105 270
433 105
598 185
105 272
185 682
270 308
228 308
131 398 196 107 31 
398 196
107 31
131 398
398 107
657 662 599 618 524 171 119 374 
657 662
657 599
171 374
657 618
662 524
599 171
662 119
17 549 440 603 71 380 487 585 205 222 
440 603
71 487
17 549
380 222
487 585
549 603
17 585
440 205
549 380
217 726 330 575 158 126 429 
217 726
217 330
575 158
158 429
330 575
726 126
635 673 679 418 563 251 103 11 204 57 558 416 348 670 
103 670
11 558
635 673
204 57
563 251
673 679
679 418
673 563
251 670
418 57
11 416
679 11
635 348
10 78 
10 78
166 547 461 93 146 197 522 
547 461
146 522
166 547
93 197
93 522
461 522
4 
301 787 
301 787
403 521 401 588 258 786 691 795 355 257 310 652 727 
401 786
403 521
257 727
521 588
401 588
310 652
786 652
521 258
258 691
258 795
403 355
401 257
249 698 572 535 245 280 693 
572 245
698 535
245 693
249 535
249 280
249 245
24 340 746 751 699 198 
746 751
340 746
24 746
340 699
751 198
35 366 798 
35 366
35 798
566 639 194 293 580 559 509 338 709 22 279 376 65 623 485 
566 639
194 566
293 639
580 194
559 580
509 293
338 509
709 580
22 559
279 559
376 509
65 709
623 338
485 623
690 753 
690 753
574 630 390 770 775 104 143 400 
574 390
574 630
390 770
770 775
770 400
143 400
630 104
117 260 60 
117 260
117 60
439 747 501 
439 747
747 501
548 596 446 741 
548 596
446 741
596 446
294 617 63 365 468 672 792 465 667 108 431 658 
617 365
617 63
294 365
108 431
792 465
667 108
468 672
63 468
468 658
672 792
792 431
265 640 442 
265 640
265 442
367 562 
367 562
