? 15 182 425 358 110 163 558 30 174 592 151 525 475 158 758 675 
? 14 228 461 683 665 402 614 757 170 324 269 329 355 181 156 
? 14 15 327 536 216 796 530 70 301 298 207 569 701 521 417 
? 14 686 721 353 299 35 564 793 371 710 579 656 464 790 278 
? 14 362 490 693 602 503 251 346 595 556 691 488 322 593 625 
? 13 139 565 787 52 586 60 221 6 63 120 722 43 522 
? 13 655 720 380 67 777 679 231 138 313 589 500 726 146 
? 12 225 286 379 57 253 191 17 705 304 342 637 165 
? 12 29 179 443 10 122 79 627 699 222 126 597 195 
? 12 55 116 83 643 622 74 339 395 562 487 5 446 
? 12 463 676 626 303 311 239 538 266 84 140 480 491 
? 11 387 624 291 44 150 364 356 632 243 172 559 
? 11 226 723 785 756 783 574 264 608 11 40 361 
? 11 104 186 546 319 533 202 21 374 103 690 394 
? 11 296 642 133 590 465 591 297 276 242 661 788 
? 11 59 344 511 190 423 96 176 572 383 227 456 
? 11 504 707 252 692 725 310 22 315 606 37 312 
? 10 282 582 799 400 105 274 200 613 704 747 
? 10 611 677 544 149 45 547 735 460 117 587 
? 10 215 528 557 288 610 653 600 194 155 365 
? 10 524 542 280 432 596 39 245 260 573 419 
? 9 714 733 64 397 330 782 398 213 388 
? 9 180 668 441 160 347 48 514 375 543 
? 9 467 594 616 218 635 685 204 507 518 
? 8 50 112 157 399 124 469 111 189 
? 8 433 445 373 765 716 431 9 671 
? 8 471 766 171 396 555 498 162 571 
? 8 61 378 779 639 472 619 409 337 
? 8 154 687 659 349 532 168 794 447 
? 8 214 712 230 681 219 752 350 58 
? 8 238 773 708 575 730 604 413 223 
? 8 499 531 248 210 729 442 767 706 
? 7 80 599 418 462 357 717 669 
? 7 72 437 636 496 407 451 209 
? 7 485 645 114 240 178 167 293 
? 7 93 709 90 560 257 323 583 
? 7 94 229 66 300 781 698 640 
? 7 267 426 277 654 75 367 13 
? 7 25 410 208 769 201 584 404 
? 7 702 728 295 249 370 283 515 
? 7 95 224 588 650 377 292 549 
? 7 449 697 761 256 184 405 381 
? 6 539 633 143 106 284 448 
? 6 98 770 335 7 1 161 
? 6 605 745 412 259 76 92 
? 5 271 481 526 476 649 
? 5 457 551 144 466 563 
? 5 99 738 134 137 206 
? 5 118 666 580 651 623 
? 5 421 534 474 748 82 
? 4 109 258 715 641 
? 4 386 493 548 85 
? 4 458 740 731 88 
? 4 545 736 411 724 
? 4 187 369 321 695 
? 4 566 670 136 307 
? 4 71 540 340 739 
? 4 107 246 169 131 
? 4 129 719 648 581 
? 4 372 771 338 0 
? 4 429 516 494 700 
? 4 47 492 91 285 
? 4 20 261 49 495 
? 4 175 414 12 422 
? 4 294 792 746 368 
? 4 406 478 141 34 
? 4 212 703 128 734 
? 4 535 618 203 185 
? 4 453 647 325 390 
? 4 236 603 662 328 
? 3 360 477 578 
? 3 205 459 759 
? 3 164 541 4 
? 3 142 780 694 
? 3 23 51 345 
? 3 302 576 197 
? 3 403 678 415 
? 3 237 434 275 
? 3 108 751 609 
? 3 287 382 188 
? 3 501 684 778 
? 3 529 743 607 
? 3 354 482 508 
? 3 2 798 741 
? 3 148 241 290 
? 3 36 113 31 
? 3 81 750 38 
? 3 121 153 145 
? 3 68 617 732 
? 3 41 198 3 
!
41 198 3 
41 198
198 3
421 534 474 748 82 
421 534
534 82
474 748
748 82
499 531 248 210 729 442 767 706 
499 248
442 767
729 442
531 210
531 729
499 531
442 706
352 376 
352 376
463 676 626 303 311 239 538 266 84 140 480 491 
311 140
626 491
538 266
303 266
463 140
239 538
676 239
311 84
84 491
463 676
239 480
449 697 761 256 184 405 381 
449 761
449 697
184 405
449 256
697 381
761 184
68 617 732 
68 617
68 732
236 603 662 328 
236 328
236 603
603 662
341 392 
341 392
605 745 412 259 76 92 
76 92
745 259
412 92
605 259
745 412
453 647 325 390 
453 647
453 390
647 325
535 618 203 185 
535 618
618 203
203 185
55 116 83 643 622 74 339 395 562 487 5 446 
83 622
562 5
339 562
55 83
74 339
643 395
116 339
55 116
116 643
395 487
622 446
655 720 380 67 777 679 231 138 313 589 500 726 146 
777 500
720 679
720 67
655 720
231 313
655 380
67 138
655 777
67 146
380 313
589 500
231 726
238 773 708 575 730 604 413 223 
238 773
238 708
708 575
575 604
708 730
773 413
773 223
130 638 
130 638
98 770 335 7 1 161 
98 770
770 161
7 161
98 335
770 1
95 224 588 650 377 292 549 
95 224
588 377
224 588
292 549
650 292
95 650
630 775 
630 775
121 153 145 
153 145
121 153
119 567 
119 567
212 703 128 734 
212 703
703 734
703 128
467 594 616 218 635 685 204 507 518 
594 616
635 685
467 594
594 507
616 218
467 685
467 204
218 518
727 
81 750 38 
81 750
81 38
504 707 252 692 725 310 22 315 606 37 312 
504 606
725 315
707 37
504 37
315 312
310 606
310 22
692 312
725 37
252 606
689 
505 674 
505 674
406 478 141 34 
406 34
406 478
478 141
473 621 
473 621
36 113 31 
36 31
36 113
235 512 
235 512
294 792 746 368 
792 746
294 792
746 368
279 289 755 479 742 424 18 634 389 428 255 774 768 713 527 673 657 
279 289
755 279
479 289
742 279
424 755
18 289
634 479
389 742
428 742
255 424
774 755
768 755
713 768
527 424
673 713
657 742
175 414 12 422 
175 414
414 12
12 422
148 241 290 
241 290
148 241
214 712 230 681 219 752 350 58 
214 712
230 58
214 230
712 350
230 681
752 350
681 219
688 
309 672 
309 672
652 
539 633 143 106 284 448 
633 284
539 106
633 106
143 284
539 448
139 565 787 52 586 60 221 6 63 120 722 43 522 
139 60
6 43
586 6
139 52
565 60
787 586
565 586
221 63
221 43
63 120
52 522
63 722
180 668 441 160 347 48 514 375 543 
180 668
160 514
347 514
48 514
668 441
441 347
180 375
668 543
42 667 
42 667
2 798 741 
798 741
2 798
354 482 508 
354 482
354 508
436 486 
436 486
59 344 511 190 423 96 176 572 383 227 456 
59 511
383 227
511 423
96 456
59 456
344 190
59 344
344 176
190 572
423 383
29 179 443 10 122 79 627 699 222 126 597 195 
179 443
179 627
29 443
122 79
29 222
627 597
179 122
126 597
122 699
10 597
79 195
20 261 49 495 
49 495
20 495
261 495
631 
47 492 91 285 
47 492
47 91
492 285
702 728 295 249 370 283 515 
702 728
702 283
370 515
295 249
295 515
728 295
585 
25 410 208 769 201 584 404 
25 208
25 410
769 584
208 584
25 404
410 201
296 642 133 590 465 591 297 276 242 661 788 
296 590
297 276
296 642
642 297
591 242
296 133
465 591
465 276
661 788
590 661
118 666 580 651 623 
651 623
118 580
580 651
118 666
529 743 607 
529 607
743 607
104 186 546 319 533 202 21 374 103 690 394 
104 533
186 374
202 394
546 319
202 374
21 690
104 186
104 546
319 103
533 21
154 687 659 349 532 168 794 447 
168 447
659 447
687 532
154 447
154 687
349 532
532 794
501 684 778 
501 778
501 684
429 516 494 700 
429 700
516 494
429 516
577 
420 
287 382 188 
287 188
287 382
372 771 338 0 
338 0
372 771
771 338
384 
524 542 280 432 596 39 245 260 573 419 
260 573
524 542
596 39
280 432
542 280
280 419
432 573
524 596
542 245
129 719 648 581 
129 648
719 648
719 581
99 738 134 137 206 
99 738
738 134
137 206
99 206
226 723 785 756 783 574 264 608 11 40 361 
226 785
226 723
783 264
574 608
723 756
785 574
756 264
264 361
608 11
608 40
107 246 169 131 
107 246
246 131
246 169
89 615 
89 615
108 751 609 
751 609
108 751
211 502 430 62 601 789 123 147 658 517 497 550 791 132 183 193 
211 502
430 502
62 211
601 211
789 601
123 211
147 789
658 62
517 62
497 502
550 430
791 550
132 62
183 791
193 789
359 711 
359 711
61 378 779 639 472 619 409 337 
639 619
409 337
619 409
378 472
61 378
61 409
378 779
366 
334 
267 426 277 654 75 367 13 
367 13
267 426
267 277
654 13
426 13
267 75
94 229 66 300 781 698 640 
94 66
229 781
94 229
94 698
229 640
229 300
225 286 379 57 253 191 17 705 304 342 637 165 
225 286
286 379
379 705
304 637
57 637
57 705
57 191
191 17
191 342
286 253
342 165
457 551 144 466 563 
466 563
457 466
551 563
551 144
468 763 
468 763
159 764 272 53 660 795 537 115 46 196 254 553 450 173 101 348 385 320 483 
159 764
272 764
53 764
660 159
795 272
537 795
115 537
46 159
196 159
254 272
553 115
450 53
173 450
101 53
348 173
385 553
320 115
483 254
237 434 275 
434 275
237 434
403 678 415 
403 678
403 415
331 
554 570 612 125 427 470 281 772 250 744 680 73 14 317 762 100 
554 570
612 570
125 554
427 125
470 554
281 470
772 612
250 554
744 125
680 612
73 680
14 125
317 427
762 680
100 281
271 481 526 476 649 
526 649
271 649
481 476
271 481
318 
718 737 
718 737
302 576 197 
576 197
302 197
306 
343 408 416 326 696 506 33 620 65 664 440 102 232 54 273 316 
343 408
416 343
326 343
696 343
506 343
33 416
620 343
65 343
664 408
440 416
102 343
232 416
54 65
273 664
316 33
268 
265 
71 540 340 739 
71 540
340 739
71 739
23 51 345 
51 345
23 51
247 
166 
314 455 
314 455
182 425 358 110 163 558 30 174 592 151 525 475 158 758 675 
182 30
163 758
525 475
110 758
358 558
425 358
425 30
163 592
558 475
525 158
182 163
110 675
30 174
174 151
471 766 171 396 555 498 162 571 
766 171
471 766
766 498
555 571
471 396
498 162
396 555
215 528 557 288 610 653 600 194 155 365 
194 155
215 610
528 610
557 600
610 365
215 557
653 600
288 600
155 365
566 670 136 307 
566 136
566 670
670 307
142 780 694 
142 694
142 780
187 369 321 695 
369 695
187 369
187 321
93 709 90 560 257 323 583 
93 90
257 323
93 709
90 560
560 323
90 583
135 
69 484 86 435 663 391 363 336 561 305 26 32 749 233 552 628 
69 484
86 484
435 484
663 69
391 663
363 86
336 86
561 663
305 663
26 69
32 336
749 26
233 561
552 749
628 305
127 513 77 8 776 332 439 510 760 401 754 262 523 308 797 192 598 152 444 393 24 351 438 753 489 244 784 509 
127 513
77 127
8 513
776 8
332 8
439 8
510 77
760 513
401 332
754 439
262 510
523 439
308 523
797 77
192 8
598 262
152 8
444 262
393 77
24 797
351 598
438 523
753 598
489 24
244 24
784 262
509 523
87 
164 541 4 
164 541
164 4
545 736 411 724 
545 736
545 411
411 724
387 624 291 44 150 364 356 632 243 172 559 
150 364
172 559
624 291
291 356
44 172
387 364
387 624
364 632
632 172
44 243
78 
433 445 373 765 716 431 9 671 
433 765
433 716
445 716
373 765
431 9
716 431
445 671
362 490 693 602 503 251 346 595 556 691 488 322 593 625 
362 490
346 691
490 693
556 488
602 595
251 322
595 488
362 691
503 346
693 488
322 625
693 251
602 593
686 721 353 299 35 564 793 371 710 579 656 464 790 278 
464 790
686 299
710 656
564 793
721 793
686 721
353 371
721 35
299 710
793 371
564 579
35 790
353 278
15 327 536 216 796 530 70 301 298 207 569 701 521 417 
15 327
216 530
530 298
301 298
796 569
796 207
536 216
207 417
15 216
301 569
536 701
70 701
701 521
27 
611 677 544 149 45 547 735 460 117 587 
149 460
611 45
677 544
544 735
735 117
611 544
677 587
547 587
611 460
458 740 731 88 
458 740
458 731
731 88
485 645 114 240 178 167 293 
485 645
167 293
114 167
485 114
645 240
114 178
217 220 454 56 270 520 519 682 177 28 629 199 786 234 452 646 263 
217 220
454 217
56 217
270 454
520 56
519 270
682 270
177 682
28 520
629 270
199 217
786 199
234 520
452 56
646 56
263 177
386 493 548 85 
386 548
386 493
548 85
109 258 715 641 
258 715
258 641
109 641
228 461 683 665 402 614 757 170 324 269 329 355 181 156 
324 329
269 181
757 324
683 614
757 156
228 461
170 329
461 683
614 355
665 181
461 665
228 402
228 170
19 
72 437 636 496 407 451 209 
72 407
636 496
437 636
72 209
437 209
72 451
205 459 759 
205 759
205 459
16 
97 644 
97 644
714 733 64 397 330 782 398 213 388 
397 330
714 397
714 64
733 64
397 213
733 782
213 388
330 398
282 582 799 400 105 274 200 613 704 747 
200 704
282 582
799 200
582 105
799 105
282 400
105 747
282 274
400 613
360 477 578 
360 477
477 578
333 568 
333 568
80 599 418 462 357 717 669 
80 717
418 357
599 418
599 462
80 599
80 669
50 112 157 399 124 469 111 189 
399 124
50 189
50 112
112 124
112 111
157 399
124 469
