? 15 217 220 454 56 270 520 234 146 519 41 452 646 682 199 405 
? 14 414 791 183 175 313 157 231 550 502 790 430 211 112 12 
? 14 15 327 216 536 70 530 796 298 207 569 301 701 617 521 
? 14 524 542 222 280 432 443 39 29 245 419 260 573 377 179 
? 14 125 427 554 317 314 744 570 100 772 14 612 287 22 250 
? 13 214 712 230 681 219 58 726 124 752 89 399 328 97 
? 13 315 725 51 345 692 37 312 23 707 375 606 252 504 
? 12 564 793 371 721 686 353 299 121 579 666 566 710 
? 12 539 633 330 106 213 161 647 284 143 448 388 325 
? 12 177 263 449 697 761 406 478 184 629 256 381 480 
? 12 380 720 655 67 777 679 138 500 589 786 436 266 
? 11 471 766 396 171 498 162 333 555 571 568 268 
? 11 215 528 637 320 705 57 191 610 557 653 600 
? 11 55 643 83 395 622 74 116 631 656 487 5 
? 11 79 122 699 630 10 627 593 597 126 740 731 
? 11 337 458 409 619 639 88 61 173 472 378 385 
? 11 441 668 180 514 48 160 347 543 549 459 727 
? 10 154 687 659 349 532 447 168 148 560 93 
? 10 69 484 86 435 336 663 391 561 305 363 
? 10 94 229 640 300 698 66 781 309 34 0 
? 10 139 565 417 787 586 60 52 221 63 43 
? 9 238 708 773 575 730 684 413 743 529 
? 9 267 426 277 13 75 654 604 661 590 
? 9 225 286 379 253 17 342 165 9 288 
? 8 218 518 594 603 616 204 635 467 
? 8 552 749 2 201 82 341 208 319 
? 8 437 496 636 72 541 451 382 420 
? 8 258 715 468 515 763 31 652 641 
? 8 282 582 200 105 400 799 274 613 
? 8 463 676 28 311 626 303 239 84 
? 8 292 482 354 95 155 508 224 194 
? 8 188 407 209 455 164 368 746 113 
? 7 714 733 397 64 398 412 782 
? 7 611 677 544 149 45 547 404 
? 7 62 132 517 669 422 357 658 
? 7 104 186 546 533 374 202 392 
? 7 387 624 120 150 291 6 44 
? 7 433 445 716 373 446 765 431 
? 7 141 491 592 140 187 675 369 
? 7 418 599 80 462 736 203 545 
? 7 680 762 421 470 748 474 534 
? 7 7 98 1 770 335 331 453 
? 6 71 340 540 739 257 129 
? 6 47 492 457 551 563 91 
? 6 59 344 511 190 423 96 
? 5 386 493 548 21 85 
? 5 259 605 745 128 76 
? 5 485 645 240 178 114 
? 5 372 771 338 81 750 
? 5 212 703 734 512 92 
? 4 702 728 370 283 
? 4 167 293 198 486 
? 4 704 711 738 130 
? 4 249 295 4 109 
? 4 133 296 642 276 
? 4 25 410 233 769 
? 4 562 737 718 473 
? 4 99 476 526 481 
? 4 118 278 651 580 
? 4 429 516 559 758 
? 4 50 181 469 688 
? 4 90 709 583 290 
? 4 223 607 460 778 
? 4 136 670 403 307 
? 4 465 591 68 522 
? 4 20 261 49 390 
? 4 147 789 601 193 
? 4 144 678 78 466 
? 4 535 618 185 27 
? 4 237 434 724 275 
? 3 107 246 364 
? 3 247 477 360 
? 3 648 719 323 
? 3 172 494 700 
? 3 42 667 495 
? 3 442 729 24 
? 3 119 394 798 
? 3 507 685 236 
? 3 609 751 767 
? 3 294 792 36 
? 3 587 672 741 
? 3 281 694 142 
? 3 16 38 3 
? 3 241 794 265 
? 3 538 644 578 
? 3 137 747 359 
? 3 210 531 706 
? 3 145 623 456 
? 3 505 674 310 
? 3 134 271 339 
!
134 271 339 
134 339
134 271
212 703 734 512 92 
212 703
703 734
734 512
212 92
188 407 209 455 164 368 746 113 
209 164
407 164
746 113
188 407
188 368
368 746
407 455
321 695 
321 695
380 720 655 67 777 679 138 500 589 786 436 266 
589 786
777 500
67 436
720 679
720 67
720 655
138 436
380 655
655 777
138 266
500 589
7 98 1 770 335 331 453 
1 331
7 453
98 770
98 335
1 770
7 335
505 674 310 
505 674
674 310
237 434 724 275 
434 275
434 724
237 724
227 383 
227 383
59 344 511 190 423 96 
59 511
511 423
344 190
59 344
59 96
535 618 185 27 
185 27
535 618
618 27
144 678 78 466 
678 466
144 678
144 78
177 263 449 697 761 406 478 184 629 256 381 480 
449 761
177 697
177 263
697 406
449 697
629 381
263 480
406 256
478 184
406 381
184 480
315 725 51 345 692 37 312 23 707 375 606 252 504 
606 504
315 725
37 707
37 504
315 51
725 345
51 312
312 23
51 692
692 375
345 707
606 252
292 482 354 95 155 508 224 194 
354 155
482 354
155 194
95 224
95 194
292 482
354 508
567 690 
567 690
47 492 457 551 563 91 
457 563
47 492
551 563
492 551
47 91
680 762 421 470 748 474 534 
421 534
680 762
762 474
680 470
748 474
680 421
243 722 
243 722
145 623 456 
145 623
145 456
501 735 
501 735
147 789 601 193 
789 601
147 601
147 193
225 286 379 253 17 342 165 9 288 
225 286
286 379
379 288
342 288
225 9
286 253
17 342
165 9
779 
210 531 706 
210 531
531 706
441 668 180 514 48 160 347 543 549 459 727 
668 180
514 160
514 347
514 48
441 668
160 459
441 347
549 727
668 543
543 727
689 
73 87 
73 87
20 261 49 390 
49 390
20 390
20 261
54 131 
54 131
137 747 359 
137 359
137 747
366 780 
366 780
465 591 68 522 
465 68
591 68
591 522
343 408 416 506 65 326 620 696 33 273 169 664 232 440 102 662 316 
343 408
416 343
506 408
65 408
326 343
620 326
696 416
33 416
273 343
169 343
664 273
232 696
440 416
102 416
662 65
316 416
136 670 403 307 
670 307
136 307
403 307
538 644 578 
644 578
538 644
463 676 28 311 626 303 239 84 
463 311
676 239
311 84
28 239
303 239
463 676
626 84
671 
242 732 
242 732
657 
71 340 540 739 257 129 
71 540
257 129
340 739
71 257
739 129
214 712 230 681 219 58 726 124 752 89 399 328 97 
214 712
124 399
726 124
124 89
230 58
214 230
726 752
752 328
681 97
230 681
712 726
681 219
267 426 277 13 75 654 604 661 590 
267 426
267 277
13 654
426 13
277 604
75 604
654 661
661 590
365 588 
365 588
241 794 265 
794 265
241 265
16 38 3 
38 3
16 38
123 153 
123 153
337 458 409 619 639 88 61 173 472 378 385 
619 639
337 458
458 409
61 173
619 385
173 385
409 619
472 378
61 378
639 88
539 633 330 106 213 161 647 284 143 448 388 325 
647 143
388 325
633 284
539 213
633 161
539 106
633 106
106 325
330 213
213 448
161 647
223 607 460 778 
223 460
460 778
607 460
650 
90 709 583 290 
583 290
90 709
90 583
418 599 80 462 736 203 545 
462 203
418 545
418 599
736 545
599 462
599 80
649 
141 491 592 140 187 675 369 
141 491
141 592
187 369
592 140
491 369
592 675
79 122 699 630 10 627 593 597 126 740 731 
630 10
630 731
79 122
79 593
597 731
627 597
122 627
597 126
122 699
126 740
372 771 338 81 750 
372 771
81 750
771 338
372 750
281 694 142 
694 142
281 142
55 643 83 395 622 74 116 631 656 487 5 
83 622
55 83
643 395
55 116
55 74
643 116
395 487
395 656
656 5
631 487
282 582 200 105 400 799 274 613 
282 582
200 799
582 105
105 799
282 400
282 274
400 613
587 672 741 
587 672
672 741
50 181 469 688 
50 181
181 469
469 688
632 
628 
294 792 36 
294 792
792 36
429 516 559 758 
516 758
516 559
429 516
621 
139 565 417 787 586 60 52 221 63 43 
139 60
139 52
565 60
586 43
787 586
417 52
565 586
221 63
221 43
118 278 651 580 
278 651
118 278
118 580
485 645 240 178 114 
485 645
485 114
645 240
178 114
215 528 637 320 705 57 191 610 557 653 600 
215 610
528 610
637 57
705 57
57 191
557 600
528 637
57 600
637 320
653 600
99 476 526 481 
99 481
99 476
526 481
205 759 
205 759
609 751 767 
609 751
609 767
226 723 785 756 783 264 444 574 608 40 11 361 499 775 596 195 
226 723
785 723
756 785
783 785
264 785
444 756
574 785
608 574
40 574
11 608
361 264
499 361
775 40
596 11
195 775
19 176 
19 176
258 715 468 515 763 31 652 641 
763 641
31 652
715 468
652 641
258 715
258 31
515 763
585 
581 
433 445 716 373 446 765 431 
433 765
433 716
445 716
373 765
433 446
716 431
387 624 120 150 291 6 44 
387 120
624 291
387 150
624 120
291 6
387 44
564 793 371 721 686 353 299 121 579 666 566 710 
686 299
564 793
793 721
721 686
371 353
666 566
299 710
793 371
564 579
579 566
353 121
259 605 745 128 76 
745 128
259 745
259 605
128 76
117 584 
117 584
228 461 683 402 665 324 757 614 170 329 352 269 355 717 615 376 189 156 111 
228 461
683 461
402 461
665 461
324 228
757 228
614 683
170 324
329 170
352 614
269 461
355 352
717 614
615 269
376 717
189 269
156 170
111 269
507 685 236 
507 685
507 236
119 394 798 
394 798
119 394
577 
362 490 693 251 602 503 346 556 595 691 488 638 322 206 673 527 
362 490
693 490
251 490
602 693
503 362
346 503
556 693
595 556
691 362
488 693
638 346
322 251
206 638
673 693
527 556
386 493 548 21 85 
386 548
386 493
493 21
548 85
497 
285 572 
285 572
442 729 24 
442 729
729 24
415 
279 289 742 755 479 389 18 424 428 774 768 634 713 255 625 135 
279 289
742 279
755 289
479 289
389 742
18 289
424 755
428 742
774 755
768 755
634 479
713 424
255 755
625 768
135 18
411 
356 
562 737 718 473 
737 718
737 473
562 737
42 667 495 
42 667
667 495
350 
306 
35 464 
35 464
217 220 454 56 270 520 234 146 519 41 452 646 682 199 405 
217 220
217 234
519 682
56 520
454 234
452 646
454 270
220 146
220 56
270 682
56 452
270 405
41 199
146 199
437 496 636 72 541 451 382 420 
437 541
496 636
437 636
451 382
72 451
72 420
437 72
94 229 640 300 698 66 781 309 34 0 
229 34
309 0
94 66
781 34
94 229
640 34
94 698
229 300
640 309
25 410 233 769 
25 410
410 233
410 769
172 494 700 
172 494
172 700
133 296 642 276 
296 642
133 296
642 276
104 186 546 533 374 202 392 
104 533
186 374
374 202
104 186
104 546
546 392
297 
358 425 182 110 558 30 475 163 151 525 158 174 576 367 788 302 
358 425
182 425
110 425
558 358
30 358
475 558
163 110
151 425
525 475
158 475
174 558
576 358
367 174
788 525
302 525
127 513 77 8 510 439 776 332 760 401 262 523 393 192 754 308 509 152 797 598 248 351 438 244 753 489 784 334 
127 513
77 127
8 513
510 77
439 8
776 8
332 439
760 513
401 332
262 510
523 439
393 776
192 523
754 439
308 523
509 439
152 776
797 510
598 797
248 598
351 598
438 308
244 152
753 598
489 797
784 262
334 523
166 
648 719 323 
648 719
648 323
249 295 4 109 
295 4
249 4
4 109
471 766 396 171 498 162 333 555 571 568 268 
766 171
471 766
333 571
766 498
555 571
471 268
471 396
498 162
333 268
568 268
108 
552 749 2 201 82 341 208 319 
341 319
552 749
552 201
2 201
82 341
552 319
2 208
125 427 554 317 314 744 570 100 772 14 612 287 22 250 
317 14
427 250
554 570
125 427
14 22
744 250
125 554
744 772
317 314
314 250
100 287
125 100
570 612
524 542 222 280 432 443 39 29 245 419 260 573 377 179 
443 179
432 377
443 29
260 573
29 245
524 542
280 432
222 29
542 280
280 419
542 222
573 377
524 39
15 327 216 536 70 530 796 298 207 569 301 701 617 521 
15 327
216 530
530 298
298 301
796 569
796 207
216 536
15 216
569 301
536 701
70 701
207 617
701 521
103 
69 484 86 435 336 663 391 561 305 363 
561 305
663 305
663 391
69 391
69 435
86 336
484 86
69 484
336 363
704 711 738 130 
704 130
704 711
711 738
62 132 517 669 422 357 658 
357 658
132 517
62 517
132 422
669 422
517 658
159 764 53 272 795 537 660 115 46 196 553 254 348 483 450 304 101 
159 764
53 764
272 159
795 272
537 795
660 764
115 537
46 159
196 159
553 764
254 272
348 196
483 254
450 348
304 254
101 483
167 293 198 486 
167 293
293 486
198 486
702 728 370 283 
702 728
702 283
370 283
414 791 183 175 313 157 231 550 502 790 430 211 112 12 
414 791
157 231
313 157
414 313
550 430
112 12
414 175
550 502
175 430
502 211
183 12
791 183
790 430
32 
611 677 544 149 45 547 404 
611 45
677 544
611 404
544 404
149 404
677 547
247 477 360 
477 360
247 477
26 
235 384 
235 384
238 708 773 575 730 684 413 743 529 
238 773
238 708
708 575
684 529
730 743
708 730
413 529
773 529
154 687 659 349 532 447 168 148 560 93 
447 168
659 447
687 532
154 447
154 687
349 532
532 148
560 93
148 93
107 246 364 
107 246
107 364
197 318 
197 318
714 733 397 64 398 412 782 
714 397
714 64
733 64
412 782
733 782
397 398
218 518 594 603 616 204 635 467 
594 616
594 467
218 616
603 616
635 467
204 467
518 603
