? 15 380 720 655 777 67 231 313 138 726 175 157 679 414 791 589 
? 14 564 793 371 721 686 353 299 121 566 710 307 35 670 278 
? 14 554 570 427 125 612 470 250 772 680 281 14 744 505 100 
? 14 471 766 171 396 498 333 162 555 185 571 568 618 268 411 
? 14 259 605 745 412 92 397 76 42 128 782 739 540 733 628 
? 13 50 112 399 124 89 469 183 111 189 12 422 752 132 
? 13 524 542 222 432 443 280 596 29 419 377 88 650 260 
? 12 15 327 216 536 796 530 70 298 569 301 207 701 
? 12 277 604 730 743 426 267 238 708 13 654 151 529 
? 12 552 749 341 2 201 319 82 26 769 798 374 208 
? 12 475 558 525 358 302 158 661 788 30 174 425 576 
? 11 139 565 586 521 787 60 52 417 6 63 221 
? 11 372 771 338 16 750 0 81 698 38 386 640 
? 11 387 624 291 150 120 364 356 632 44 700 43 
? 11 215 528 637 57 705 557 191 288 600 653 286 
? 11 337 458 597 409 619 731 740 639 101 126 61 
? 11 315 725 345 37 23 51 707 252 312 692 375 
? 10 611 677 544 45 547 460 117 404 369 735 
? 10 435 484 86 69 336 363 305 663 561 534 
? 10 296 642 133 590 465 297 276 242 591 75 
? 10 104 186 546 342 392 394 202 17 103 533 
? 9 437 541 636 496 72 209 451 4 164 
? 9 433 445 446 373 716 9 765 431 671 
? 9 83 622 116 55 339 643 5 481 649 
? 8 441 668 180 514 48 347 160 543 
? 8 214 712 230 681 58 350 219 328 
? 8 282 582 105 799 400 200 274 747 
? 8 449 697 263 761 184 256 381 406 
? 8 594 616 467 218 507 603 635 204 
? 8 94 229 781 300 66 119 309 587 
? 8 141 491 84 140 592 626 478 311 
? 8 418 599 462 80 376 736 203 357 
? 7 702 728 249 295 283 370 515 
? 7 25 410 233 149 741 584 223 
? 7 154 687 659 532 349 168 148 
? 7 93 560 709 90 447 794 323 
? 7 463 676 303 239 538 480 266 
? 7 551 563 457 144 678 613 466 
? 7 211 502 430 123 62 147 601 
? 7 188 407 287 382 420 455 22 
? 7 562 737 579 656 718 621 473 
? 7 47 492 91 78 285 657 572 
? 6 539 633 330 213 143 325 
? 6 485 645 240 486 114 178 
? 6 95 224 588 365 292 155 
? 5 32 421 762 474 748 
? 5 118 666 651 623 176 
? 5 258 715 468 763 641 
? 5 99 738 476 206 134 
? 5 167 293 487 395 631 
? 4 516 675 429 494 
? 4 20 261 453 49 
? 4 131 662 236 518 
? 4 107 246 169 172 
? 4 156 685 688 535 
? 4 79 122 179 699 
? 4 113 368 792 746 
? 4 110 182 163 758 
? 4 225 379 253 165 
? 4 314 317 310 508 
? 4 59 344 511 190 
? 4 205 459 573 759 
? 4 98 770 1 335 
? 4 129 719 71 340 
? 4 522 617 68 732 
? 4 290 583 734 241 
? 4 493 548 85 21 
? 4 464 790 550 497 
? 4 36 106 161 294 
? 4 212 703 306 512 
? 3 501 607 773 
? 3 187 695 321 
? 3 193 789 153 
? 3 322 704 130 
? 3 706 767 108 
? 3 388 448 366 
? 3 271 526 472 
? 3 360 477 247 
? 3 237 434 724 
? 3 390 398 714 
? 3 96 383 456 
? 3 482 549 354 
? 3 378 483 304 
? 3 495 667 581 
? 3 197 367 318 
? 3 517 658 689 
? 3 97 644 578 
? 3 73 87 194 
? 3 142 780 694 
? 3 413 684 575 
!
413 684 575 
413 684
413 575
167 293 487 395 631 
167 293
487 395
167 487
487 631
418 599 462 80 376 736 203 357 
80 376
462 203
418 357
418 376
418 599
736 357
599 462
545 669 
545 669
475 558 525 358 302 158 661 788 30 174 425 576 
661 576
475 788
475 525
558 358
358 425
558 788
525 302
30 425
525 158
30 174
661 788
47 492 91 78 285 657 572 
47 492
492 572
91 657
47 91
78 285
285 572
142 780 694 
142 694
142 780
212 703 306 512 
212 703
212 306
703 512
243 722 
243 722
95 224 588 365 292 155 
95 224
224 588
95 155
365 155
292 155
36 106 161 294 
106 161
36 106
106 294
464 790 550 497 
464 790
550 497
464 550
552 749 341 2 201 319 82 26 769 798 374 208 
341 319
552 749
552 201
798 374
2 201
201 26
2 769
319 798
341 82
769 208
552 319
524 542 222 432 443 280 596 29 419 377 88 650 260 
432 377
443 29
222 88
280 88
524 542
432 280
542 88
222 29
280 419
524 596
377 260
650 260
141 491 84 140 592 626 478 311 
140 311
491 626
141 84
141 491
84 592
84 311
626 478
3 436 
3 436
485 645 240 486 114 178 
485 645
240 486
485 114
645 240
114 178
562 737 579 656 718 621 473 
737 718
579 473
737 473
621 473
562 656
562 737
31 166 
31 166
73 87 194 
73 87
87 194
173 245 
173 245
493 548 85 21 
493 21
493 548
548 85
83 622 116 55 339 643 5 481 649 
83 622
83 55
116 339
116 55
116 643
339 5
622 649
481 649
778 
97 644 578 
644 578
97 644
315 725 345 37 23 51 707 252 312 692 375 
315 725
37 707
315 51
725 345
51 312
23 312
51 692
692 375
345 707
707 252
729 
257 648 
257 648
290 583 734 241 
583 241
290 241
583 734
504 606 
504 606
517 658 689 
517 658
658 689
19 580 
19 580
522 617 68 732 
617 68
522 617
68 732
279 289 755 742 774 479 18 634 428 389 255 713 424 527 625 768 135 
279 289
755 279
742 279
774 289
479 289
18 289
634 479
428 742
389 742
255 755
713 755
424 755
527 289
625 255
768 713
135 389
129 719 71 340 
129 71
129 719
129 340
197 367 318 
197 367
197 318
94 229 781 300 66 119 309 587 
229 119
94 66
781 119
94 229
300 119
781 587
94 309
727 
145 227 
145 227
690 
539 633 330 213 143 325 
539 213
330 213
539 633
633 325
633 143
50 112 399 124 89 469 183 111 189 12 422 752 132 
183 111
399 124
124 89
50 189
50 112
112 12
89 752
111 422
422 132
469 752
112 89
111 12
433 445 446 373 716 9 765 431 671 
446 671
433 765
433 716
445 716
373 765
433 446
9 431
716 431
210 531 
210 531
495 667 581 
495 667
667 581
378 483 304 
378 483
483 304
34 672 
34 672
337 458 597 409 619 731 740 639 101 126 61 
639 126
619 639
409 740
458 740
337 458
337 597
409 619
597 731
101 61
740 61
277 604 730 743 426 267 238 708 13 654 151 529 
277 267
426 267
238 708
13 654
743 13
277 730
277 743
730 708
151 529
277 604
730 151
98 770 1 335 
98 770
98 335
770 1
652 
205 459 573 759 
205 759
205 459
459 573
188 407 287 382 420 455 22 
188 420
455 22
188 287
188 407
382 22
287 22
627 
211 502 430 123 62 147 601 
211 123
211 147
502 123
147 601
502 430
123 62
215 528 637 57 705 557 191 288 600 653 286 
705 288
215 528
637 57
705 286
191 288
57 288
557 600
528 637
57 600
600 653
99 738 476 206 134 
99 738
99 476
738 134
476 206
482 549 354 
482 354
482 549
387 624 291 150 120 364 356 632 44 700 43 
150 364
387 120
624 291
291 356
387 364
624 120
356 43
364 632
44 700
364 44
594 616 467 218 507 603 635 204 
594 616
594 467
594 507
616 218
507 603
467 635
467 204
96 383 456 
96 456
96 383
59 344 511 190 
59 511
344 190
59 344
585 
577 
390 398 714 
390 398
390 714
314 317 310 508 
314 317
314 310
314 508
567 
104 186 546 342 392 394 202 17 103 533 
104 533
394 202
186 202
104 186
104 546
342 533
392 103
546 392
342 17
225 379 253 165 
225 379
225 253
225 165
258 715 468 763 641 
763 641
715 468
258 715
258 763
372 771 338 16 750 0 81 698 38 386 640 
372 16
38 640
338 0
771 16
698 640
750 81
771 338
771 698
16 750
372 386
110 182 163 758 
163 758
110 758
182 163
334 630 
334 630
237 434 724 
434 724
237 724
228 461 683 665 402 324 170 329 614 757 269 352 717 615 181 355 
228 461
683 461
665 228
402 461
324 228
170 324
329 170
614 683
757 170
269 461
352 614
717 614
615 170
181 615
355 614
610 674 
610 674
449 697 263 761 184 256 381 406 
449 761
697 406
449 697
697 263
256 406
381 406
761 184
559 
423 
551 563 457 144 678 613 466 
563 466
457 466
551 678
563 678
551 144
144 613
463 676 303 239 538 480 266 
538 266
303 266
239 538
676 239
463 676
239 480
15 327 216 536 796 530 70 298 569 301 207 701 
15 327
216 530
530 298
298 301
796 569
796 207
216 536
15 216
569 301
536 701
70 701
118 666 651 623 176 
651 623
666 176
118 651
118 666
7 331 
7 331
217 220 454 56 270 41 520 234 452 519 28 177 682 199 646 786 629 405 500 
217 220
454 217
56 220
270 454
41 217
520 56
234 520
452 220
519 454
28 520
177 270
682 270
199 41
646 56
786 646
629 682
405 177
500 646
360 477 247 
360 477
477 247
271 526 472 
526 472
271 526
391 
343 408 416 273 33 65 232 506 696 102 326 664 440 54 620 316 
343 408
416 343
273 408
33 416
65 343
232 343
506 408
696 408
102 343
326 408
664 273
440 416
54 65
620 65
316 416
32 421 762 474 748 
762 474
32 762
32 421
474 748
359 
403 415 
403 415
388 448 366 
388 448
448 366
275 
362 490 693 251 346 602 503 595 488 691 556 711 673 137 638 609 
362 490
693 490
251 490
346 362
602 693
503 346
595 602
488 490
691 362
556 595
711 251
673 251
137 490
638 346
609 556
265 
198 
113 368 792 746 
113 792
792 746
368 746
706 767 108 
706 108
706 767
195 
146 
235 384 
235 384
380 720 655 777 67 231 313 138 726 175 157 679 414 791 589 
414 791
231 157
720 679
720 67
720 655
313 157
313 414
380 655
67 138
175 414
655 777
380 157
231 726
777 589
282 582 105 799 400 200 274 747 
282 582
799 200
582 105
105 799
282 400
105 747
282 274
296 642 133 590 465 297 276 242 591 75 
296 590
297 276
296 642
642 297
242 591
296 133
465 276
465 591
590 75
79 122 179 699 
79 122
122 179
122 699
322 704 130 
322 130
704 130
156 685 688 535 
156 688
685 688
156 535
93 560 709 90 447 794 323 
93 90
93 709
560 90
560 323
709 447
709 794
136 
226 723 785 756 784 783 264 574 608 11 361 248 775 499 438 39 
226 723
785 226
756 723
784 226
783 785
264 756
574 226
608 574
11 608
361 264
248 361
775 574
499 361
438 775
39 11
127 513 77 8 332 776 439 510 760 401 523 262 754 308 393 152 797 444 598 509 351 192 753 442 244 40 489 24 
127 513
77 127
8 513
332 8
776 8
439 332
510 77
760 439
401 510
523 439
262 510
754 439
308 439
393 8
152 8
797 510
444 510
598 262
509 308
351 510
192 332
753 598
442 152
244 442
40 401
489 797
24 489
109 
193 789 153 
789 153
193 153
107 246 169 172 
107 246
169 172
246 172
139 565 586 521 787 60 52 417 6 63 221 
139 60
586 6
139 52
565 60
586 787
52 417
521 63
565 586
63 221
586 521
74 
214 712 230 681 58 350 219 328 
214 712
230 58
214 230
712 350
350 328
230 681
681 219
259 605 745 412 92 397 76 42 128 782 739 540 733 628 
92 76
745 128
259 745
412 92
412 782
259 605
42 739
605 782
733 628
782 733
397 733
259 42
739 540
471 766 171 396 498 333 162 555 185 571 568 618 268 411 
333 185
766 171
471 766
185 571
766 498
555 571
471 268
471 396
185 268
333 411
498 162
568 268
555 618
554 570 427 125 612 470 250 772 680 281 14 744 505 100 
427 250
554 570
427 125
612 505
250 744
554 125
772 744
470 281
570 281
744 505
680 281
125 100
125 14
64 
435 484 86 69 336 363 305 663 561 534 
305 561
336 534
305 663
435 69
86 336
484 86
484 69
336 363
69 663
131 662 236 518 
131 662
131 518
662 236
154 687 659 532 349 168 148 
659 168
687 532
154 687
154 659
532 349
532 148
159 764 53 272 795 537 115 660 196 46 553 348 254 450 385 779 320 
159 764
53 159
272 159
795 272
537 272
115 537
660 53
196 159
46 764
553 159
348 764
254 795
450 348
385 450
779 254
320 115
20 261 453 49 
453 49
20 453
261 453
516 675 429 494 
516 675
675 494
675 429
564 793 371 721 686 353 299 121 566 710 307 35 670 278 
686 299
564 793
793 721
721 686
371 353
721 35
566 670
299 710
793 371
307 670
353 121
564 566
353 278
27 
25 410 233 149 741 584 223 
25 410
410 584
149 223
410 233
25 223
741 584
187 695 321 
187 695
187 321
10 
284 647 
284 647
437 541 636 496 72 209 451 4 164 
209 164
437 541
636 496
437 636
72 164
437 209
636 4
72 451
611 677 544 45 547 460 117 404 369 735 
611 45
677 544
544 735
117 735
611 404
544 404
460 404
547 369
677 547
501 607 773 
607 773
501 607
593 751 
593 751
702 728 249 295 283 370 515 
702 728
702 283
370 515
249 295
295 515
728 295
441 668 180 514 48 347 160 543 
668 180
514 160
514 347
514 48
441 668
441 347
668 543
