? 15 85 394 567 103 119 798 202 300 319 548 374 533 493 741 186 
? 14 556 593 595 602 751 488 693 609 527 625 768 334 362 490 
? 14 449 697 263 761 184 405 629 256 34 480 381 406 478 781 
? 14 348 450 88 419 385 173 280 432 126 245 740 222 639 377 
? 14 225 286 379 57 191 288 17 653 165 705 557 342 690 637 
? 13 207 301 569 522 796 617 530 417 591 60 52 70 68 
? 13 391 663 561 305 69 233 484 306 92 26 435 86 363 
? 12 694 780 366 281 470 142 100 294 792 388 368 554 
? 12 715 763 468 258 652 641 515 31 770 331 109 113 
? 12 467 635 507 594 204 685 518 328 616 218 688 156 
? 12 539 633 325 330 577 213 398 143 284 106 161 448 
? 11 136 670 566 307 403 473 415 19 613 678 737 
? 11 149 460 735 45 404 607 223 544 584 611 684 
? 11 226 723 783 785 784 756 444 574 262 264 598 
? 11 369 695 187 413 547 677 321 491 773 529 117 
? 11 190 423 59 344 511 96 227 176 456 572 383 
? 11 347 668 180 441 514 160 543 48 727 549 354 
? 10 125 427 14 317 772 314 570 744 250 612 
? 10 339 622 83 116 55 649 643 481 585 5 
? 10 170 324 329 665 228 757 402 461 615 683 
? 10 364 632 150 44 246 107 172 326 506 700 
? 9 171 766 498 471 555 396 162 333 571 
? 9 167 293 487 631 114 395 74 81 485 
? 9 271 526 476 472 99 134 206 738 731 
? 8 338 771 750 372 16 38 0 698 
? 8 436 786 589 240 645 486 679 777 
? 8 686 721 299 353 35 564 793 710 
? 8 127 513 77 760 8 332 510 776 
? 8 704 747 799 322 711 130 137 359 
? 8 23 312 37 725 51 692 315 345 
? 8 376 717 80 614 418 422 669 599 
? 8 545 736 357 689 724 411 517 658 
? 7 252 707 504 310 606 508 674 
? 7 424 755 255 774 279 713 289 
? 7 249 295 728 702 283 370 1 
? 7 337 458 597 619 409 61 627 
? 7 205 459 573 650 759 39 596 
? 7 122 699 79 630 10 29 179 
? 7 730 743 277 604 708 238 575 
? 7 308 523 438 439 754 775 509 
? 7 430 502 211 123 497 147 62 
? 7 87 748 73 762 421 680 474 
? 6 54 65 620 131 696 662 
? 6 343 408 232 236 644 538 
? 6 118 580 666 623 278 371 
? 5 495 667 581 261 49 
? 5 714 733 782 397 64 
? 5 224 588 365 95 260 
? 5 414 791 183 175 313 
? 5 463 676 626 239 303 
? 4 431 765 445 671 
? 4 655 720 646 380 
? 4 66 94 229 309 
? 4 192 393 152 767 
? 4 50 111 112 269 
? 4 135 657 389 428 
? 4 282 582 105 200 
? 4 587 672 208 769 
? 4 129 719 648 340 
? 4 27 203 462 618 
? 4 248 499 797 753 
? 4 501 778 512 703 
? 4 352 355 535 185 
? 4 244 442 24 729 
? 4 7 98 335 647 
? 4 15 327 216 536 
? 4 275 434 237 268 
? 4 36 166 746 390 
? 4 552 749 2 341 
? 4 251 673 346 691 
? 3 392 546 104 
? 3 78 563 466 
? 3 489 531 210 
? 3 373 716 9 
? 3 47 492 457 
? 3 121 153 193 
? 3 292 482 194 
? 3 349 532 276 
? 3 524 542 443 
? 3 89 124 181 
? 3 235 734 384 
? 3 579 656 562 
? 3 32 534 336 
? 3 550 790 464 
? 3 76 745 128 
? 3 429 559 722 
? 3 25 410 201 
? 3 259 605 412 
? 3 297 465 110 
? 3 3 198 640 
!
3 198 640 
3 640
3 198
463 676 626 239 303 
676 239
239 303
463 676
676 626
545 736 357 689 724 411 517 658 
545 357
357 658
545 736
517 658
545 411
689 658
724 411
157 231 
157 231
539 633 325 330 577 213 398 143 284 106 161 448 
577 161
633 284
539 213
633 161
539 106
633 106
325 106
330 213
213 448
577 143
398 143
87 748 73 762 421 680 474 
762 680
762 474
87 73
73 474
748 474
421 680
297 465 110 
297 465
297 110
251 673 346 691 
346 691
251 673
251 691
67 266 
67 266
118 580 666 623 278 371 
580 371
118 278
118 580
623 278
118 666
552 749 2 341 
552 749
552 2
552 341
36 166 746 390 
36 166
36 746
36 390
467 635 507 594 204 685 518 328 616 218 688 156 
594 616
635 685
467 594
204 688
507 594
688 156
616 218
467 685
467 204
635 328
518 218
391 663 561 305 69 233 484 306 92 26 435 86 363 
561 305
233 26
663 305
391 663
391 69
69 435
561 26
484 86
69 484
306 92
305 306
86 363
376 717 80 614 418 422 669 599 
717 80
376 80
376 418
418 599
422 669
717 614
376 422
18 91 
18 91
343 408 232 236 644 538 
343 408
343 232
644 538
343 644
408 236
430 502 211 123 497 147 62 
211 497
211 123
211 147
502 123
430 502
123 62
108 706 
108 706
259 605 412 
259 605
605 412
503 638 
503 638
275 434 237 268 
275 434
434 237
275 268
271 526 476 472 99 134 206 738 731 
99 738
526 472
476 99
271 476
134 738
271 526
476 206
206 731
742 
25 410 201 
25 410
410 201
347 668 180 441 514 160 543 48 727 549 354 
668 180
514 160
347 514
514 48
668 441
347 441
727 549
668 543
543 727
543 354
718 
351 361 
351 361
15 327 216 536 
15 327
216 536
15 216
20 453 
20 453
429 559 722 
429 722
429 559
21 386 
21 386
7 98 335 647 
7 647
98 335
335 647
43 221 120 356 6 787 63 586 624 291 387 701 565 243 521 139 298 
43 221
120 221
356 120
6 120
787 43
63 6
586 787
624 63
291 624
387 624
701 586
565 586
243 63
521 565
139 565
298 701
244 442 24 729 
244 729
244 442
24 729
76 745 128 
745 128
76 128
23 312 37 725 51 692 315 345 
725 315
51 315
312 51
725 345
23 312
51 692
37 345
628 
433 446 
433 446
603 
54 65 620 131 696 662 
620 696
131 662
65 696
65 662
54 65
207 301 569 522 796 617 530 417 591 60 52 70 68 
207 522
522 796
617 591
617 68
60 52
569 796
207 417
417 52
207 591
301 569
60 70
301 530
167 293 487 631 114 395 74 81 485 
487 114
631 485
293 81
167 81
487 395
167 114
114 485
395 74
40 608 
40 608
550 790 464 
790 464
550 464
32 534 336 
534 336
32 534
42 739 
42 739
190 423 59 344 511 96 227 176 456 572 383 
59 511
227 383
423 511
96 456
59 456
190 344
59 344
344 176
190 572
423 383
715 763 468 258 652 641 515 31 770 331 109 113 
763 641
652 31
715 468
652 641
715 770
715 258
258 31
468 331
515 331
109 113
31 113
352 355 535 185 
352 355
355 535
535 185
601 
501 778 512 703 
501 778
778 512
778 703
308 523 438 439 754 775 509 
308 509
439 754
523 439
308 523
523 775
308 438
568 
730 743 277 604 708 238 575 
708 238
708 575
730 277
743 277
604 575
730 708
369 695 187 413 547 677 321 491 773 529 117 
413 321
369 695
187 413
695 547
413 529
369 187
369 491
677 117
773 529
547 677
414 791 183 175 313 
414 791
414 313
414 175
791 183
579 656 562 
656 562
579 562
226 723 783 785 784 756 444 574 262 264 598 
226 785
226 723
785 444
783 264
783 598
262 598
784 756
444 574
784 264
723 756
704 747 799 322 711 130 137 359 
704 137
799 711
799 137
322 130
704 130
747 799
322 359
235 734 384 
235 734
734 384
248 499 797 753 
797 753
248 499
248 753
551 
540 
89 124 181 
89 124
89 181
27 203 462 618 
203 462
27 203
203 618
528 
364 632 150 44 246 107 172 326 506 700 
364 150
44 172
246 326
246 506
632 326
246 107
364 632
44 700
632 172
129 719 648 340 
129 648
719 648
129 340
224 588 365 95 260 
224 95
588 260
224 588
224 365
149 460 735 45 404 607 223 544 584 611 684 
149 460
45 611
735 544
735 584
460 223
45 684
404 611
404 223
404 544
460 607
587 672 208 769 
587 672
208 769
672 769
12 189 
12 189
524 542 443 
524 542
542 443
230 350 58 712 214 681 316 219 97 726 33 752 416 138 440 399 
230 350
58 230
712 350
214 712
681 712
316 230
219 681
97 58
726 214
33 316
752 681
416 33
138 97
440 416
399 726
84 141 
84 141
127 513 77 760 8 332 510 776 
127 776
513 776
77 760
127 77
513 510
332 510
513 8
505 
469 
122 699 79 630 10 29 179 
29 179
630 10
122 79
122 179
122 699
699 630
205 459 573 650 759 39 596 
205 759
39 596
205 459
759 39
459 573
459 650
694 780 366 281 470 142 100 294 792 388 368 554 
780 281
366 100
780 470
694 294
780 366
294 792
694 142
366 554
470 142
792 388
792 368
714 733 782 397 64 
714 397
714 64
733 64
733 782
651 789 
651 789
660 795 272 537 764 115 53 159 254 46 553 320 483 304 779 253 196 215 101 
660 795
272 660
537 795
764 272
115 537
53 764
159 764
254 660
46 764
553 46
320 115
483 254
304 254
779 483
253 304
196 553
215 320
101 53
349 532 276 
349 532
349 276
292 482 194 
482 194
292 482
401 
72 451 420 209 437 496 541 382 407 636 188 164 455 287 22 4 
72 451
420 451
209 420
437 72
496 437
541 437
382 420
407 420
636 541
188 407
164 209
455 382
287 188
22 455
4 636
495 667 581 261 49 
495 49
495 261
667 49
581 261
378 
400 621 
400 621
121 153 193 
121 193
121 153
375 
217 220 454 519 56 270 452 234 520 682 500 41 28 177 199 146 
217 220
454 217
519 454
56 220
270 519
452 56
234 56
520 234
682 270
500 452
41 500
28 520
177 682
199 41
146 234
290 
274 
282 582 105 200 
282 582
582 105
105 200
47 492 457 
47 492
492 457
212 
195 
144 285 
144 285
85 394 567 103 119 798 202 300 319 548 374 533 493 741 186 
374 186
394 202
567 374
85 798
394 567
394 741
798 202
85 319
103 798
119 300
300 741
567 548
533 186
548 493
686 721 299 353 35 564 793 710 
686 299
564 793
721 793
686 721
721 35
299 710
353 793
170 324 329 665 228 757 402 461 615 683 
324 329
324 757
228 461
170 329
665 615
461 683
665 461
228 402
170 228
135 657 389 428 
135 657
135 389
389 428
373 716 9 
373 716
716 9
50 111 112 269 
50 269
50 112
111 112
337 458 597 619 409 61 627 
337 458
458 409
337 597
619 409
597 627
409 61
178 
360 477 247 494 578 140 273 675 169 516 664 311 758 592 163 102 
360 477
247 360
494 247
578 360
140 477
273 247
675 494
169 273
516 675
664 273
311 140
758 675
592 758
163 758
102 273
197 318 661 302 788 525 576 174 475 367 558 732 242 358 654 426 267 425 30 590 158 642 75 13 133 151 182 296 
197 318
661 197
302 197
788 302
525 302
576 788
174 318
475 525
367 174
558 475
732 576
242 732
358 558
654 367
426 654
267 654
425 358
30 425
590 242
158 558
642 590
75 267
13 367
133 590
151 13
182 425
296 642
155 
489 531 210 
489 531
531 210
192 393 152 767 
152 767
393 767
192 393
136 670 566 307 403 473 415 19 613 678 737 
136 473
307 613
403 678
136 566
670 566
415 613
670 307
473 737
403 613
670 19
145 
436 786 589 240 645 486 679 777 
786 589
786 645
240 486
436 679
240 645
589 777
436 777
225 286 379 57 191 288 17 653 165 705 557 342 690 637 
225 286
286 379
379 705
288 705
57 637
191 288
225 690
57 288
288 342
191 17
557 637
17 653
165 690
348 450 88 419 385 173 280 432 126 245 740 222 639 377 
126 639
432 377
348 419
348 385
88 222
88 280
280 432
419 639
385 173
450 385
245 222
419 280
126 740
449 697 263 761 184 405 629 256 34 480 381 406 478 781 
449 761
34 781
697 406
449 697
697 263
184 405
629 381
263 480
256 406
184 478
405 480
256 781
381 406
132 
339 622 83 116 55 649 643 481 585 5 
649 585
622 83
83 55
339 116
116 55
116 643
339 5
622 649
649 481
66 94 229 309 
66 94
94 229
94 309
249 295 728 702 283 370 1 
728 702
370 1
702 283
249 295
295 728
283 370
93 560 709 447 168 90 659 257 794 323 687 148 154 71 241 265 583 
93 560
709 93
447 93
168 447
90 709
659 168
257 90
794 447
323 257
687 659
148 794
154 687
71 257
241 794
265 241
583 265
655 720 646 380 
655 646
655 720
655 380
431 765 445 671 
765 445
445 671
431 765
556 593 595 602 751 488 693 609 527 625 768 334 362 490 
362 490
693 490
556 751
556 488
595 602
751 609
595 488
488 693
527 768
751 334
693 768
527 625
593 602
82 
424 755 255 774 279 713 289 
255 774
279 289
424 713
755 279
755 255
279 713
78 563 466 
563 466
78 563
11 
600 610 
600 610
171 766 498 471 555 396 162 333 571 
171 766
766 471
333 571
766 498
555 571
471 396
498 162
555 396
125 427 14 317 772 314 570 744 250 612 
14 317
427 250
125 427
744 250
772 744
317 314
314 250
125 570
570 612
392 546 104 
546 104
392 546
479 634 
479 634
252 707 504 310 606 508 674 
504 606
707 504
310 606
508 674
252 606
310 508
338 771 750 372 16 38 0 698 
372 16
338 0
771 16
338 771
38 698
771 698
750 16
