? 8 487 779 153 109 214 402 598 273 
!
478 576 707 56 646 351 151 171 699 396 124 301 617 328 281 654 212 514 530 624 521 253 466 607 432 485 314 434 25 571 147 625 219 555 63 626 438 342 180 422 540 437 408 520 702 619 539 509 596 233 463 380 9 174 673 
478 576
707 478
56 707
646 576
351 646
151 576
171 646
699 351
396 151
124 699
301 151
617 396
328 301
281 351
654 699
212 351
514 212
530 654
624 124
521 151
253 328
466 624
607 624
432 521
485 607
314 432
434 432
25 521
571 253
147 607
625 521
219 571
555 625
63 485
626 63
438 63
342 625
180 438
422 626
540 626
437 571
408 437
520 437
702 540
619 408
539 540
509 432
596 540
233 408
463 509
380 520
9 596
174 540
673 509
139 458 606 682 706 556 583 235 387 226 141 85 202 142 404 457 298 542 518 508 728 52 479 403 468 743 641 588 283 484 529 227 309 110 282 257 335 234 122 407 243 78 112 315 383 285 732 622 472 188 61 613 796 310 601 731 308 470 67 65 736 575 697 666 207 55 769 350 685 630 209 140 739 490 764 201 370 324 114 718 421 113 789 449 168 754 663 50 377 544 584 698 758 410 427 401 426 639 482 182 104 474 480 238 541 247 715 160 587 263 481 632 775 299 655 82 318 395 572 568 89 418 15 786 338 765 651 19 394 741 504 476 669 41 304 94 766 354 737 720 105 265 47 433 750 398 602 326 30 14 411 69 286 225 260 523 671 274 241 500 425 344 237 676 116 730 733 145 512 473 341 384 156 734 656 133 261 648 610 6 120 379 629 419 93 70 543 557 501 291 441 355 462 547 716 442 358 677 5 16 204 162 603 362 68 550 502 255 609 701 178 525 353 711 586 459 645 137 658 22 179 783 753 228 334 35 552 450 333 667 580 155 399 323 460 567 125 34 340 389 748 76 578 278 595 343 511 777 662 203 75 593 288 781 213 92 365 196 240 191 590 183 405 345 126 24 102 53 749 224 516 570 794 154 561 527 660 725 755 517 
139 458
606 139
682 606
706 458
556 706
583 606
235 139
387 706
226 606
141 387
85 583
202 387
142 85
404 85
457 404
298 202
542 298
518 226
508 85
728 556
52 728
479 85
403 85
468 518
743 298
641 743
588 298
283 542
484 52
529 479
227 529
309 556
110 52
282 529
257 728
335 298
234 588
122 234
407 257
243 283
78 234
112 283
315 298
383 257
285 257
732 315
622 529
472 122
188 257
61 383
613 732
796 622
310 78
601 407
731 601
308 731
470 601
67 622
65 472
736 796
575 65
697 65
666 257
207 732
55 736
769 65
350 308
685 796
630 112
209 308
140 685
739 630
490 630
764 243
201 207
370 61
324 285
114 769
718 697
421 140
113 114
789 764
449 370
168 209
754 55
663 350
50 201
377 114
544 113
584 754
698 168
758 584
410 769
427 449
401 410
426 739
639 754
482 324
182 449
104 739
474 663
480 426
238 754
541 639
247 410
715 182
160 104
587 113
263 182
481 480
632 698
775 50
299 474
655 758
82 474
318 639
395 481
572 632
568 318
89 587
418 263
15 89
786 401
338 104
765 377
651 765
19 89
394 324
741 299
504 394
476 394
669 418
41 19
304 651
94 632
766 651
354 418
737 94
720 741
105 766
265 476
47 741
433 47
750 765
398 741
602 715
326 775
30 395
14 41
411 14
69 238
286 14
225 326
260 750
523 265
671 651
274 260
241 602
500 602
425 354
344 225
237 523
676 237
116 237
730 225
733 411
145 433
512 500
473 512
341 733
384 14
156 512
734 671
656 425
133 156
261 116
648 237
610 265
6 610
120 384
379 610
629 734
419 384
93 237
70 145
543 379
557 69
501 116
291 733
441 557
355 656
462 557
547 355
716 462
442 261
358 93
677 355
5 291
16 716
204 384
162 133
603 734
362 204
68 462
550 603
502 603
255 512
609 502
701 442
178 557
525 355
353 255
711 629
586 442
459 603
645 178
137 543
658 355
22 459
179 586
783 733
753 178
228 353
334 204
35 525
552 178
450 459
333 5
667 502
580 701
155 137
399 155
323 22
460 22
567 552
125 155
34 93
340 137
389 419
748 353
76 748
578 334
278 22
595 580
343 667
511 580
777 68
662 155
203 278
75 34
593 75
288 389
781 333
213 748
92 389
365 75
196 567
240 203
191 399
590 213
183 203
405 593
345 711
126 345
24 323
102 76
53 525
749 777
224 126
516 593
570 191
794 781
154 794
561 196
527 578
660 389
725 102
755 203
517 794
696 745 194 642 215 582 267 623 146 446 393 700 297 368 491 166 130 159 688 499 292 8 40 373 447 264 62 579 173 503 453 218 792 357 428 
696 745
194 696
642 745
215 194
582 642
267 642
623 582
146 215
446 642
393 446
700 146
297 146
368 146
491 393
166 446
130 166
159 130
688 130
499 393
292 491
8 499
40 499
373 499
447 688
264 373
62 264
579 373
173 579
503 579
453 173
218 453
792 582
357 792
428 357
45 506 742 197 563 169 406 371 231 1 339 208 772 744 172 412 526 189 577 23 581 277 28 531 507 327 20 771 306 364 313 54 305 27 108 33 287 551 636 608 738 650 445 391 492 397 475 360 643 534 461 59 322 200 665 90 117 585 127 205 681 262 599 91 497 39 329 361 359 592 95 87 186 239 452 220 280 375 709 372 346 332 751 684 11 246 72 494 600 770 554 131 2 4 456 64 790 668 279 546 705 43 727 493 106 251 83 193 538 652 111 103 303 356 564 100 439 48 3 659 545 760 321 431 430 98 115 211 223 26 195 51 320 726 12 248 
45 506
742 506
197 45
563 506
169 563
406 506
371 563
231 197
1 45
339 197
208 563
772 231
744 169
172 772
412 772
526 231
189 526
577 339
23 526
581 577
277 526
28 23
531 744
507 412
327 277
20 327
771 23
306 327
364 507
313 327
54 306
305 531
27 313
108 306
33 313
287 305
551 507
636 33
608 364
738 608
650 608
445 608
391 608
492 33
397 364
475 397
360 608
643 397
534 475
461 33
59 461
322 738
200 287
665 360
90 200
117 90
585 475
127 59
205 127
681 90
262 127
599 262
91 665
497 322
39 475
329 497
361 497
359 665
592 497
95 262
87 681
186 87
239 534
452 592
220 359
280 359
375 87
709 87
372 497
346 372
332 709
751 709
684 751
11 751
246 332
72 39
494 684
600 220
770 117
554 770
131 684
2 684
4 494
456 600
64 346
790 4
668 456
279 72
546 280
705 790
43 790
727 43
493 72
106 2
251 727
83 64
193 64
538 251
652 727
111 251
103 668
303 106
356 493
564 303
100 251
439 279
48 727
3 727
659 111
545 48
760 456
321 538
431 321
430 564
98 279
115 431
211 760
223 98
26 303
195 356
51 321
320 554
726 103
12 223
248 545
487 779 153 109 214 402 598 273 
779 402
214 598
487 779
487 153
153 214
779 109
598 273
317 562 471 423 128 515 477 378 37 121 672 488 532 148 704 693 440 295 242 695 679 71 270 649 388 505 80 793 348 46 319 7 573 618 300 621 616 352 558 217 135 325 302 400 498 752 73 367 77 161 382 97 614 574 634 548 653 190 60 444 268 795 469 612 167 187 797 374 289 165 486 143 784 536 591 719 717 36 519 686 615 206 294 768 199 560 620 799 638 533 330 336 788 157 29 767 746 84 429 675 798 58 123 611 10 465 454 635 787 714 756 385 724 284 448 136 785 170 524 381 390 420 331 597 256 637 96 510 118 129 670 740 436 747 269 692 74 152 553 259 316 252 780 
317 562
471 317
423 317
128 317
515 423
477 562
378 477
37 471
121 37
672 317
488 477
532 515
148 128
704 148
693 148
440 693
295 693
242 477
695 477
679 471
71 148
270 477
649 295
388 532
505 477
80 704
793 693
348 440
46 679
319 505
7 704
573 319
618 573
300 793
621 46
616 319
352 80
558 793
217 558
135 352
325 558
302 135
400 616
498 573
752 352
73 752
367 616
77 367
161 325
382 161
97 616
614 73
574 352
634 325
548 616
653 302
190 621
60 574
444 548
268 60
795 653
469 382
612 77
167 612
187 574
797 187
374 167
289 444
165 752
486 469
143 97
784 268
536 97
591 612
719 795
717 289
36 634
519 36
686 143
615 719
206 717
294 615
768 36
199 268
560 206
620 143
799 797
638 799
533 615
330 620
336 536
788 519
157 560
29 206
767 686
746 330
84 486
429 533
675 638
798 429
58 799
123 799
611 199
10 638
465 157
454 294
635 788
787 429
714 788
756 635
385 787
724 638
284 638
448 746
136 611
785 29
170 465
524 58
381 84
390 714
420 454
331 465
597 675
256 170
637 170
96 787
510 96
118 785
129 390
670 129
740 129
436 58
747 436
269 637
692 670
74 724
152 637
553 10
259 448
316 740
252 29
780 747
66 244 723 569 759 363 694 689 683 657 489 
66 244
723 244
569 723
759 569
363 759
694 363
689 759
683 689
657 683
489 689
134 150 633 254 664 101 589 296 640 271 366 735 163 413 222 537 762 181 559 522 594 661 678 435 627 513 81 149 266 729 496 275 763 144 307 44 198 628 21 495 293 216 132 158 791 604 782 451 691 79 778 232 57 138 311 409 236 774 164 464 175 13 549 376 42 184 290 416 528 258 0 776 680 417 566 392 245 86 192 703 17 386 773 18 443 230 276 687 221 349 605 347 712 88 49 674 721 38 119 761 177 249 455 565 722 107 757 32 99 250 483 708 272 229 369 644 210 424 467 312 713 31 337 185 415 710 631 690 647 176 535 414 
134 150
633 134
254 150
664 150
101 633
589 254
296 664
640 664
271 633
366 664
735 366
163 640
413 589
222 366
537 413
762 537
181 366
559 271
522 559
594 559
661 559
678 762
435 181
627 594
513 522
81 513
149 435
266 762
729 678
496 435
275 559
763 81
144 729
307 275
44 763
198 144
628 149
21 513
495 44
293 627
216 198
132 495
158 198
791 158
604 293
782 158
451 132
691 604
79 158
778 791
232 79
57 691
138 57
311 132
409 57
236 409
774 495
164 79
464 138
175 774
13 236
549 774
376 13
42 691
184 778
290 311
416 232
528 175
258 774
0 528
776 290
680 464
417 42
566 175
392 417
245 680
86 245
192 184
703 392
17 392
386 416
773 386
18 86
443 386
230 392
276 230
687 566
221 443
349 276
605 687
347 245
712 566
88 680
49 88
674 86
721 49
38 192
119 443
761 349
177 674
249 386
455 17
565 18
722 221
107 566
757 249
32 757
99 455
250 722
483 249
708 349
272 349
229 107
369 38
644 99
210 674
424 761
467 757
312 210
713 722
31 107
337 722
185 31
415 467
710 708
631 185
690 312
647 99
176 690
535 424
414 337
