? 8 569 759 363 723 244 694 194 218 
!
12 223 98 439 195 273 356 279 493 546 72 726 280 598 103 39 239 211 153 585 534 475 760 214 487 489 581 371 21 522 307 275 735 559 627 661 366 293 222 271 296 163 664 633 101 594 640 589 134 150 254 537 413 762 660 
12 223
98 223
439 223
195 98
273 439
356 98
279 98
493 356
546 439
72 279
726 546
280 546
598 726
103 726
39 72
239 39
211 598
153 211
585 280
534 39
475 534
760 153
214 153
487 153
489 211
581 534
371 581
21 760
522 21
307 21
275 21
735 522
559 522
627 559
661 559
366 735
293 307
222 366
271 735
296 735
163 222
664 366
633 271
101 633
594 627
640 664
589 640
134 633
150 134
254 150
537 589
413 537
762 537
660 413
139 458 606 706 682 556 583 141 226 85 387 142 235 404 457 202 542 518 298 508 479 728 52 403 641 743 283 468 588 309 110 484 529 282 335 257 227 315 243 78 285 234 112 383 407 122 472 732 613 61 622 796 310 601 470 188 308 697 731 207 67 65 666 575 685 736 55 718 630 209 350 739 769 764 370 490 140 421 201 663 449 113 324 789 114 427 698 639 263 238 544 410 50 754 426 401 584 377 482 104 168 480 474 182 758 247 541 160 632 587 775 299 318 89 572 655 715 82 395 568 481 504 786 741 418 651 394 338 765 15 19 476 669 41 94 354 720 304 737 398 265 47 602 766 433 750 14 30 326 411 105 69 286 671 523 225 241 260 344 237 500 501 730 656 274 120 676 116 733 425 145 6 156 473 379 512 341 133 261 384 610 70 648 734 419 629 441 677 204 162 557 355 358 93 543 291 16 716 5 442 603 362 502 255 711 459 178 547 658 68 353 462 609 701 137 228 645 525 586 550 753 667 22 35 460 450 580 76 179 333 323 552 783 155 399 389 34 748 595 340 511 125 334 567 578 278 777 240 343 203 213 662 593 92 75 781 288 53 196 191 345 405 183 590 224 126 527 517 749 24 561 516 570 725 794 154 102 365 184 376 
139 458
606 139
706 139
682 606
556 458
583 606
141 706
226 606
85 583
387 141
142 583
235 387
404 682
457 682
202 141
542 202
518 226
298 202
508 85
479 85
728 556
52 728
403 52
641 298
743 298
283 641
468 226
588 298
309 556
110 52
484 52
529 479
282 529
335 588
257 728
227 282
315 588
243 283
78 335
285 257
234 588
112 315
383 285
407 257
122 315
472 122
732 315
613 732
61 383
622 227
796 622
310 122
601 407
470 601
188 470
308 601
697 78
731 308
207 732
67 796
65 472
666 601
575 65
685 622
736 796
55 685
718 65
630 112
209 308
350 309
739 630
769 718
764 243
370 61
490 739
140 685
421 685
201 207
663 350
449 370
113 697
324 370
789 764
114 113
427 61
698 209
639 55
263 449
238 639
544 113
410 718
50 207
754 55
426 630
401 410
584 754
377 113
482 324
104 490
168 698
480 789
474 544
182 449
758 263
247 201
541 639
160 104
632 168
587 113
775 247
299 474
318 541
89 587
572 632
655 263
715 482
82 587
395 480
568 318
481 395
504 482
786 410
741 299
418 758
651 377
394 504
338 426
765 651
15 741
19 89
476 572
669 418
41 19
94 632
354 418
720 741
304 651
737 94
398 741
265 394
47 398
602 182
766 651
433 47
750 765
14 741
30 395
326 775
411 14
105 765
69 354
286 41
671 766
523 265
225 326
241 182
260 105
344 225
237 523
500 241
501 237
730 344
656 354
274 105
120 411
676 237
116 237
733 411
425 656
145 47
6 265
156 500
473 156
379 473
512 156
341 733
133 156
261 116
384 433
610 379
70 145
648 261
734 105
419 384
629 734
441 69
677 656
204 384
162 133
557 441
355 677
358 6
93 261
543 610
291 341
16 677
716 677
5 291
442 261
603 629
362 204
502 603
255 133
711 629
459 603
178 557
547 656
658 355
68 716
353 255
462 716
609 502
701 442
137 543
228 353
645 178
525 355
586 442
550 603
753 178
667 502
22 459
35 525
460 711
450 459
580 586
76 353
179 586
333 5
323 22
552 178
783 5
155 137
399 155
389 580
34 93
748 353
595 580
340 155
511 580
125 155
334 204
567 552
578 362
278 450
777 68
240 278
343 609
203 278
213 748
662 155
593 179
92 595
75 34
781 333
288 389
53 525
196 567
191 399
345 333
405 593
183 203
590 213
224 460
126 224
527 578
517 781
749 777
24 224
561 196
516 593
570 191
725 570
794 781
154 781
102 76
365 405
184 517
376 213
79 232 158 216 778 791 164 198 416 782 144 266 678 773 729 386 221 192 443 119 249 250 483 32 722 757 38 467 713 369 337 755 415 414 66 
79 232
158 79
216 158
778 232
791 158
164 79
198 158
416 79
782 198
144 158
266 198
678 144
773 416
729 198
386 773
221 386
192 773
443 221
119 443
249 386
250 443
483 386
32 249
722 119
757 249
38 192
467 757
713 722
369 38
337 722
755 369
415 467
414 337
66 415
127 262 95 205 59 599 684 636 492 461 681 751 361 33 375 709 4 54 11 332 494 43 790 306 90 313 131 87 27 2 705 391 497 327 106 200 108 551 287 246 20 727 117 186 305 322 564 303 277 412 372 23 48 545 3 329 652 172 771 526 538 738 251 26 346 111 430 608 507 531 100 650 435 770 1 592 248 189 231 772 496 64 452 149 321 193 744 628 549 665 91 360 115 774 28 554 605 364 659 175 44 320 51 431 83 339 445 359 687 643 763 132 197 258 600 45 181 208 406 169 506 566 220 397 495 107 81 668 456 742 513 577 528 712 0 563 
127 262
95 262
205 127
59 127
599 262
684 262
636 127
492 636
461 205
681 599
751 684
361 205
33 636
375 751
709 751
4 684
54 59
11 751
332 751
494 751
43 684
790 494
306 54
90 681
313 636
131 751
87 681
27 33
2 494
705 4
391 313
497 361
327 306
106 4
200 90
108 200
551 391
287 108
246 332
20 327
727 43
117 681
186 709
305 200
322 497
564 131
303 106
277 327
412 20
372 497
23 412
48 727
545 48
3 545
329 497
652 727
172 327
771 23
526 412
538 3
738 322
251 538
26 564
346 372
111 538
430 303
608 738
507 771
531 277
100 251
650 608
435 26
770 186
1 412
592 322
248 545
189 172
231 412
772 23
496 435
64 346
452 346
149 26
321 538
193 64
744 531
628 435
549 248
665 608
91 608
360 608
115 321
774 248
28 189
554 770
605 248
364 360
659 64
175 774
44 430
320 435
51 321
431 321
83 659
339 231
445 360
359 91
687 605
643 360
763 44
132 763
197 339
258 774
600 359
45 197
181 320
208 45
406 45
169 744
506 45
566 687
220 359
397 665
495 132
107 687
81 44
668 600
456 600
742 506
513 81
577 339
528 175
712 107
0 528
563 742
569 759 363 723 244 694 194 218 
759 363
569 723
363 723
723 244
759 694
194 218
244 194
317 562 471 672 378 423 515 121 532 37 488 477 128 148 704 679 242 693 270 440 71 295 695 80 505 388 348 793 649 7 46 319 618 573 300 352 616 558 77 621 325 498 217 752 302 73 135 400 97 382 367 634 614 60 653 190 374 444 161 167 187 268 612 548 784 469 574 797 486 795 289 143 591 719 165 717 36 536 686 519 206 560 615 768 199 620 84 638 799 533 746 788 675 294 336 767 330 29 798 385 10 429 611 465 157 787 123 756 58 635 170 785 284 724 448 553 136 524 714 390 331 74 381 692 454 597 118 637 510 96 740 256 129 780 269 420 436 152 252 747 259 670 316 
317 562
471 562
672 317
378 562
423 317
515 562
121 515
532 515
37 471
488 423
477 378
128 672
148 128
704 148
679 378
242 477
693 148
270 477
440 693
71 704
295 693
695 270
80 704
505 477
388 532
348 80
793 693
649 793
7 704
46 679
319 505
618 46
573 618
300 649
352 80
616 319
558 793
77 704
621 46
325 558
498 573
217 325
752 352
302 752
73 752
135 73
400 616
97 400
382 300
367 77
634 325
614 752
60 558
653 302
190 621
374 7
444 367
161 382
167 653
187 752
268 60
612 167
548 444
784 268
469 382
574 187
797 187
486 382
795 612
289 444
143 97
591 167
719 591
165 752
717 289
36 634
536 400
686 143
519 36
206 717
560 206
615 167
768 36
199 784
620 143
84 768
638 199
799 638
533 719
746 620
788 768
675 638
294 533
336 536
767 686
330 620
29 536
798 294
385 294
10 638
429 533
611 199
465 615
157 465
787 294
123 799
756 788
58 799
635 756
170 465
785 29
284 638
724 284
448 746
553 10
136 611
524 123
714 788
390 714
331 465
74 675
381 390
692 756
454 787
597 74
118 785
637 170
510 787
96 787
740 635
256 637
129 740
780 524
269 637
420 96
436 58
152 269
252 118
747 436
259 448
670 129
316 129
130 166 447 688 8 159 368 700 297 215 146 
130 166
447 130
688 447
8 166
159 130
368 159
700 368
297 368
215 700
146 700
56 707 478 576 646 171 699 351 301 151 617 396 328 654 124 281 212 530 647 514 624 176 690 466 253 521 607 644 485 147 314 432 625 219 434 312 555 25 626 571 99 721 438 455 422 63 49 180 88 702 565 619 424 210 540 342 347 703 9 437 18 539 674 17 520 463 245 408 596 761 708 509 535 680 174 380 233 177 86 267 673 292 230 185 357 272 392 491 349 776 642 464 428 393 792 42 31 276 623 264 402 579 631 446 229 582 373 503 417 290 236 13 40 499 657 710 57 138 173 409 683 745 453 689 696 691 311 109 451 62 779 604 
56 707
478 56
576 707
646 56
171 646
699 171
351 646
301 707
151 301
617 351
396 617
328 151
654 699
124 699
281 351
212 699
530 654
647 617
514 212
624 654
176 514
690 176
466 624
253 328
521 301
607 466
644 514
485 466
147 624
314 647
432 521
625 521
219 625
434 432
312 690
555 625
25 625
626 466
571 253
99 644
721 312
438 485
455 99
422 626
63 438
49 721
180 438
88 721
702 626
565 49
619 571
424 314
210 422
540 702
342 219
347 88
703 721
9 540
437 571
18 347
539 540
674 347
17 703
520 437
463 342
245 18
408 619
596 540
761 424
708 761
509 463
535 509
680 245
174 596
380 520
233 619
177 674
86 245
267 380
673 267
292 408
230 17
185 9
357 185
272 708
392 17
491 292
349 761
776 86
642 509
464 680
428 596
393 380
792 185
42 17
31 792
276 349
623 642
264 292
402 428
579 264
631 31
446 393
229 631
582 642
373 264
503 579
417 349
290 776
236 42
13 42
40 264
499 40
657 428
710 623
57 464
138 57
173 579
409 42
683 657
745 642
453 579
689 683
696 745
691 409
311 464
109 657
451 290
62 173
779 109
604 691
