? 8 396 617 151 301 434 432 328 368 
!
12 223 98 439 273 279 356 195 493 546 72 280 103 39 726 598 239 211 585 153 475 760 668 534 214 487 489 779 109 402 428 174 540 539 63 702 180 438 626 624 607 485 466 654 530 124 699 171 281 351 576 56 478 646 707 
12 223
98 12
439 223
273 439
279 98
356 98
195 356
493 356
546 439
72 439
280 546
103 546
39 72
726 103
598 726
239 493
211 726
585 39
153 598
475 585
760 211
668 760
534 475
214 153
487 153
489 760
779 487
109 779
402 779
428 402
174 428
540 174
539 540
63 540
702 540
180 63
438 180
626 540
624 438
607 624
485 607
466 485
654 485
530 654
124 654
699 124
171 699
281 171
351 281
576 171
56 576
478 576
646 171
707 478
139 458 606 706 583 556 142 387 85 682 508 141 226 202 457 404 235 298 479 542 518 728 52 403 283 468 588 484 641 743 227 110 529 282 309 335 257 315 112 78 243 407 234 383 472 122 613 285 732 622 188 796 470 601 697 61 67 308 731 207 310 666 65 630 769 718 685 114 490 55 209 140 739 350 370 324 736 764 421 201 575 449 113 427 789 758 754 263 663 377 410 698 639 401 482 584 544 168 182 655 238 474 426 50 480 160 541 247 104 715 587 632 775 504 299 15 318 481 89 82 418 395 338 572 765 741 651 786 568 19 737 720 669 394 41 94 354 476 766 602 326 265 47 286 523 14 30 304 411 750 398 433 105 260 69 730 225 425 156 344 237 500 241 676 274 656 145 120 473 116 671 733 341 501 70 133 261 512 734 384 610 629 379 93 162 441 419 557 6 355 547 677 291 462 648 543 658 204 716 442 603 358 5 68 178 711 701 255 502 16 137 362 550 459 353 645 525 586 609 753 179 35 22 667 580 333 323 34 460 552 228 450 595 340 783 76 748 567 399 155 389 334 125 278 92 578 240 777 511 662 593 288 203 781 365 213 75 24 196 183 590 343 405 345 191 102 154 184 126 53 224 749 516 794 561 517 527 755 660 725 
139 458
606 458
706 458
583 458
556 706
142 583
387 706
85 583
682 85
508 85
141 387
226 682
202 141
457 682
404 457
235 387
298 141
479 404
542 298
518 226
728 556
52 728
403 52
283 542
468 283
588 298
484 52
641 298
743 298
227 403
110 403
529 227
282 529
309 387
335 588
257 728
315 588
112 283
78 588
243 283
407 257
234 641
383 257
472 234
122 472
613 112
285 383
732 315
622 227
188 285
796 622
470 285
601 470
697 472
61 285
67 110
308 601
731 308
207 732
310 697
666 601
65 472
630 732
769 697
718 769
685 796
114 769
490 207
55 796
209 731
140 685
739 630
350 308
370 61
324 370
736 55
764 243
421 140
201 207
575 697
449 370
113 310
427 449
789 764
758 427
754 140
263 427
663 350
377 113
410 718
698 209
639 754
401 410
482 370
584 754
544 113
168 698
182 449
655 758
238 754
474 698
426 630
50 201
480 789
160 426
541 639
247 410
104 160
715 263
587 544
632 698
775 160
504 482
299 663
15 587
318 541
481 480
89 587
82 15
418 427
395 480
338 104
572 632
765 377
741 299
651 765
786 401
568 318
19 741
737 168
720 19
669 418
394 504
41 19
94 632
354 418
476 572
766 651
602 669
326 160
265 476
47 741
286 19
523 94
14 41
30 481
304 765
411 14
750 651
398 741
433 398
105 651
260 105
69 354
730 786
225 730
425 354
156 602
344 730
237 523
500 156
241 156
676 237
274 260
656 354
145 47
120 411
473 156
116 237
671 766
733 411
341 733
501 676
70 145
133 156
261 116
512 156
734 260
384 120
610 500
629 734
379 473
93 610
162 133
441 69
419 384
557 441
6 610
355 425
547 162
677 355
291 733
462 441
648 116
543 610
658 425
204 419
716 462
442 261
603 629
358 543
5 291
68 716
178 557
711 629
701 442
255 512
502 603
16 68
137 543
362 384
550 711
459 603
353 255
645 178
525 355
586 701
609 502
753 645
179 586
35 525
22 459
667 502
580 179
333 5
323 22
34 648
460 22
552 178
228 353
450 459
595 580
340 137
783 362
76 255
748 76
567 645
399 137
155 399
389 595
334 362
125 155
278 450
92 595
578 783
240 278
777 35
511 580
662 155
593 586
288 389
203 450
781 333
365 593
213 748
75 34
24 22
196 567
183 203
590 213
343 667
405 593
345 333
191 399
102 191
154 578
184 781
126 345
53 35
224 126
749 777
516 593
794 781
561 567
517 794
527 578
755 203
660 92
725 191
503 579 373 264 173 453 40 292 62 233 218 499 491 8 408 437 619 555 393 446 520 571 447 166 688 253 25 380 219 625 130 342 267 521 159 
503 579
373 579
264 579
173 503
453 173
40 373
292 373
62 173
233 503
218 453
499 373
491 292
8 499
408 233
437 408
619 233
555 292
393 491
446 393
520 393
571 619
447 8
166 499
688 447
253 571
25 437
380 520
219 25
625 219
130 166
342 520
267 380
521 625
159 130
127 262 95 205 59 684 599 492 461 4 681 33 751 494 11 636 361 709 705 375 43 790 27 391 313 131 90 332 2 306 87 54 497 200 106 287 327 117 246 20 186 727 551 303 322 108 277 771 372 564 412 526 23 592 305 329 48 189 545 738 3 251 652 252 26 430 772 531 538 346 193 608 435 100 452 149 507 770 172 28 650 231 111 628 1 91 64 248 744 118 360 321 320 336 549 364 774 496 605 83 554 51 785 659 431 175 115 339 44 687 495 445 763 359 665 258 29 197 767 45 643 220 169 506 566 132 397 181 536 81 406 107 208 456 686 600 
127 262
95 127
205 127
59 127
684 95
599 262
492 205
461 95
4 684
681 599
33 492
751 684
494 684
11 751
636 33
361 205
709 751
705 684
375 709
43 684
790 4
27 33
391 492
313 33
131 4
90 681
332 11
2 790
306 636
87 709
54 306
497 361
200 90
106 2
287 200
327 306
117 681
246 709
20 327
186 87
727 790
551 391
303 106
322 497
108 287
277 20
771 391
372 497
564 106
412 313
526 327
23 412
592 322
305 287
329 497
48 727
189 23
545 48
738 551
3 48
251 3
652 727
252 87
26 2
430 303
772 189
531 305
538 251
346 372
193 251
608 738
435 26
100 538
452 592
149 26
507 23
770 252
172 526
28 412
650 608
231 772
111 251
628 149
1 231
91 738
64 193
248 545
744 1
118 770
360 650
321 111
320 246
336 252
549 545
364 608
774 549
496 435
605 248
83 193
554 770
51 321
785 118
659 83
431 659
175 774
115 431
339 772
44 149
687 605
495 44
445 360
763 44
359 91
665 360
258 175
29 785
197 339
767 531
45 197
643 665
220 359
169 45
506 45
566 687
132 495
397 364
181 320
536 336
81 763
406 506
107 687
208 169
456 220
686 767
600 220
396 617 151 301 434 432 328 368 
396 617
434 432
301 328
396 151
151 432
151 301
434 368
129 316 740 670 390 635 756 692 788 714 381 768 519 694 36 84 136 611 634 784 363 486 217 161 325 382 469 74 268 199 597 675 558 60 759 300 724 569 638 793 574 414 337 284 649 10 295 723 187 553 693 440 797 799 388 352 135 348 73 532 148 713 752 71 722 515 123 119 250 436 165 614 80 780 58 704 317 128 443 747 302 423 221 524 653 562 672 7 471 483 467 121 32 454 757 798 37 488 591 795 420 294 386 249 378 164 167 787 510 385 242 477 719 415 679 612 244 695 533 416 374 77 615 270 505 96 429 66 773 232 367 79 46 319 778 216 782 192 618 573 548 444 616 
129 316
740 129
670 740
390 129
635 316
756 635
692 129
788 635
714 390
381 390
768 788
519 788
694 381
36 768
84 381
136 692
611 136
634 36
784 611
363 136
486 36
217 634
161 486
325 634
382 486
469 486
74 136
268 784
199 611
597 74
675 199
558 325
60 268
759 363
300 382
724 597
569 363
638 675
793 558
574 60
414 597
337 724
284 638
649 300
10 638
295 793
723 569
187 574
553 724
693 295
440 693
797 187
799 10
388 649
352 187
135 352
348 693
73 352
532 649
148 693
713 723
752 73
71 148
722 713
515 388
123 799
119 722
250 713
436 123
165 752
614 752
80 148
780 436
58 799
704 80
317 532
128 704
443 436
747 436
302 752
423 317
221 443
524 747
653 302
562 317
672 128
7 80
471 562
483 713
467 483
121 515
32 467
454 524
757 32
798 454
37 423
488 562
591 653
795 591
420 524
294 798
386 32
249 32
378 562
164 420
167 795
787 294
510 164
385 454
242 378
477 378
719 591
415 467
679 477
612 795
244 415
695 477
533 795
416 386
374 719
77 167
615 533
270 477
505 270
96 787
429 533
66 244
773 386
232 164
367 77
79 232
46 679
319 270
778 232
216 79
782 216
192 773
618 46
573 618
548 319
444 77
616 319
696 745 194 215 642 623 582 146 673 700 297 
696 745
194 696
215 696
642 745
623 642
582 623
146 215
673 642
700 146
297 700
537 762 413 678 266 729 589 331 198 254 144 640 256 170 637 158 465 152 150 163 664 791 269 157 222 134 366 296 735 101 633 560 717 206 271 289 522 559 594 661 38 400 513 627 369 275 97 570 307 498 21 143 311 451 293 604 691 621 138 57 528 236 409 330 464 290 620 0 13 190 42 776 376 746 448 417 245 680 86 18 259 712 392 17 230 371 703 276 742 272 563 177 674 88 49 349 721 565 229 761 347 31 455 708 99 210 312 631 185 644 577 792 424 357 176 581 690 683 514 422 710 9 689 535 647 147 657 314 463 212 509 596 
537 762
413 762
678 762
266 762
729 678
589 413
331 537
198 729
254 589
144 729
640 589
256 331
170 256
637 170
158 198
465 170
152 637
150 254
163 640
664 640
791 158
269 152
157 170
222 163
134 150
366 664
296 664
735 366
101 664
633 101
560 157
717 560
206 717
271 633
289 206
522 271
559 522
594 559
661 594
38 791
400 289
513 522
627 559
369 38
275 559
97 400
570 627
307 275
498 97
21 275
143 97
311 21
451 21
293 627
604 570
691 604
621 498
138 604
57 138
528 311
236 57
409 691
330 143
464 57
290 311
620 330
0 528
13 57
190 621
42 409
776 0
376 42
746 330
448 746
417 376
245 776
680 245
86 245
18 86
259 448
712 776
392 42
17 392
230 392
371 259
703 230
276 230
742 371
272 276
563 742
177 712
674 245
88 245
49 88
349 276
721 49
565 18
229 712
761 349
347 721
31 712
455 703
708 761
99 455
210 347
312 565
631 31
185 631
644 99
577 742
792 631
424 708
357 185
176 312
581 577
690 176
683 631
514 176
422 210
710 272
9 185
689 683
535 708
647 455
147 422
657 683
314 424
463 535
212 514
509 535
596 9
