? 8 47 433 398 384 14 344 326 30 
!
462 716 16 552 441 178 777 753 557 567 69 645 194 196 561 297 146 215 700 368 159 130 446 166 380 393 688 520 447 491 8 499 40 292 625 25 264 219 373 437 62 408 555 579 619 571 173 453 233 503 218 253 328 676 576 
462 716
16 716
552 462
441 462
178 441
777 16
753 178
557 441
567 753
69 441
645 753
194 777
196 567
561 196
297 561
146 297
215 146
700 146
368 700
159 368
130 159
446 130
166 130
380 446
393 446
688 130
520 380
447 688
491 393
8 166
499 8
40 499
292 491
625 520
25 625
264 40
219 625
373 264
437 25
62 373
408 437
555 437
579 373
619 408
571 555
173 62
453 173
233 619
503 579
218 453
253 571
328 253
676 16
576 328
20 327 54 306 277 526 313 108 287 23 172 636 27 531 412 33 305 772 59 1 189 492 231 744 200 90 127 391 681 771 262 507 461 205 599 169 95 551 197 117 339 45 506 87 208 767 738 406 322 28 361 252 375 742 709 608 336 563 650 332 497 684 364 371 751 186 11 330 686 246 360 494 577 259 329 643 4 131 620 581 665 445 592 372 2 705 790 143 448 770 43 536 397 785 29 91 118 106 346 452 727 564 746 303 97 359 554 652 585 251 64 475 400 538 3 48 534 545 220 193 111 26 498 206 100 430 83 289 435 616 560 548 600 321 320 573 319 659 717 39 115 190 248 456 618 496 621 628 431 149 157 280 51 605 269 181 444 668 549 505 774 152 270 687 46 367 44 763 637 175 695 170 258 256 760 72 222 239 242 735 103 546 465 477 132 163 495 566 77 366 679 712 229 488 489 513 107 211 81 378 374 528 640 279 683 689 726 631 664 439 451 0 37 214 153 493 296 101 792 612 598 31 167 522 589 311 331 7 615 672 356 657 471 273 98 21 633 562 271 185 719 109 290 357 776 487 223 121 177 128 317 704 423 591 795 533 12 134 150 254 80 779 537 559 195 86 429 9 302 148 18 275 71 596 661 428 762 674 245 174 
20 327
54 327
306 54
277 20
526 277
313 54
108 306
287 108
23 526
172 526
636 313
27 313
531 277
412 23
33 636
305 287
772 172
59 636
1 172
189 772
492 33
231 172
744 1
200 287
90 200
127 59
391 27
681 90
771 391
262 127
507 771
461 492
205 461
599 681
169 1
95 262
551 391
197 231
117 90
339 197
45 197
506 45
87 117
208 169
767 531
738 551
406 45
322 391
28 507
361 461
252 117
375 87
742 506
709 375
608 738
336 252
563 742
650 608
332 709
497 361
684 95
364 650
371 208
751 684
186 87
11 751
330 767
686 767
246 332
360 650
494 684
577 339
259 371
329 497
643 364
4 494
131 4
620 330
581 577
665 360
445 665
592 329
372 497
2 131
705 4
790 705
143 686
448 259
770 252
43 790
536 336
397 643
785 770
29 785
91 665
118 770
106 2
346 372
452 346
727 43
564 106
746 448
303 106
97 143
359 91
554 118
652 727
585 397
251 652
64 346
475 397
400 97
538 251
3 652
48 3
534 475
545 48
220 359
193 64
111 538
26 564
498 97
206 29
100 111
430 303
83 193
289 206
435 26
616 400
560 206
548 289
600 220
321 111
320 435
573 498
319 616
659 193
717 206
39 585
115 659
190 746
248 545
456 600
618 573
496 430
621 618
628 430
431 115
149 496
157 560
280 220
51 321
605 51
269 157
181 320
444 289
668 456
549 248
505 319
774 549
152 269
270 505
687 605
46 621
367 444
44 628
763 44
637 152
175 774
695 270
170 637
258 175
256 637
760 668
72 39
222 181
239 39
242 695
735 181
103 760
546 280
465 170
477 242
132 44
163 222
495 132
566 687
77 367
366 735
679 46
712 687
229 712
488 477
489 760
513 763
107 712
211 760
81 513
378 488
374 77
528 258
640 163
279 72
683 229
689 683
726 211
631 229
664 640
439 546
451 132
0 528
37 679
214 489
153 211
493 279
296 664
101 296
792 631
612 374
598 726
31 792
167 612
522 81
589 640
311 451
331 465
7 77
615 167
672 488
356 493
657 689
471 37
273 439
98 279
21 451
633 101
562 471
271 633
185 31
719 615
109 657
290 311
357 792
776 0
487 214
223 98
121 37
177 107
128 672
317 562
704 128
423 471
591 719
795 591
533 615
12 223
134 633
150 134
254 150
80 704
779 487
537 589
559 522
195 356
86 776
429 533
9 185
302 7
148 704
18 86
275 559
71 148
596 9
661 559
428 657
762 537
674 18
245 18
174 596
203 240 278 183 450 755 22 323 550 667 343 24 459 460 603 502 609 711 629 734 66 274 260 105 5 671 750 341 291 733 286 730 411 225 120 
203 240
278 240
183 203
450 278
755 240
22 450
323 22
550 450
667 450
343 667
24 755
459 550
460 323
603 459
502 667
609 502
711 460
629 711
734 629
66 755
274 734
260 274
105 260
5 711
671 629
750 105
341 671
291 5
733 291
286 733
730 609
411 286
225 730
120 733
139 458 606 682 706 556 583 142 226 387 85 235 141 202 508 457 404 518 479 542 298 728 468 52 403 641 743 588 283 484 110 309 529 282 227 257 335 315 243 112 234 78 407 383 732 613 472 285 622 122 796 61 470 601 67 310 731 188 308 666 697 65 207 736 685 575 490 630 350 209 769 718 739 140 764 55 370 114 421 324 201 113 449 789 663 427 377 544 698 401 410 474 754 426 482 584 104 50 758 263 182 639 247 480 541 238 587 168 632 160 775 299 318 655 89 395 481 572 82 418 15 568 651 765 338 741 786 476 19 720 94 354 737 766 41 304 
139 458
606 458
682 606
706 139
556 706
583 682
142 583
226 606
387 706
85 142
235 706
141 387
202 235
508 85
457 85
404 457
518 226
479 457
542 235
298 542
728 556
468 226
52 508
403 52
641 542
743 641
588 298
283 468
484 52
110 403
309 387
529 479
282 529
227 529
257 728
335 588
315 743
243 283
112 283
234 335
78 234
407 257
383 407
732 315
613 732
472 234
285 383
622 227
122 472
796 622
61 383
470 407
601 470
67 110
310 78
731 601
188 285
308 731
666 601
697 310
65 472
207 732
736 67
685 796
575 65
490 613
630 490
350 308
209 731
769 697
718 769
739 490
140 685
764 243
55 736
370 188
114 310
421 140
324 370
201 207
113 114
449 370
789 764
663 350
427 449
377 114
544 113
698 663
401 718
410 401
474 663
754 55
426 630
482 324
584 754
104 426
50 201
758 427
263 427
182 449
639 754
247 50
480 426
541 639
238 754
587 544
168 698
632 168
160 104
775 50
299 474
318 541
655 758
89 587
395 480
481 480
572 632
82 89
418 655
15 82
568 318
651 377
765 651
338 426
741 82
786 410
476 572
19 15
720 19
94 572
354 655
737 94
766 651
41 720
304 786
47 433 398 384 14 344 326 30 
344 326
433 398
47 433
47 384
398 14
326 30
14 326
57 138 409 236 691 293 42 464 604 13 307 570 725 703 17 417 627 230 392 680 102 191 376 721 88 594 49 590 340 76 455 349 276 748 99 213 761 155 399 662 228 125 353 347 272 644 565 708 255 137 424 312 647 314 176 514 543 75 690 162 379 358 210 512 53 133 535 212 473 365 156 34 281 463 547 610 500 509 405 617 351 710 241 6 93 434 422 124 396 646 171 582 432 699 593 525 623 602 658 673 355 530 648 749 35 151 501 265 642 656 466 342 267 654 626 607 586 425 521 677 147 237 301 394 516 523 261 116 624 504 179 696 56 68 702 669 701 745 539 442 540 715 707 
57 138
409 138
236 409
691 409
293 691
42 236
464 57
604 691
13 42
307 293
570 604
725 604
703 42
17 703
417 13
627 307
230 17
392 230
680 464
102 725
191 570
376 417
721 680
88 721
594 627
49 88
590 376
340 191
76 102
455 703
349 392
276 349
748 76
99 455
213 590
761 349
155 340
399 155
662 155
228 76
125 155
353 228
347 49
272 276
644 99
565 347
708 272
255 353
137 399
424 708
312 565
647 644
314 424
176 312
514 176
543 137
75 662
690 312
162 255
379 543
358 543
210 565
512 379
53 272
133 162
535 708
212 514
473 512
365 75
156 133
34 75
281 212
463 535
547 162
610 543
500 512
509 463
405 365
617 647
351 281
710 53
241 156
6 610
93 6
434 314
422 210
124 212
396 617
646 351
171 646
582 710
432 434
699 124
593 405
525 547
623 582
602 241
658 525
673 509
355 658
530 124
648 93
749 710
35 525
151 396
501 648
265 6
642 673
656 355
466 530
342 673
267 642
654 530
626 422
607 466
586 648
425 656
521 432
677 355
147 626
237 501
301 151
394 265
516 593
523 237
261 501
116 237
624 466
504 394
179 586
696 623
56 171
68 35
702 626
669 656
701 586
745 696
539 702
442 701
540 539
715 602
707 56
180 438 63 485 402 478 511 580 145 70 419 
180 438
63 438
485 438
402 63
478 485
511 63
580 511
145 580
70 145
419 70
73 135 752 614 352 797 165 653 187 348 574 60 440 799 693 123 268 294 58 638 798 10 295 558 524 787 784 385 675 217 454 199 284 793 325 420 436 553 747 780 724 96 597 649 510 611 634 164 443 74 414 221 300 337 136 250 532 519 515 266 119 216 79 722 36 382 232 388 782 198 158 635 161 756 759 713 768 692 788 386 483 486 363 469 778 569 791 416 144 32 678 670 723 729 740 714 249 316 129 757 527 390 517 467 773 154 413 84 381 184 660 794 288 192 578 781 92 334 783 126 415 389 345 694 38 333 595 244 224 362 204 369 
73 135
752 135
614 135
352 752
797 614
165 614
653 614
187 797
348 352
574 187
60 574
440 348
799 797
693 440
123 799
268 60
294 653
58 123
638 799
798 294
10 638
295 693
558 268
524 58
787 798
784 268
385 787
675 638
217 558
454 798
199 675
284 10
793 295
325 217
420 454
436 58
553 284
747 436
780 436
724 284
96 420
597 724
649 793
510 420
611 199
634 325
164 510
443 780
74 597
414 724
221 443
300 649
337 414
136 611
250 443
532 649
519 634
515 532
266 96
119 250
216 510
79 216
722 250
36 519
382 300
232 79
388 532
782 216
198 782
158 782
635 519
161 382
756 635
759 337
713 722
768 36
692 756
788 768
386 119
483 119
486 161
363 759
469 486
778 232
569 759
791 778
416 778
144 198
32 483
678 144
670 692
723 569
729 678
740 670
714 788
249 32
316 740
129 316
757 32
527 144
390 714
517 778
467 757
773 416
154 517
413 678
84 714
381 714
184 517
660 413
794 184
288 729
192 773
578 527
781 154
92 660
334 288
783 578
126 192
415 467
389 92
345 126
694 381
38 126
333 781
595 389
244 415
224 38
362 783
204 362
369 38
