? 9 658 772 432 17 615 270 106 480 212 
? 9 63 375 165 231 539 141 629 102 56 
? 9 188 552 759 576 96 485 662 663 439 
? 9 230 443 171 473 545 656 147 149 779 
? 7 161 505 704 131 64 214 319 
? 7 277 675 538 117 451 60 497 
? 7 90 596 244 275 299 0 186 
? 7 428 756 332 445 769 488 304 
? 7 441 461 661 486 233 541 173 
? 7 364 613 571 38 628 631 103 
? 7 24 489 446 238 71 129 255 
? 7 356 735 570 115 86 608 519 
? 7 166 798 35 674 208 397 780 
? 7 12 710 568 221 702 205 170 
? 6 211 682 481 407 272 624 
? 6 16 664 778 169 314 738 
? 6 94 690 799 59 351 776 
? 6 164 507 450 226 388 559 
? 6 191 770 127 167 394 654 
? 6 144 536 510 492 607 287 
? 6 345 561 716 294 107 379 
? 6 97 652 626 75 342 767 
? 6 296 741 74 789 291 357 
? 6 289 469 600 605 256 210 
? 6 2 558 41 618 467 514 
? 5 181 334 315 671 790 
? 5 110 220 620 155 651 
? 5 196 762 317 644 301 
? 5 455 653 665 472 128 
? 5 639 640 235 731 218 
? 5 261 419 555 154 123 
? 5 284 657 569 460 508 
? 5 346 757 660 542 82 
? 5 53 122 667 768 254 
? 5 522 703 777 744 623 
? 5 572 773 69 145 502 
? 5 195 268 276 54 271 
? 5 140 655 126 524 417 
? 5 52 588 754 79 8 
? 5 142 669 729 685 30 
? 5 411 786 531 177 239 
? 4 33 57 733 308 
? 4 338 736 150 305 
? 4 368 483 253 175 
? 4 40 557 404 307 
? 4 414 578 650 774 
? 4 121 468 222 494 
? 4 491 689 370 412 
? 4 88 496 484 352 
? 4 37 280 168 452 
? 4 399 487 691 247 
? 4 341 408 625 83 
? 4 203 584 517 714 
? 4 81 610 67 750 
? 4 160 681 592 347 
? 4 264 687 36 112 
? 4 311 753 766 560 
? 4 258 684 259 44 
? 4 376 775 745 192 
? 4 528 686 595 415 
? 4 189 645 25 527 
? 4 10 398 11 601 
? 4 43 549 567 659 
? 4 343 565 14 614 
? 4 87 765 466 458 
? 4 267 532 92 597 
? 4 133 548 385 551 
? 4 153 589 718 431 
? 4 325 500 523 312 
? 3 72 99 98 
? 3 193 553 426 
? 3 403 787 643 
? 3 243 579 162 
? 3 429 722 725 
? 3 89 622 93 
? 3 274 636 262 
? 3 55 693 309 
? 3 135 587 386 
? 3 418 712 349 
? 3 46 136 529 
? 3 58 666 490 
? 3 118 518 159 
? 3 19 337 344 
? 3 257 470 448 
? 3 152 190 183 
? 3 227 413 590 
? 3 249 475 525 
? 3 85 146 530 
? 3 265 422 134 
? 3 45 323 395 
? 3 321 591 18 
? 3 5 482 698 
? 3 78 374 105 
? 3 328 701 29 
? 3 520 574 124 
? 3 187 459 680 
? 3 521 734 478 
? 3 34 760 316 
? 3 77 302 694 
? 3 9 433 236 
? 3 109 621 723 
? 3 384 630 381 
? 3 248 420 534 
? 3 76 172 583 
? 3 27 678 288 
? 3 26 113 454 
? 3 20 504 281 
? 3 285 748 242 
? 3 61 421 442 
? 3 119 719 157 
? 3 359 477 499 
? 3 377 771 742 
? 3 598 673 200 
? 3 434 633 617 
? 3 348 495 298 
? 3 132 616 116 
? 3 111 339 240 
? 3 509 788 278 
!
324 562 
324 562
2 558 41 618 467 514 
467 514
2 514
2 41
41 618
2 558
792 
325 500 523 312 
500 312
325 312
523 312
251 361 791 402 709 363 550 250 23 151 178 282 
251 361
791 251
402 251
709 402
363 709
550 402
250 363
23 791
151 250
178 23
282 550
509 788 278 
509 788
509 278
111 339 240 
111 240
339 240
194 706 
194 706
696 784 
696 784
763 
132 616 116 
616 116
132 116
348 495 298 
348 298
348 495
627 695 
627 695
153 589 718 431 
589 718
589 431
153 431
758 
293 648 
293 648
367 503 
367 503
289 469 600 605 256 210 
469 256
600 605
256 210
289 210
289 600
12 710 568 221 702 205 170 
221 205
702 205
568 702
12 568
12 710
12 170
434 633 617 
434 633
434 617
133 548 385 551 
385 551
548 385
133 551
223 373 
223 373
751 
474 619 
474 619
749 
267 532 92 597 
267 532
267 92
532 597
598 673 200 
598 673
598 200
377 771 742 
377 742
771 742
747 
746 
739 
166 798 35 674 208 397 780 
166 798
35 208
166 35
166 674
798 397
397 780
359 477 499 
359 477
477 499
726 
724 
717 
715 
87 765 466 458 
765 458
87 458
87 466
711 
707 
343 565 14 614 
343 565
14 614
565 614
705 
699 
241 692 
241 692
43 549 567 659 
43 567
549 567
43 659
677 
641 
120 392 
120 392
119 719 157 
119 719
719 157
634 
176 283 
176 283
10 398 11 601 
10 398
11 601
10 601
61 421 442 
421 442
61 421
189 645 25 527 
189 25
189 527
645 25
336 393 
336 393
333 389 
333 389
609 
603 
423 713 
423 713
599 
528 686 595 415 
528 686
686 595
528 415
594 
327 796 
327 796
554 683 
554 683
296 741 74 789 291 357 
296 357
741 789
741 357
296 291
74 291
376 775 745 192 
376 192
376 745
775 192
593 
411 786 531 177 239 
786 177
786 239
531 239
411 177
581 
577 
611 794 
611 794
575 
32 163 449 387 606 752 430 201 697 437 
32 163
449 163
387 32
606 163
752 606
430 449
201 752
697 430
437 387
329 360 
329 360
300 306 
300 306
573 
285 748 242 
285 748
748 242
138 453 
138 453
20 504 281 
504 281
20 504
137 366 
137 366
356 735 570 115 86 608 519 
356 86
570 519
356 115
735 115
570 115
608 519
405 604 
405 604
26 113 454 
26 113
26 454
564 
447 668 
447 668
27 678 288 
27 678
27 288
142 669 729 685 30 
669 729
729 685
685 30
142 685
185 215 
185 215
76 172 583 
76 172
76 583
248 420 534 
248 420
248 534
7 427 
7 427
563 
540 
533 
24 489 446 238 71 129 255 
489 446
446 71
24 255
238 129
71 255
24 129
516 
364 613 571 38 628 631 103 
38 628
571 631
613 571
364 628
571 103
613 38
537 793 
537 793
721 730 586 797 476 182 727 728 326 47 197 245 39 672 
721 730
586 721
797 730
476 586
182 730
727 182
728 476
326 182
47 326
197 47
245 728
39 728
672 727
384 630 381 
384 630
630 381
513 
237 585 
237 585
512 
511 
506 
109 621 723 
109 621
621 723
230 443 171 473 545 656 147 149 779 
230 443
171 473
171 656
147 149
443 171
230 545
656 147
545 779
9 433 236 
433 236
9 236
125 406 50 740 743 535 295 73 637 224 612 
125 406
50 406
740 50
743 125
535 125
295 535
73 740
637 73
224 535
612 50
479 
358 732 
358 732
246 632 
246 632
219 556 
219 556
292 566 
292 566
77 302 694 
77 302
302 694
52 588 754 79 8 
52 588
52 754
79 8
588 8
34 760 316 
34 316
760 316
471 
465 
521 734 478 
521 734
734 478
187 459 680 
459 680
187 680
457 
520 574 124 
574 124
520 574
328 701 29 
328 29
328 701
78 374 105 
78 374
374 105
68 720 
68 720
456 
258 684 259 44 
684 44
258 684
259 44
440 
435 
425 
140 655 126 524 417 
140 126
524 417
140 417
655 126
382 708 
382 708
198 225 
198 225
5 482 698 
5 698
482 698
424 
209 543 
209 543
195 268 276 54 271 
195 276
54 271
268 54
195 271
95 642 
95 642
321 591 18 
591 18
321 591
311 753 766 560 
753 560
753 766
311 766
97 652 626 75 342 767 
342 767
626 75
97 75
75 767
97 652
572 773 69 145 502 
572 773
773 69
572 502
572 145
416 
409 
354 688 
354 688
401 
264 687 36 112 
36 112
687 36
264 36
400 
646 700 
646 700
345 561 716 294 107 379 
345 107
561 716
345 716
107 379
294 107
438 544 
438 544
463 649 
463 649
396 
391 
42 526 
42 526
180 493 
180 493
45 323 395 
323 395
45 323
84 228 
84 228
265 422 134 
265 422
265 134
160 681 592 347 
160 592
160 347
681 347
81 610 67 750 
81 610
81 750
67 750
390 
188 552 759 576 96 485 662 663 439 
188 552
188 439
663 439
96 662
759 485
759 663
552 96
576 485
383 
380 
515 795 
515 795
85 146 530 
85 146
146 530
372 
371 
362 
229 679 
229 679
203 584 517 714 
517 714
584 517
203 517
340 
341 408 625 83 
341 625
408 83
408 625
331 
522 703 777 744 623 
522 703
703 777
744 623
522 744
249 475 525 
249 475
249 525
330 
199 761 
199 761
53 122 667 768 254 
122 768
122 667
53 254
53 768
320 
313 
310 
227 413 590 
227 413
413 590
399 487 691 247 
691 247
487 691
399 691
6 104 
6 104
37 280 168 452 
37 168
280 168
280 452
303 
297 
279 
346 757 660 542 82 
660 542
757 82
660 82
346 660
152 190 183 
152 190
152 183
273 
365 785 
365 785
322 781 
322 781
269 
464 676 
464 676
266 
263 
252 547 
252 547
232 
217 
216 
158 369 
158 369
22 638 
22 638
257 470 448 
257 448
257 470
19 337 344 
337 344
19 344
118 518 159 
118 518
118 159
21 436 
21 436
213 
207 
204 
202 
184 
284 657 569 460 508 
460 508
284 657
284 508
569 508
179 
335 737 
335 737
261 419 555 154 123 
261 419
419 154
261 555
261 123
410 582 
410 582
58 666 490 
58 490
666 490
46 136 529 
136 529
46 136
3 580 
3 580
88 496 484 352 
88 496
496 352
496 484
418 712 349 
418 349
418 712
290 764 
290 764
174 
80 602 
80 602
491 689 370 412 
491 370
689 412
491 412
148 
144 536 510 492 607 287 
492 607
144 536
536 492
144 510
536 287
121 468 222 494 
468 494
121 468
121 222
191 770 127 167 394 654 
127 654
127 167
191 394
191 770
394 654
414 578 650 774 
578 650
650 774
414 650
143 
13 670 
13 670
139 
130 
378 444 
378 444
114 
135 587 386 
135 587
587 386
40 557 404 307 
40 307
40 557
404 307
108 
206 647 
206 647
260 350 
260 350
55 693 309 
55 693
693 309
274 636 262 
274 262
274 636
100 
89 622 93 
89 93
622 93
755 782 783 156 286 15 498 501 355 353 
755 782
783 755
156 755
286 783
15 783
498 156
501 286
355 286
353 15
429 722 725 
722 725
429 722
164 507 450 226 388 559 
507 559
164 507
226 388
450 559
507 388
243 579 162 
579 162
243 579
63 375 165 231 539 141 629 102 56 
629 102
141 56
63 56
63 629
539 141
165 102
375 629
231 539
639 640 235 731 218 
639 640
639 218
640 235
640 731
91 
70 
234 462 
234 462
546 635 
546 635
66 
94 690 799 59 351 776 
799 59
799 351
59 776
94 690
94 799
441 461 661 486 233 541 173 
661 173
661 541
486 233
661 233
461 233
441 541
16 664 778 169 314 738 
16 738
664 778
16 778
16 169
778 314
455 653 665 472 128 
653 128
653 665
665 472
455 653
65 
62 
368 483 253 175 
483 175
483 253
368 483
403 787 643 
787 643
403 643
51 
211 682 481 407 272 624 
272 624
682 624
211 682
481 272
407 272
428 756 332 445 769 488 304 
428 304
332 445
445 488
428 756
756 488
756 769
101 318 
101 318
90 596 244 275 299 0 186 
596 275
90 596
596 244
244 299
244 0
0 186
658 772 432 17 615 270 106 480 212 
106 212
17 480
772 432
432 615
772 480
432 270
658 615
658 106
49 
48 
196 762 317 644 301 
317 301
762 644
196 317
196 762
110 220 620 155 651 
110 155
110 220
220 620
620 651
31 
193 553 426 
193 426
193 553
277 675 538 117 451 60 497 
675 538
538 117
60 497
277 451
277 497
675 451
28 
338 736 150 305 
736 150
338 305
338 150
4 
161 505 704 131 64 214 319 
505 319
505 704
505 131
704 214
161 214
131 64
72 99 98 
72 98
99 98
1 
181 334 315 671 790 
671 790
334 790
315 671
181 790
33 57 733 308 
33 308
57 733
733 308
