? 9 102 629 63 165 558 231 375 624 532 
? 9 52 588 754 39 79 245 728 476 797 
? 9 90 596 244 275 299 214 131 64 505 
? 9 142 669 729 30 574 685 94 124 520 
? 7 227 413 590 287 380 310 641 
? 7 40 557 82 404 542 660 781 
? 7 50 740 612 125 406 637 295 
? 7 258 684 401 44 585 204 527 
? 7 399 691 487 247 65 418 555 
? 7 27 678 556 731 288 218 235 
? 7 155 220 110 620 579 217 651 
? 7 439 663 188 552 485 792 576 
? 7 146 502 85 530 463 130 184 
? 7 249 475 525 512 225 114 174 
? 6 92 267 108 262 465 603 
? 6 164 507 450 559 196 582 
? 6 106 212 772 435 715 658 
? 6 376 417 140 524 34 383 
? 6 86 356 115 649 59 706 
? 6 230 545 443 171 665 147 
? 6 144 536 492 510 607 28 
? 6 151 250 709 361 251 363 
? 6 335 737 734 521 330 478 
? 6 76 583 172 176 283 78 
? 6 157 563 627 305 97 767 
? 5 118 159 518 794 420 
? 5 323 483 395 304 368 
? 5 193 553 129 426 60 
? 5 16 778 169 314 664 
? 5 36 112 297 264 687 
? 5 89 93 391 698 384 
? 5 343 565 514 272 467 
? 5 560 753 766 311 318 
? 5 206 407 506 571 265 
? 5 156 498 782 755 355 
? 5 263 725 58 490 722 
? 5 509 788 278 513 84 
? 5 33 540 733 308 57 
? 5 405 604 298 515 348 
? 5 274 790 173 671 661 
? 5 279 327 796 195 54 
? 4 77 694 686 116 
? 4 349 712 261 440 
? 4 160 347 681 91 
? 4 428 488 434 756 
? 4 96 672 662 366 
? 4 105 374 331 360 
? 4 260 350 707 240 
? 4 606 752 163 201 
? 4 23 716 345 561 
? 4 312 325 500 523 
? 4 386 392 120 324 
? 4 598 673 38 628 
? 4 180 493 464 676 
? 4 103 631 613 364 
? 4 284 657 508 3 
? 4 398 577 601 594 
? 4 80 148 602 750 
? 4 282 285 748 480 
? 4 209 543 625 566 
? 4 75 626 719 338 
? 4 472 653 455 779 
? 4 233 630 381 444 
? 4 412 699 491 689 
? 4 219 763 547 252 
? 4 132 616 358 302 
? 4 72 98 394 770 
? 4 150 373 342 425 
? 4 55 309 693 101 
? 3 528 595 68 
? 3 280 479 37 
? 3 537 785 365 
? 3 26 113 454 
? 3 239 786 177 
? 3 289 469 256 
? 3 246 632 306 
? 3 451 468 222 
? 3 6 104 659 
? 3 396 774 382 
? 3 400 670 13 
? 3 447 668 202 
? 3 152 190 372 
? 3 154 410 123 
? 3 48 726 178 
? 3 69 572 336 
? 3 586 721 727 
? 3 436 614 200 
? 3 67 573 81 
? 3 351 776 194 
? 3 51 319 139 
? 3 29 328 701 
? 3 62 723 458 
? 3 427 692 7 
? 3 430 761 747 
? 3 141 269 666 
? 3 191 654 241 
? 3 138 453 643 
? 3 301 644 317 
? 3 87 765 333 
? 3 546 713 423 
? 3 49 111 462 
? 3 83 341 408 
? 3 192 775 760 
? 3 503 749 457 
? 3 9 236 433 
? 3 257 470 448 
? 3 432 615 322 
? 3 71 446 489 
? 3 107 294 751 
? 3 213 369 45 
? 3 22 638 460 
? 3 149 473 320 
? 3 477 499 313 
? 3 415 758 720 
? 3 46 136 795 
? 3 344 562 255 
? 3 0 186 223 
? 3 122 254 53 
!
10 11 
10 11
157 563 627 305 97 767 
157 563
157 627
157 97
563 767
627 305
799 
55 309 693 101 
693 101
55 693
309 693
88 496 551 179 326 646 197 494 47 352 484 385 
88 496
551 88
179 88
326 88
646 551
197 326
494 646
47 197
352 646
484 88
385 551
122 254 53 
254 53
122 53
0 186 223 
0 186
186 223
329 762 
329 762
66 271 
66 271
769 
344 562 255 
344 562
562 255
46 136 795 
46 795
136 795
42 526 
42 526
150 373 342 425 
150 342
342 425
373 425
768 
43 549 
43 549
162 580 
162 580
76 583 172 176 283 78 
172 78
76 172
76 583
176 283
76 176
249 475 525 512 225 114 174 
525 512
249 475
249 225
249 525
475 174
114 174
415 758 720 
415 758
415 720
72 98 394 770 
98 394
72 770
72 394
600 605 
600 605
764 
70 449 
70 449
742 
132 616 358 302 
616 302
132 302
132 358
477 499 313 
499 313
477 499
149 473 320 
473 320
149 473
739 
736 
730 
146 502 85 530 463 130 184 
530 130
146 502
463 184
146 85
85 184
146 530
22 638 460 
22 638
638 460
717 
711 
705 
700 
219 763 547 252 
219 252
763 252
763 547
697 
696 
412 699 491 689 
412 699
699 491
412 689
690 
682 
286 501 
286 501
233 630 381 444 
381 444
233 630
630 381
679 
677 
402 456 
402 456
213 369 45 
369 45
213 45
667 
367 738 
367 738
472 653 455 779 
472 779
455 779
653 779
107 294 751 
294 751
107 294
75 626 719 338 
626 719
75 626
75 338
390 575 
390 575
211 481 
211 481
656 
655 
346 757 
346 757
652 
209 543 625 566 
209 543
543 625
209 566
640 
636 743 
636 743
167 340 
167 340
335 737 734 521 330 478 
335 737
734 521
734 478
737 521
335 330
282 285 748 480 
282 748
285 480
748 480
635 
279 327 796 195 54 
279 327
327 796
796 54
195 54
634 
633 
5 482 
5 482
622 
522 703 777 623 787 19 143 744 403 675 
522 703
777 703
623 522
787 623
19 777
143 777
744 777
403 623
675 143
137 759 
137 759
438 680 
438 680
608 
71 446 489 
446 489
71 446
133 300 
133 300
432 615 322 
432 615
432 322
584 708 
584 708
439 663 188 552 485 792 576 
188 552
439 188
439 663
485 576
552 485
552 792
303 593 
303 593
257 470 448 
257 448
257 470
599 
100 610 
100 610
9 236 433 
236 433
9 236
274 790 173 671 661 
173 661
790 661
790 671
274 173
41 618 
41 618
503 749 457 
503 749
503 457
192 775 760 
775 760
192 775
441 486 
441 486
597 
592 
591 
155 220 110 620 579 217 651 
155 110
220 110
220 579
620 217
220 620
217 651
587 
27 678 556 731 288 218 235 
27 678
27 731
556 218
678 218
731 288
556 235
199 273 
199 273
205 232 702 688 221 650 414 12 642 354 95 710 568 578 
205 232
702 205
688 232
221 232
650 232
414 702
12 232
642 702
354 688
95 702
710 12
568 702
578 650
83 341 408 
83 408
83 341
581 
377 771 
377 771
554 
544 
529 
49 111 462 
49 111
111 462
142 669 729 30 574 685 94 124 520 
669 574
729 574
729 685
30 685
142 685
574 94
94 520
669 124
546 713 423 
713 423
546 423
166 798 35 208 397 695 674 704 780 431 161 
166 798
35 166
208 35
397 208
695 798
674 35
704 35
780 397
431 397
161 704
519 
31 321 
31 321
99 416 
99 416
569 773 
569 773
393 534 
393 534
87 765 333 
87 333
87 765
405 604 298 515 348 
298 515
298 348
405 604
405 515
301 644 317 
301 317
644 317
516 
495 
138 453 643 
138 643
138 453
191 654 241 
654 241
191 654
474 
141 269 666 
269 666
141 269
430 761 747 
430 747
761 747
427 692 7 
427 7
692 7
316 784 
316 784
471 
80 148 602 750 
80 750
602 750
80 148
466 
461 
437 
33 540 733 308 57 
33 308
540 308
733 57
733 308
266 639 
266 639
228 371 
228 371
62 723 458 
62 458
62 723
424 
215 718 
215 718
509 788 278 513 84 
509 788
509 513
509 278
788 84
293 648 
293 648
29 328 701 
29 328
328 701
398 577 601 594 
398 577
398 594
398 601
151 250 709 361 251 363 
709 363
250 363
151 709
361 251
709 251
263 725 58 490 722 
263 490
725 490
725 722
263 58
421 
419 
511 611 
511 611
411 
284 657 508 3 
284 657
284 508
657 3
409 
187 459 
187 459
144 536 492 510 607 28 
492 607
144 536
536 492
144 510
144 28
20 504 
20 504
564 647 
564 647
379 
370 
570 735 
570 735
226 388 
226 388
51 319 139 
51 319
51 139
550 791 
550 791
351 776 194 
776 194
351 194
103 631 613 364 
631 613
103 631
613 364
180 493 464 676 
180 493
180 464
464 676
362 
90 596 244 275 299 214 131 64 505 
596 275
299 131
90 596
596 244
131 505
244 131
244 214
90 64
359 
357 
121 645 
121 645
67 573 81 
67 573
67 81
353 
339 
337 
56 539 
56 539
598 673 38 628 
673 628
673 38
598 38
334 
386 392 120 324 
386 392
386 324
392 120
332 
156 498 782 755 355 
782 355
156 498
498 355
156 755
436 614 200 
436 614
436 200
315 
134 422 
134 422
206 407 506 571 265 
206 407
407 506
206 571
407 265
292 
290 
281 
586 721 727 
586 721
721 727
312 325 500 523 
312 500
312 325
312 523
617 619 
617 619
23 716 345 561 
716 561
716 345
23 716
277 
276 
259 
560 753 766 311 318 
560 753
311 318
753 766
766 311
69 572 336 
69 336
69 572
253 
567 724 
567 724
746 793 
746 793
243 
168 452 
168 452
242 
238 
497 538 
497 538
237 
234 
216 
533 548 
533 548
517 745 
517 745
48 726 178 
48 726
726 178
154 410 123 
154 123
154 410
152 190 372 
152 190
152 372
17 270 
17 270
210 
207 
189 
185 
183 
343 565 514 272 467 
514 272
565 467
272 467
343 565
182 
429 609 
429 609
89 93 391 698 384 
89 93
89 391
391 698
93 384
128 229 
128 229
447 668 202 
668 202
447 202
400 670 13 
400 670
400 13
198 683 
198 683
606 752 163 201 
606 752
752 201
163 201
396 774 382 
774 382
396 774
175 445 
175 445
181 
1 531 
1 531
260 350 707 240 
350 707
260 350
707 240
170 
230 545 443 171 665 147 
230 443
545 665
443 171
230 545
230 147
105 374 331 360 
331 360
105 360
105 374
86 356 115 649 59 706 
59 706
86 356
115 706
356 115
86 649
96 672 662 366 
96 672
96 662
662 366
158 
307 387 
307 387
153 
145 
15 783 
15 783
135 
6 104 659 
6 659
104 659
428 488 434 756 
428 756
488 756
488 434
127 
109 621 
109 621
268 732 
268 732
451 468 222 
451 468
451 222
246 632 306 
246 632
632 306
126 
289 469 256 
469 256
289 256
296 741 789 291 541 224 74 535 248 378 
296 741
789 741
291 296
541 789
224 296
74 741
535 296
248 296
378 291
239 786 177 
786 177
239 786
376 417 140 524 34 383 
376 383
417 524
417 140
376 524
524 34
26 113 454 
26 113
26 454
52 588 754 39 79 245 728 476 797 
52 588
588 39
52 754
728 797
52 476
79 728
245 476
588 728
36 112 297 264 687 
36 112
36 687
36 264
297 264
119 
117 
389 589 
389 589
203 714 
203 714
73 
106 212 772 435 715 658 
106 435
212 435
715 658
435 658
772 715
399 691 487 247 65 418 555 
399 65
691 247
691 65
418 555
691 487
399 418
164 507 450 559 196 582 
507 559
507 196
164 507
450 559
164 582
16 778 169 314 664 
778 664
16 778
16 169
778 314
32 
25 
160 347 681 91 
681 91
160 347
160 91
537 785 365 
537 365
537 785
24 
92 267 108 262 465 603 
267 108
92 267
92 465
267 262
108 603
258 684 401 44 585 204 527 
684 44
258 684
401 527
44 527
401 585
258 204
61 442 
61 442
50 740 612 125 406 637 295 
125 295
50 740
740 125
406 295
50 612
50 637
102 629 63 165 558 231 375 624 532 
102 558
102 629
629 63
558 624
165 558
629 375
165 532
231 532
21 
18 
193 553 129 426 60 
553 129
193 426
193 553
129 60
323 483 395 304 368 
323 483
323 395
323 304
395 368
14 
280 479 37 
280 479
479 37
40 557 82 404 542 660 781 
40 82
542 660
404 781
82 660
557 82
40 404
8 
349 712 261 440 
712 440
349 261
712 261
4 
227 413 590 287 380 310 641 
227 413
413 310
590 310
227 287
287 380
413 641
528 595 68 
528 595
528 68
2 
118 159 518 794 420 
118 518
518 794
118 159
118 420
77 694 686 116 
77 116
694 686
694 116
