? 9 52 588 754 39 728 245 476 79 797 
? 9 102 629 165 558 63 375 682 539 92 
? 9 205 232 702 688 568 221 414 650 354 
? 9 146 502 85 572 530 579 145 184 463 
? 7 227 413 590 287 696 310 760 
? 7 50 740 125 612 406 274 295 
? 7 164 507 762 450 582 226 149 
? 7 27 678 288 218 235 266 639 
? 7 155 220 110 162 3 620 217 
? 7 258 684 44 401 527 259 25 
? 7 142 669 729 30 124 685 574 
? 7 144 536 492 510 607 138 380 
? 7 399 691 247 487 712 65 555 
? 7 96 792 672 662 366 552 8 
? 6 249 475 525 225 512 520 
? 6 151 250 709 418 251 363 
? 6 598 673 565 38 134 628 
? 6 36 112 264 687 297 209 
? 6 106 715 212 772 658 615 
? 6 467 514 272 614 436 618 
? 6 417 524 140 376 34 775 
? 6 157 563 627 626 723 97 
? 6 428 488 756 304 332 434 
? 6 77 116 698 132 694 616 
? 6 40 557 404 82 660 781 
? 5 193 553 129 426 451 
? 5 16 778 169 314 664 
? 5 86 356 115 649 570 
? 5 263 725 490 722 396 
? 5 323 483 175 253 395 
? 5 148 602 750 80 67 
? 5 284 657 546 569 508 
? 5 60 497 277 675 24 
? 5 230 443 545 171 147 
? 5 105 374 78 331 320 
? 5 289 469 256 605 600 
? 5 206 407 506 564 211 
? 5 33 540 308 57 749 
? 5 173 671 790 233 636 
? 5 55 309 318 693 560 
? 5 653 665 472 455 724 
? 4 509 788 278 513 
? 4 160 347 91 681 
? 4 345 561 716 23 
? 4 325 523 312 500 
? 4 108 267 532 383 
? 4 327 796 54 279 
? 4 398 601 28 594 
? 4 405 604 515 298 
? 4 311 753 766 372 
? 4 464 676 493 13 
? 4 606 752 163 201 
? 4 7 427 692 340 
? 4 89 391 93 5 
? 4 76 172 583 176 
? 4 364 571 631 103 
? 4 118 159 518 534 
? 4 439 663 188 759 
? 4 6 104 216 459 
? 4 123 261 154 419 
? 4 59 94 351 799 
? 4 120 392 448 386 
? 4 156 498 755 355 
? 4 335 737 734 521 
? 4 75 719 394 72 
? 4 282 435 550 480 
? 4 384 630 381 444 
? 4 528 686 415 68 
? 4 556 763 219 252 
? 3 260 350 707 
? 3 280 479 452 
? 3 49 111 339 
? 3 150 425 416 
? 3 301 317 644 
? 3 246 632 306 
? 3 46 136 576 
? 3 177 239 531 
? 3 517 603 141 
? 3 491 689 370 
? 3 578 774 429 
? 3 170 577 710 
? 3 586 721 727 
? 3 447 668 547 
? 3 98 99 654 
? 3 537 785 84 
? 3 198 273 683 
? 3 95 642 382 
? 3 222 468 189 
? 3 348 442 421 
? 3 341 625 544 
? 3 446 489 533 
? 3 81 573 610 
? 3 236 433 109 
? 3 152 190 742 
? 3 26 113 83 
? 3 257 470 135 
? 3 324 562 566 
? 3 130 794 611 
? 3 286 783 782 
? 3 482 758 595 
? 3 69 336 773 
? 3 58 269 666 
? 3 285 542 17 
? 3 313 477 747 
? 3 333 389 718 
? 3 241 770 127 
? 3 29 328 701 
? 3 48 726 379 
? 3 403 643 453 
? 3 107 294 751 
? 3 423 713 638 
? 3 293 731 640 
? 3 32 387 634 
? 3 43 567 659 
? 3 195 276 268 
? 3 192 745 203 
? 3 478 485 599 
? 3 342 652 338 
!
21 624 
21 624
40 557 404 82 660 781 
40 82
404 781
82 660
557 82
40 404
791 
556 763 219 252 
219 252
556 219
763 252
88 496 352 646 179 551 326 484 197 47 494 385 
88 496
352 496
646 352
179 88
551 88
326 88
484 88
197 326
47 197
494 646
385 496
342 652 338 
652 338
342 338
478 485 599 
478 485
478 599
174 499 
174 499
519 608 
519 608
786 
192 745 203 
192 745
745 203
195 276 268 
195 276
276 268
357 461 
357 461
528 686 415 68 
528 686
528 68
528 415
784 
365 746 
365 746
637 743 
637 743
77 116 698 132 694 616 
116 616
77 116
698 694
694 616
77 132
96 792 672 662 366 552 8 
96 672
96 792
96 662
672 552
792 366
792 8
43 567 659 
43 567
43 659
384 630 381 444 
381 444
384 630
630 381
128 679 
128 679
779 
346 757 
346 757
771 
282 435 550 480 
282 550
435 550
435 480
32 387 634 
387 634
32 387
293 731 640 
731 640
293 640
769 
767 
761 
399 691 247 487 712 65 555 
399 65
691 247
691 65
691 487
399 712
712 555
423 713 638 
423 713
423 638
739 
738 
733 
720 
75 719 394 72 
719 72
394 72
75 72
714 
705 
335 737 734 521 
335 737
734 521
737 521
700 
690 
31 591 
31 591
156 498 755 355 
156 498
498 355
156 755
680 
677 
168 402 
168 402
107 294 751 
294 751
107 294
667 
18 321 
18 321
120 392 448 386 
392 448
448 386
120 448
403 643 453 
403 643
643 453
59 94 351 799 
59 799
351 799
94 799
100 793 
100 793
511 735 
511 735
656 
651 
281 358 
281 358
633 
123 261 154 419 
261 419
154 419
123 261
622 
424 449 
424 449
458 466 
458 466
428 488 756 304 332 434 
428 304
488 332
428 756
488 756
488 434
6 104 216 459 
104 216
216 459
6 104
621 
653 665 472 455 724 
653 665
455 724
665 472
472 724
619 
597 
66 271 
66 271
587 
522 703 777 623 787 143 19 744 117 538 
522 703
777 703
623 703
787 522
143 777
19 777
744 19
117 522
538 522
430 554 
430 554
641 655 
641 655
584 
48 726 379 
48 726
48 379
290 543 
290 543
29 328 701 
29 328
328 701
585 645 
585 645
144 536 492 510 607 138 380 
492 607
144 536
536 492
144 510
138 380
536 138
122 711 
122 711
241 770 127 
241 127
770 127
581 
265 647 
265 647
333 389 718 
389 718
333 389
55 309 318 693 560 
318 693
55 693
309 560
693 560
199 697 
199 697
313 477 747 
313 747
477 747
285 542 17 
285 17
542 17
462 593 
462 593
575 
549 
516 
142 669 729 30 124 685 574 
669 574
729 574
729 685
30 685
142 685
669 124
495 
258 684 44 401 527 259 25 
684 44
258 684
401 527
44 527
44 259
259 25
210 445 
210 445
166 798 35 208 397 780 674 51 431 704 62 695 505 0 
166 798
35 166
208 166
397 208
780 397
674 798
51 397
431 397
704 208
62 798
695 166
505 704
0 704
58 269 666 
58 269
269 666
473 
243 580 
243 580
454 
441 
437 
69 336 773 
69 336
69 773
146 502 85 572 530 579 145 184 463 
146 502
184 463
146 85
502 572
579 184
85 579
146 530
572 145
482 758 595 
482 595
482 758
296 741 789 224 291 74 535 541 248 378 420 
296 741
789 741
224 741
291 296
74 296
535 296
541 789
248 296
378 74
420 248
412 
300 503 
300 503
504 732 
504 732
161 319 
161 319
474 617 
474 617
286 783 782 
286 782
783 782
173 671 790 233 636 
790 233
671 790
173 790
671 636
130 794 611 
130 794
794 611
409 
408 
324 562 566 
562 566
324 566
257 470 135 
470 135
257 135
393 
26 113 83 
26 113
26 83
152 190 742 
152 190
152 742
236 433 109 
236 433
236 109
200 343 
200 343
388 
439 663 188 759 
439 188
439 663
663 759
377 
373 
369 
33 540 308 57 749 
33 308
540 308
308 57
33 749
42 526 
42 526
529 795 
529 795
81 573 610 
81 610
81 573
368 
234 240 
234 240
206 407 506 564 211 
206 407
506 564
407 564
564 211
457 648 
457 648
446 489 533 
446 489
489 533
118 159 518 534 
118 518
159 534
118 159
157 563 627 626 723 97 
627 723
157 563
157 627
157 97
626 97
289 469 256 605 600 
469 256
605 600
289 600
289 256
367 
362 
242 748 
242 748
360 
364 571 631 103 
571 631
571 103
364 571
359 
185 353 
185 353
417 524 140 376 34 775 
140 775
417 775
417 524
524 376
524 34
182 730 
182 730
178 361 
178 361
344 
337 
229 699 
229 699
548 592 
548 592
341 625 544 
341 625
341 544
1 411 
1 411
348 442 421 
348 442
348 421
76 172 583 176 
76 172
76 583
76 176
89 391 93 5 
89 93
89 391
89 5
334 
205 232 702 688 568 221 414 650 354 
232 221
205 221
205 702
702 414
702 568
232 688
688 650
221 354
330 
329 
422 613 
422 613
222 468 189 
222 189
222 468
322 
316 
315 
609 708 
609 708
7 427 692 340 
7 427
692 340
7 692
307 
606 752 163 201 
606 752
752 201
163 201
303 
105 374 78 331 320 
374 78
105 374
105 331
374 320
95 642 382 
95 642
95 382
302 
438 764 
438 764
230 443 545 171 147 
230 443
443 171
230 545
230 147
292 
283 
262 
198 273 683 
273 683
198 273
464 676 493 13 
464 13
493 13
464 676
228 371 
228 371
311 753 766 372 
753 766
311 766
766 372
255 
254 
238 
60 497 277 675 24 
497 24
277 24
60 497
277 675
537 785 84 
537 785
537 84
237 
196 717 
196 717
71 471 
71 471
231 
270 432 
270 432
207 
204 
215 589 
215 589
202 
194 
191 
400 670 
400 670
61 390 
61 390
98 99 654 
98 99
98 654
447 668 547 
447 547
447 668
586 721 727 
586 721
721 727
14 481 
14 481
187 
183 
181 
180 
167 
284 657 546 569 508 
284 657
657 546
284 508
569 508
153 
349 440 
349 440
148 602 750 80 67 
602 67
750 80
750 67
148 80
305 736 
305 736
170 577 710 
170 577
577 710
578 774 429 
578 429
774 429
15 501 
15 501
405 604 515 298 
515 298
405 604
405 515
491 689 370 
491 370
491 689
460 635 
460 635
139 
37 456 
37 456
398 601 28 594 
28 594
398 594
398 601
137 
467 514 272 614 436 618 
514 272
467 272
614 436
272 614
614 618
327 796 54 279 
327 279
327 796
796 54
106 715 212 772 658 615 
106 212
715 658
715 615
772 615
106 658
108 267 532 383 
108 267
267 532
108 383
133 
410 559 
410 559
126 
121 
87 765 
87 765
119 
517 603 141 
517 603
517 141
325 523 312 500 
312 500
325 312
523 312
114 
53 768 
53 768
486 661 
486 661
177 239 531 
177 239
239 531
46 136 576 
46 136
136 576
101 
246 632 306 
246 632
632 306
90 596 244 275 214 64 131 299 186 223 
90 596
244 596
275 244
214 244
64 275
131 244
299 275
186 214
223 275
301 317 644 
301 317
317 644
36 112 264 687 297 209 
36 112
36 687
36 264
264 297
297 209
150 425 416 
150 425
425 416
102 629 165 558 63 375 682 539 92 
165 682
102 558
102 629
629 63
102 682
629 375
165 92
63 539
323 483 175 253 395 
323 483
323 395
323 175
483 253
73 
70 
41 465 
41 465
158 213 
158 213
56 
598 673 565 38 134 628 
673 628
673 38
673 134
565 628
598 38
155 220 110 162 3 620 217 
155 110
220 110
620 217
220 620
155 3
220 162
151 250 709 418 251 363 
709 363
250 363
151 709
709 251
151 418
263 725 490 722 396 
263 490
725 490
490 396
725 722
45 
22 
345 561 716 23 
561 716
345 716
716 23
49 111 339 
49 111
111 339
20 
249 475 525 225 512 520 
225 520
525 512
249 520
249 475
249 525
27 678 288 218 235 266 639 
288 266
27 678
678 218
218 639
235 639
27 288
706 776 
706 776
164 507 762 450 582 226 149 
450 149
164 507
164 582
164 149
762 226
507 226
52 588 754 39 728 245 476 79 797 
52 588
588 39
52 754
728 797
52 476
728 79
245 476
588 728
12 
11 
86 356 115 649 570 
86 356
356 115
86 649
115 570
16 778 169 314 664 
778 664
16 778
16 169
778 314
10 
280 479 452 
280 479
280 452
50 740 125 612 406 274 295 
50 274
125 295
612 274
50 740
740 125
406 295
9 
160 347 91 681 
91 681
160 347
160 91
4 
227 413 590 287 696 310 760 
227 413
287 696
413 310
590 310
227 287
413 760
260 350 707 
350 707
260 350
2 
193 553 129 426 451 
553 129
193 426
193 553
129 451
509 788 278 513 
509 788
509 513
509 278
