? 9 296 741 789 224 291 74 248 541 535 
? 9 205 232 702 221 688 12 650 95 578 
? 9 522 703 777 787 623 143 403 744 19 
? 9 227 413 696 590 287 34 760 641 140 
? 7 155 220 110 620 3 579 217 
? 7 258 684 44 401 204 527 259 
? 7 671 790 173 636 274 233 612 
? 7 164 507 149 450 226 762 147 
? 7 193 553 426 129 451 60 497 
? 7 27 678 288 556 218 266 235 
? 7 249 475 525 512 225 114 162 
? 7 206 407 506 265 571 564 647 
? 7 40 557 404 82 542 634 781 
? 7 520 574 729 124 142 669 198 
? 6 399 691 247 487 65 712 
? 6 50 740 125 406 295 637 
? 6 96 792 662 366 552 727 
? 6 106 212 715 435 658 772 
? 6 36 264 112 297 687 187 
? 6 146 502 85 530 184 463 
? 6 16 778 314 664 169 306 
? 6 467 514 272 565 614 618 
? 6 560 753 766 311 318 309 
? 6 653 665 472 545 230 443 
? 6 323 483 253 175 304 45 
? 5 86 356 115 570 59 
? 5 151 250 709 363 361 
? 5 144 536 492 510 607 
? 5 263 725 722 666 490 
? 5 561 716 23 107 345 
? 5 77 116 616 694 595 
? 5 509 788 278 513 786 
? 5 103 631 613 364 38 
? 5 76 583 172 176 739 
? 5 606 752 163 201 474 
? 5 405 604 515 298 495 
? 5 598 673 628 343 134 
? 5 308 540 33 733 57 
? 5 28 601 398 594 577 
? 5 384 630 381 444 661 
? 5 89 391 93 698 5 
? 4 602 750 80 573 
? 4 75 97 342 719 
? 4 30 685 94 351 
? 4 157 563 627 305 
? 4 29 331 701 328 
? 4 416 425 72 99 
? 4 327 796 279 54 
? 4 123 261 154 555 
? 4 417 524 376 655 
? 4 260 350 707 240 
? 4 284 657 638 508 
? 4 464 676 400 493 
? 4 156 498 755 355 
? 4 152 190 516 372 
? 4 537 785 793 84 
? 4 289 469 256 605 
? 4 307 340 241 692 
? 4 528 686 720 68 
? 4 349 418 440 677 
? 4 439 663 188 485 
? 4 280 479 452 168 
? 4 547 763 219 447 
? 4 6 104 459 549 
? 4 434 488 428 332 
? 4 335 737 734 521 
? 4 312 325 523 526 
? 4 108 267 262 532 
? 4 254 546 713 22 
? 3 98 394 770 
? 3 118 159 534 
? 3 543 625 209 
? 3 120 448 392 
? 3 592 681 160 
? 3 71 446 24 
? 3 301 371 317 
? 3 491 689 370 
? 3 396 774 414 
? 3 67 610 81 
? 3 69 572 773 
? 3 222 468 121 
? 3 141 539 56 
? 3 285 480 748 
? 3 48 726 213 
? 3 105 374 78 
? 3 745 775 126 
? 3 324 562 386 
? 3 9 236 433 
? 3 138 643 380 
? 3 229 679 567 
? 3 410 582 559 
? 3 442 795 348 
? 3 127 654 191 
? 3 177 239 1 
? 3 402 550 456 
? 3 695 723 466 
? 3 111 339 49 
? 3 333 389 589 
? 3 200 436 758 
? 3 130 649 794 
? 3 26 113 83 
? 3 7 615 432 
? 3 358 504 281 
? 3 538 675 117 
? 3 15 783 286 
? 3 61 421 390 
? 3 171 473 320 
? 3 445 769 210 
? 3 55 420 693 
? 3 346 757 660 
? 3 203 517 383 
? 3 365 717 644 
? 3 338 373 150 
? 3 87 765 122 
? 3 18 457 731 
? 3 736 767 119 
? 3 293 640 639 
? 3 246 632 300 
!
738 749 
738 749
323 483 253 175 304 45 
323 483
323 175
253 45
483 45
175 304
799 
254 546 713 22 
713 22
254 546
254 22
166 798 35 208 397 674 780 704 51 62 431 505 
166 798
35 798
208 35
397 208
674 166
780 397
704 35
51 208
62 798
431 397
505 704
246 632 300 
632 300
246 632
293 640 639 
640 639
293 640
584 597 
584 597
276 732 
276 732
784 
736 767 119 
736 767
767 119
18 457 731 
457 731
18 457
238 471 
238 471
108 267 262 532 
108 267
267 532
262 532
782 
14 481 
14 481
568 642 
568 642
653 665 472 545 230 443 
230 443
665 545
653 665
665 472
545 230
520 574 729 124 142 669 198 
574 669
574 729
142 669
520 198
124 669
520 574
87 765 122 
87 765
87 122
312 325 523 526 
312 325
312 523
523 526
412 699 
412 699
779 
196 228 
196 228
751 
335 737 734 521 
335 737
734 521
737 521
338 373 150 
338 373
338 150
365 717 644 
717 644
365 717
747 
746 
743 
40 557 404 82 542 634 781 
40 82
404 781
557 82
82 542
40 404
557 634
203 517 383 
203 383
203 517
742 
730 
710 
705 
434 488 428 332 
488 332
488 428
434 488
700 
697 
6 104 459 549 
6 104
459 549
104 459
680 
659 
377 771 
377 771
547 763 219 447 
547 447
763 219
547 763
656 
651 
519 735 
519 735
346 757 660 
757 660
346 660
635 
518 611 
518 611
280 479 452 168 
479 168
280 479
280 452
55 420 693 
55 420
55 693
439 663 188 485 
439 188
439 663
188 485
411 531 
411 531
135 587 
135 587
633 
622 
153 718 
153 718
621 
349 418 440 677 
349 418
418 440
440 677
608 
66 423 
66 423
648 668 
648 668
560 753 766 311 318 309 
560 753
311 318
753 766
766 311
753 309
528 686 720 68 
528 686
686 720
528 68
603 
89 391 93 698 5 
89 93
89 391
89 5
391 698
600 
599 
70 449 
70 449
581 
90 596 244 275 64 131 214 0 299 186 
90 596
244 90
275 596
64 90
131 244
214 275
0 214
299 214
186 244
478 759 
478 759
462 593 
462 593
580 
445 769 210 
445 769
445 210
11 310 
11 310
171 473 320 
171 473
473 320
489 533 
489 533
206 407 506 265 571 564 647 
206 407
506 564
407 564
564 647
206 571
407 265
43 216 
43 216
61 421 390 
61 390
61 421
576 
667 711 
667 711
15 783 286 
15 783
783 286
384 630 381 444 661 
384 661
381 444
384 630
630 381
181 315 
181 315
538 675 117 
538 675
538 117
358 504 281 
504 281
358 504
189 277 
189 277
566 
554 
544 
249 475 525 512 225 114 162 
525 512
249 475
249 225
475 162
249 525
114 162
529 
27 678 288 556 218 266 235 
288 266
27 678
556 218
678 218
27 288
556 235
41 465 
41 465
88 496 646 352 197 179 326 484 551 47 494 385 645 575 
88 496
646 496
352 646
197 496
179 496
326 197
484 496
551 646
47 197
494 646
385 551
645 88
575 385
7 615 432 
7 432
615 432
511 
53 768 
53 768
501 
500 
477 
26 113 83 
26 113
26 83
227 413 696 590 287 34 760 641 140 
760 140
227 413
696 287
227 287
760 641
34 641
413 590
227 34
130 649 794 
130 794
130 649
102 629 63 165 375 558 211 624 231 92 682 
102 629
63 629
165 102
375 165
558 102
211 102
624 558
231 102
92 165
682 211
461 
257 470 
257 470
721 797 
721 797
690 776 
690 776
158 369 
158 369
200 436 758 
200 436
436 758
28 601 398 594 577 
28 594
398 577
398 594
601 398
333 389 589 
389 589
333 389
458 
454 
111 339 49 
111 49
111 339
695 723 466 
695 723
723 466
453 
402 550 456 
402 456
550 456
177 239 1 
177 239
177 1
127 654 191 
127 654
654 191
313 499 
313 499
437 
307 340 241 692 
241 692
340 692
307 340
430 
429 
427 
308 540 33 733 57 
308 33
308 540
733 57
308 733
170 354 
170 354
58 269 
58 269
442 795 348 
442 348
795 348
424 
455 724 
455 724
598 673 628 343 134 
673 628
673 134
598 343
628 343
367 503 
367 503
410 582 559 
410 582
582 559
289 469 256 605 
469 256
289 256
289 605
467 514 272 565 614 618 
514 272
467 565
467 272
272 614
614 618
405 604 515 298 495 
515 298
405 604
405 515
298 495
422 
419 
357 378 
357 378
409 
537 785 793 84 
785 793
537 785
537 84
408 
161 319 
161 319
16 778 314 664 169 306 
778 664
16 778
16 169
664 306
778 314
91 591 
91 591
441 486 
441 486
388 
379 
460 569 
460 569
8 137 
8 137
229 679 567 
229 679
679 567
609 714 
609 714
138 643 380 
138 643
138 380
152 190 516 372 
152 190
152 372
190 516
156 498 755 355 
156 498
498 355
156 755
368 
522 703 777 787 623 143 403 744 19 
522 703
703 777
777 19
623 744
787 744
522 403
744 19
777 143
362 
360 
336 393 
336 393
9 236 433 
236 433
9 236
359 
353 
344 
237 585 
237 585
464 676 400 493 
676 400
464 676
464 493
337 
284 657 638 508 
284 657
284 638
284 508
334 
606 752 163 201 474 
606 752
752 201
163 201
201 474
324 562 386 
324 386
324 562
330 
194 706 
194 706
76 583 172 176 739 
172 739
76 172
76 583
76 176
329 
321 
316 
745 775 126 
775 126
745 775
260 350 707 240 
350 707
260 350
707 240
251 791 
251 791
417 524 376 655 
417 524
524 376
524 655
303 
302 
294 
103 631 613 364 38 
364 38
613 38
631 613
103 631
105 374 78 
374 78
105 374
292 
185 215 
185 215
32 387 
32 387
283 
273 683 
273 683
271 
255 
20 132 
20 132
243 
234 
223 
270 322 
270 322
617 619 
617 619
48 726 213 
48 726
48 213
285 480 748 
285 480
480 748
141 539 56 
141 56
141 539
415 482 
415 482
207 
192 
183 
182 
180 
509 788 278 513 786 
509 788
509 513
509 278
278 786
178 
341 438 
341 438
77 116 616 694 595 
116 616
77 116
616 694
616 595
626 652 
626 652
222 468 121 
468 121
222 121
69 572 773 
572 773
69 773
195 268 
195 268
123 261 154 555 
261 555
123 261
261 154
67 610 81 
610 81
67 81
202 252 
202 252
174 
242 282 
242 282
327 796 279 54 
327 279
327 796
796 54
167 
146 502 85 530 184 463 
146 502
184 463
146 85
85 184
146 530
416 425 72 99 
416 99
72 99
416 425
36 264 112 297 687 187 
36 112
36 687
36 264
687 187
264 297
29 331 701 328 
29 328
29 331
701 328
148 
395 756 
395 756
145 
139 
290 764 
290 764
133 
396 774 414 
396 774
774 414
157 563 627 305 
157 563
157 627
627 305
128 
382 708 
382 708
347 548 
347 548
491 689 370 
491 370
491 689
301 371 317 
301 317
301 371
109 
71 446 24 
71 446
71 24
52 588 754 39 79 728 245 586 476 672 
52 588
754 52
39 588
79 52
728 52
245 39
586 728
476 245
672 79
592 681 160 
592 160
681 160
106 212 715 435 658 772 
106 435
212 435
715 658
435 658
715 772
120 448 392 
448 392
120 448
205 232 702 221 688 12 650 95 578 
232 221
205 221
650 578
205 702
232 688
688 578
702 95
702 12
561 716 23 107 345 
107 345
561 716
716 345
716 23
101 
100 
13 670 
13 670
199 761 
199 761
73 
96 792 662 366 552 727 
96 792
792 727
96 662
96 552
792 366
193 553 426 129 451 60 497 
553 129
193 426
193 553
60 497
129 60
129 451
50 740 125 406 295 637 
125 295
50 740
740 125
406 295
50 637
263 725 722 666 490 
263 490
725 490
725 722
263 666
42 
37 
30 685 94 351 
30 351
30 685
685 94
543 625 209 
543 209
543 625
31 
399 691 247 487 65 712 
399 65
691 247
691 65
691 487
399 712
164 507 149 450 226 762 147 
450 147
149 450
164 507
164 149
226 762
507 226
46 136 
46 136
671 790 173 636 274 233 612 
173 612
790 233
274 612
671 790
790 173
636 274
296 741 789 224 291 74 248 541 535 
741 789
296 789
789 224
296 291
74 541
296 535
291 541
248 535
25 
21 
144 536 492 510 607 
492 607
144 536
536 492
144 510
151 250 709 363 361 
709 363
250 363
151 709
709 361
17 
118 159 534 
159 534
118 159
258 684 44 401 204 527 259 
684 44
258 684
401 527
44 527
44 259
258 204
10 
75 97 342 719 
75 97
75 719
75 342
4 
155 220 110 620 3 579 217 
155 110
220 110
220 579
620 217
220 620
155 3
98 394 770 
98 394
394 770
2 
86 356 115 570 59 
86 356
115 59
356 115
115 570
602 750 80 573 
602 573
750 80
602 750
