? 9 227 413 590 287 641 310 34 696 510 
? 9 522 703 777 787 623 143 19 403 643 
? 9 50 740 125 406 612 274 637 295 743 
? 9 258 684 401 44 204 594 527 585 259 
? 7 205 232 702 221 688 354 414 
? 7 102 629 558 165 63 624 375 
? 7 164 507 147 559 582 450 226 
? 7 27 678 288 556 235 266 218 
? 7 155 220 217 620 110 579 3 
? 7 249 475 525 520 512 225 799 
? 7 399 691 487 247 555 65 712 
? 7 142 669 30 729 685 574 124 
? 7 193 426 553 129 60 548 700 
? 7 144 536 492 607 28 138 380 
? 6 151 250 709 361 349 418 
? 6 106 715 772 212 480 658 
? 6 40 557 404 82 660 634 
? 6 96 792 672 662 366 552 
? 6 86 356 115 463 649 59 
? 6 206 506 407 571 422 631 
? 6 230 443 545 779 149 473 
? 6 323 483 253 304 104 395 
? 6 36 112 297 687 264 209 
? 6 146 502 85 530 130 773 
? 6 16 778 169 314 664 632 
? 5 284 657 508 572 569 
? 5 29 331 328 105 701 
? 5 118 159 518 794 534 
? 5 260 350 707 139 240 
? 5 671 790 173 233 636 
? 5 263 666 725 58 490 
? 5 72 394 770 75 719 
? 5 467 514 272 565 614 
? 5 509 788 278 513 786 
? 5 417 524 376 140 126 
? 5 92 267 108 532 597 
? 5 515 795 298 348 405 
? 5 89 391 93 622 698 
? 5 606 752 163 387 201 
? 5 38 628 613 673 598 
? 5 561 716 23 345 107 
? 4 33 540 308 749 
? 4 439 663 188 485 
? 4 653 665 472 724 
? 4 491 689 370 113 
? 4 464 676 493 670 
? 4 76 583 172 176 
? 4 156 755 498 286 
? 4 428 756 488 445 
? 4 398 601 577 170 
? 4 116 616 77 694 
? 4 528 686 595 68 
? 4 157 563 627 97 
? 4 80 148 602 750 
? 4 327 796 54 279 
? 4 335 737 734 521 
? 4 95 642 568 12 
? 4 256 289 469 600 
? 4 373 425 150 338 
? 4 560 753 766 318 
? 4 432 435 7 781 
? 4 123 261 154 410 
? 4 312 325 523 500 
? 4 152 190 372 516 
? 4 301 317 785 644 
? 4 547 763 252 219 
? 4 37 280 479 452 
? 4 384 630 381 441 
? 4 98 99 654 416 
? 3 708 774 396 
? 3 94 351 776 
? 3 120 392 386 
? 3 15 783 501 
? 3 222 468 451 
? 3 160 681 592 
? 3 285 542 748 
? 3 282 550 242 
? 3 55 309 693 
? 3 177 239 1 
? 3 241 692 340 
? 3 57 733 457 
? 3 71 446 489 
? 3 141 539 722 
? 3 48 726 178 
? 3 438 544 341 
? 3 537 793 228 
? 3 61 442 421 
? 3 736 767 305 
? 3 67 81 573 
? 3 447 668 202 
? 3 22 638 546 
? 3 319 505 462 
? 3 78 320 374 
? 3 6 187 543 
? 3 415 758 482 
? 3 49 303 111 
? 3 578 650 609 
? 3 347 533 238 
? 3 46 136 576 
? 3 84 371 411 
? 3 229 679 128 
? 3 103 364 265 
? 3 109 236 433 
? 3 423 713 66 
? 3 538 675 497 
? 3 333 389 87 
? 3 281 732 358 
? 3 324 562 344 
? 3 184 243 735 
? 3 268 271 276 
? 3 270 615 17 
? 3 158 213 619 
? 3 589 718 215 
? 3 430 449 32 
? 3 83 471 625 
? 3 53 768 254 
? 3 56 517 203 
? 3 171 656 388 
!
369 440 
369 440
16 778 169 314 664 632 
778 632
778 664
16 778
16 169
314 632
780 
98 99 654 416 
99 416
98 99
98 654
296 741 224 789 291 248 535 74 420 541 661 378 
296 741
224 741
789 741
291 296
248 296
535 224
74 789
420 248
541 789
661 541
378 789
171 656 388 
171 656
656 388
56 517 203 
517 203
56 517
135 587 
135 587
119 127 
119 127
771 
53 768 254 
53 254
53 768
83 471 625 
83 625
83 471
234 339 
234 339
384 630 381 441 
381 441
384 630
630 381
762 
453 784 
453 784
292 566 
292 566
146 502 85 530 130 773 
530 130
146 502
146 85
146 530
502 773
144 536 492 607 28 138 380 
492 607
144 536
536 492
144 28
138 380
536 138
430 449 32 
449 32
430 449
37 280 479 452 
280 479
37 479
280 452
408 764 
408 764
761 
14 211 
14 211
759 
547 763 252 219 
252 219
763 252
547 763
589 718 215 
589 718
718 215
158 213 619 
158 213
213 619
757 
746 
745 
193 426 553 129 60 548 700 
553 129
193 426
193 553
426 548
129 60
193 700
270 615 17 
270 615
270 17
742 
739 
738 
730 
301 317 785 644 
301 317
301 785
317 644
720 
710 
152 190 372 516 
152 190
152 372
190 516
697 
695 
210 605 
210 605
312 325 523 500 
312 500
312 325
312 523
690 
680 
162 651 
162 651
268 271 276 
268 271
271 276
677 
9 359 
9 359
123 261 154 410 
123 261
261 410
261 154
184 243 735 
184 243
184 735
432 435 7 781 
432 7
432 781
435 781
132 302 
132 302
101 311 
101 311
667 
655 
760 775 
760 775
652 
560 753 766 318 
560 753
753 766
766 318
648 
337 744 
337 744
617 751 
617 751
36 112 297 687 264 209 
36 112
36 687
36 264
297 264
297 209
373 425 150 338 
373 338
150 338
425 150
621 
561 716 23 345 107 
345 107
561 716
716 345
716 23
611 
610 
70 199 
70 199
608 
166 798 35 208 397 674 704 431 51 458 
166 798
35 166
208 166
397 798
674 798
704 208
431 397
51 674
458 166
45 175 
45 175
367 503 
367 503
604 
324 562 344 
562 344
324 562
402 456 
402 456
281 732 358 
281 358
732 358
495 529 
495 529
142 669 30 729 685 574 124 
669 574
729 574
729 685
30 685
142 685
669 124
357 486 
357 486
333 389 87 
389 87
333 87
599 
353 593 
353 593
538 675 497 
538 675
675 497
38 628 613 673 598 
628 673
38 673
613 673
38 598
73 383 
73 383
423 713 66 
423 713
423 66
109 236 433 
236 433
109 236
355 782 
355 782
580 
554 
531 
399 691 487 247 555 65 712 
399 65
691 247
691 65
691 487
399 712
555 712
519 
249 475 525 520 512 225 799 
520 225
525 512
249 520
249 475
249 525
520 799
20 504 
20 504
88 496 179 646 551 385 197 494 47 121 352 326 575 484 
88 496
179 88
646 496
551 88
385 551
197 496
494 646
47 197
121 646
352 646
326 197
575 179
484 88
103 364 265 
364 265
103 364
511 
192 316 
192 316
481 
478 
474 
229 679 128 
229 679
229 128
258 684 401 44 204 594 527 585 259 
684 44
258 684
401 527
594 527
44 527
44 259
585 259
258 204
84 371 411 
84 371
84 411
90 596 244 275 214 131 64 0 161 223 299 
90 596
244 596
275 244
214 244
131 244
64 214
0 214
161 0
223 0
299 275
470 
189 645 
189 645
251 791 
251 791
633 769 
633 769
26 91 
26 91
46 136 576 
46 136
136 576
606 752 163 387 201 
606 752
752 201
163 201
387 201
347 533 238 
347 533
533 238
466 
461 
578 650 609 
578 650
650 609
49 303 111 
49 111
303 111
459 
415 758 482 
415 758
415 482
6 187 543 
6 187
187 543
78 320 374 
78 374
320 374
181 465 
181 465
455 
256 289 469 600 
256 469
289 600
256 289
454 
437 
427 
89 391 93 622 698 
89 93
93 622
89 391
391 698
231 682 
231 682
564 647 
564 647
319 505 462 
319 505
319 462
424 
321 591 
321 591
515 795 298 348 405 
795 298
515 298
795 348
515 405
342 626 
342 626
22 638 546 
638 546
22 638
95 642 568 12 
568 12
95 642
95 568
323 483 253 304 104 395 
323 483
323 395
483 104
483 253
323 304
92 267 108 532 597 
267 108
267 532
92 267
108 597
419 
412 
13 400 
13 400
409 
335 737 734 521 
335 737
734 521
737 521
393 
549 659 
549 659
230 443 545 779 149 473 
230 443
443 473
230 545
545 149
545 779
100 283 
100 283
429 714 
429 714
390 
382 
640 731 
640 731
721 727 
721 727
447 668 202 
668 202
447 202
114 570 
114 570
67 81 573 
67 573
67 81
327 796 54 279 
327 279
327 796
796 54
80 148 602 750 
80 750
602 750
80 148
379 
50 740 125 406 612 274 637 295 743 
50 274
125 295
612 274
50 740
295 743
740 125
406 743
50 637
377 
368 
365 717 
365 717
736 767 305 
736 767
736 305
363 
362 
360 
699 705 
699 705
157 563 627 97 
157 563
157 627
157 97
346 
528 686 595 68 
528 686
686 595
528 68
334 
417 524 376 140 126 
140 126
417 524
417 140
524 376
61 442 421 
442 421
61 421
330 
257 448 
257 448
509 788 278 513 786 
509 788
509 513
509 278
278 786
329 
322 
315 
537 793 228 
793 228
537 793
116 616 77 694 
116 616
116 77
616 694
711 765 
711 765
398 601 577 170 
577 170
398 577
398 601
307 
300 
294 
467 514 272 565 614 
514 272
467 565
467 272
272 614
438 544 341 
438 341
544 341
290 
43 567 
43 567
584 603 
584 603
277 
332 434 
332 434
273 
269 
460 635 
460 635
262 
255 
237 
293 639 
293 639
499 747 
499 747
48 726 178 
48 726
726 178
141 539 722 
141 539
539 722
71 446 489 
446 489
71 446
134 343 
134 343
216 
196 
195 
186 
185 
72 394 770 75 719 
72 719
770 719
72 394
770 75
182 
336 444 
336 444
263 666 725 58 490 
263 490
725 490
263 58
263 666
246 306 
246 306
57 733 457 
57 733
57 457
241 692 340 
241 692
692 340
167 191 
167 191
428 756 488 445 
488 445
428 756
756 488
177 239 1 
177 239
177 1
42 526 
42 526
180 
200 436 
200 436
156 755 498 286 
156 498
498 286
156 755
174 
206 506 407 571 422 631 
571 631
206 407
206 631
506 407
407 422
76 583 172 176 
76 172
76 583
76 176
86 356 115 463 649 59 
86 356
463 649
115 59
356 115
86 463
464 676 493 670 
676 670
464 676
464 493
168 
69 581 
69 581
153 
145 
194 706 
194 706
137 
55 309 693 
55 693
309 693
491 689 370 113 
491 370
689 113
491 689
133 
62 723 
62 723
2 618 
2 618
282 550 242 
282 550
550 242
285 542 748 
542 748
285 748
122 
160 681 592 
160 592
160 681
52 588 754 245 39 728 79 476 797 586 
52 588
754 52
245 588
39 588
728 52
79 588
476 245
797 52
586 728
222 468 451 
468 451
222 451
96 792 672 662 366 552 
96 672
96 792
96 662
672 552
792 366
15 783 501 
15 783
15 501
522 703 777 787 623 143 19 403 643 
522 703
787 643
703 777
777 19
403 643
522 403
787 623
777 143
671 790 173 233 636 
790 233
671 790
790 173
671 636
117 
41 
313 477 
313 477
183 207 
183 207
31 
40 557 404 82 660 634 
40 82
82 660
557 82
40 404
660 634
155 220 217 620 110 579 3 
155 110
220 110
220 579
217 620
220 620
155 3
106 715 772 212 480 658 
106 212
715 658
772 480
715 772
106 658
260 350 707 139 240 
350 139
350 707
260 350
707 240
25 
24 
653 665 472 724 
653 665
665 472
472 724
120 392 386 
392 386
120 392
21 
151 250 709 361 349 418 
250 709
151 709
349 418
151 418
709 361
27 678 288 556 235 266 218 
288 266
27 678
556 218
678 218
27 288
556 235
198 683 
198 683
164 507 147 559 582 450 226 
147 450
507 559
164 507
559 450
164 582
507 226
227 413 590 287 641 310 34 696 510 
227 413
287 696
590 510
413 310
590 310
227 287
641 34
227 34
18 
11 
118 159 518 794 534 
118 518
518 794
159 534
118 159
29 331 328 105 701 
29 328
29 331
331 105
328 701
10 
94 351 776 
94 351
351 776
102 629 558 165 63 624 375 
102 558
102 629
629 63
558 624
558 165
629 375
8 
439 663 188 485 
439 188
439 663
188 485
5 
205 232 702 221 688 354 414 
232 221
205 221
205 702
702 414
232 688
221 354
708 774 396 
708 774
774 396
4 
284 657 508 572 569 
572 569
284 657
284 508
508 572
33 540 308 749 
33 308
540 308
33 749
