? 10 175 277 68 191 307 139 485 567 458 431 
? 10 21 433 574 549 439 539 728 417 430 402 
? 9 180 644 759 364 85 348 260 743 234 
? 9 236 602 460 518 579 170 570 526 369 
? 8 118 607 338 55 436 509 739 336 
? 8 206 465 648 119 632 103 456 357 
? 7 468 479 538 732 779 203 766 
? 7 48 126 604 256 605 325 419 
? 7 219 503 464 591 16 463 420 
? 6 258 298 116 91 674 320 
? 6 533 695 557 280 585 157 
? 6 623 789 385 187 621 448 
? 6 535 606 33 178 53 41 
? 5 107 309 489 634 762 
? 5 37 482 186 614 754 
? 5 411 522 798 174 128 
? 5 6 393 548 707 340 
? 5 42 571 429 719 292 
? 4 24 523 196 486 
? 3 95 317 303 
? 3 487 735 322 
? 3 213 612 738 
!
184 514 534 183 84 272 162 93 106 471 334 274 346 513 727 349 678 617 47 262 563 689 603 610 546 123 363 
184 514
534 514
183 184
84 514
272 184
162 514
93 514
106 534
471 534
334 106
274 534
346 84
513 272
727 513
349 334
678 346
617 183
47 513
262 334
563 678
689 346
603 563
610 678
546 617
123 603
363 262
248 781 718 508 165 117 498 396 476 457 722 64 410 473 425 158 504 319 510 497 537 283 
248 781
718 248
508 248
165 781
117 781
498 248
396 781
476 165
457 248
722 718
64 476
410 498
473 410
425 64
158 117
504 410
319 504
510 158
497 410
537 510
283 497
399 444 202 693 692 691 17 271 190 163 378 362 554 264 544 573 192 355 655 
399 444
202 444
693 444
692 444
691 444
17 399
271 202
190 692
163 17
378 163
362 163
554 271
264 362
544 17
573 190
192 554
355 271
655 573
213 612 738 
213 612
612 738
42 571 429 719 292 
571 719
42 719
571 429
719 292
535 606 33 178 53 41 
606 41
178 53
535 33
535 178
535 41
487 735 322 
487 322
487 735
236 602 460 518 579 170 570 526 369 
460 579
518 170
236 602
518 369
602 460
570 369
236 526
579 170
24 523 196 486 
24 523
24 486
523 196
391 619 641 671 323 137 59 384 675 147 777 297 785 763 540 179 22 786 211 
391 619
641 391
671 391
323 391
137 619
59 137
384 137
675 323
147 137
777 59
297 59
785 323
763 323
540 763
179 384
22 297
786 179
211 540
623 789 385 187 621 448 
623 187
385 448
623 789
789 621
385 621
133 424 
133 424
764 
326 683 
326 683
390 469 493 435 353 392 628 235 265 166 422 734 
390 469
493 469
435 469
353 390
392 493
628 392
235 392
265 392
166 235
422 390
734 422
6 393 548 707 340 
6 707
6 393
6 548
548 340
653 
79 713 483 375 80 753 371 767 733 287 640 
79 713
483 79
375 713
80 483
753 713
371 80
767 80
733 483
287 733
640 483
581 
28 343 698 506 569 221 331 2 120 209 365 588 705 462 511 452 792 40 301 366 445 553 299 127 414 670 618 
28 343
698 343
506 698
569 28
221 28
331 698
2 698
120 698
209 343
365 698
588 331
705 365
462 343
511 2
452 462
792 705
40 506
301 452
366 40
445 511
553 365
299 301
127 511
414 301
670 299
618 366
411 522 798 174 128 
522 798
411 174
798 174
174 128
701 799 193 358 593 615 694 278 664 194 150 270 333 
701 799
193 701
358 701
593 193
615 799
694 799
278 799
664 615
194 799
150 694
270 193
333 278
704 765 584 379 148 218 302 545 102 480 453 494 423 81 499 737 654 167 662 680 730 616 329 354 413 
704 765
584 765
379 584
148 704
218 704
302 704
545 379
102 765
480 148
453 379
494 302
423 494
81 545
499 494
737 494
654 379
167 499
662 494
680 494
730 423
616 737
329 167
354 654
413 616
394 490 
394 490
95 317 303 
95 317
317 303
37 482 186 614 754 
37 186
482 614
482 754
482 186
107 309 489 634 762 
107 309
634 762
107 489
309 634
386 
505 519 408 281 613 742 241 712 252 564 783 598 88 290 587 253 335 484 418 667 642 627 300 717 121 254 261 611 189 668 741 
505 519
408 519
281 408
613 519
742 281
241 742
712 281
252 241
564 252
783 505
598 712
88 742
290 88
587 598
253 783
335 783
484 88
418 484
667 335
642 564
627 783
300 667
717 667
121 253
254 418
261 121
611 335
189 88
668 484
741 254
400 560 428 276 780 86 687 478 20 401 74 665 339 246 367 214 314 502 477 566 651 100 744 
400 560
428 400
276 560
780 560
86 428
687 560
478 560
20 400
401 86
74 560
665 400
339 86
246 400
367 276
214 339
314 276
502 401
477 86
566 314
651 339
100 339
744 780
21 433 574 549 439 539 728 417 430 402 
433 728
417 402
21 439
439 539
574 439
539 402
574 728
433 549
549 430
11 699 57 304 156 575 5 740 556 446 669 135 60 
11 699
57 11
304 699
156 699
575 11
5 575
740 57
556 156
446 11
669 57
135 740
60 740
652 677 629 327 54 151 409 295 359 0 249 703 268 312 582 306 240 293 201 626 212 415 527 226 
652 677
629 677
327 677
54 629
151 677
409 677
295 409
359 295
0 409
249 54
703 359
268 629
312 703
582 703
306 409
240 268
293 0
201 295
626 306
212 582
415 212
527 415
226 0
656 657 289 501 749 342 372 454 726 559 105 345 231 
656 657
289 656
501 657
749 501
342 656
372 501
454 749
726 749
559 726
105 726
345 342
231 105
533 695 557 280 585 157 
557 585
533 695
695 280
585 157
280 585
44 99 71 382 524 383 633 247 8 715 65 696 344 451 596 599 578 232 397 19 39 550 138 90 389 188 10 294 198 782 787 207 112 724 714 82 136 89 388 109 542 12 516 328 773 673 
44 99
71 44
382 99
524 382
383 99
633 44
247 71
8 44
715 44
65 524
696 71
344 99
451 99
596 383
599 383
578 65
232 44
397 715
19 599
39 596
550 451
138 19
90 8
389 550
188 550
10 599
294 397
198 389
782 39
787 65
207 382
112 198
724 715
714 599
82 65
136 715
89 724
388 714
109 388
542 82
12 82
516 787
328 39
773 82
673 389
176 208 122 729 321 239 114 562 686 532 515 561 132 552 25 
176 208
122 176
729 176
321 208
239 208
114 122
562 729
686 208
532 208
515 686
561 122
132 729
552 562
25 552
175 277 68 191 307 139 485 567 458 431 
191 458
175 277
307 139
277 68
68 458
175 307
139 567
139 485
175 431
180 644 759 364 85 348 260 743 234 
85 743
644 759
348 260
644 260
180 644
364 234
180 364
364 743
257 
153 775 124 32 700 659 286 259 517 708 601 752 547 589 709 142 145 69 466 778 308 350 110 315 97 491 736 222 
153 775
124 775
32 124
700 32
659 153
286 775
259 775
517 153
708 153
601 286
752 659
547 32
589 752
709 124
142 709
145 286
69 153
466 32
778 709
308 752
350 708
110 286
315 466
97 601
491 69
736 350
222 466
219 503 464 591 16 463 420 
219 503
503 463
464 463
464 16
464 420
591 420
368 796 
368 796
48 126 604 256 605 325 419 
48 325
605 419
48 256
604 256
126 325
604 419
185 
26 572 177 684 758 23 441 255 720 38 14 594 352 152 131 774 580 529 269 115 244 173 143 149 4 528 130 520 279 56 15 250 205 
26 572
177 572
684 572
758 684
23 758
441 177
255 23
720 441
38 758
14 758
594 255
352 594
152 177
131 152
774 14
580 774
529 758
269 152
115 352
244 758
173 594
143 720
149 244
4 38
528 143
130 580
520 152
279 352
56 580
15 528
250 4
205 143
541 620 140 421 748 646 404 76 658 449 576 129 181 776 475 666 
541 620
140 620
421 541
748 421
646 748
404 748
76 404
658 748
449 541
576 748
129 748
181 576
776 76
475 776
666 181
199 376 
199 376
258 298 116 91 674 320 
258 674
258 298
298 320
298 116
298 91
87 
206 465 648 119 632 103 456 357 
632 456
465 103
206 357
206 119
206 632
465 648
465 119
531 795 637 296 273 332 243 492 643 215 398 622 72 577 171 63 681 161 794 45 
531 795
637 531
296 795
273 531
332 296
243 531
492 795
643 243
215 492
398 492
622 243
72 215
577 531
171 492
63 273
681 243
161 643
794 492
45 161
66 245 797 3 27 745 437 36 495 113 370 790 380 791 625 111 9 159 793 
66 245
797 245
3 245
27 245
745 797
437 745
36 797
495 797
113 745
370 495
790 113
380 36
791 495
625 36
111 495
9 380
159 111
793 159
118 607 338 55 436 509 739 336 
338 336
118 607
436 336
55 336
55 739
436 509
118 338
101 233 586 381 672 58 459 217 434 172 407 310 13 432 70 710 
101 233
586 101
381 233
672 381
58 101
459 101
217 672
434 101
172 586
407 434
310 58
13 407
432 586
70 432
710 172
313 555 565 223 73 543 35 195 197 182 536 78 263 688 108 356 488 
313 555
565 555
223 313
73 313
543 223
35 565
195 565
197 223
182 555
536 35
78 565
263 536
688 182
108 35
356 536
488 73
635 639 595 242 144 481 461 442 373 216 447 154 500 583 706 661 416 455 496 387 210 341 716 649 318 316 34 62 609 768 141 525 94 405 164 568 772 697 160 645 412 450 29 
635 639
595 635
242 635
144 595
481 639
461 635
442 635
373 639
216 595
447 242
154 639
500 144
583 500
706 216
661 639
416 706
455 500
496 706
387 595
210 706
341 216
716 144
649 706
318 716
316 496
34 455
62 500
609 496
768 318
141 609
525 768
94 481
405 34
164 34
568 34
772 216
697 141
160 164
645 34
412 210
450 62
29 609
468 479 538 732 779 203 766 
732 779
468 766
779 203
479 203
468 203
468 538
238 771 305 49 470 474 77 521 638 83 590 660 92 725 690 751 679 200 756 360 237 1 96 50 630 266 288 361 624 291 275 227 
238 771
305 238
49 238
470 771
474 305
77 49
521 238
638 77
83 474
590 638
660 474
92 470
725 470
690 474
751 660
679 77
200 725
756 474
360 200
237 638
1 77
96 470
50 200
630 638
266 751
288 200
361 660
624 266
291 751
275 1
227 96
592 685 52 30 636 746 351 512 18 558 676 285 440 284 230 98 597 631 721 
592 685
52 685
30 685
636 685
746 592
351 636
512 636
18 592
558 52
676 592
285 52
440 30
284 685
230 285
98 746
597 98
631 746
721 558
224 251 347 204 427 608 682 472 663 134 723 228 650 51 104 7 750 395 443 169 788 426 337 311 769 467 530 760 155 225 702 229 377 43 75 
224 251
347 251
204 347
427 224
608 427
682 427
472 682
663 251
134 204
723 427
228 608
650 204
51 134
104 608
7 427
750 608
395 347
443 663
169 347
788 427
426 134
337 723
311 337
769 7
467 311
530 169
760 769
155 769
225 530
702 426
229 769
377 702
43 769
75 702
267 551 324 282 31 403 647 600 330 711 46 220 755 507 67 374 406 761 747 784 757 731 770 168 61 125 438 146 
267 551
324 551
282 551
31 324
403 551
647 267
600 31
330 282
711 647
46 330
220 711
755 220
507 46
67 31
374 67
406 551
761 711
747 600
784 46
757 220
731 330
770 507
168 731
61 374
125 46
438 761
146 168
