? 10 276 367 314 339 428 214 566 651 165 86 
? 10 327 677 652 629 409 54 295 0 359 249 
? 9 390 469 265 235 573 92 590 638 279 
? 9 478 687 74 665 780 560 400 246 20 
? 8 76 646 404 129 748 140 776 421 
? 8 174 411 303 522 103 798 229 465 
? 7 718 781 117 396 508 457 100 
? 7 401 502 477 127 393 445 630 
? 7 541 620 721 658 351 576 512 
? 6 206 357 225 204 650 636 
? 6 757 794 744 755 406 220 
? 6 738 779 766 732 150 364 
? 6 13 434 58 407 489 381 
? 5 101 459 233 586 310 
? 5 647 761 711 438 425 
? 5 510 537 158 64 722 
? 5 596 696 39 782 397 
? 5 212 582 703 415 171 
? 4 185 356 340 237 
? 3 89 724 715 
? 3 107 666 181 
? 3 322 325 487 
!
274 471 534 84 93 514 75 162 183 377 184 702 106 349 272 311 346 337 426 47 678 513 689 610 51 134 467 
274 471
534 274
84 534
93 274
514 534
75 93
162 93
183 514
377 75
184 514
702 377
106 162
349 183
272 349
311 75
346 184
337 311
426 702
47 272
678 346
513 47
689 346
610 47
51 426
134 51
467 311
15 422 763 528 211 227 734 205 540 96 143 360 441 720 266 352 323 191 115 435 391 470 
15 422
763 15
528 15
211 763
227 211
734 227
205 528
540 211
96 227
143 205
360 96
441 528
720 441
266 205
352 441
323 540
191 734
115 352
435 205
391 323
470 360
24 523 302 494 557 695 664 538 615 585 694 704 765 213 157 479 468 203 612 
24 523
302 24
494 302
557 523
695 557
664 695
538 695
615 664
585 538
694 615
704 302
765 704
213 585
157 213
479 694
468 479
203 479
612 213
322 325 487 
322 487
322 325
212 582 703 415 171 
212 582
415 171
582 703
582 171
13 434 58 407 489 381 
407 489
13 489
13 381
58 381
13 434
107 666 181 
107 181
107 666
478 687 74 665 780 560 400 246 20 
478 687
560 246
478 20
560 400
478 560
687 780
74 780
665 246
185 356 340 237 
356 340
185 356
340 237
4 529 14 38 130 250 591 26 342 572 345 70 440 30 177 432 284 309 172 
4 529
14 4
38 14
130 4
250 529
591 250
26 38
342 591
572 26
345 342
70 342
440 345
30 440
177 572
432 70
284 30
309 440
172 432
738 779 766 732 150 364 
779 732
738 779
150 364
732 364
738 766
402 417 
402 417
735 
293 785 
293 785
679 690 1 521 49 275 707 6 197 77 488 548 
679 690
1 679
521 1
49 521
275 1
707 1
6 707
197 690
77 521
488 707
548 488
596 696 39 782 397 
596 39
696 39
596 397
39 782
672 
78 555 313 565 73 195 543 35 223 263 536 
78 555
313 78
565 78
73 313
195 565
543 73
35 195
223 73
263 35
536 35
475 
124 259 222 466 315 525 450 486 94 97 701 62 167 593 499 193 358 481 799 583 500 455 662 270 680 194 581 
124 259
222 259
466 222
315 466
525 124
450 525
486 466
94 525
97 450
701 486
62 450
167 486
593 701
499 167
193 593
358 193
481 525
799 358
583 62
500 583
455 500
662 499
270 662
680 662
194 680
581 97
510 537 158 64 722 
64 722
158 64
537 158
510 158
394 626 545 490 81 306 379 584 136 226 151 218 294 
394 626
545 626
490 394
81 545
306 394
379 545
584 379
136 490
226 306
151 306
218 81
294 136
65 578 344 524 787 382 516 633 451 99 614 389 247 8 44 198 133 37 188 550 232 673 71 482 424 
65 578
344 578
524 344
787 65
382 524
516 787
633 344
451 382
99 382
614 787
389 451
247 99
8 633
44 247
198 389
133 198
37 614
188 198
550 188
232 8
673 37
71 232
482 614
424 673
29 671 
29 671
89 724 715 
724 715
89 715
647 761 711 438 425 
647 761
711 425
711 438
761 425
101 459 233 586 310 
101 586
233 586
101 459
101 310
386 
350 708 736 659 348 759 145 589 752 286 260 517 644 85 617 262 153 546 308 775 180 278 601 363 110 333 764 547 334 700 32 
350 708
736 708
659 350
348 736
759 736
145 659
589 145
752 589
286 659
260 348
517 286
644 759
85 589
617 260
262 617
153 145
546 617
308 752
775 153
180 644
278 85
601 286
363 546
110 601
333 278
764 363
547 308
334 262
700 775
32 700
444 692 399 693 202 190 271 691 17 378 163 362 355 554 544 559 108 192 264 710 655 166 217 
444 692
399 444
693 692
202 693
190 399
271 693
691 693
17 190
378 190
163 17
362 163
355 691
554 271
544 691
559 544
108 378
192 554
264 108
710 355
655 362
166 655
217 192
327 677 652 629 409 54 295 0 359 249 
677 652
629 54
54 359
54 249
409 0
652 359
327 652
677 409
295 249
83 751 291 660 624 474 392 238 628 361 305 756 771 
83 751
291 751
660 291
624 751
474 660
392 624
238 474
628 392
361 291
305 238
756 474
771 238
98 676 631 634 420 746 597 762 52 230 18 558 285 16 463 449 592 685 95 317 464 632 119 128 
98 676
631 98
634 98
420 634
746 676
597 634
762 420
52 746
230 746
18 746
558 230
285 230
16 762
463 16
449 558
592 18
685 592
95 762
317 95
464 463
632 464
119 632
128 632
160 164 750 645 405 155 34 43 568 224 443 723 648 
160 164
750 164
645 160
405 645
155 164
34 645
43 155
568 34
224 750
443 224
723 224
648 43
757 794 744 755 406 220 
406 220
794 220
755 220
744 755
757 755
80 371 767 483 786 22 79 733 178 713 179 535 287 777 384 640 53 297 606 33 375 354 147 137 697 59 683 768 41 87 753 778 654 675 716 709 329 318 491 142 326 376 641 69 453 619 
80 371
767 371
483 371
786 767
22 767
79 483
733 483
178 733
713 79
179 786
535 178
287 733
777 22
384 22
640 733
53 777
297 777
606 640
33 640
375 179
354 287
147 384
137 297
697 137
59 697
683 354
768 53
41 33
87 41
753 683
778 606
654 683
675 375
716 768
709 778
329 654
318 716
491 709
142 491
326 753
376 675
641 147
69 142
453 654
619 641
68 277 175 431 567 200 50 201 139 458 307 485 199 725 312 
68 277
175 277
431 175
567 431
200 175
50 200
201 68
139 50
458 201
307 431
485 139
199 201
725 50
312 567
276 367 314 339 428 214 566 651 165 86 
214 86
428 86
276 428
314 165
339 651
367 314
367 651
566 165
214 651
390 469 265 235 573 92 590 638 279 
235 573
390 469
390 92
92 590
590 638
573 92
469 265
390 279
369 
299 452 301 670 462 414 209 55 792 705 739 28 343 588 365 688 338 182 569 698 2 331 120 506 509 436 221 336 
299 452
301 299
670 301
462 452
414 452
209 462
55 414
792 462
705 792
739 55
28 209
343 28
588 705
365 588
688 739
338 414
182 688
569 28
698 343
2 698
331 698
120 331
506 2
509 338
436 509
221 569
336 509
541 620 721 658 351 576 512 
541 721
620 721
541 658
658 576
541 512
351 512
257 368 
257 368
401 502 477 127 393 445 630 
401 502
477 127
502 393
401 477
393 630
393 445
288 
132 419 187 552 605 562 623 321 532 729 176 789 208 25 686 515 126 604 48 122 239 234 123 621 561 563 256 448 114 603 743 385 727 
132 419
187 419
552 132
605 132
562 552
623 562
321 187
532 321
729 623
176 729
789 623
208 176
25 623
686 532
515 686
126 515
604 126
48 126
122 176
239 686
234 122
123 48
621 234
561 234
563 123
256 604
448 234
114 448
603 563
743 561
385 621
727 563
104 169 472 788 682 228 427 395 7 663 608 760 530 769 347 251 
104 169
472 169
788 104
682 104
228 682
427 228
395 472
7 228
663 427
608 427
760 788
530 760
769 760
347 395
251 347
21 728 
21 728
206 357 225 204 650 636 
206 357
225 204
204 650
357 225
206 636
112 
174 411 303 522 103 798 229 465 
522 798
103 798
103 465
174 411
229 465
174 229
303 229
241 252 564 88 642 484 196 189 668 730 423 148 413 102 480 328 533 616 280 737 
241 252
564 241
88 252
642 88
484 88
196 88
189 196
668 196
730 189
423 730
148 668
413 730
102 148
480 423
328 102
533 413
616 413
280 533
737 616
243 622 577 72 332 637 273 531 215 63 795 296 492 527 240 67 398 796 268 
243 622
577 243
72 577
332 72
637 332
273 637
531 637
215 72
63 273
795 531
296 795
492 215
527 296
240 531
67 215
398 492
796 63
268 240
76 646 404 129 748 140 776 421 
76 140
404 748
748 421
76 646
404 140
129 748
776 421
319 618 283 497 504 366 473 40 607 410 553 118 498 511 248 476 
319 618
283 618
497 319
504 497
366 618
473 366
40 473
607 319
410 473
553 283
118 553
498 40
511 498
248 498
476 248
11 446 699 575 304 556 156 669 186 430 518 549 754 574 433 539 439 
11 446
699 11
575 11
304 699
556 304
156 556
669 11
186 669
430 186
518 575
549 430
754 430
574 549
433 574
539 433
439 433
27 745 437 113 770 36 797 125 66 245 507 61 625 3 46 168 784 146 45 790 380 9 161 403 330 495 282 600 374 653 370 731 791 31 681 111 159 324 551 643 267 747 793 
27 745
437 745
113 27
770 437
36 745
797 113
125 770
66 797
245 66
507 770
61 245
625 125
3 61
46 507
168 625
784 46
146 168
45 61
790 36
380 790
9 380
161 45
403 784
330 403
495 9
282 403
600 282
374 600
653 146
370 495
731 653
791 495
31 600
681 374
111 9
159 111
324 31
551 324
643 161
267 551
747 267
793 791
718 781 117 396 508 457 100 
718 781
457 100
117 396
718 100
718 396
781 508
587 598 717 712 335 281 714 10 667 408 611 599 388 783 613 19 505 300 138 519 290 742 418 254 207 741 253 109 383 90 773 12 
587 598
717 587
712 598
335 717
281 712
714 587
10 717
667 335
408 281
611 667
599 714
388 714
783 335
613 408
19 599
505 613
300 667
138 19
519 505
290 613
742 613
418 290
254 418
207 10
741 254
253 783
109 741
383 19
90 207
773 207
12 773
372 454 726 105 749 501 520 231 56 289 657 131 152 656 493 269 580 353 774 
372 454
726 454
105 454
749 726
501 749
520 726
231 520
56 501
289 56
657 289
131 520
152 131
656 657
493 231
269 152
580 56
353 493
774 580
210 416 706 412 649 149 216 442 154 496 219 341 635 594 255 173 595 639 23 242 447 316 461 661 772 141 503 609 684 373 244 456 387 144 758 
210 416
706 210
412 416
649 706
149 412
216 416
442 216
154 442
496 649
219 149
341 216
635 154
594 649
255 594
173 594
595 635
639 635
23 255
242 595
447 242
316 496
461 447
661 242
772 341
141 316
503 219
609 141
684 255
373 661
244 503
456 219
387 461
144 373
758 23
429 627 261 121 719 292 571 91 116 298 42 320 526 60 674 258 740 170 602 460 82 570 57 579 236 135 542 5 
429 627
261 627
121 261
719 429
292 719
571 719
91 292
116 91
298 116
42 571
320 298
526 91
60 526
674 298
258 674
740 60
170 42
602 526
460 602
82 674
570 170
57 740
579 570
236 602
135 57
542 82
5 135
