? 10 399 444 378 190 17 163 362 573 655 223 
? 10 15 763 422 323 675 279 375 713 171 197 
? 9 538 695 615 533 468 557 280 585 479 
? 9 322 689 325 487 256 603 610 123 515 
? 8 738 779 766 732 114 203 612 150 
? 8 433 574 539 439 549 304 430 556 
? 7 12 773 258 298 674 542 320 
? 7 103 648 465 128 522 206 303 
? 7 16 632 119 456 762 463 597 
? 6 13 407 489 434 459 107 
? 6 219 503 250 420 464 357 
? 6 6 393 336 548 707 488 
? 6 98 746 230 631 634 95 
? 5 33 41 733 354 640 
? 5 37 482 669 368 186 
? 5 239 364 743 532 126 
? 5 174 411 317 30 284 
? 5 157 213 694 664 448 
? 4 69 491 142 110 
? 3 683 753 326 
? 3 604 735 234 
? 3 194 523 270 
!
541 620 140 421 748 404 76 721 646 658 351 129 576 512 285 636 449 592 181 558 685 18 776 666 52 475 676 
541 620
140 620
421 620
748 421
404 748
76 404
721 748
646 748
658 748
351 658
129 748
576 748
512 351
285 721
636 351
449 285
592 636
181 658
558 285
685 592
18 592
776 129
666 181
52 685
475 776
676 592
28 343 698 506 569 120 2 365 331 462 588 221 209 705 414 511 445 792 452 301 366 299 
28 343
698 343
506 698
569 506
120 698
2 506
365 343
331 698
462 28
588 120
221 28
209 506
705 120
414 343
511 569
445 28
792 705
452 414
301 452
366 698
299 452
469 493 390 353 392 435 628 205 105 265 235 166 544 726 361 749 372 454 559 
469 493
390 469
353 493
392 469
435 390
628 435
205 390
105 493
265 392
235 392
166 235
544 105
726 105
361 392
749 726
372 544
454 726
559 544
194 523 270 
194 270
194 523
157 213 694 664 448 
157 664
157 213
694 448
694 664
98 746 230 631 634 95 
98 634
746 631
98 746
230 634
230 95
604 735 234 
604 735
604 234
322 689 325 487 256 603 610 123 515 
322 487
325 610
256 123
325 256
603 610
603 515
322 689
322 325
69 491 142 110 
491 110
142 110
69 142
111 159 417 9 380 790 495 402 728 797 791 793 36 21 245 370 745 66 257 
111 159
417 159
9 417
380 159
790 111
495 111
402 417
728 417
797 495
791 495
793 495
36 797
21 728
245 797
370 495
745 797
66 245
257 21
6 393 336 548 707 488 
707 488
6 707
6 393
6 548
336 548
75 363 
75 363
796 
156 754 
156 754
158 510 537 653 625 665 410 40 473 246 504 497 
158 510
537 510
653 537
625 653
665 158
410 158
40 410
473 40
246 665
504 40
497 504
174 411 317 30 284 
174 411
411 317
30 284
317 30
739 
118 607 553 618 319 283 670 509 338 55 436 
118 607
553 118
618 607
319 618
283 618
670 553
509 670
338 509
55 670
436 509
637 
652 677 327 629 54 295 409 151 359 0 703 249 226 201 312 306 240 527 582 212 268 293 795 376 199 415 531 
652 677
327 677
629 677
54 629
295 677
409 295
151 652
359 295
0 409
703 359
249 54
226 0
201 295
312 703
306 0
240 249
527 249
582 703
212 582
268 240
293 0
795 527
376 293
199 201
415 212
531 795
239 364 743 532 126 
239 532
239 126
364 743
239 364
175 277 191 68 307 485 431 458 211 734 567 540 785 
175 277
191 277
68 277
307 175
485 307
431 175
458 191
211 191
734 211
567 485
540 211
785 540
236 602 460 518 579 526 570 170 60 5 740 575 369 446 11 57 135 42 571 116 699 719 292 91 429 
236 602
460 602
518 602
579 460
526 602
570 579
170 579
60 526
5 526
740 5
575 5
369 570
446 575
11 5
57 740
135 57
42 170
571 42
116 571
699 11
719 571
292 571
91 719
429 571
424 673 
424 673
683 753 326 
753 326
683 753
37 482 669 368 186 
37 186
482 186
482 669
37 368
33 41 733 354 640 
33 640
354 640
733 354
33 41
386 
505 519 252 281 408 241 613 564 712 742 290 88 587 335 484 783 598 418 253 717 642 667 121 189 611 261 254 668 300 102 627 
505 519
252 519
281 505
408 505
241 252
613 519
564 241
712 408
742 241
290 252
88 241
587 408
335 712
484 88
783 335
598 712
418 484
253 783
717 335
642 88
667 335
121 253
189 88
611 667
261 121
254 484
668 189
300 611
102 254
627 121
53 297 59 137 697 777 786 384 80 767 535 371 22 178 641 619 671 147 483 606 79 179 391 
53 297
59 297
137 297
697 59
777 53
786 53
384 697
80 786
767 786
535 80
371 80
22 297
178 535
641 137
619 641
671 619
147 619
483 80
606 178
79 483
179 786
391 619
15 763 422 323 675 279 375 713 171 197 
375 713
15 422
15 763
675 375
763 323
323 675
323 279
15 171
422 197
86 428 400 560 367 401 502 687 74 127 477 780 478 
86 428
400 428
560 400
367 428
401 428
502 428
687 560
74 560
127 502
477 502
780 560
478 400
315 466 547 32 308 222 701 700 752 124 775 589 778 259 358 709 659 486 278 87 153 193 799 85 
315 466
547 466
32 466
308 315
222 466
701 315
700 32
752 308
124 32
775 32
589 752
778 124
259 700
358 701
709 778
659 752
486 466
278 308
87 709
153 775
193 701
799 701
85 308
656 657 289 56 70 432 342 591 345 310 309 691 440 
656 657
289 656
56 657
70 656
432 289
342 70
591 342
345 342
310 70
309 310
691 657
440 342
219 503 250 420 464 357 
219 503
250 420
464 357
503 250
219 357
635 639 595 242 481 216 144 461 154 447 373 442 661 500 706 583 772 387 496 455 210 416 318 341 649 768 34 609 141 62 525 412 716 94 405 316 164 568 645 160 173 149 97 450 29 155 
635 639
595 635
242 595
481 639
216 595
144 595
461 635
154 635
447 595
373 639
442 154
661 595
500 144
706 154
583 500
772 461
387 595
496 706
455 500
210 706
416 706
318 481
341 216
649 706
768 318
34 144
609 496
141 609
62 500
525 481
412 210
716 318
94 62
405 34
316 609
164 34
568 500
645 164
160 645
173 141
149 210
97 62
450 97
29 609
155 164
161 643 3 243 622 332 215 273 577 63 72 437 770 27 492 
161 643
3 161
243 643
622 643
332 643
215 332
273 243
577 161
63 273
72 643
437 3
770 437
27 437
492 215
399 444 378 190 17 163 362 573 655 223 
378 190
190 362
399 444
399 362
17 163
190 655
163 362
655 223
573 223
538 695 615 533 468 557 280 585 479 
557 585
557 479
538 585
615 585
695 533
695 280
615 280
468 557
287 
704 765 584 379 148 545 480 218 302 423 494 81 453 499 737 167 662 741 329 413 654 680 616 730 394 24 626 490 
704 765
584 765
379 584
148 704
545 584
480 765
218 379
302 704
423 148
494 302
81 584
453 584
499 494
737 494
167 499
662 494
741 218
329 167
413 423
654 453
680 494
616 413
730 616
394 654
24 616
626 545
490 626
16 632 119 456 762 463 597 
762 597
632 456
632 463
119 456
762 463
16 119
296 398 
296 398
103 648 465 128 522 206 303 
128 303
103 465
103 522
648 522
128 206
465 128
196 
238 771 305 49 474 77 590 83 638 470 660 92 725 521 275 360 751 96 50 690 679 266 200 1 756 630 291 624 288 139 237 20 227 
238 771
305 238
49 305
474 238
77 771
590 771
83 771
638 77
470 238
660 474
92 470
725 590
521 49
275 238
360 92
751 660
96 470
50 725
690 305
679 521
266 751
200 590
1 77
756 1
630 1
291 751
624 266
288 725
139 725
237 638
20 630
227 360
192 217 554 233 101 381 271 355 202 586 672 710 172 693 692 58 
192 217
554 192
233 217
101 233
381 233
271 554
355 271
202 271
586 101
672 381
710 586
172 586
693 202
692 693
58 101
333 593 
333 593
13 407 489 434 459 107 
407 489
13 489
407 459
459 107
13 434
112 
433 574 539 439 549 304 430 556 
539 439
574 439
433 439
433 549
304 430
304 556
549 304
718 781 248 651 100 165 508 457 117 339 396 566 476 722 64 498 276 314 214 425 
718 781
248 781
651 718
100 651
165 718
508 781
457 781
117 781
339 100
396 781
566 165
476 718
722 651
64 476
498 248
276 339
314 566
214 339
425 722
552 562 623 419 789 605 25 729 132 176 321 686 187 208 385 122 621 48 561 
552 562
623 552
419 552
789 562
605 562
25 789
729 25
132 562
176 729
321 176
686 176
187 605
208 176
385 25
122 176
621 321
48 208
561 122
738 779 766 732 114 203 612 150 
766 612
732 114
779 114
738 779
203 150
779 203
766 203
350 736 708 759 348 644 286 517 764 180 262 260 145 617 546 601 
350 736
708 350
759 736
348 350
644 736
286 350
517 350
764 350
180 644
262 350
260 350
145 350
617 262
546 260
601 286
35 536 340 356 263 264 185 565 555 195 108 78 688 313 543 73 182 
35 536
340 536
356 536
263 356
264 340
185 356
565 35
555 565
195 35
108 35
78 565
688 565
313 555
543 313
73 543
182 555
44 99 382 71 524 383 596 247 65 715 8 599 578 19 633 232 344 39 451 696 138 397 90 550 787 389 188 782 724 328 294 207 10 136 714 82 198 516 109 89 388 614 133 
44 99
382 99
71 44
524 382
383 99
596 44
247 44
65 524
715 99
8 44
599 383
578 524
19 599
633 578
232 71
344 65
39 596
451 99
696 247
138 596
397 715
90 8
550 247
787 65
389 550
188 550
782 39
724 550
328 782
294 715
207 524
10 599
136 397
714 10
82 578
198 389
516 82
109 782
89 294
388 109
614 787
133 198
12 773 258 298 674 542 320 
258 674
12 773
773 674
12 320
12 298
773 542
324 551 267 31 282 67 46 600 330 647 755 374 403 507 406 711 220 784 731 125 761 747 757 168 794 681 744 45 113 146 61 438 
324 551
267 551
31 324
282 551
67 324
46 282
600 31
330 46
647 267
755 647
374 67
403 330
507 46
406 267
711 647
220 755
784 507
731 330
125 46
761 755
747 330
757 374
168 330
794 31
681 374
744 67
45 374
113 46
146 168
61 45
438 755
184 514 534 272 183 471 162 513 84 334 274 47 678 106 346 349 93 727 563 
184 514
534 514
272 184
183 184
471 514
162 534
513 272
84 534
334 514
274 534
47 514
678 47
106 274
346 678
349 272
93 534
727 513
563 513
251 347 224 204 134 395 608 723 650 169 427 682 472 51 663 104 443 750 7 788 228 426 530 760 225 769 337 311 467 377 798 702 229 43 581 
251 347
224 251
204 347
134 347
395 251
608 224
723 347
650 251
169 251
427 608
682 608
472 224
51 134
663 608
104 682
443 251
750 608
7 427
788 224
228 682
426 51
530 472
760 530
225 530
769 7
337 134
311 337
467 311
377 51
798 530
702 426
229 798
43 769
581 467
26 572 684 177 758 38 23 441 352 720 14 269 255 594 131 529 152 115 244 580 774 4 528 143 520 130 501 231 
26 572
684 26
177 572
758 684
38 758
23 684
441 177
352 572
720 441
14 758
269 572
255 684
594 684
131 269
529 572
152 269
115 352
244 758
580 131
774 580
4 758
528 720
143 528
520 152
130 14
501 520
231 520
