? 10 33 535 87 178 483 606 778 41 733 79 
? 10 369 570 170 579 42 518 460 571 91 719 
? 9 189 730 616 196 533 280 695 585 157 
? 9 390 469 493 435 392 205 628 235 105 
? 8 12 773 258 611 298 300 674 116 
? 8 400 560 687 780 478 20 74 502 
? 7 119 206 465 632 357 128 464 
? 7 122 561 114 234 732 448 203 
? 7 118 607 504 336 436 509 401 
? 6 180 644 759 348 260 743 
? 6 766 779 385 738 468 612 
? 6 197 361 166 548 488 707 
? 6 426 702 311 546 363 764 
? 5 103 303 174 411 798 
? 5 179 375 713 753 675 
? 5 292 627 261 429 320 
? 5 95 317 230 685 219 
? 5 246 386 393 113 6 
? 4 322 487 735 617 
? 3 342 440 284 
? 3 37 614 133 
? 3 287 640 354 
!
701 799 193 358 593 308 615 694 278 315 664 466 547 333 194 752 85 486 557 150 270 538 222 479 364 523 32 
701 799
193 701
358 799
593 799
308 701
615 799
694 799
278 308
315 308
664 615
466 315
547 466
333 193
194 701
752 308
85 333
486 315
557 615
150 694
270 701
538 615
222 308
479 150
364 150
523 194
32 315
505 519 408 252 742 281 712 241 613 587 598 88 564 253 290 783 484 335 642 717 667 121 
505 519
408 519
252 519
742 519
281 519
712 505
241 519
613 742
587 712
598 712
88 241
564 241
253 505
290 252
783 253
484 88
335 587
642 88
717 281
667 335
121 253
153 775 700 124 601 286 110 517 589 350 708 709 491 145 69 97 659 259 736 
153 775
700 153
124 153
601 153
286 601
110 775
517 775
589 153
350 286
708 350
709 124
491 124
145 700
69 491
97 601
659 145
259 700
736 350
287 640 354 
287 640
640 354
246 386 393 113 6 
393 6
246 386
246 393
386 113
426 702 311 546 363 764 
426 702
546 764
546 363
702 311
311 764
37 614 133 
37 133
37 614
390 469 493 435 392 205 628 235 105 
390 205
392 235
435 205
469 493
390 469
493 392
628 105
628 235
322 487 735 617 
322 487
487 735
322 617
475 776 181 13 434 489 407 107 58 309 381 666 310 672 233 101 30 459 345 
475 776
181 475
13 475
434 13
489 181
407 13
107 407
58 13
309 107
381 13
666 107
310 489
672 381
233 381
101 233
30 107
459 407
345 30
197 361 166 548 488 707 
488 707
197 707
361 488
197 166
548 707
326 683 
326 683
749 
793 796 
793 796
245 797 66 161 770 3 380 36 790 495 745 27 
245 797
66 245
161 245
770 797
3 66
380 797
36 797
790 797
495 3
745 36
27 745
95 317 230 685 219 
95 317
317 230
230 685
230 219
653 
289 656 657 710 56 70 172 432 586 454 130 
289 656
657 656
710 289
56 657
70 656
172 656
432 172
586 172
454 289
130 656
265 
248 781 718 651 100 476 508 165 64 117 339 396 457 722 314 410 367 214 566 158 276 425 86 428 477 497 537 
248 781
718 781
651 718
100 651
476 781
508 718
165 651
64 248
117 248
339 100
396 718
457 100
722 165
314 165
410 248
367 339
214 339
566 314
158 64
276 339
425 158
86 339
428 86
477 86
497 410
537 158
292 627 261 429 320 
261 429
429 320
292 627
627 261
552 562 25 419 605 789 623 729 176 321 132 208 621 
552 562
25 562
419 552
605 552
789 562
623 562
729 25
176 729
321 729
132 419
208 176
621 25
531 795 527 240 296 243 249 415 273 72 332 492 637 54 643 629 622 577 268 63 171 703 359 212 398 
531 795
527 795
240 531
296 795
243 531
249 527
415 527
273 243
72 531
332 531
492 415
637 531
54 249
643 243
629 54
622 643
577 643
268 240
63 273
171 415
703 54
359 703
212 703
398 171
250 591 
250 591
342 440 284 
342 284
342 440
179 375 713 753 675 
375 713
179 675
179 375
375 753
103 303 174 411 798 
103 798
174 411
103 174
303 174
217 
238 771 470 92 474 305 49 77 638 660 590 679 751 360 690 725 521 275 83 266 756 237 200 96 624 1 50 630 288 291 485 
238 771
470 771
92 470
474 238
305 238
49 238
77 49
638 77
660 474
590 470
679 474
751 660
360 470
690 660
725 590
521 638
275 77
83 751
266 751
756 474
237 638
200 725
96 92
624 751
1 756
50 200
630 638
288 50
291 660
485 590
21 433 574 439 549 728 417 539 402 754 159 304 257 430 186 111 424 156 9 556 482 368 673 
21 433
574 433
439 21
549 433
728 574
417 21
539 574
402 417
754 549
159 417
304 549
257 402
430 549
186 549
111 159
424 402
156 304
9 159
556 156
482 430
368 424
673 482
369 570 170 579 42 518 460 571 91 719 
579 460
170 518
571 719
369 518
369 570
570 42
571 91
170 579
42 719
98 597 420 631 52 676 634 456 18 16 503 762 463 
98 597
420 597
631 597
52 98
676 98
634 597
456 597
18 98
16 456
503 597
762 16
463 16
356 536 340 263 35 565 185 264 195 555 313 688 543 78 108 182 73 739 655 223 378 190 55 573 
356 536
340 536
263 356
35 340
565 35
185 340
264 340
195 35
555 565
313 555
688 565
543 313
78 565
108 35
182 555
73 555
739 688
655 543
223 313
378 655
190 378
55 739
573 655
11 699 575 5 57 740 446 669 60 526 602 135 236 
11 699
575 11
5 11
57 5
740 57
446 11
669 11
60 740
526 740
602 526
135 57
236 602
766 779 385 738 468 612 
779 385
766 612
468 612
385 738
766 738
635 639 595 242 144 481 442 216 447 154 373 387 461 500 661 706 416 496 583 210 94 772 318 455 316 34 609 341 768 62 716 525 141 568 649 645 173 160 412 142 450 29 155 164 594 53 
635 639
595 635
242 635
144 639
481 639
442 635
216 595
447 595
154 635
373 447
387 447
461 595
500 144
661 595
706 216
416 706
496 706
583 144
210 706
94 144
772 216
318 481
455 500
316 496
34 242
609 496
341 242
768 318
62 500
716 768
525 768
141 609
568 500
649 706
645 34
173 649
160 645
412 706
142 525
450 62
29 141
155 160
164 160
594 173
53 768
399 444 693 692 202 271 691 163 17 362 355 554 544 559 192 
399 444
693 444
692 399
202 399
271 202
691 271
163 691
17 163
362 163
355 163
554 271
544 163
559 544
192 554
33 535 87 178 483 606 778 41 733 79 
606 41
778 41
87 606
535 483
33 483
535 178
483 79
535 778
33 733
189 730 616 196 533 280 695 585 157 
616 695
616 533
280 695
189 730
585 157
280 585
730 616
189 196
213 
26 572 177 684 758 255 23 720 38 441 774 14 529 352 152 131 269 580 244 231 115 4 353 528 501 520 143 279 
26 572
177 572
684 26
758 26
255 684
23 758
720 572
38 758
441 177
774 38
14 758
529 758
352 441
152 177
131 152
269 152
580 774
244 758
231 152
115 720
4 580
353 231
528 720
501 152
520 152
143 528
279 115
118 607 504 336 436 509 401 
118 607
436 401
118 504
336 436
509 401
504 336
370 791 
370 791
122 561 114 234 732 448 203 
561 234
122 561
114 732
448 203
122 732
114 448
149 
427 608 7 224 104 682 251 228 750 472 169 663 723 347 788 769 204 760 530 395 43 443 650 405 134 648 51 225 467 337 229 522 581 
427 608
7 427
224 608
104 427
682 427
251 224
228 7
750 7
472 104
169 427
663 427
723 224
347 251
788 472
769 7
204 347
760 769
530 760
395 224
43 769
443 224
650 347
405 750
134 204
648 769
51 204
225 760
467 750
337 134
229 648
522 225
581 467
59 297 137 697 384 777 641 619 767 786 671 391 147 371 80 22 
59 297
137 59
697 59
384 297
777 297
641 137
619 641
767 777
786 767
671 619
391 619
147 641
371 767
80 767
22 777
372 726 
372 726
180 644 759 348 260 743 
644 759
348 260
644 260
180 644
180 743
125 
400 560 687 780 478 20 74 502 
687 478
478 20
400 560
560 478
687 780
400 502
780 74
541 620 140 421 748 721 404 658 646 76 576 351 449 129 285 592 636 512 558 746 
541 620
140 541
421 620
748 421
721 620
404 140
658 140
646 404
76 404
576 748
351 576
449 721
129 748
285 449
592 351
636 351
512 351
558 285
746 285
652 677 151 409 327 295 0 312 199 201 490 226 306 582 394 293 376 458 431 
652 677
151 652
409 677
327 652
295 409
0 409
312 295
199 295
201 295
490 652
226 0
306 0
582 312
394 306
293 0
376 293
458 293
431 582
12 773 258 611 298 300 674 116 
258 674
12 773
773 674
773 300
611 300
12 298
298 116
175 277 191 68 307 139 567 734 211 540 227 785 15 763 323 422 
175 277
191 277
68 191
307 175
139 175
567 175
734 68
211 191
540 211
227 211
785 540
15 227
763 211
323 785
422 227
184 514 534 183 272 162 84 106 334 349 93 274 471 262 75 689 377 
184 514
534 514
183 514
272 184
162 514
84 534
106 183
334 272
349 184
93 534
274 534
471 274
262 334
75 534
689 84
377 274
44 99 71 382 524 247 383 578 596 397 19 65 715 90 8 39 344 451 696 232 633 550 599 782 389 188 138 724 787 136 89 516 207 82 198 10 714 112 294 109 328 388 542 
44 99
71 44
382 99
524 99
247 99
383 71
578 382
596 383
397 44
19 383
65 578
715 44
90 44
8 524
39 71
344 382
451 382
696 39
232 8
633 524
550 99
599 383
782 39
389 550
188 550
138 383
724 550
787 65
136 397
89 724
516 787
207 578
82 516
198 389
10 599
714 599
112 389
294 89
109 782
328 109
388 109
542 787
119 206 465 632 357 128 464 
206 357
119 206
128 464
206 632
119 128
465 128
28 343 506 698 569 2 588 120 462 331 221 365 209 705 452 445 792 338 511 301 366 40 283 299 127 414 618 473 319 553 498 670 
28 343
506 343
698 343
569 28
2 343
588 28
120 698
462 28
331 120
221 569
365 331
209 343
705 462
452 343
445 28
792 705
338 445
511 506
301 452
366 511
40 366
283 366
299 301
127 511
414 209
618 366
473 366
319 618
553 618
498 40
670 301
563 603 123 515 48 727 126 513 686 678 325 256 532 610 47 604 239 346 187 
563 603
123 603
515 603
48 563
727 603
126 515
513 727
686 515
678 603
325 123
256 126
532 686
610 678
47 513
604 256
239 686
346 678
187 515
267 324 551 31 282 761 647 600 711 374 67 330 46 755 794 507 784 747 403 220 665 731 406 681 757 168 744 45 438 61 146 625 510 215 437 
267 324
551 267
31 267
282 551
761 267
647 761
600 31
711 647
374 31
67 374
330 282
46 330
755 647
794 324
507 46
784 46
747 761
403 46
220 755
665 267
731 330
406 31
681 67
757 67
168 330
744 794
45 374
438 711
61 507
146 168
625 146
510 711
215 67
437 46
704 765 584 379 480 545 218 102 737 148 453 494 81 302 423 668 167 741 662 499 329 654 254 626 680 418 413 24 
704 765
584 704
379 584
480 765
545 379
218 584
102 704
737 765
148 102
453 379
494 737
81 545
302 494
423 148
668 148
167 494
741 102
662 494
499 167
329 453
654 453
254 102
626 545
680 494
418 741
413 668
24 680
