? 8 303 644 103 375 665 792 508 208 
? 8 401 450 593 652 510 650 30 399 
? 8 151 653 109 244 98 392 123 435 
? 8 187 427 129 729 225 496 224 50 
? 8 81 145 69 223 646 447 466 615 
? 7 403 482 112 239 745 195 445 
? 7 14 325 760 773 135 405 352 
? 7 197 284 226 520 218 477 383 
? 7 17 309 94 649 532 142 384 
? 7 507 776 177 567 744 478 551 
? 7 353 614 672 116 354 454 602 
? 7 250 740 400 423 483 236 390 
? 6 421 564 798 161 21 110 
? 6 276 300 340 505 304 563 
? 6 550 607 686 540 62 645 
? 6 96 434 472 743 458 48 
? 6 178 336 32 549 780 319 
? 5 292 706 464 322 554 
? 5 162 474 453 77 770 
? 5 441 635 38 759 494 
? 5 176 716 227 448 8 
? 5 108 442 114 619 170 
? 5 25 536 728 462 122 
? 5 24 82 160 409 115 
? 5 419 751 27 254 623 
? 5 89 194 364 578 533 
? 4 616 634 797 70 
? 4 209 262 476 374 
? 4 233 428 138 59 
? 4 618 690 538 280 
? 4 499 617 629 766 
? 4 333 502 3 58 
? 4 207 460 125 749 
? 3 219 752 654 
? 3 7 418 710 
? 3 133 433 134 
? 3 397 608 544 
!
397 608 544 
397 608
608 544
250 740 400 423 483 236 390 
400 423
250 423
250 740
483 390
400 236
740 390
207 460 125 749 
460 125
460 749
207 460
217 548 503 555 216 237 287 696 633 104 455 181 
217 548
503 217
555 548
216 217
237 217
287 548
696 217
633 548
104 548
455 696
181 217
391 788 288 257 440 703 514 601 93 44 283 205 6 407 684 420 417 480 362 422 248 627 769 220 381 
391 788
288 391
257 391
440 788
703 788
514 788
601 788
93 788
44 514
283 788
205 391
6 788
407 601
684 703
420 684
417 684
480 417
362 440
422 362
248 480
627 417
769 362
220 248
381 627
119 589 663 200 315 595 753 192 306 268 369 439 64 566 88 40 127 
119 589
663 119
200 589
315 663
595 119
753 595
192 753
306 753
268 589
369 589
439 268
64 439
566 663
88 439
40 119
127 663
89 194 364 578 533 
578 533
89 194
89 364
364 578
353 614 672 116 354 454 602 
353 602
116 454
614 354
116 602
614 454
672 602
201 255 337 590 243 735 687 180 5 783 343 574 313 193 367 91 349 206 487 638 191 51 573 26 560 705 235 426 
201 255
337 255
590 201
243 255
735 255
687 243
180 201
5 201
783 5
343 201
574 201
313 590
193 255
367 313
91 313
349 783
206 367
487 590
638 180
191 337
51 206
573 243
26 590
560 180
705 560
235 687
426 235
419 751 27 254 623 
419 623
254 623
751 27
419 27
385 714 37 167 19 504 298 622 575 429 461 238 581 329 468 718 
385 714
37 385
167 714
19 385
504 714
298 385
622 714
575 622
429 622
461 19
238 504
581 429
329 19
468 429
718 581
333 502 3 58 
502 3
333 3
502 58
24 82 160 409 115 
24 82
82 160
24 409
160 115
36 772 
36 772
173 726 11 402 351 132 506 738 437 264 689 722 29 495 154 45 331 230 592 190 513 4 479 196 240 632 12 247 324 611 211 67 707 318 
173 726
11 173
402 726
351 11
132 173
506 173
738 173
437 351
264 351
689 402
722 402
29 738
495 437
154 29
45 437
331 264
230 689
592 264
190 437
513 154
4 29
479 506
196 402
240 513
632 689
12 689
247 4
324 632
611 29
211 513
67 738
707 230
318 67
128 525 723 490 475 61 269 754 688 210 
128 525
723 128
490 525
475 128
61 490
269 475
754 269
688 475
210 490
782 
350 676 668 778 72 263 253 662 667 748 107 270 328 793 102 790 569 467 625 742 65 215 85 734 241 691 452 679 709 301 547 78 87 80 736 516 285 701 203 
350 676
668 350
778 676
72 778
263 350
253 263
662 263
667 676
748 676
107 263
270 72
328 263
793 72
102 667
790 102
569 102
467 793
625 102
742 676
65 625
215 263
85 662
734 270
241 734
691 215
452 667
679 790
709 270
301 107
547 790
78 709
87 547
80 65
736 80
516 215
285 709
701 102
203 709
133 433 134 
133 433
133 134
515 721 261 414 231 76 557 320 273 361 321 727 341 631 323 795 213 666 
515 721
261 515
414 261
231 261
76 721
557 76
320 557
273 76
361 76
321 361
727 231
341 273
631 341
323 631
795 557
213 795
666 631
13 183 
13 183
499 617 629 766 
617 766
617 629
499 766
775 
124 446 259 174 443 597 387 359 382 316 345 787 326 355 522 281 299 152 28 413 659 155 
124 446
259 446
174 446
443 446
597 124
387 597
359 446
382 124
316 597
345 446
787 446
326 345
355 446
522 124
281 522
299 281
152 124
28 382
413 597
659 387
155 28
84 677 643 342 786 368 366 781 153 297 
84 677
643 84
342 84
786 342
368 677
366 677
781 677
153 84
297 368
312 647 251 473 295 671 791 0 539 308 406 228 444 456 673 670 596 71 68 
312 647
251 647
473 251
295 647
671 295
791 295
0 295
539 295
308 295
406 539
228 295
444 228
456 228
673 444
670 228
596 473
71 673
68 71
618 690 538 280 
618 690
690 280
538 280
25 536 728 462 122 
25 536
25 122
536 462
728 122
121 577 
121 577
178 336 32 549 780 319 
178 549
178 32
178 780
336 780
336 319
96 434 472 743 458 48 
96 48
743 458
472 743
434 472
96 743
488 580 
488 580
73 416 75 265 713 657 92 556 100 571 149 79 572 131 52 10 290 365 640 451 768 600 137 492 685 582 579 256 33 184 664 565 609 18 
73 416
75 73
265 416
713 73
657 416
92 75
556 416
100 265
571 265
149 75
79 100
572 149
131 556
52 265
10 52
290 79
365 52
640 265
451 149
768 52
600 572
137 52
492 713
685 365
582 52
579 52
256 582
33 572
184 685
664 768
565 451
609 556
18 609
118 139 39 74 586 398 511 755 680 83 695 424 449 693 651 613 724 49 
118 139
39 139
74 118
586 139
398 118
511 586
755 118
680 511
83 118
695 39
424 83
449 680
693 424
651 695
613 424
724 695
49 695
108 442 114 619 170 
108 442
114 619
108 114
442 170
43 463 335 605 489 95 234 620 278 543 648 
43 463
335 463
605 463
489 43
95 463
234 43
620 463
278 43
543 335
648 335
233 428 138 59 
233 428
233 138
138 59
524 561 512 694 9 150 583 175 553 344 438 518 
524 561
512 524
694 524
9 512
150 9
583 9
175 9
553 694
344 150
438 694
518 583
507 776 177 567 744 478 551 
507 776
567 744
776 177
776 744
507 478
478 551
81 145 69 223 646 447 466 615 
81 223
145 646
646 615
646 447
81 69
81 615
69 466
136 311 
136 311
17 309 94 649 532 142 384 
94 532
17 94
17 309
94 384
309 649
532 142
519 
141 168 274 537 260 22 767 741 785 372 386 
141 168
274 168
537 141
260 168
22 141
767 168
741 168
785 537
372 260
386 785
334 683 
334 683
286 498 
286 498
347 552 97 395 330 408 655 185 2 171 717 430 612 47 559 526 758 527 794 358 302 626 746 
347 552
97 347
395 347
330 347
408 347
655 347
185 97
2 185
171 185
717 655
430 185
612 395
47 2
559 97
526 171
758 717
527 395
794 330
358 185
302 47
626 302
746 302
271 
209 262 476 374 
209 374
262 476
209 476
530 610 163 245 373 500 675 370 789 712 698 348 252 53 113 277 166 720 16 332 704 
530 610
163 530
245 610
373 163
500 163
675 610
370 500
789 675
712 789
698 789
348 712
252 712
53 252
113 252
277 252
166 277
720 166
16 720
332 277
704 16
169 542 199 380 624 708 296 415 221 779 719 711 604 357 682 404 143 
169 542
199 542
380 542
624 542
708 542
296 380
415 296
221 199
779 199
719 221
711 380
604 169
357 711
682 296
404 719
143 296
425 661 584 305 339 702 784 310 531 148 
425 661
584 661
305 661
339 425
702 661
784 661
310 305
531 339
148 425
497 641 660 179 272 164 275 523 588 99 266 101 535 202 674 338 327 156 558 377 529 15 591 
497 641
660 641
179 641
272 641
164 497
275 497
523 275
588 660
99 497
266 272
101 641
535 179
202 179
674 179
338 202
327 660
156 275
558 338
377 558
529 588
15 558
591 660
550 607 686 540 62 645 
607 686
550 62
550 540
550 607
686 645
276 300 340 505 304 563 
340 505
276 505
276 300
505 304
340 563
188 541 
188 541
7 418 710 
7 418
418 710
158 
120 242 576 771 630 737 621 35 762 757 756 144 669 
120 242
576 242
771 120
630 242
737 242
621 242
35 576
762 242
757 762
756 771
144 576
669 771
126 700 246 681 594 699 307 294 436 628 732 159 258 761 799 
126 700
246 126
681 246
594 126
699 126
307 246
294 700
436 681
628 246
732 628
159 700
258 594
761 594
799 699
616 634 797 70 
616 634
797 70
634 70
176 716 227 448 8 
176 716
716 448
716 8
176 227
379 678 90 60 412 796 486 603 739 41 314 346 546 
379 678
90 379
60 678
412 90
796 60
486 90
603 379
739 90
41 603
314 739
346 314
546 486
198 658 692 249 585 636 157 1 388 606 172 214 465 20 55 394 189 54 111 637 289 186 378 376 46 431 733 568 
198 658
692 658
249 692
585 198
636 198
157 692
1 658
388 1
606 658
172 585
214 198
465 606
20 658
55 157
394 388
189 692
54 214
111 394
637 20
289 20
186 249
378 637
376 378
46 1
431 249
733 172
568 189
441 635 38 759 494 
635 38
441 759
38 759
441 494
130 750 212 521 715 106 481 66 222 765 517 
130 750
212 750
521 130
715 521
106 212
481 521
66 750
222 750
765 66
517 66
162 474 453 77 770 
474 770
162 474
162 77
162 453
56 599 432 774 389 267 282 34 393 42 484 23 105 730 363 470 562 725 57 279 457 731 469 293 117 229 
56 599
432 56
774 599
389 599
267 56
282 432
34 599
393 432
42 34
484 774
23 774
105 774
730 389
363 389
470 389
562 389
725 56
57 484
279 105
457 363
731 457
469 774
293 282
117 105
229 725
197 284 226 520 218 477 383 
218 383
284 520
197 226
284 226
520 477
226 218
187 427 129 729 225 496 224 50 
187 50
187 496
427 496
225 50
129 224
729 224
427 129
219 752 654 
219 752
752 654
86 
291 642 
291 642
14 325 760 773 135 405 352 
760 773
760 135
14 135
325 135
14 352
773 405
151 653 109 244 98 392 123 435 
109 244
392 123
151 653
98 435
151 109
123 435
244 123
403 482 112 239 745 195 445 
482 239
745 195
482 745
745 445
403 112
403 239
421 564 798 161 21 110 
421 564
161 21
421 161
421 798
21 110
292 706 464 322 554 
292 706
322 554
292 464
292 322
356 528 459 182 146 471 501 360 204 587 410 396 534 764 777 747 570 763 
356 528
459 528
182 459
146 528
471 356
501 471
360 528
204 501
587 528
410 471
396 587
534 204
764 182
777 204
747 410
570 534
763 204
401 450 593 652 510 650 30 399 
401 593
450 593
450 30
593 652
593 650
510 650
30 399
371 545 493 639 232 165 491 31 598 147 317 656 509 485 697 411 63 140 
371 545
493 545
639 545
232 545
165 545
491 545
31 545
598 545
147 493
317 545
656 31
509 371
485 165
697 509
411 493
63 147
140 485
303 644 103 375 665 792 508 208 
103 375
103 208
644 792
103 665
303 375
644 665
665 508
