? 8 412 678 379 90 60 796 603 546 
? 8 94 309 532 795 17 608 320 544 
? 8 197 284 520 226 302 411 383 160 
? 8 507 776 177 744 354 551 567 454 
? 8 134 378 537 724 785 386 49 168 
? 7 9 150 344 175 518 519 512 
? 7 526 626 47 218 297 158 409 
? 7 421 422 798 499 617 766 110 
? 7 81 145 69 223 447 646 615 
? 7 113 720 16 704 15 209 254 
? 7 425 661 769 339 305 428 584 
? 7 239 745 112 605 403 482 162 
? 6 135 325 14 773 654 760 
? 6 438 634 797 553 616 22 
? 6 250 740 400 423 483 611 
? 6 220 583 248 420 561 317 
? 6 125 148 59 752 381 460 
? 5 84 643 342 786 368 
? 5 141 372 741 260 462 
? 5 24 82 170 108 115 
? 5 453 759 269 754 474 
? 5 116 540 686 614 62 
? 5 464 706 292 236 628 
? 5 550 607 478 775 142 
? 5 176 227 728 716 161 
? 5 554 649 390 397 322 
? 4 66 291 106 86 
? 4 7 761 19 461 
? 4 138 233 219 531 
? 4 114 153 619 442 
? 4 133 433 568 578 
? 4 32 178 364 494 
? 4 41 314 596 739 
? 3 3 502 475 
? 3 64 629 310 
? 3 609 669 781 
? 3 8 285 203 
!
8 285 203 
285 203
8 203
239 745 112 605 403 482 162 
239 482
745 605
605 482
112 403
239 403
745 162
41 314 596 739 
41 739
41 314
41 596
251 473 647 312 558 338 377 295 791 671 308 0 
251 473
647 251
312 647
558 251
338 473
377 558
295 377
791 295
671 312
308 377
0 312
56 599 432 774 389 470 282 393 469 34 363 484 105 731 23 229 279 57 267 117 457 562 730 293 213 
56 599
432 56
774 599
389 599
470 599
282 599
393 432
469 774
34 56
363 389
484 393
105 774
731 470
23 105
229 393
279 105
57 484
267 389
117 105
457 363
562 363
730 562
293 432
213 484
123 392 244 48 96 40 743 472 690 458 127 88 434 784 439 268 782 
123 392
244 123
48 123
96 123
40 123
743 48
472 743
690 392
458 392
127 392
88 48
434 96
784 434
439 88
268 439
782 439
554 649 390 397 322 
554 322
390 322
554 649
649 397
425 661 769 339 305 428 584 
425 769
425 584
425 661
339 584
661 428
339 305
201 255 337 590 783 735 687 180 5 705 638 122 235 26 91 349 343 560 487 574 426 193 564 694 767 524 274 25 
201 255
337 201
590 255
783 255
735 201
687 590
180 201
5 783
705 201
638 180
122 5
235 687
26 590
91 337
349 201
343 180
560 180
487 180
574 590
426 235
193 426
564 122
694 705
767 180
524 426
274 180
25 638
176 227 728 716 161 
176 716
176 227
176 728
227 161
429 622 581 298 468 575 714 258 329 504 159 167 418 385 238 718 
429 622
581 429
298 429
468 298
575 622
714 298
258 622
329 429
504 714
159 429
167 714
418 258
385 714
238 258
718 581
32 178 364 494 
32 178
32 494
178 364
550 607 478 775 142 
478 775
550 607
478 142
550 142
360 533 
360 533
169 542 199 380 415 296 624 221 580 711 604 708 719 682 357 98 404 779 210 525 723 490 128 143 618 653 770 488 151 435 333 688 595 109 
169 542
199 542
380 542
415 380
296 380
624 199
221 199
580 169
711 380
604 169
708 199
719 221
682 380
357 711
98 296
404 719
779 98
210 404
525 404
723 404
490 404
128 525
143 296
618 98
653 357
770 604
488 618
151 653
435 98
333 770
688 770
595 618
109 151
126 700 681 246 594 307 436 699 799 732 
126 700
681 126
246 681
594 126
307 246
436 700
699 700
799 126
732 594
746 
350 676 668 72 778 263 253 328 467 662 793 667 270 748 102 742 107 790 625 569 734 215 65 85 701 679 241 691 709 547 448 78 80 87 186 431 61 182 452 
350 676
668 350
72 676
778 676
263 350
253 263
328 676
467 676
662 263
793 668
667 668
270 72
748 72
102 667
742 676
107 263
790 102
625 667
569 102
734 467
215 263
65 625
85 107
701 569
679 790
241 734
691 215
709 270
547 790
448 679
78 709
80 65
87 547
186 80
431 65
61 241
182 107
452 790
609 669 781 
609 669
669 781
347 552 97 717 408 395 185 330 171 527 655 612 2 430 758 559 358 794 
347 552
97 552
717 347
408 347
395 347
185 97
330 717
171 185
527 717
655 717
612 655
2 171
430 612
758 717
559 655
358 171
794 527
280 702 
280 702
133 433 568 578 
133 568
433 568
433 578
707 
163 610 530 245 500 373 370 675 789 712 698 28 155 348 252 382 413 277 787 174 166 53 
163 610
530 610
245 610
500 163
373 245
370 245
675 370
789 373
712 789
698 789
28 675
155 712
348 789
252 789
382 155
413 348
277 252
787 382
174 382
166 252
53 252
187 427 129 729 50 496 224 225 89 194 
187 427
129 427
729 129
50 729
496 50
224 187
225 50
89 224
194 89
356 528 459 301 471 763 204 501 396 777 410 780 146 534 764 570 336 319 587 
356 528
459 528
301 528
471 356
763 528
204 471
501 204
396 528
777 204
410 777
780 204
146 459
534 204
764 459
570 780
336 570
319 204
587 459
114 153 619 442 
153 619
114 153
153 442
464 706 292 236 628 
706 292
292 236
464 292
464 628
346 747 
346 747
125 148 59 752 381 460 
59 460
125 460
125 148
752 460
59 381
220 583 248 420 561 317 
220 420
220 248
583 561
220 583
583 317
188 498 
188 498
73 416 75 265 657 713 92 10 556 571 149 79 131 640 100 290 492 565 137 365 451 52 685 768 572 579 398 600 755 256 184 582 33 424 
73 416
75 73
265 416
657 416
713 265
92 75
10 416
556 416
571 75
149 75
79 265
131 556
640 265
100 79
290 79
492 416
565 149
137 100
365 10
451 149
52 265
685 365
768 52
572 149
579 768
398 451
600 149
755 79
256 768
184 685
582 768
33 572
424 768
231 261 515 721 414 727 46 121 27 321 361 419 486 76 557 696 216 455 
231 261
515 261
721 515
414 231
727 231
46 414
121 231
27 727
321 27
361 321
419 361
486 121
76 361
557 76
696 361
216 76
455 696
116 540 686 614 62 
116 540
614 62
116 62
686 62
43 463 489 278 335 234 95 620 543 77 648 
43 463
489 43
278 463
335 463
234 43
95 463
620 463
543 335
77 463
648 335
138 233 219 531 
138 531
138 219
138 233
589 663 119 753 315 369 192 200 306 566 21 538 
589 663
119 663
753 663
315 589
369 589
192 663
200 589
306 119
566 663
21 589
538 663
113 720 16 704 15 209 254 
720 704
209 254
16 704
113 16
704 209
704 15
134 378 537 724 785 386 49 168 
537 785
537 724
785 49
537 168
134 724
134 378
134 386
445 516 
445 516
81 145 69 223 447 646 615 
81 223
145 646
646 615
447 646
81 69
81 615
591 
103 303 644 375 665 208 627 517 508 271 136 
103 303
644 303
375 644
665 644
208 103
627 303
517 665
508 644
271 103
136 508
36 536 
36 536
70 664 
70 664
173 726 11 132 402 689 738 154 506 592 29 240 632 230 513 12 4 247 211 67 331 722 479 
173 726
11 173
132 173
402 11
689 402
738 11
154 738
506 402
592 506
29 154
240 154
632 689
230 632
513 154
12 632
4 29
247 29
211 4
67 154
331 592
722 689
479 632
384 
7 761 19 461 
19 461
7 761
7 19
124 446 443 387 316 259 522 359 597 326 345 281 299 659 355 332 645 633 374 152 670 
124 446
443 124
387 124
316 387
259 124
522 446
359 522
597 387
326 443
345 326
281 522
299 281
659 597
355 326
332 597
645 359
633 326
374 326
152 633
670 332
323 631 548 666 217 341 104 555 273 503 287 237 672 751 602 353 181 
323 631
548 631
666 323
217 548
341 631
104 341
555 217
273 341
503 217
287 548
237 503
672 104
751 323
602 104
353 104
181 353
521 715 130 481 750 541 642 765 352 222 
521 715
130 521
481 521
750 130
541 715
642 521
765 715
352 481
222 352
118 139 39 586 74 725 680 511 190 83 695 449 437 45 264 495 693 651 351 613 318 334 683 
118 139
39 139
586 118
74 118
725 39
680 74
511 74
190 586
83 39
695 725
449 680
437 190
45 437
264 437
495 449
693 83
651 695
351 264
613 693
318 449
334 651
683 695
250 740 400 423 483 611 
400 611
400 423
250 423
250 740
740 483
438 634 797 553 616 22 
634 616
438 553
797 22
438 634
634 797
311 405 
311 405
64 629 310 
64 310
629 310
37 
300 485 276 140 598 505 340 304 563 286 697 792 212 
300 485
276 300
140 300
598 276
505 140
340 505
304 340
563 340
286 304
697 563
792 340
212 304
401 450 652 195 593 650 510 58 30 466 399 549 635 441 38 
401 450
652 401
195 450
593 401
650 401
510 650
58 450
30 401
466 401
399 450
549 466
635 652
441 635
38 441
66 291 106 86 
291 106
66 86
66 106
453 759 269 754 474 
453 269
453 754
759 269
754 474
493 545 371 639 165 147 477 656 63 509 31 232 491 
493 545
371 545
639 493
165 545
147 493
477 493
656 493
63 147
509 371
31 545
232 165
491 639
391 788 440 288 573 703 44 51 191 514 93 601 283 257 243 407 205 6 417 480 367 684 313 749 772 362 207 206 
391 788
440 788
288 391
573 391
703 391
44 788
51 573
191 288
514 440
93 391
601 288
283 788
257 288
243 573
407 288
205 44
6 573
417 703
480 417
367 573
684 480
313 243
749 703
772 601
362 407
207 684
206 573
24 82 170 108 115 
24 82
24 170
24 108
170 115
228 444 673 71 406 262 529 68 456 476 623 
228 444
673 444
71 673
406 444
262 444
529 444
68 71
456 444
476 673
623 262
141 372 741 260 462 
141 462
141 372
260 462
741 462
198 658 692 585 636 20 157 606 249 172 465 388 1 394 111 289 55 637 577 189 736 54 733 376 42 214 
198 658
692 658
585 658
636 658
20 658
157 198
606 198
249 692
172 585
465 636
388 172
1 388
394 388
111 388
289 157
55 157
637 20
577 157
189 249
736 157
54 736
733 394
376 637
42 637
214 692
421 422 798 499 617 766 110 
798 617
617 766
421 422
421 766
499 110
499 766
507 776 177 744 354 551 567 454 
507 776
744 454
507 354
744 567
776 177
776 744
354 551
3 502 475 
3 502
502 475
18 
294 324 
294 324
526 626 47 218 297 158 409 
626 47
158 409
47 409
526 626
47 297
218 297
197 284 520 226 302 411 383 160 
284 520
284 411
197 302
197 226
226 411
411 160
383 160
9 150 344 175 518 519 512 
175 518
9 150
518 519
150 512
344 519
9 344
135 325 14 773 654 760 
773 760
135 760
135 14
135 325
773 654
84 643 342 786 368 
84 786
84 368
342 786
84 643
120 242 630 576 771 621 762 35 144 757 756 737 366 183 677 710 196 13 
120 242
630 242
576 242
771 120
621 242
762 120
35 576
144 35
757 621
756 771
737 630
366 771
183 144
677 366
710 762
196 144
13 762
94 309 532 795 17 608 320 544 
94 532
309 795
94 17
309 17
532 608
94 320
608 544
497 641 179 660 272 164 99 202 523 101 275 535 588 156 266 539 674 327 
497 641
179 641
660 497
272 497
164 497
99 497
202 179
523 272
101 660
275 272
535 179
588 660
156 275
266 275
539 641
674 535
327 660
412 678 379 90 60 796 603 546 
678 60
412 379
60 546
678 379
678 90
412 603
90 796
