? 8 268 439 784 88 64 589 339 119 
? 8 303 644 375 665 103 684 792 208 
? 8 239 745 648 95 482 403 112 445 
? 8 197 284 302 226 218 626 409 160 
? 8 200 315 663 369 192 782 21 798 
? 7 421 422 110 617 499 629 766 
? 7 595 618 753 280 306 127 538 
? 7 84 643 342 368 786 170 108 
? 7 177 776 507 744 354 454 567 
? 7 90 486 379 412 546 121 156 
? 7 96 434 305 661 743 472 428 
? 7 537 785 724 134 168 141 274 
? 6 441 759 635 38 453 754 
? 6 116 614 540 62 478 686 
? 6 135 352 773 325 188 654 
? 6 125 148 59 460 752 769 
? 6 24 82 383 297 526 781 
? 5 220 248 136 271 207 
? 5 236 292 611 400 423 
? 5 554 775 322 390 551 
? 5 176 227 728 716 8 
? 5 332 659 277 670 413 
? 5 250 740 483 211 550 
? 5 138 233 219 531 584 
? 5 87 433 133 536 462 
? 5 304 340 291 517 286 
? 4 67 318 240 397 
? 4 475 770 269 494 
? 4 254 751 419 152 
? 4 162 474 502 688 
? 4 14 760 222 86 
? 4 158 609 47 794 
? 4 25 161 36 767 
? 3 490 723 285 
? 3 294 699 799 
? 3 372 741 49 
? 3 425 702 310 
!
425 702 310 
425 310
702 310
537 785 724 134 168 141 274 
724 274
537 274
537 785
724 141
168 274
724 134
25 161 36 767 
25 767
161 36
25 36
401 450 652 593 58 30 650 195 510 466 549 399 
401 450
652 401
593 401
58 450
30 450
650 652
195 450
510 58
466 652
549 466
399 30
385 714 504 19 329 622 461 575 298 167 429 37 581 468 238 418 258 718 13 7 757 762 621 761 710 
385 714
504 714
19 385
329 385
622 714
461 19
575 385
298 622
167 622
429 622
37 167
581 429
468 429
238 504
418 622
258 418
718 581
13 581
7 258
757 429
762 13
621 762
761 504
710 762
118 139 39 725 586 74 511 190 680 695 424 693 683 83 651 449 579 
118 139
39 139
725 118
586 118
74 139
511 586
190 74
680 511
695 39
424 695
693 424
683 695
83 695
651 695
449 190
579 424
304 340 291 517 286 
291 286
304 517
304 291
340 291
96 434 305 661 743 472 428 
305 743
96 305
743 472
434 472
434 661
661 428
201 255 337 590 313 687 180 5 735 243 367 343 122 487 349 206 574 193 783 91 560 573 638 705 426 235 191 564 
201 255
337 255
590 201
313 255
687 255
180 201
5 255
735 180
243 337
367 243
343 201
122 5
487 337
349 255
206 243
574 590
193 343
783 5
91 367
560 180
573 243
638 487
705 590
426 687
235 426
191 573
564 5
87 433 133 536 462 
87 133
536 462
87 536
433 133
347 552 97 430 185 330 717 408 395 171 655 2 612 358 527 758 
347 552
97 347
430 347
185 97
330 347
717 347
408 97
395 97
171 185
655 717
2 171
612 408
358 347
527 552
758 717
158 609 47 794 
158 609
158 47
47 794
138 233 219 531 584 
138 531
138 219
138 233
233 584
3 516 
3 516
356 528 459 301 204 336 146 410 763 501 471 780 534 587 319 777 570 747 396 603 615 360 578 89 764 224 364 32 178 194 678 533 646 60 
356 528
459 528
301 528
204 356
336 204
146 528
410 204
763 356
501 204
471 204
780 336
534 204
587 459
319 336
777 534
570 336
747 146
396 459
603 410
615 534
360 410
578 396
89 410
764 578
224 89
364 603
32 534
178 534
194 410
678 764
533 578
646 615
60 678
130 750 521 212 715 765 106 481 66 642 
130 750
521 130
212 750
715 521
765 750
106 212
481 521
66 765
642 130
541 
350 676 668 662 72 263 778 253 270 328 467 793 107 102 667 241 625 748 790 569 65 215 742 734 701 709 679 691 547 85 448 182 431 203 80 61 736 452 78 
350 676
668 350
662 350
72 676
263 350
778 350
253 263
270 72
328 676
467 72
793 778
107 263
102 778
667 102
241 72
625 102
748 102
790 102
569 102
65 662
215 263
742 65
734 270
701 102
709 270
679 790
691 215
547 790
85 107
448 679
182 85
431 65
203 709
80 65
61 709
736 80
452 547
78 203
372 741 49 
372 49
372 741
312 647 251 473 295 377 791 539 671 308 16 15 113 704 720 406 166 456 
312 647
251 647
473 251
295 647
377 295
791 312
539 295
671 295
308 295
16 308
15 295
113 308
704 16
720 16
406 15
166 16
456 295
140 508 
140 508
14 760 222 86 
760 222
14 760
14 86
524 
323 631 548 666 361 341 273 555 217 104 287 503 76 321 696 237 216 672 455 181 633 353 
323 631
548 323
666 631
361 323
341 631
273 341
555 323
217 548
104 341
287 323
503 217
76 273
321 548
696 361
237 503
216 696
672 237
455 548
181 237
633 217
353 672
151 653 244 109 123 392 435 48 40 690 
151 653
244 151
109 244
123 109
392 123
435 392
48 392
40 123
690 435
497 641 660 179 272 164 99 101 523 275 588 535 327 202 338 266 674 529 558 
497 641
660 641
179 641
272 497
164 641
99 497
101 660
523 272
275 523
588 660
535 179
327 497
202 179
338 179
266 272
674 272
529 588
558 179
162 474 502 688 
162 502
162 474
474 688
250 740 483 211 550 
250 740
483 211
483 550
740 483
281 607 
281 607
24 82 383 297 526 781 
82 383
24 297
24 82
24 781
383 526
125 148 59 460 752 769 
59 460
125 460
125 148
148 769
460 752
0 53 
0 53
73 416 75 265 713 657 92 556 79 149 640 571 131 10 290 398 100 137 565 492 365 52 685 768 664 451 600 572 582 756 184 256 755 18 
73 416
75 416
265 73
713 265
657 75
92 75
556 92
79 265
149 75
640 73
571 416
131 556
10 265
290 79
398 149
100 79
137 100
565 73
492 79
365 10
52 365
685 365
768 52
664 768
451 149
600 149
572 92
582 52
756 131
184 685
256 52
755 451
18 756
187 427 129 729 50 314 496 225 596 447 223 41 145 81 69 796 346 739 
187 427
129 187
729 427
50 729
314 50
496 50
225 314
596 496
447 427
223 447
41 314
145 223
81 223
69 145
796 314
346 596
739 596
332 659 277 670 413 
332 670
659 670
659 277
659 413
94 213 309 795 17 384 142 602 544 649 532 
94 213
309 213
795 309
17 94
384 213
142 309
602 142
544 795
649 17
532 795
254 751 419 152 
254 419
254 152
254 751
515 721 261 414 730 231 731 733 557 46 320 608 
515 721
261 721
414 261
730 515
231 261
731 515
733 231
557 515
46 733
320 557
608 557
90 486 379 412 546 121 156 
379 412
90 379
90 486
412 546
486 121
379 156
200 315 663 369 192 782 21 798 
315 663
369 192
192 21
200 663
315 369
21 798
315 782
498 627 
498 627
177 776 507 744 354 454 567 
776 507
744 454
507 354
744 567
177 776
776 744
442 
628 732 594 464 246 126 706 700 681 307 436 
628 732
594 732
464 628
246 464
126 246
706 464
700 126
681 246
307 246
436 594
458 566 
458 566
591 727 
591 727
391 788 440 703 288 44 514 601 93 51 283 407 205 257 417 420 6 362 749 480 772 381 561 
391 788
440 788
703 788
288 391
44 788
514 788
601 788
93 703
51 288
283 788
407 440
205 601
257 51
417 703
420 417
6 417
362 407
749 703
480 417
772 407
381 417
561 6
386 
475 770 269 494 
475 494
475 269
770 494
56 599 432 774 389 393 470 105 484 469 23 34 363 282 562 293 279 57 229 117 457 
56 599
432 599
774 599
389 599
393 432
470 774
105 774
484 774
469 389
23 105
34 56
363 389
282 34
562 389
293 56
279 105
57 484
229 57
117 105
457 562
120 242 630 576 771 35 183 144 737 677 366 196 669 331 619 153 114 
120 242
630 242
576 242
771 120
35 120
183 242
144 576
737 771
677 630
366 771
196 144
669 366
331 196
619 630
153 619
114 153
71 673 68 262 444 228 27 209 623 476 
71 673
68 71
262 71
444 262
228 444
27 68
209 262
623 27
476 228
169 542 199 624 380 415 296 221 708 779 143 711 719 682 604 210 357 525 404 580 488 128 98 
169 542
199 169
624 169
380 542
415 380
296 380
221 169
708 221
779 542
143 296
711 380
719 221
682 296
604 199
210 169
357 711
525 719
404 525
580 708
488 580
128 404
98 296
135 352 773 325 188 654 
135 773
135 325
352 188
135 352
773 654
116 614 540 62 478 686 
116 540
614 62
116 62
614 478
62 686
374 645 
374 645
294 699 799 
699 799
294 699
159 
613 616 559 797 634 70 22 438 694 553 26 334 260 
613 616
559 616
797 616
634 616
70 613
22 797
438 634
694 438
553 438
26 634
334 797
260 334
519 697 344 518 317 9 150 563 175 746 115 512 583 505 520 
519 697
344 519
518 519
317 697
9 344
150 9
563 518
175 9
746 317
115 697
512 150
583 9
505 563
520 115
67 318 240 397 
67 318
318 240
67 397
176 227 728 716 8 
176 716
716 8
176 227
728 8
124 446 387 443 316 174 359 355 597 326 522 299 345 
124 446
387 124
443 446
316 124
174 124
359 443
355 446
597 387
326 443
522 174
299 174
345 326
198 658 692 585 388 249 157 636 172 606 465 394 20 189 1 214 568 637 55 186 42 376 111 54 267 577 378 289 
198 658
692 198
585 658
388 198
249 692
157 249
636 658
172 388
606 636
465 585
394 388
20 658
189 692
1 388
214 692
568 692
637 568
55 157
186 189
42 465
376 637
111 394
54 692
267 465
577 157
378 376
289 20
554 775 322 390 551 
554 322
322 551
322 390
554 775
43 234 463 489 278 543 335 77 605 620 333 
43 234
463 43
489 234
278 463
543 463
335 463
77 463
605 463
620 335
333 489
236 292 611 400 423 
611 400
400 423
292 423
236 611
173 726 11 402 132 351 437 264 738 506 689 45 12 722 632 230 29 154 247 4 513 479 707 324 592 495 
173 726
11 173
402 726
132 173
351 11
437 351
264 351
738 726
506 402
689 402
45 173
12 402
722 689
632 689
230 689
29 738
154 29
247 154
4 29
513 4
479 230
707 689
324 632
592 264
495 437
84 643 342 368 786 170 108 
84 786
84 368
342 786
643 108
84 643
368 170
197 284 302 226 218 626 409 160 
197 302
197 226
284 226
226 160
302 626
626 409
226 218
490 723 285 
490 723
723 285
33 
311 405 
311 405
595 618 753 280 306 127 538 
280 306
595 753
595 618
595 306
280 127
306 538
239 745 648 95 482 403 112 445 
239 482
648 445
745 482
745 445
648 95
403 112
239 403
421 422 110 617 499 629 766 
617 766
421 422
421 766
617 629
110 499
499 766
441 759 635 38 453 754 
635 38
441 759
759 38
441 453
453 754
220 248 136 271 207 
220 248
220 136
136 271
271 207
493 545 371 639 147 165 491 598 63 276 232 477 300 411 509 485 31 656 
493 545
371 545
639 545
147 493
165 545
491 545
598 165
63 147
276 545
232 493
477 63
300 276
411 63
509 371
485 300
31 371
656 147
303 644 375 665 103 684 792 208 
375 103
103 208
644 792
665 103
303 375
644 665
684 792
530 610 163 500 245 373 370 675 789 712 698 155 348 28 252 382 259 787 
530 610
163 610
500 610
245 163
373 610
370 245
675 370
789 245
712 789
698 789
155 789
348 245
28 245
252 712
382 28
259 28
787 382
268 439 784 88 64 589 339 119 
439 339
784 88
268 784
268 339
784 64
439 589
589 119
