? 8 448 679 176 452 716 547 728 8 
? 8 40 458 472 743 48 434 784 392 
? 8 172 388 394 1 733 585 46 414 
? 8 681 799 699 700 307 436 246 294 
? 8 198 658 636 606 289 20 465 42 
? 7 220 248 420 561 175 9 524 
? 7 781 786 342 84 643 368 170 
? 7 56 432 599 282 393 267 389 
? 7 95 648 620 605 239 335 482 
? 7 150 512 344 758 794 358 47 
? 7 135 773 222 760 352 188 325 
? 7 14 654 86 642 498 517 765 
? 6 457 562 730 363 515 469 
? 6 305 584 661 702 425 428 
? 6 53 277 252 155 28 231 
? 6 468 581 429 718 622 575 
? 6 579 768 582 664 256 424 
? 5 130 750 715 521 481 
? 5 385 714 167 298 19 
? 5 329 504 461 238 418 
? 5 396 587 764 578 301 
? 5 144 196 183 35 324 
? 5 401 450 593 652 30 
? 5 3 77 502 489 278 
? 5 43 543 463 234 745 
? 5 25 536 161 767 36 
? 4 34 293 725 229 
? 4 7 761 594 258 
? 4 2 526 626 184 
? 4 13 619 153 37 
? 4 621 757 159 126 
? 4 158 609 669 18 
? 4 112 403 399 466 
? 3 24 82 297 
? 3 318 449 57 
? 3 628 732 366 
? 3 138 233 531 
!
138 233 531 
138 531
138 233
14 654 86 642 498 517 765 
642 517
654 642
517 765
14 86
14 642
654 498
112 403 399 466 
112 403
403 399
399 466
245 373 530 163 610 370 675 500 789 698 712 348 
245 373
530 373
163 245
610 530
370 245
675 373
500 163
789 675
698 789
712 789
348 712
381 627 207 749 460 684 752 125 148 59 303 405 93 417 103 514 703 208 480 375 311 440 44 644 219 
381 627
207 381
749 627
460 627
684 207
752 460
125 460
148 125
59 125
303 684
405 381
93 749
417 684
103 303
514 93
703 93
208 405
480 417
375 303
311 405
440 514
44 703
644 375
219 752
537 724 785 372 386 683 260 49 141 134 168 334 695 274 378 741 651 
537 724
785 724
372 537
386 785
683 785
260 372
49 785
141 260
134 386
168 141
334 260
695 683
274 141
378 134
741 168
651 334
25 536 161 767 36 
25 536
536 36
25 767
161 36
135 773 222 760 352 188 325 
773 760
135 760
773 222
135 325
352 188
135 352
62 354 454 567 116 614 353 686 672 181 177 550 540 142 104 602 607 341 666 237 384 287 273 544 374 631 645 76 
62 354
454 354
567 62
116 62
614 116
353 614
686 567
672 116
181 672
177 686
550 686
540 181
142 353
104 353
602 142
607 550
341 104
666 104
237 540
384 602
287 666
273 341
544 384
374 237
631 666
645 607
76 273
43 543 463 234 745 
43 543
543 234
43 463
463 745
21 629 369 499 766 200 617 772 589 362 315 422 268 64 798 310 
21 629
369 21
499 21
766 21
200 369
617 766
772 499
589 200
362 772
315 200
422 617
268 589
64 268
798 422
310 362
158 609 669 18 
669 18
158 609
609 669
3 77 502 489 278 
3 502
3 77
3 489
77 278
227 241 
227 241
71 476 68 673 228 623 456 209 444 262 529 254 419 15 27 751 588 406 670 696 327 591 727 455 332 660 101 791 0 361 152 539 633 659 
71 476
68 476
673 68
228 673
623 476
456 228
209 476
444 456
262 209
529 673
254 623
419 623
15 529
27 68
751 254
588 15
406 444
670 262
696 751
327 588
591 327
727 27
455 696
332 670
660 327
101 660
791 406
0 791
361 696
152 254
539 791
633 152
659 332
347 552 527 97 395 330 185 717 430 171 
347 552
527 347
97 552
395 527
330 527
185 97
717 527
430 97
171 185
680 
300 485 140 276 598 165 491 639 545 493 232 371 31 505 147 340 304 477 656 106 563 509 63 792 697 212 291 286 66 518 411 519 508 317 115 136 665 271 583 
300 485
140 300
276 140
598 276
165 598
491 598
639 165
545 639
493 545
232 639
371 232
31 232
505 491
147 493
340 505
304 340
477 147
656 477
106 304
563 31
509 656
63 477
792 340
697 509
212 106
291 304
286 291
66 291
518 563
411 63
519 697
508 286
317 697
115 656
136 792
665 508
271 136
583 518
628 732 366 
628 732
628 366
443 446 124 174 359 345 259 299 787 387 522 355 316 382 326 281 597 413 
443 446
124 446
174 446
359 443
345 359
259 124
299 174
787 124
387 787
522 299
355 345
316 387
382 259
326 355
281 359
597 387
413 597
182 747 
182 747
621 757 159 126 
621 757
621 159
159 126
541 
128 723 525 404 719 221 78 203 604 475 490 708 688 754 624 199 269 210 61 474 770 162 
128 723
525 128
404 525
719 404
221 719
78 404
203 78
604 723
475 604
490 719
708 719
688 475
754 203
624 221
199 624
269 475
210 490
61 490
474 269
770 688
162 474
565 600 451 74 755 118 586 139 511 39 
565 600
451 565
74 565
755 451
118 755
586 74
139 118
511 586
39 139
173 726 11 506 402 351 437 264 45 689 722 592 12 632 190 495 331 33 479 
173 726
11 173
506 726
402 506
351 11
437 351
264 351
45 351
689 402
722 689
592 264
12 722
632 12
190 437
495 190
331 592
33 592
479 12
13 619 153 37 
13 153
13 619
13 37
401 450 593 652 30 
401 593
450 593
450 30
593 652
261 731 
261 731
579 768 582 664 256 424 
768 256
582 424
768 424
579 424
582 664
468 581 429 718 622 575 
468 575
718 575
429 622
468 429
581 429
87 462 
87 462
400 423 250 483 611 236 740 292 551 29 211 390 4 706 707 513 649 554 154 230 240 322 507 738 775 397 464 247 478 776 532 132 67 744 
400 423
250 423
483 400
611 400
236 611
740 250
292 236
551 740
29 611
211 29
390 551
4 29
706 292
707 292
513 4
649 390
554 390
154 513
230 707
240 154
322 554
507 551
738 154
775 554
397 775
464 706
247 240
478 775
776 507
532 649
132 738
67 247
744 776
471 501 777 204 534 763 336 178 319 356 780 32 570 69 528 549 146 459 
471 501
777 501
204 471
534 204
763 204
336 534
178 534
319 336
356 763
780 319
32 178
570 780
69 178
528 356
549 69
146 528
459 146
144 196 183 35 324 
144 196
196 35
144 324
183 35
94 213 309 795 23 17 484 105 279 774 470 
94 213
309 94
795 309
23 213
17 309
484 213
105 23
279 105
774 105
470 279
2 526 626 184 
526 626
2 184
2 626
217 555 503 548 216 323 321 557 608 320 721 117 
217 555
503 555
548 555
216 548
323 548
321 323
557 323
608 557
320 608
721 557
117 320
150 512 344 758 794 358 47 
758 358
150 512
344 758
150 344
758 794
758 47
198 658 636 606 289 20 465 42 
465 42
198 658
658 606
606 465
289 20
636 606
636 289
108 442 
108 442
95 648 620 605 239 335 482 
239 482
620 335
95 335
605 482
95 648
648 482
339 
630 737 242 710 120 771 762 677 756 114 576 
630 737
242 737
710 630
120 242
771 120
762 710
677 737
756 771
114 710
576 120
376 637 
376 637
516 691 
516 691
73 416 713 657 75 265 92 571 640 556 149 10 79 492 100 131 290 398 137 365 685 52 572 
73 416
713 416
657 713
75 73
265 416
92 75
571 265
640 571
556 657
149 75
10 640
79 149
492 640
100 79
131 556
290 492
398 149
137 290
365 10
685 365
52 640
572 149
244 
7 761 594 258 
761 594
7 594
594 258
169 542 415 779 380 296 357 682 143 711 580 98 488 653 618 151 435 285 595 109 333 
169 542
415 542
779 415
380 415
296 415
357 380
682 296
143 682
711 357
580 779
98 682
488 580
653 711
618 488
151 653
435 98
285 580
595 618
109 151
333 169
80 736 431 157 54 577 55 249 186 433 533 568 214 692 189 111 133 
80 736
431 736
157 736
54 80
577 431
55 577
249 157
186 54
433 186
533 577
568 433
214 568
692 249
189 214
111 55
133 568
197 284 520 409 302 226 218 383 160 746 
197 284
520 284
409 520
302 409
226 197
218 302
383 218
160 226
746 520
187 427 129 729 225 364 50 224 496 314 41 89 646 194 447 603 346 145 410 360 223 615 81 
187 427
129 427
729 187
225 729
364 129
50 225
224 364
496 50
314 225
41 729
89 364
646 89
194 89
447 646
603 41
346 314
145 447
410 194
360 410
223 145
615 447
81 223
53 277 252 155 28 231 
53 155
252 28
252 155
277 155
277 231
305 584 661 702 425 428 
584 425
661 425
661 428
305 702
584 702
60 546 
60 546
318 449 57 
449 57
318 449
121 
205 601 288 407 257 788 391 283 421 564 769 6 110 
205 601
288 601
407 601
257 288
788 205
391 788
283 391
421 407
564 421
769 407
6 283
110 564
438 634 553 797 694 70 616 613 559 655 693 22 612 408 560 
438 634
553 438
797 438
694 553
70 797
616 70
613 616
559 616
655 559
693 70
22 797
612 655
408 612
560 22
34 293 725 229 
293 229
725 229
34 725
396 587 764 578 301 
587 578
396 301
764 578
587 301
192 566 306 119 663 127 753 280 690 782 538 88 439 
192 566
306 192
119 566
663 119
127 306
753 127
280 753
690 753
782 690
538 280
88 782
439 88
255 337 201 590 735 91 687 313 349 26 122 783 243 5 367 206 487 343 180 193 638 705 191 574 235 573 51 426 
255 337
201 337
590 255
735 201
91 255
687 590
313 687
349 91
26 590
122 735
783 122
243 91
5 783
367 313
206 367
487 735
343 26
180 487
193 26
638 487
705 343
191 243
574 705
235 193
573 191
51 191
426 235
329 504 461 238 418 
504 418
461 238
329 504
504 238
38 441 58 759 635 494 510 445 195 453 650 
38 441
58 38
759 441
635 441
494 759
510 58
445 38
195 58
453 445
650 510
385 714 167 298 19 
385 714
714 298
298 19
714 167
350 676 668 778 328 662 793 253 72 467 263 748 667 107 270 102 742 625 790 569 734 215 65 85 701 709 
350 676
668 676
778 668
328 350
662 328
793 778
253 662
72 778
467 793
263 662
748 467
667 793
107 263
270 72
102 667
742 328
625 742
790 667
569 102
734 270
215 263
65 742
85 107
701 569
709 734
56 432 599 282 393 267 389 
56 432
56 599
599 389
599 282
432 393
267 389
681 799 699 700 307 436 246 294 
700 246
681 436
799 699
699 436
307 246
700 436
699 294
24 82 297 
24 297
24 82
83 
96 123 
96 123
781 786 342 84 643 368 170 
786 84
84 368
781 643
786 342
84 643
368 170
172 388 394 1 733 585 46 414 
388 1
172 1
388 394
394 733
388 585
733 46
388 414
220 248 420 561 175 9 524 
220 420
220 248
561 524
175 9
561 9
248 561
457 562 730 363 515 469 
457 515
730 363
562 515
363 469
457 730
130 750 715 521 481 
750 715
130 750
715 521
521 481
202 338 535 558 179 251 473 312 377 647 671 295 308 704 720 16 113 166 
202 338
535 202
558 338
179 535
251 338
473 251
312 558
377 558
647 312
671 377
295 671
308 295
704 308
720 704
16 720
113 16
166 113
40 458 472 743 48 434 784 392 
40 434
40 784
743 784
458 392
48 392
458 743
472 743
156 275 523 272 266 90 412 739 379 796 99 164 497 674 641 486 678 596 
156 275
523 275
272 523
266 275
90 156
412 90
739 266
379 412
796 379
99 272
164 99
497 99
674 164
641 497
486 90
678 412
596 739
448 679 176 452 716 547 728 8 
679 8
679 547
716 547
176 716
452 8
448 716
452 728
