? 3 148 390 49 
? 3 119 419 69 
? 3 456 700 103 
? 3 227 330 446 
? 3 438 501 156 
? 3 229 711 489 
? 3 243 470 731 
? 3 582 637 397 
? 3 94 511 797 
!
94 511 797 
94 511
511 797
767 
327 458 21 586 684 124 755 528 301 341 273 477 546 776 262 644 68 766 482 385 540 468 
327 458
21 327
586 327
684 327
124 21
755 586
528 755
301 458
341 755
273 341
477 528
546 341
776 458
262 776
644 528
68 262
766 776
482 273
385 68
540 477
468 68
582 637 397 
582 637
582 397
243 470 731 
243 470
243 731
239 437 
239 437
138 499 172 228 30 448 10 777 285 
138 499
172 138
228 138
30 499
448 499
10 228
777 10
285 10
229 711 489 
229 711
229 489
581 670 647 745 758 485 667 
581 670
647 581
745 670
758 745
485 758
667 670
311 431 764 594 155 28 
311 431
764 431
594 764
155 764
28 764
740 
469 500 705 589 709 663 549 107 636 25 
469 500
705 469
589 469
709 705
663 709
549 663
107 709
636 107
25 663
166 184 180 43 688 623 46 62 233 89 733 231 237 
166 184
180 184
43 166
688 184
623 184
46 184
62 180
233 62
89 62
733 623
231 623
237 89
305 527 759 791 772 466 244 512 196 
305 527
759 527
791 305
772 791
466 772
244 791
512 466
196 791
300 779 
300 779
185 635 101 274 13 407 350 128 
185 635
101 635
274 185
13 185
407 13
350 101
128 101
560 690 258 493 651 93 176 
560 690
258 690
493 258
651 560
93 258
176 93
90 158 189 116 673 710 
90 158
189 158
116 90
673 158
710 90
436 580 571 353 656 723 302 543 250 459 
436 580
571 436
353 580
656 571
723 656
302 571
543 656
250 656
459 656
218 269 85 530 577 317 137 131 548 193 150 462 77 610 267 
218 269
85 218
530 218
577 218
317 85
137 85
131 269
548 530
193 317
150 131
462 577
77 137
610 137
267 548
175 714 450 256 677 41 121 133 545 460 120 509 666 363 697 134 703 
175 714
450 714
256 175
677 256
41 175
121 450
133 256
545 175
460 41
120 121
509 545
666 450
363 175
697 460
134 666
703 121
346 630 337 425 44 271 
346 630
337 630
425 630
44 425
271 44
438 501 156 
438 156
438 501
104 315 366 762 601 238 
104 315
366 104
762 315
601 366
238 315
415 702 154 216 392 525 483 354 321 84 335 226 788 324 774 790 642 298 770 513 169 444 798 569 418 105 785 492 165 45 32 211 741 
415 702
154 702
216 154
392 415
525 702
483 415
354 392
321 525
84 321
335 321
226 321
788 84
324 84
774 483
790 321
642 226
298 483
770 154
513 216
169 513
444 354
798 642
569 226
418 770
105 642
785 569
492 798
165 513
45 569
32 418
211 169
741 492
191 661 
191 661
453 518 4 188 504 342 736 796 631 439 573 357 626 727 
453 518
4 453
188 4
504 4
342 518
736 342
796 188
631 736
439 4
573 631
357 736
626 504
727 357
66 347 654 505 786 719 752 522 400 2 1 34 471 474 292 724 608 698 789 230 713 24 562 145 37 490 461 130 318 722 467 
66 347
654 347
505 66
786 347
719 347
752 719
522 719
400 347
2 522
1 66
34 786
471 719
474 1
292 719
724 2
608 1
698 1
789 2
230 400
713 471
24 2
562 230
145 230
37 24
490 698
461 471
130 145
318 474
722 37
467 724
135 424 381 760 487 761 
135 424
381 135
760 381
487 135
761 381
183 322 370 517 75 157 149 186 260 56 
183 322
370 322
517 183
75 183
157 322
149 183
186 322
260 183
56 186
39 618 537 559 706 508 605 194 371 763 587 
39 618
537 39
559 618
706 39
508 559
605 39
194 508
371 605
763 537
587 618
720 
433 742 757 278 544 167 373 270 201 358 583 112 568 187 5 405 534 329 
433 742
757 742
278 742
544 278
167 544
373 278
270 373
201 544
358 167
583 270
112 583
568 373
187 568
5 201
405 568
534 5
329 544
204 613 547 756 421 127 336 721 388 308 578 
204 613
547 613
756 613
421 756
127 756
336 127
721 127
388 127
308 336
578 308
53 352 288 261 
53 352
288 53
261 352
33 275 712 14 
33 275
712 33
14 33
420 491 26 375 117 399 377 558 595 619 83 86 338 735 391 553 603 728 606 
420 491
26 491
375 420
117 26
399 420
377 117
558 377
595 377
619 399
83 377
86 377
338 375
735 83
391 619
553 558
603 735
728 338
606 735
227 330 446 
227 330
330 446
293 455 426 565 739 199 428 555 29 57 620 345 659 639 242 
293 455
426 293
565 293
739 565
199 426
428 455
555 565
29 565
57 565
620 739
345 565
659 739
639 345
242 639
3 643 61 408 592 383 214 629 464 235 599 197 676 284 
3 643
61 3
408 3
592 61
383 3
214 3
629 61
464 214
235 643
599 214
197 383
676 235
284 643
283 472 718 209 529 247 74 588 
283 472
718 283
209 718
529 209
247 472
74 283
588 529
716 
531 799 
531 799
575 
331 744 
331 744
19 564 365 15 715 368 333 339 561 413 440 411 
19 564
365 564
15 564
715 365
368 564
333 715
339 715
561 368
413 561
440 564
411 333
563 
207 430 195 707 
207 430
195 430
707 207
152 245 42 332 640 498 313 783 435 679 161 768 320 633 515 452 88 
152 245
42 245
332 42
640 332
498 42
313 640
783 42
435 313
679 498
161 435
768 783
320 768
633 313
515 161
452 633
88 313
367 376 689 374 655 
367 376
689 367
374 689
655 367
58 566 449 507 263 765 750 494 
58 566
449 566
507 58
263 449
765 566
750 507
494 58
96 362 550 202 394 
96 362
550 96
202 550
394 362
143 463 80 674 574 200 173 63 99 497 454 753 52 147 479 16 412 648 160 307 236 675 291 678 286 
143 463
80 143
674 463
574 143
200 143
173 200
63 574
99 574
497 99
454 173
753 173
52 497
147 99
479 200
16 674
412 674
648 80
160 52
307 479
236 648
675 479
291 479
678 236
286 147
393 695 542 142 351 64 416 
393 695
542 393
142 393
351 542
64 393
416 393
146 793 206 476 252 602 266 590 781 8 616 671 140 87 372 55 215 212 113 0 652 139 794 567 429 111 748 48 254 668 248 222 67 38 486 495 380 
146 793
206 146
476 793
252 793
602 476
266 146
590 602
781 252
8 266
616 266
671 781
140 671
87 616
372 781
55 671
215 602
212 8
113 671
0 215
652 266
139 372
794 212
567 602
429 55
111 87
748 111
48 139
254 0
668 87
248 567
222 248
67 794
38 652
486 139
495 38
380 0
451 519 
451 519
35 523 551 687 356 
35 523
551 523
687 523
356 551
343 442 234 47 526 279 72 182 334 496 54 607 259 403 22 50 
343 442
234 442
47 343
526 47
279 47
72 279
182 47
334 343
496 234
54 526
607 72
259 279
403 607
22 72
50 259
417 
552 638 
552 638
221 447 506 71 585 325 326 622 780 699 769 126 541 181 488 129 539 
221 447
506 221
71 447
585 506
325 506
326 447
622 325
780 325
699 622
769 622
126 506
541 126
181 780
488 71
129 488
539 129
81 264 570 404 344 662 389 249 159 514 7 717 82 
81 264
570 81
404 81
344 264
662 570
389 570
249 81
159 264
514 159
7 514
717 662
82 389
110 686 76 611 360 257 251 409 177 
110 686
76 686
611 76
360 686
257 686
251 257
409 251
177 409
11 473 612 282 782 
11 473
612 11
282 473
782 612
125 316 
125 316
369 
132 475 
132 475
340 696 40 97 102 771 484 615 653 402 220 136 704 294 109 348 650 178 422 70 192 
340 696
40 340
97 696
102 97
771 696
484 97
615 40
653 484
402 484
220 771
136 102
704 136
294 615
109 294
348 484
650 109
178 484
422 650
70 178
192 109
98 685 312 747 78 726 701 614 
98 685
312 685
747 98
78 747
726 312
701 78
614 78
456 700 103 
456 700
456 103
406 503 481 795 314 276 414 310 171 691 480 641 224 792 746 401 516 297 682 557 
406 503
481 503
795 503
314 406
276 503
414 276
310 406
171 795
691 314
480 276
641 310
224 314
792 224
746 414
401 641
516 224
297 792
682 401
557 171
153 387 
153 387
319 
309 
520 593 732 423 203 359 502 355 624 
520 593
732 520
423 520
203 732
359 423
502 423
355 423
624 355
9 754 328 277 
9 754
328 754
277 9
210 
361 692 213 349 396 617 596 123 729 737 441 554 778 730 
361 692
213 361
349 213
396 361
617 349
596 213
123 396
729 396
737 729
441 123
554 596
778 123
730 778
12 600 683 398 295 432 386 
12 600
683 12
398 12
295 600
432 600
386 432
591 634 306 141 272 657 168 
591 634
306 634
141 591
272 591
657 272
168 141
289 443 208 734 65 
289 443
208 443
734 289
65 289
118 
59 
576 664 751 669 95 598 410 649 445 787 
576 664
751 576
669 664
95 576
598 664
410 669
649 751
445 95
787 751
281 572 280 91 645 108 
281 572
280 281
91 281
645 91
108 645
646 672 
646 672
287 510 73 532 299 51 609 395 708 378 296 680 163 
287 510
73 287
532 510
299 510
51 73
609 299
395 609
708 51
378 51
296 609
680 708
163 708
119 419 69 
119 419
419 69
219 304 478 784 31 
219 304
478 304
784 304
31 304
148 390 49 
148 390
148 49
240 749 665 693 632 427 
240 749
665 240
693 240
632 240
427 749
100 521 738 660 106 225 174 681 290 115 597 
100 521
738 521
660 521
106 738
225 521
174 225
681 100
290 660
115 660
597 174
364 604 60 198 725 144 379 179 621 36 538 265 625 268 773 584 536 241 694 246 23 223 205 323 17 579 533 556 434 217 79 
364 604
60 604
198 604
725 604
144 364
379 364
179 198
621 364
36 364
538 179
265 179
625 621
268 60
773 36
584 265
536 268
241 36
694 538
246 241
23 538
223 536
205 625
323 223
17 621
579 246
533 265
556 694
434 579
217 246
79 773
151 164 628 382 18 170 743 162 114 232 658 457 775 253 384 535 6 255 
151 164
628 164
382 151
18 382
170 628
743 151
162 382
114 170
232 170
658 151
457 658
775 170
253 382
384 114
535 384
6 658
255 162
92 627 
92 627
190 524 20 27 122 303 465 
190 524
20 524
27 190
122 524
303 27
465 303
