? 3 591 634 168 
? 3 308 336 467 
? 3 132 475 65 
? 3 277 319 328 
? 3 44 425 398 
? 3 227 707 191 
? 3 551 712 409 
? 3 9 754 271 
? 3 511 797 318 
!
511 797 318 
511 318
511 797
746 
453 518 4 188 504 631 796 439 736 342 357 14 469 626 589 727 573 35 353 500 709 33 
453 518
4 453
188 4
504 188
631 518
796 453
439 4
736 518
342 736
357 736
14 439
469 736
626 504
589 357
727 357
573 631
35 439
353 796
500 469
709 573
33 14
9 754 271 
9 754
754 271
551 712 409 
551 712
712 409
557 705 
557 705
343 442 234 334 72 47 279 259 182 
343 442
234 442
334 442
72 343
47 343
279 47
259 47
182 259
227 707 191 
707 191
227 707
39 537 559 605 706 763 618 
39 537
559 39
605 39
706 605
763 559
618 559
104 366 601 315 238 249 
104 366
601 104
315 104
238 104
249 104
734 
297 637 582 401 726 224 98 710 516 229 
297 637
582 637
401 297
726 637
224 297
98 726
710 726
516 224
229 710
61 592 3 643 629 408 383 56 214 186 197 464 284 
61 592
3 61
643 3
629 61
408 643
383 3
56 629
214 383
186 56
197 214
464 197
284 592
90 158 189 116 711 767 523 489 575 
90 158
189 158
116 90
711 90
767 158
523 189
489 711
575 116
331 722 
331 722
96 362 550 394 202 543 638 250 
96 362
550 362
394 362
202 550
543 394
638 96
250 543
289 351 542 393 695 142 416 
289 351
542 351
393 542
695 393
142 695
416 289
81 570 389 662 717 108 
81 570
389 570
662 570
717 662
108 81
213 349 692 361 617 396 596 123 729 737 
213 349
692 349
361 349
617 349
396 213
596 213
123 396
729 617
737 123
411 419 740 119 333 657 69 272 672 365 715 564 15 339 646 
411 419
740 419
119 419
333 411
657 419
69 411
272 411
672 69
365 119
715 272
564 365
15 564
339 564
646 672
218 269 85 137 577 317 530 548 131 193 150 744 267 462 578 172 610 
218 269
85 269
137 85
577 269
317 85
530 85
548 269
131 577
193 317
150 131
744 269
267 150
462 577
578 317
172 267
610 137
148 390 49 552 275 356 
148 390
49 148
552 148
275 148
356 390
44 425 398 
44 398
44 425
720 741 316 125 330 92 
720 741
316 720
125 316
330 316
92 330
146 793 206 476 252 616 781 266 602 590 8 671 140 87 55 113 372 48 215 111 0 748 652 567 254 139 38 668 248 486 222 112 433 
146 793
206 793
476 206
252 793
616 206
781 252
266 146
602 476
590 602
8 266
671 781
140 671
87 616
55 140
113 140
372 781
48 372
215 590
111 87
0 215
748 111
652 266
567 602
254 0
139 48
38 652
668 111
248 567
486 139
222 248
112 0
433 222
115 681 
115 681
742 757 278 544 201 270 373 167 358 380 329 5 568 583 
742 757
278 742
544 278
201 544
270 544
373 270
167 201
358 201
380 270
329 358
5 544
568 373
583 380
327 458 684 586 21 124 755 301 341 528 273 644 68 477 262 385 766 482 468 776 540 546 210 762 496 128 54 196 391 645 526 
327 458
684 458
586 458
21 458
124 21
755 586
301 21
341 755
528 755
273 341
644 528
68 684
477 528
262 68
385 68
766 262
482 273
468 385
776 262
540 477
546 273
210 776
762 68
496 540
128 468
54 528
196 273
391 528
645 776
526 54
25 636 107 549 687 663 
25 636
107 636
549 107
687 636
663 107
240 749 665 693 432 386 295 427 632 387 
240 749
665 240
693 240
432 240
386 240
295 386
427 295
632 665
387 665
507 614 750 612 782 701 78 747 494 312 11 
507 614
750 614
612 614
782 612
701 612
78 701
747 78
494 507
312 78
11 701
689 
151 164 382 628 18 743 170 162 658 457 114 775 384 253 6 255 535 232 
151 164
382 151
628 151
18 628
743 151
170 628
162 382
658 151
457 658
114 170
775 170
384 114
253 382
6 658
255 162
535 384
232 170
338 728 280 91 281 572 514 7 159 344 264 
338 728
280 728
91 728
281 280
572 281
514 91
7 514
159 7
344 7
264 159
195 430 207 282 
195 430
207 430
282 195
388 721 141 77 
388 721
141 388
77 721
340 696 97 40 484 653 102 771 615 402 136 109 650 294 704 422 70 220 94 
340 696
97 340
40 696
484 97
653 484
102 97
771 102
615 696
402 484
136 102
109 40
650 109
294 109
704 102
422 650
70 653
220 704
94 704
277 319 328 
277 328
319 328
190 524 231 623 733 20 303 27 122 371 655 43 465 688 166 
190 524
231 190
623 231
733 623
20 524
303 20
27 20
122 524
371 190
655 122
43 623
465 27
688 43
166 688
359 423 520 765 566 355 502 58 593 732 263 624 449 59 
359 423
520 423
765 423
566 359
355 423
502 566
58 566
593 520
732 520
263 566
624 593
449 58
59 765
12 600 163 683 708 599 235 51 
12 600
163 600
683 12
708 163
599 12
235 12
51 708
680 
64 501 
64 501
676 
155 563 
155 563
521 738 100 106 225 660 597 174 700 456 31 290 
521 738
100 521
106 738
225 738
660 100
597 225
174 597
700 738
456 700
31 106
290 700
627 
311 431 764 594 
311 431
764 431
594 431
221 447 506 71 699 326 585 325 622 780 126 541 769 181 488 199 426 
221 447
506 221
71 447
699 506
326 447
585 506
325 506
622 699
780 221
126 506
541 126
769 622
181 780
488 71
199 488
426 199
547 613 127 421 756 
547 613
127 547
421 547
756 547
576 664 598 751 95 649 787 673 
576 664
598 664
751 576
95 664
649 576
787 649
673 787
459 723 554 441 177 
459 723
554 459
441 554
177 723
66 347 654 752 719 505 400 786 2 522 1 34 474 608 471 292 562 789 230 698 24 713 145 490 461 
66 347
654 66
752 347
719 752
505 719
400 505
786 66
2 719
522 2
1 786
34 786
474 1
608 474
471 719
292 471
562 505
789 2
230 562
698 1
24 2
713 471
145 230
490 698
461 292
395 609 510 296 194 532 508 
395 609
510 609
296 395
194 609
532 510
508 194
415 702 154 216 392 321 354 483 525 324 84 335 788 226 774 790 642 67 298 513 169 418 444 770 798 794 569 105 785 429 45 32 165 492 212 211 192 
415 702
154 702
216 154
392 415
321 392
354 392
483 702
525 321
324 321
84 321
335 321
788 84
226 321
774 483
790 335
642 226
67 774
298 483
513 324
169 513
418 298
444 354
770 418
798 642
794 67
569 226
105 569
785 569
429 794
45 569
32 418
165 770
492 798
212 794
211 169
192 32
446 661 
446 661
243 470 495 156 438 
243 470
495 243
156 470
438 156
555 565 29 293 345 659 739 639 57 455 242 452 515 428 161 435 
555 565
29 555
293 565
345 565
659 345
739 293
639 29
57 555
455 293
242 639
452 242
515 345
428 293
161 452
435 345
587 
350 374 
350 374
79 529 209 283 588 718 434 217 472 731 178 579 556 17 694 413 348 
79 529
209 529
283 79
588 529
718 529
434 209
217 588
472 283
731 588
178 472
579 434
556 283
17 579
694 556
413 178
348 178
485 758 745 647 378 670 581 346 630 73 337 287 299 
485 758
745 485
647 745
378 758
670 647
581 670
346 378
630 346
73 378
337 630
287 73
299 287
110 686 76 410 360 611 669 257 251 
110 686
76 686
410 110
360 686
611 410
669 410
257 686
251 257
101 635 620 13 407 
101 635
620 101
13 635
407 13
187 405 
187 405
534 
82 404 
82 404
117 377 83 86 558 595 553 491 26 735 603 420 375 619 759 606 399 527 305 791 50 
117 377
83 377
86 117
558 117
595 377
553 377
491 377
26 491
735 595
603 735
420 491
375 420
619 595
759 603
606 759
399 619
527 759
305 527
791 305
50 527
130 352 451 261 288 519 53 445 
130 352
451 130
261 352
288 352
519 288
53 261
445 352
132 475 65 
475 65
132 65
175 714 256 450 41 121 677 133 545 460 509 666 697 134 667 120 703 685 682 363 
175 714
256 714
450 714
41 175
121 450
677 175
133 714
545 175
460 677
509 545
666 450
697 460
134 666
667 41
120 121
703 121
685 133
682 667
363 682
28 309 
28 309
369 
244 
183 322 370 75 157 517 149 260 716 
183 322
370 322
75 183
157 322
517 322
149 183
260 183
716 322
560 690 203 651 
560 690
203 690
651 203
204 
223 323 533 584 23 74 205 247 368 561 208 487 443 440 
223 323
533 223
584 223
23 533
74 23
205 584
247 74
368 247
561 368
208 205
487 205
443 208
440 368
22 607 772 403 466 512 185 
22 607
772 22
403 607
466 607
512 403
185 512
180 184 62 46 233 799 531 
180 184
62 180
46 180
233 62
799 46
531 799
135 424 381 760 761 
135 424
381 424
760 381
761 760
153 
19 
219 784 304 103 478 300 779 237 89 417 
219 784
304 219
103 784
478 219
300 478
779 478
237 779
89 237
417 784
93 176 493 367 258 376 
93 176
493 93
367 176
258 493
376 367
37 724 
37 724
406 503 481 795 314 276 414 171 691 480 310 641 792 
406 503
481 503
795 503
314 406
276 406
414 406
171 795
691 314
480 276
310 414
641 310
792 314
308 336 467 
308 467
336 467
129 539 633 88 274 
129 539
633 539
88 633
274 633
591 634 168 
591 634
634 168
138 499 10 228 777 285 
138 499
10 138
228 10
777 10
285 10
152 245 42 640 498 332 679 783 313 320 768 
152 245
42 245
640 152
498 42
332 640
679 498
783 42
313 640
320 783
768 783
143 463 80 674 574 173 200 63 497 99 412 52 147 454 479 753 160 648 236 307 16 678 291 286 675 239 437 306 30 118 448 
143 463
80 143
674 80
574 143
173 143
200 173
63 574
497 574
99 63
412 80
52 497
147 99
454 80
479 200
753 479
160 497
648 412
236 648
307 479
16 412
678 236
291 307
286 147
675 307
239 236
437 412
306 675
30 52
118 16
448 30
364 604 198 144 60 725 379 179 621 36 268 538 265 536 773 625 246 241 
364 604
198 604
144 604
60 604
725 60
379 60
179 198
621 364
36 364
268 379
538 179
265 179
536 265
773 36
625 621
246 773
241 246
397 473 
397 473
436 580 778 730 656 571 302 
436 580
778 580
730 580
656 436
571 656
302 571
