? 3 49 302 552 
? 3 107 663 709 
? 3 167 358 329 
? 3 338 728 196 
? 3 101 635 334 
? 3 280 281 572 
? 3 243 470 731 
? 3 289 416 264 
? 3 185 274 13 
!
185 274 13 
185 274
274 13
797 
155 594 764 563 431 311 438 501 28 309 64 393 542 156 142 601 695 38 238 351 652 668 
155 594
764 155
563 594
431 764
311 431
438 563
501 438
28 764
309 28
64 431
393 311
542 393
156 438
142 542
601 28
695 542
38 156
238 309
351 695
652 38
668 238
289 416 264 
289 416
416 264
243 470 731 
243 470
243 731
115 319 
115 319
496 540 244 234 526 54 442 343 791 
496 540
244 496
234 496
526 540
54 526
442 234
343 442
791 54
280 281 572 
281 572
280 281
285 591 10 228 138 499 52 
285 591
10 285
228 10
138 228
499 138
52 499
7 514 159 344 91 645 
7 514
159 7
344 159
91 514
645 514
766 
581 647 670 745 758 485 746 480 414 310 
581 647
670 647
745 670
758 745
485 758
746 581
480 746
414 480
310 414
384 535 114 204 170 232 18 628 613 421 547 756 164 
384 535
114 384
204 535
170 114
232 114
18 170
628 170
613 204
421 204
547 613
756 547
164 628
385 468 68 128 762 262 111 210 776 
385 468
68 385
128 468
762 68
262 68
111 468
210 262
776 210
557 573 
557 573
292 713 461 505 775 34 722 318 
292 713
461 713
505 292
775 461
34 505
722 34
318 34
96 362 550 253 202 162 394 
96 362
550 362
253 550
202 550
162 96
394 96
119 419 411 740 657 672 
119 419
411 419
740 119
657 411
672 740
76 110 686 611 6 410 658 669 457 664 
76 110
686 76
611 110
6 686
410 110
658 6
669 410
457 658
664 669
287 510 299 532 73 51 609 703 395 296 708 680 378 163 600 
287 510
299 510
532 299
73 287
51 532
609 299
703 609
395 609
296 609
708 51
680 296
378 73
163 708
600 708
560 690 258 203 493 732 593 486 520 93 651 139 624 176 423 627 48 
560 690
258 560
203 560
493 258
732 203
593 732
486 258
520 732
93 493
651 203
139 486
624 593
176 93
423 520
627 651
48 139
132 717 662 389 475 570 
132 717
662 717
389 717
475 132
570 662
101 635 334 
101 334
635 334
98 312 685 363 297 401 
98 312
685 98
363 685
297 363
401 363
415 702 154 216 525 392 321 483 354 84 324 335 788 774 226 790 642 67 298 513 444 794 770 798 569 105 429 212 418 169 45 785 492 
415 702
154 415
216 154
525 415
392 525
321 525
483 702
354 392
84 321
324 84
335 321
788 324
774 483
226 335
790 788
642 226
67 774
298 483
513 216
444 354
794 67
770 154
798 790
569 226
105 569
429 444
212 794
418 770
169 513
45 444
785 569
492 798
387 531 
387 531
29 555 452 345 565 659 57 161 639 242 515 633 739 293 
29 555
452 29
345 452
565 555
659 565
57 452
161 57
639 659
242 345
515 57
633 242
739 565
293 739
193 317 530 85 168 269 577 218 578 77 137 462 308 744 721 131 141 610 336 548 388 150 127 467 331 69 267 646 172 272 777 
193 317
530 193
85 530
168 193
269 530
577 269
218 269
578 168
77 193
137 85
462 577
308 578
744 462
721 77
131 577
141 77
610 141
336 308
548 218
388 721
150 131
127 721
467 744
331 467
69 462
267 548
646 69
172 267
272 150
777 548
15 564 365 715 333 440 
15 564
365 564
715 365
333 715
440 715
152 245 42 332 640 313 88 435 539 407 
152 245
42 245
332 42
640 332
313 640
88 313
435 88
539 332
407 88
364 604 60 725 379 179 268 265 625 584 536 
364 604
60 604
725 60
379 60
179 725
268 379
265 179
625 364
584 265
536 268
751 
112 380 583 0 350 215 270 405 373 689 254 568 376 742 278 367 187 757 
112 380
583 112
0 112
350 583
215 380
270 380
405 350
373 270
689 350
254 0
568 405
376 254
742 270
278 742
367 376
187 568
757 742
24 789 2 724 37 522 471 719 752 786 347 
24 789
2 789
724 24
37 724
522 2
471 522
719 471
752 719
786 2
347 786
9 328 754 681 
9 328
754 328
681 328
223 323 16 454 
223 323
16 223
454 16
325 585 506 126 541 769 780 166 733 43 184 181 623 374 688 27 180 303 199 
325 585
506 325
126 325
541 126
769 585
780 506
166 769
733 541
43 166
184 43
181 780
623 733
374 181
688 184
27 733
180 688
303 27
199 181
338 728 196 
338 728
728 196
590 602 476 252 206 793 146 567 781 222 248 433 748 616 87 
590 602
476 602
252 476
206 476
793 206
146 793
567 590
781 252
222 567
248 567
433 222
748 248
616 206
87 616
26 491 420 375 117 595 377 558 399 86 83 619 553 546 
26 491
420 491
375 420
117 26
595 117
377 117
558 117
399 375
86 377
83 595
619 399
553 86
546 399
337 630 346 683 12 235 295 386 
337 630
346 630
683 337
12 683
235 12
295 235
386 295
718 
56 716 
56 716
543 
632 693 
632 693
183 517 370 75 157 322 149 284 260 186 277 271 
183 517
370 183
75 370
157 75
322 370
149 183
284 157
260 284
186 322
277 260
271 284
524 
23 694 118 533 
23 694
118 23
533 23
612 782 11 701 397 473 614 449 78 750 191 747 507 195 263 282 58 
612 782
11 612
701 612
397 701
473 11
614 782
449 614
78 397
750 614
191 11
747 78
507 750
195 191
263 449
282 195
58 449
406 503 481 795 314 
406 503
481 503
795 503
314 406
55 140 671 113 372 8 266 495 
55 140
671 140
113 671
372 140
8 671
266 8
495 8
603 735 606 759 391 
603 735
606 603
759 606
391 606
340 696 97 40 615 771 484 102 653 402 32 136 109 192 294 704 422 220 650 348 70 339 94 511 178 
340 696
97 340
40 696
615 40
771 97
484 97
102 97
653 484
402 653
32 615
136 102
109 615
192 109
294 192
704 136
422 40
220 704
650 109
348 402
70 348
339 402
94 220
511 94
178 70
5 534 428 455 620 201 544 
5 534
428 534
455 428
620 428
201 5
544 201
304 784 103 219 779 31 478 300 106 320 237 326 768 738 456 225 700 89 417 153 679 521 783 597 290 129 498 699 100 447 174 622 221 233 71 665 660 
304 784
103 304
219 784
779 103
31 219
478 779
300 478
106 784
320 31
237 779
326 300
768 320
738 106
456 31
225 106
700 456
89 237
417 225
153 237
679 456
521 738
783 768
597 225
290 700
129 783
498 679
699 326
100 521
447 326
174 597
622 699
221 447
233 89
71 447
665 417
660 100
20 465 
20 465
104 366 315 249 108 
104 366
315 104
249 366
108 249
256 714 175 450 133 41 677 121 460 666 545 697 509 134 120 667 
256 714
175 256
450 714
133 175
41 133
677 41
121 450
460 677
666 450
545 175
697 460
509 545
134 666
120 121
667 133
482 
46 62 
46 62
241 246 36 773 217 434 579 79 529 209 588 17 538 208 621 144 198 
241 246
36 246
773 241
217 246
434 217
579 217
79 773
529 79
209 529
588 434
17 579
538 773
208 17
621 17
144 538
198 144
489 710 711 229 116 90 575 189 158 726 582 430 637 
489 710
711 710
229 711
116 489
90 116
575 116
189 90
158 90
726 229
582 726
430 575
637 582
291 307 479 675 306 147 753 286 634 
291 307
479 307
675 307
306 675
147 675
753 479
286 306
634 286
382 743 151 255 638 
382 743
151 743
255 382
638 255
30 448 
30 448
359 
426 488 
426 488
188 504 4 626 439 453 14 518 796 356 390 33 35 353 275 636 551 148 25 523 549 
188 504
4 188
626 504
439 4
453 4
14 439
518 453
796 504
356 14
390 626
33 356
35 356
353 796
275 33
636 35
551 33
148 390
25 636
523 35
549 636
135 424 487 381 760 761 443 205 
135 424
487 424
381 135
760 381
761 381
443 487
205 487
167 358 329 
167 329
358 329
605 706 371 39 537 618 763 59 559 587 494 508 194 655 765 799 355 231 122 190 
605 706
371 605
39 706
537 39
618 39
763 618
59 537
559 763
587 371
494 537
508 618
194 508
655 59
765 59
799 587
355 655
231 371
122 655
190 231
516 691 
516 691
357 
276 
247 413 561 368 472 74 556 283 19 
247 413
561 413
368 561
472 561
74 413
556 74
283 472
19 368
656 723 250 571 
656 723
250 656
571 656
177 
197 464 383 44 214 425 61 629 3 599 592 643 408 398 
197 464
383 464
44 464
214 383
425 44
61 383
629 61
3 61
599 214
592 61
643 3
408 643
398 599
469 500 705 342 736 631 589 
469 500
705 500
342 469
736 342
631 705
589 736
182 259 47 50 279 305 527 
182 259
47 182
50 259
279 47
305 50
527 305
82 404 65 81 734 
82 404
65 82
81 404
734 404
171 
160 
143 463 674 80 574 200 173 63 99 497 
143 463
674 143
80 674
574 463
200 463
173 200
63 574
99 63
497 63
446 661 707 207 502 566 
446 661
707 446
207 707
502 661
566 502
224 792 
224 792
327 458 21 684 586 301 124 755 528 341 273 644 477 
327 458
21 327
684 21
586 458
301 684
124 684
755 586
528 755
341 755
273 341
644 528
477 644
107 663 709 
107 663
107 709
427 676 749 432 240 
427 676
749 427
432 749
240 749
49 302 552 
49 302
49 552
239 678 236 648 412 437 
239 678
236 678
648 236
412 236
437 412
673 767 787 649 409 251 687 257 360 712 576 
673 767
787 673
649 787
409 767
251 409
687 767
257 251
360 251
712 409
576 649
288 519 261 211 53 352 451 125 720 130 490 741 698 445 316 145 230 1 474 400 562 608 330 598 165 369 95 227 654 66 92 
288 519
261 288
211 288
53 519
352 261
451 352
125 53
720 125
130 352
490 451
741 720
698 490
445 352
316 125
145 130
230 145
1 698
474 1
400 230
562 230
608 474
330 316
598 562
165 474
369 165
95 598
227 330
654 400
66 654
92 330
349 361 213 692 617 396 596 729 737 123 778 554 441 730 727 580 436 459 
349 361
213 349
692 361
617 213
396 213
596 213
729 396
737 729
123 729
778 737
554 596
441 123
730 778
727 123
580 730
436 580
459 554
641 682 
641 682
466 607 22 403 772 512 72 
466 607
22 466
403 607
772 22
512 403
72 22
