!
27 237 641 302 615 66 563 716 544 548 470 794 36 439 581 70 189 156 687 129 605 677 200 419 230 783 316 416 484 411 293 
27 237
641 27
302 237
615 302
66 302
563 641
716 563
544 302
548 563
470 548
794 548
36 563
439 470
581 548
70 470
189 439
156 544
687 156
129 439
605 794
677 129
200 156
419 794
230 129
783 548
316 548
416 419
484 783
411 200
293 156
96 126 120 55 217 81 68 28 245 178 252 256 299 155 114 404 9 560 444 321 577 312 247 616 423 272 204 345 491 546 52 295 276 128 246 168 76 737 572 376 446 334 32 718 173 629 365 587 627 313 723 270 347 764 422 127 537 658 358 138 171 50 785 652 515 571 64 786 208 266 432 722 405 481 650 613 448 254 331 47 597 18 297 100 504 640 464 784 167 714 421 89 29 185 617 361 691 797 351 235 755 59 428 5 699 776 132 719 586 258 194 182 116 339 19 328 733 420 102 305 292 782 215 62 60 240 540 424 398 349 213 373 265 490 618 760 480 772 584 307 278 165 628 31 478 79 693 667 234 152 23 720 762 273 274 750 614 660 225 533 223 93 623 497 330 479 674 796 
96 126
120 96
55 126
217 126
81 217
68 126
28 81
245 68
178 217
252 81
256 126
299 178
155 96
114 252
404 114
9 114
560 81
444 120
321 96
577 252
312 96
247 68
616 321
423 252
272 616
204 68
345 321
491 256
546 560
52 247
295 204
276 295
128 9
246 9
168 560
76 491
737 345
572 168
376 616
446 295
334 76
32 616
718 572
173 295
629 616
365 718
587 376
627 737
313 295
723 737
270 723
347 334
764 270
422 376
127 270
537 313
658 737
358 587
138 376
171 358
50 313
785 270
652 127
515 171
571 50
64 537
786 64
208 515
266 376
432 50
722 270
405 347
481 652
650 266
613 515
448 718
254 405
331 448
47 722
597 266
18 266
297 722
100 405
504 50
640 448
464 432
784 266
167 613
714 722
421 167
89 722
29 714
185 613
617 432
361 167
691 784
797 784
351 714
235 691
755 640
59 691
428 652
5 617
699 797
776 351
132 464
719 755
586 691
258 351
194 100
182 797
116 776
339 132
19 586
328 19
733 182
420 185
102 19
305 185
292 305
782 132
215 305
62 617
60 428
240 5
540 240
424 258
398 182
349 305
213 240
373 349
265 19
490 398
618 102
760 254
480 398
772 5
584 373
307 540
278 586
165 213
628 60
31 165
478 265
79 760
693 265
667 776
234 165
152 165
23 618
720 292
762 79
273 292
274 584
750 23
614 274
660 258
225 194
533 225
223 398
93 533
623 628
497 584
330 234
479 586
674 628
796 760
26 288 162 551 590 694 646 261 239 508 169 661 275 396 329 91 87 413 574 498 228 105 487 205 626 566 61 437 631 134 759 542 338 645 472 25 163 457 222 57 12 8 475 390 644 122 263 113 538 103 547 150 212 1 294 476 359 309 159 104 17 0 675 521 403 325 77 435 550 643 703 492 337 183 611 188 639 588 465 401 13 559 567 80 14 483 108 149 301 
26 288
162 26
551 288
590 162
694 26
646 162
261 162
239 26
508 646
169 551
661 288
275 694
396 239
329 551
91 694
87 694
413 169
574 329
498 169
228 551
105 413
487 694
205 105
626 329
566 694
61 590
437 487
631 626
134 694
759 61
542 329
338 87
645 694
472 169
25 694
163 472
457 61
222 457
57 487
12 169
8 759
475 542
390 475
644 498
122 457
263 475
113 475
538 542
103 759
547 542
150 338
212 134
1 57
294 547
476 163
359 169
309 103
159 1
104 159
17 8
0 159
675 1
521 476
403 104
325 390
77 103
435 205
550 103
643 675
703 547
492 476
337 703
183 492
611 435
188 8
639 492
588 498
465 492
401 337
13 188
559 337
567 325
80 465
14 567
483 567
108 703
149 337
301 103
314 744 160 766 90 346 277 253 781 474 505 451 56 654 154 395 40 704 43 199 259 743 22 196 514 324 604 773 452 366 736 708 592 131 300 706 186 458 443 749 209 352 371 343 445 637 767 74 
314 744
160 314
766 744
90 744
346 90
277 346
253 314
781 314
474 744
505 90
451 314
56 314
654 56
154 90
395 744
40 56
704 253
43 253
199 90
259 451
743 474
22 253
196 743
514 56
324 43
604 704
773 604
452 604
366 474
736 40
708 154
592 43
131 743
300 452
706 300
186 253
458 592
443 186
749 452
209 743
352 743
371 196
343 154
445 443
637 443
767 743
74 154
41 219 161 377 427 148 20 44 460 777 98 202 317 778 668 249 509 434 449 37 730 386 477 327 700 738 711 184 406 525 51 769 262 792 688 367 466 417 15 
41 219
161 41
377 219
427 161
148 377
20 148
44 219
460 427
777 377
98 377
202 427
317 41
778 98
668 460
249 668
509 161
434 668
449 427
37 777
730 148
386 434
477 668
327 668
700 434
738 730
711 730
184 730
406 202
525 700
51 711
769 434
262 711
792 700
688 700
367 769
466 738
417 738
15 449
281 397 109 224 717 251 166 751 418 656 141 78 30 488 38 6 140 649 10 601 368 453 495 685 502 754 672 447 501 39 436 569 648 356 622 524 609 392 187 745 799 683 151 355 665 513 662 562 518 780 511 11 198 333 176 201 410 69 244 455 602 530 384 791 707 595 82 798 761 280 45 72 67 242 468 666 49 383 133 402 512 557 526 238 603 734 585 378 698 621 207 310 203 125 211 340 48 555 119 268 
281 397
109 281
224 281
717 109
251 281
166 281
751 397
418 281
656 418
141 397
78 717
30 224
488 751
38 488
6 717
140 717
649 488
10 488
601 751
368 418
453 368
495 224
685 141
502 751
754 453
672 141
447 672
501 754
39 453
436 672
569 656
648 672
356 447
622 488
524 488
609 754
392 447
187 6
745 488
799 78
683 754
151 683
355 656
665 683
513 30
662 187
562 569
518 717
780 6
511 355
11 662
198 562
333 513
176 799
201 11
410 665
69 745
244 392
455 662
602 569
530 745
384 198
791 244
707 799
595 683
82 799
798 198
761 244
280 780
45 707
72 11
67 69
242 780
468 72
666 333
49 468
383 242
133 513
402 49
512 707
557 798
526 666
238 384
603 557
734 595
585 526
378 242
698 11
621 791
207 468
310 603
203 603
125 603
211 468
340 383
48 378
555 512
119 707
268 201
651 768 
651 768
344 350 686 400 287 34 795 619 741 241 787 695 713 336 382 770 543 516 517 630 158 726 229 534 408 71 642 696 519 
344 350
686 344
400 344
287 686
34 400
795 400
619 350
741 350
241 741
787 795
695 741
713 400
336 795
382 241
770 741
543 382
516 543
517 516
630 516
158 241
726 241
229 517
534 336
408 726
71 516
642 630
696 726
519 787
264 632 139 3 697 625 712 291 747 765 591 195 670 
264 632
139 264
3 264
697 632
625 264
712 139
291 712
747 712
765 291
591 765
195 591
670 195
296 322 454 663 573 636 493 657 216 739 16 702 774 
296 322
454 296
663 322
573 454
636 573
493 663
657 573
216 657
739 216
16 657
702 739
774 657
364 576 655 735 425 529 520 709 414 589 284 721 545 306 612 565 177 570 53 385 236 231 467 482 
364 576
655 576
735 655
425 576
529 655
520 576
709 529
414 364
589 655
284 364
721 576
545 414
306 520
612 529
565 520
177 545
570 565
53 425
385 53
236 53
231 236
467 231
482 231
342 594 362 315 790 669 106 463 214 579 393 600 471 311 303 65 124 552 289 429 725 732 775 596 793 279 111 7 375 438 136 682 727 
342 594
362 594
315 594
790 594
669 790
106 362
463 342
214 669
579 463
393 579
600 214
471 315
311 579
303 790
65 106
124 393
552 393
289 552
429 463
725 552
732 429
775 600
596 579
793 790
279 793
111 463
7 793
375 793
438 429
136 65
682 732
727 393
54 763 271 123 633 319 157 135 679 634 758 
54 763
271 763
123 54
633 54
319 54
157 319
135 319
679 135
634 679
758 634
450 556 121 210 689 24 430 728 145 715 673 35 486 353 180 112 88 680 146 527 757 269 282 746 426 
450 556
121 450
210 450
689 556
24 556
430 210
728 450
145 450
715 450
673 689
35 556
486 121
353 24
180 353
112 353
88 430
680 121
146 112
527 88
757 112
269 527
282 146
746 146
426 746
624 748 107 193 260 172 117 137 206 506 610 440 175 620 233 531 147 335 510 255 456 742 164 684 499 599 83 496 
624 748
107 624
193 624
260 624
172 624
117 193
137 107
206 137
506 193
610 506
440 137
175 107
620 206
233 610
531 175
147 531
335 233
510 175
255 531
456 531
742 531
164 175
684 147
499 164
599 499
83 531
496 164
380 415 298 308 58 101 412 226 354 42 286 753 86 320 220 118 507 582 153 
380 415
298 415
308 298
58 380
101 298
412 298
226 298
354 298
42 298
286 298
753 308
86 380
320 86
220 320
118 220
507 320
582 42
153 507
441 788 369 598 267 33 701 2 21 536 532 304 724 232 99 174 638 143 332 63 85 190 84 789 407 580 192 528 553 283 500 541 522 348 399 523 575 564 503 379 75 243 170 326 144 130 221 459 442 678 391 692 489 218 409 671 142 729 653 607 578 73 92 561 539 318 341 608 257 535 635 647 731 473 461 593 290 606 705 191 381 549 197 659 181 469 568 583 360 664 357 676 554 387 363 752 46 710 110 323 394 485 388 97 374 494 250 372 389 462 771 285 433 227 370 
441 788
369 788
598 788
267 369
33 441
701 441
2 441
21 267
536 788
532 21
304 441
724 532
232 369
99 788
174 267
638 532
143 232
332 638
63 724
85 441
190 63
84 143
789 85
407 143
580 638
192 638
528 532
553 143
283 85
500 2
541 789
522 84
348 332
399 348
523 21
575 348
564 85
503 500
379 143
75 84
243 541
170 84
326 348
144 332
130 500
221 701
459 724
442 541
678 379
391 332
692 144
489 678
218 348
409 379
671 75
142 192
729 75
653 144
607 653
578 283
73 84
92 243
561 63
539 130
318 75
341 243
608 142
257 218
535 142
635 539
647 578
731 21
473 678
461 541
593 243
290 218
606 653
705 130
191 789
381 318
549 218
197 578
659 705
181 341
469 473
568 539
583 578
360 473
664 705
357 341
676 318
554 653
387 583
363 409
752 218
46 549
710 360
110 142
323 257
394 290
485 257
388 578
97 710
374 469
494 554
250 360
372 664
389 110
462 568
771 97
285 653
433 678
227 705
370 583
431 756 690 179 95 740 248 779 681 4 558 94 115 
431 756
690 431
179 431
95 431
740 179
248 756
779 740
681 690
4 681
558 4
94 558
115 94
