!
209 570 371 684 196 83 499 131 496 456 293 736 599 411 743 164 200 474 687 366 742 156 90 637 544 728 121 450 556 145 35 
209 570
371 209
684 209
196 570
83 196
499 684
131 83
496 499
456 684
293 371
736 293
599 499
411 293
743 131
164 599
200 293
474 131
687 200
366 474
742 456
156 687
90 366
637 156
544 637
728 90
121 728
450 121
556 450
145 556
35 145
348 399 221 326 575 218 391 332 523 607 549 598 144 290 701 752 46 541 692 21 174 788 653 442 267 606 532 323 33 536 304 638 461 580 441 394 99 257 554 494 789 192 243 369 528 190 485 620 724 191 285 85 206 357 2 63 748 142 283 181 593 232 172 624 535 731 92 553 341 493 143 107 260 389 608 564 137 522 379 110 84 407 561 335 500 506 409 117 440 233 170 75 459 578 387 678 503 388 193 771 489 197 97 130 370 610 659 473 636 73 583 726 360 647 671 642 710 322 729 635 696 539 663 705 381 664 296 318 250 363 454 216 175 630 469 573 625 7 517 568 229 739 408 372 676 279 510 375 374 227 657 793 433 255 158 462 695 702 147 241 741 48 516 531 725 619 207 16 
348 399
221 348
326 221
575 399
218 326
391 221
332 391
523 332
607 391
549 218
598 523
144 607
290 218
701 598
752 549
46 549
541 575
692 144
21 523
174 598
788 598
653 692
442 541
267 174
606 653
532 21
323 290
33 788
536 788
304 267
638 532
461 442
580 638
441 33
394 323
99 33
257 461
554 606
494 554
789 701
192 638
243 442
369 99
528 532
190 528
485 257
620 494
724 528
191 243
285 554
85 789
206 620
357 191
2 441
63 190
748 285
142 192
283 85
181 357
593 181
232 369
172 748
624 172
535 142
731 63
92 181
553 232
341 92
493 485
143 553
107 172
260 107
389 142
608 535
564 283
137 260
522 2
379 731
110 389
84 553
407 84
561 731
335 608
500 522
506 389
409 379
117 624
440 137
233 335
170 407
75 407
459 170
578 564
387 578
678 379
503 500
388 387
193 506
771 561
489 459
197 578
97 771
130 503
370 387
610 193
659 197
473 678
636 370
73 489
583 388
726 335
360 409
647 197
671 75
642 610
710 360
322 593
729 671
635 130
696 726
539 503
663 322
705 659
381 73
664 705
296 322
318 671
250 360
363 710
454 296
216 583
175 117
630 610
469 473
573 636
625 250
7 625
517 642
568 539
229 630
739 216
408 363
372 739
676 318
279 7
510 175
375 279
374 469
227 372
657 739
793 375
433 374
255 510
158 408
462 568
695 517
702 372
147 255
241 695
741 241
48 793
516 229
531 147
725 462
619 241
207 158
16 657
280 378 242 585 790 526 214 402 455 340 780 594 187 342 669 383 49 315 468 362 511 666 698 303 72 600 662 6 513 11 106 775 140 124 211 393 518 65 471 333 552 133 30 579 355 717 78 463 238 603 125 203 289 201 224 109 765 136 311 111 591 384 557 732 310 569 291 727 251 429 562 281 397 798 596 39 198 799 166 82 656 438 682 712 42 268 220 611 602 
280 378
242 280
585 242
790 378
526 585
214 526
402 280
455 402
340 214
780 455
594 790
187 455
342 594
669 342
383 340
49 402
315 594
468 49
362 342
511 780
666 383
698 468
303 362
72 468
600 666
662 187
6 780
513 511
11 662
106 600
775 106
140 6
124 315
211 698
393 124
518 11
65 106
471 393
333 513
552 393
133 333
30 140
579 303
355 30
717 140
78 717
463 579
238 133
603 238
125 603
203 603
289 471
201 518
224 717
109 717
765 125
136 65
311 289
111 463
591 765
384 333
557 203
732 111
310 591
569 384
291 136
727 311
251 109
429 463
562 384
281 251
397 281
798 384
596 311
39 569
198 562
799 201
166 109
82 799
656 569
438 429
682 438
712 291
42 727
268 201
220 682
611 765
602 198
150 437 338 487 275 645 1 159 104 0 57 694 403 675 87 566 643 91 239 134 396 25 263 228 626 288 26 631 162 390 113 551 261 590 212 122 475 329 457 222 508 661 542 325 646 169 61 574 
150 437
338 437
487 437
275 487
645 487
1 338
159 1
104 159
0 104
57 1
694 275
403 0
675 1
87 694
566 645
643 675
91 566
239 87
134 566
396 239
25 91
263 134
228 25
626 25
288 228
26 288
631 263
162 26
390 631
113 631
551 288
261 162
590 261
212 113
122 396
475 212
329 626
457 122
222 457
508 551
661 508
542 329
325 212
646 661
169 329
61 222
574 169
308 415 380 298 58 286 412 101 226 753 354 86 118 507 582 153 320 3 301 747 13 139 77 264 550 632 17 309 697 188 80 435 103 774 639 8 759 465 205 
308 415
380 415
298 308
58 380
286 298
412 298
101 412
226 412
753 58
354 226
86 380
118 86
507 118
582 354
153 507
320 86
3 582
301 507
747 301
13 747
139 3
77 747
264 139
550 77
632 264
17 77
309 77
697 632
188 13
80 550
435 80
103 309
774 697
639 435
8 309
759 8
465 639
205 550
297 764 270 627 723 127 652 722 89 714 785 351 47 776 29 481 76 258 116 491 334 428 737 424 347 60 194 312 254 345 100 667 628 405 658 299 256 623 178 533 93 321 32 225 272 660 779 217 674 138 650 760 681 52 740 55 758 266 4 616 376 179 756 404 96 248 126 155 120 558 796 651 690 422 81 79 149 247 734 28 444 431 108 18 235 95 693 597 586 587 68 784 691 94 559 19 265 59 595 276 
297 764
270 764
627 270
723 270
127 723
652 297
722 627
89 297
714 89
785 627
351 89
47 722
776 351
29 714
481 652
76 127
258 351
116 776
491 76
334 785
428 481
737 491
424 258
347 334
60 428
194 29
312 737
254 194
345 312
100 254
667 424
628 60
405 100
658 405
299 76
256 299
623 667
178 299
533 667
93 533
321 345
32 658
225 533
272 321
660 623
779 660
217 178
674 779
138 32
650 405
760 254
681 623
52 272
740 674
55 321
758 225
266 138
4 93
616 52
376 52
179 740
756 779
404 55
96 55
248 756
126 96
155 55
120 126
558 4
796 225
651 758
690 756
422 376
81 217
79 760
149 681
247 616
734 796
28 81
444 404
431 690
108 690
18 266
235 650
95 108
693 235
597 18
586 235
587 422
68 444
784 18
691 235
94 651
559 108
19 586
265 693
59 691
595 734
276 587
719 755 
719 755
349 373 292 215 305 720 584 185 421 420 614 361 135 167 62 319 274 613 208 482 157 699 497 679 231 515 234 467 633 
349 373
292 349
215 292
305 349
720 373
584 215
185 305
421 305
420 215
614 584
361 185
135 614
167 361
62 421
319 720
274 614
613 167
208 613
482 319
157 135
699 420
497 274
679 497
231 157
515 208
234 62
467 231
633 482
689 715 673 210 269 417 426 738 466 184 53 730 777 
689 715
673 715
210 689
269 715
417 673
426 417
738 417
466 738
184 466
53 466
730 184
777 730
31 772 152 165 330 271 540 307 123 54 763 132 385 
31 772
152 31
165 772
330 31
271 330
540 165
307 540
123 271
54 123
763 54
132 540
385 54
453 754 683 609 501 665 151 368 495 410 601 418 502 38 478 762 479 751 488 10 622 141 685 649 
453 754
683 453
609 683
501 754
665 453
151 609
368 501
495 501
410 665
601 495
418 495
502 368
38 601
478 502
762 478
479 478
751 38
488 751
10 488
622 488
141 622
685 141
649 141
344 350 555 686 512 119 287 400 34 707 795 713 176 621 787 336 74 770 45 343 767 791 543 708 382 356 154 392 71 534 244 352 447 
344 350
555 344
686 555
512 555
119 512
287 686
400 350
34 400
707 512
795 400
713 795
176 707
621 287
787 795
336 713
74 787
770 34
45 621
343 74
767 343
791 45
543 767
708 767
382 543
356 176
154 74
392 356
71 382
534 791
244 392
352 708
447 392
524 672 195 51 262 711 504 331 339 640 448 
524 672
195 524
51 524
262 51
711 262
504 262
331 504
339 331
640 331
448 640
14 483 567 703 294 547 538 337 359 644 115 588 498 401 472 12 413 105 163 476 670 768 183 521 492 
14 483
567 14
703 483
294 703
547 294
538 547
337 703
359 337
644 359
115 359
588 115
498 644
401 588
472 498
12 498
413 12
105 413
163 105
476 163
670 401
768 670
183 476
521 183
492 521
398 480 182 490 733 223 23 797 273 634 618 328 67 750 102 69 358 527 171 88 530 745 430 236 436 278 648 761 
398 480
182 480
490 182
733 490
223 398
23 490
797 182
273 223
634 273
618 23
328 618
67 23
750 23
102 328
69 67
358 797
527 273
171 358
88 527
530 69
745 530
430 527
236 88
436 745
278 102
648 745
761 69
64 537 432 786 173 313 50 571 617 295 446 464 5 629 128 782 213 204 240 
64 537
432 64
786 537
173 537
313 786
50 313
571 50
617 432
295 173
446 173
464 571
5 617
629 446
128 313
782 464
213 5
204 128
240 213
520 709 416 735 529 306 655 419 589 612 484 284 783 576 316 605 364 706 794 477 565 15 36 548 721 581 769 688 425 324 367 470 716 327 189 792 70 458 563 414 43 386 249 317 230 592 668 439 700 452 300 509 749 98 434 449 525 253 778 259 545 460 129 704 677 451 641 395 604 160 66 746 27 202 186 22 406 237 427 314 161 781 302 41 282 615 219 177 773 766 44 146 744 377 505 346 443 514 353 519 277 654 445 199 20 757 56 24 112 148 680 40 180 37 486 
520 709
416 709
735 520
529 520
306 529
655 735
419 416
589 735
612 306
484 416
284 655
783 419
576 655
316 484
605 316
364 576
706 605
794 605
477 589
565 706
15 589
36 783
548 36
721 565
581 548
769 15
688 769
425 15
324 706
367 425
470 36
716 581
327 688
189 470
792 769
70 189
458 721
563 716
414 721
43 324
386 327
249 327
317 386
230 70
592 458
668 317
439 189
700 792
452 324
300 452
509 386
749 452
98 668
434 509
449 509
525 700
253 300
778 98
259 592
545 414
460 449
129 439
704 452
677 129
451 259
641 563
395 259
604 704
160 451
66 604
746 525
27 641
202 460
186 604
22 160
406 525
237 27
427 460
314 22
161 427
781 22
302 66
41 161
282 746
615 302
219 41
177 545
773 186
766 314
44 161
146 282
744 314
377 219
505 744
346 766
443 773
514 773
353 146
519 177
277 505
654 781
445 443
199 766
20 377
757 146
56 654
24 353
112 757
148 20
680 24
40 56
180 680
37 44
486 180
252 560 546 114 245 9 577 423 246 168 365 572 718 
252 560
546 560
114 252
245 114
9 245
577 9
423 577
246 423
168 246
365 246
572 168
718 246
