!
27 237 641 302 615 66 563 637 581 716 749 548 544 443 773 189 470 445 439 794 36 316 156 70 484 129 687 300 677 605 783 
27 237
641 27
302 237
615 302
66 302
563 641
637 302
581 237
716 563
749 66
548 563
544 302
443 544
773 443
189 563
470 189
445 443
439 189
794 548
36 548
316 548
156 544
70 439
484 794
129 70
687 156
300 749
677 129
605 794
783 794
96 126 120 114 68 217 81 55 28 178 299 560 252 256 404 245 546 444 155 577 9 272 423 737 128 321 616 345 204 247 295 76 312 52 168 491 334 572 587 246 376 276 629 138 422 313 718 365 127 347 32 785 597 723 47 537 171 358 64 50 504 270 208 515 297 446 173 786 266 764 652 571 18 658 405 432 481 650 722 613 100 167 627 331 784 714 640 448 89 464 235 428 691 254 29 185 797 59 755 351 420 617 776 733 782 305 719 586 132 194 361 182 116 258 19 102 339 421 328 215 60 5 62 240 540 424 490 349 480 292 307 398 760 213 265 373 618 699 584 693 278 772 165 31 720 135 223 79 319 225 628 762 667 750 23 330 152 497 614 478 796 234 274 533 93 674 758 623 
96 126
120 126
114 126
68 96
217 126
81 217
55 126
28 81
178 217
299 178
560 114
252 560
256 126
404 55
245 28
546 81
444 96
155 68
577 245
9 252
272 55
423 252
737 272
128 9
321 272
616 272
345 299
204 423
247 272
295 68
76 299
312 68
52 272
168 423
491 76
334 345
572 168
587 616
246 168
376 616
276 272
629 616
138 616
422 616
313 295
718 572
365 718
127 737
347 334
32 52
785 334
597 376
723 334
47 127
537 295
171 247
358 171
64 537
50 313
504 50
270 785
208 64
515 171
297 723
446 376
173 537
786 50
266 597
764 127
652 127
571 313
18 266
658 18
405 347
432 50
481 652
650 266
722 270
613 171
100 405
167 613
627 722
331 504
784 266
714 722
640 331
448 640
89 714
464 50
235 784
428 481
691 784
254 405
29 722
185 167
797 784
59 691
755 640
351 714
420 208
617 432
776 351
733 797
782 617
305 185
719 755
586 691
132 782
194 100
361 185
182 797
116 776
258 351
19 586
102 19
339 132
421 185
328 102
215 305
60 428
5 617
62 305
240 782
540 240
424 776
490 182
349 305
480 182
292 349
307 540
398 182
760 194
213 240
265 19
373 349
618 102
699 480
584 349
693 265
278 265
772 213
165 772
31 165
720 373
135 584
223 480
79 760
319 720
225 29
628 60
762 79
667 351
750 618
23 618
330 31
152 31
497 398
614 584
478 79
796 225
234 772
274 584
533 225
93 533
674 628
758 533
623 93
342 594 362 315 471 393 669 111 106 124 579 303 374 433 463 311 65 552 727 775 429 732 725 289 375 438 793 596 136 712 291 462 86 380 42 682 220 250 308 415 625 286 118 320 582 611 710 298 412 408 58 80 771 101 507 226 3 435 465 354 639 195 301 363 139 521 492 550 753 696 17 264 726 697 183 227 153 372 747 632 647 216 335 774 309 702 77 768 476 
342 594
362 594
315 342
471 594
393 594
669 342
111 342
106 362
124 594
579 393
303 471
374 342
433 342
463 579
311 393
65 106
552 393
727 463
775 106
429 463
732 111
725 552
289 429
375 433
438 429
793 375
596 579
136 106
712 732
291 712
462 552
86 438
380 596
42 596
682 732
220 682
250 375
308 380
415 380
625 793
286 415
118 682
320 712
582 462
611 291
710 250
298 415
412 298
408 250
58 308
80 611
771 710
101 298
507 682
226 298
3 582
435 80
465 80
354 298
639 80
195 465
301 507
363 710
139 3
521 465
492 465
550 80
753 58
696 710
17 301
264 139
726 696
697 139
183 492
227 264
153 507
372 3
747 153
632 139
647 372
216 227
335 726
774 632
309 301
702 227
77 550
768 195
476 492
222 457 122 759 8 61 188 396 261 590 103 162 646 13 239 26 57 661 275 87 288 694 205 487 338 437 508 150 551 1 228 105 643 675 25 12 159 645 104 574 0 91 413 403 566 498 169 626 
222 457
122 457
759 222
8 759
61 759
188 8
396 222
261 396
590 261
103 759
162 590
646 162
13 188
239 162
26 162
57 396
661 26
275 26
87 275
288 26
694 87
205 646
487 694
338 487
437 694
508 205
150 487
551 288
1 487
228 288
105 205
643 1
675 643
25 694
12 162
159 643
645 338
104 159
574 105
0 159
91 694
413 105
403 159
566 91
498 574
169 498
626 566
219 377 41 148 161 20 427 249 44 460 730 778 777 317 98 202 434 668 449 386 327 37 509 51 700 711 184 738 477 426 262 769 792 406 525 466 688 417 15 
219 377
41 219
148 377
161 219
20 377
427 161
249 377
44 161
460 427
730 20
778 161
777 730
317 460
98 778
202 427
434 460
668 434
449 668
386 668
327 317
37 161
509 434
51 730
700 460
711 51
184 711
738 730
477 249
426 738
262 711
769 700
792 700
406 202
525 700
466 738
688 769
417 466
15 700
441 788 598 369 267 701 2 21 33 532 304 528 523 99 724 174 638 232 789 553 143 192 536 348 190 84 85 575 63 379 580 332 283 399 541 75 407 326 500 459 731 144 522 503 243 391 357 607 221 489 197 73 130 564 442 461 539 535 729 678 191 409 142 561 653 218 578 635 671 388 92 318 608 473 381 568 170 549 257 110 692 659 290 664 494 360 705 583 554 394 676 469 341 389 752 323 593 387 485 97 
441 788
598 788
369 441
267 369
701 788
2 441
21 267
33 267
532 267
304 21
528 369
523 21
99 369
724 267
174 369
638 21
232 369
789 701
553 232
143 232
192 638
536 304
348 598
190 532
84 143
85 789
575 348
63 724
379 63
580 192
332 638
283 789
399 701
541 789
75 84
407 84
326 348
500 2
459 84
731 724
144 332
522 75
503 500
243 541
391 267
357 541
607 348
221 348
489 84
197 500
73 489
130 500
564 283
442 789
461 541
539 130
535 192
729 75
678 489
191 85
409 535
142 192
561 379
653 144
218 348
578 564
635 500
671 539
388 578
92 243
318 489
608 561
473 678
381 84
568 539
170 407
549 218
257 541
110 535
692 653
659 130
290 218
664 635
494 653
360 561
705 664
583 705
554 494
394 461
676 318
469 473
341 442
389 110
752 218
323 394
593 243
387 578
485 461
97 561
163 493 
163 493
542 547 294 329 475 538 703 483 113 108 644 263 390 567 337 325 359 212 14 631 559 431 95 248 690 149 472 756 134 
542 547
294 547
329 542
475 294
538 547
703 547
483 547
113 475
108 703
644 329
263 113
390 113
567 483
337 703
325 390
359 644
212 390
14 483
631 475
559 703
431 14
95 108
248 431
690 483
149 337
472 644
756 431
134 113
54 763 271 123 633 53 385 467 482 231 157 236 229 
54 763
271 54
123 54
633 763
53 54
385 123
467 53
482 467
231 467
157 467
236 467
229 236
285 624 748 206 172 506 610 606 620 233 630 642 46 
285 624
748 285
206 624
172 206
506 748
610 506
606 285
620 206
233 610
630 610
642 630
46 206
364 576 655 589 735 416 529 367 721 520 709 706 306 612 565 284 419 324 425 230 293 371 200 411 
364 576
655 576
589 576
735 364
416 655
529 655
367 576
721 364
520 529
709 529
706 721
306 709
612 529
565 364
284 306
419 529
324 416
425 367
230 419
293 324
371 293
200 371
411 200
314 744 766 160 90 346 781 654 253 277 451 505 154 259 56 43 40 199 743 604 196 474 458 704 592 22 514 452 395 570 131 736 186 
314 744
766 314
160 314
90 744
346 314
781 314
654 781
253 314
277 160
451 314
505 766
154 90
259 744
56 654
43 253
40 56
199 154
743 90
604 253
196 743
474 743
458 160
704 604
592 458
22 277
514 56
452 604
395 592
570 196
131 90
736 56
186 604
370 573 454 636 296 657 322 181 16 739 663 
370 573
454 370
636 370
296 454
657 573
322 296
181 296
16 657
739 657
663 322
787 795 400 343 74 344 767 713 708 34 543 770 268 545 352 695 741 71 516 366 382 241 517 414 742 
787 795
400 795
343 787
74 400
344 400
767 787
713 74
708 767
34 400
543 708
770 543
268 34
545 787
352 767
695 268
741 695
71 543
516 71
366 543
382 516
241 741
517 695
414 545
742 71
450 556 121 689 210 145 728 24 715 486 680 673 353 112 757 146 527 88 269 180 336 282 746 177 679 519 273 634 
450 556
121 450
689 556
210 556
145 556
728 556
24 121
715 121
486 121
680 486
673 689
353 680
112 353
757 112
146 353
527 673
88 527
269 527
180 24
336 757
282 146
746 146
177 112
679 269
519 177
273 679
634 88
164 599 499 175 496 255 684 456 83 440 209 147 531 510 117 107 137 193 260 
164 599
499 164
175 164
496 499
255 164
684 499
456 164
83 599
440 175
209 684
147 255
531 456
510 531
117 175
107 440
137 440
193 117
260 137
281 397 109 717 251 224 495 166 418 30 751 488 6 141 601 656 10 501 368 78 140 685 754 609 672 447 38 355 502 392 648 683 384 453 436 799 569 665 745 649 151 622 662 511 524 780 176 562 187 513 455 602 11 479 356 410 530 333 518 198 244 39 201 707 49 82 798 595 69 761 72 238 67 45 698 340 133 468 512 242 603 119 402 666 310 526 35 585 555 203 207 557 791 48 280 734 211 383 378 125 214 765 600 158 686 350 287 430 591 621 619 279 534 7 790 
281 397
109 281
717 109
251 397
224 717
495 397
166 281
418 281
30 397
751 397
488 751
6 717
141 488
601 488
656 601
10 141
501 495
368 656
78 717
140 109
685 141
754 656
609 656
672 141
447 672
38 488
355 30
502 501
392 447
648 141
683 754
384 30
453 683
436 751
799 392
569 656
665 683
745 648
649 648
151 683
622 745
662 717
511 30
524 392
780 6
176 799
562 569
187 780
513 562
455 780
602 569
11 662
479 601
356 392
410 665
530 648
333 513
518 11
198 562
244 392
39 198
201 799
707 799
49 780
82 518
798 198
595 683
69 745
761 244
72 11
238 333
67 69
45 672
698 72
340 513
133 569
468 49
512 707
242 780
603 333
119 799
402 468
666 513
310 798
526 340
35 45
585 187
555 512
203 603
207 72
557 603
791 447
48 468
280 780
734 595
211 72
383 526
378 526
125 603
214 526
765 557
600 603
158 72
686 555
350 686
287 686
430 761
591 557
621 686
619 211
279 48
534 621
7 279
790 378
179 779 740 660 681 4 558 94 588 651 115 401 670 
179 779
740 179
660 779
681 660
4 681
558 4
94 558
588 4
651 558
115 4
401 94
670 94
