!
674 740 779 796 634 58 273 753 679 415 430 698 236 157 88 35 527 433 319 48 231 269 298 375 412 210 207 145 374 793 279 
674 740
779 674
796 779
634 796
58 796
273 634
753 58
679 634
415 58
430 634
698 415
236 430
157 236
88 679
35 430
527 88
433 698
319 679
48 433
231 679
269 157
298 415
375 48
412 298
210 430
207 48
145 430
374 375
793 375
279 793
96 126 120 55 217 178 81 68 560 114 252 28 245 577 299 155 321 247 256 345 9 444 404 423 204 546 128 272 491 168 76 616 295 737 52 246 572 446 312 422 32 376 658 276 718 587 334 365 629 347 627 138 297 127 786 50 358 173 313 537 270 171 64 723 764 504 515 597 652 266 47 722 785 432 405 571 361 331 613 481 448 784 89 100 640 464 254 714 208 18 650 428 167 235 797 59 29 185 691 617 776 755 782 351 132 719 328 102 5 586 305 116 182 420 19 258 339 421 540 699 760 60 424 349 194 62 213 292 265 733 398 215 480 240 373 693 490 278 618 307 772 165 31 152 225 762 720 79 628 584 479 23 330 750 478 274 667 234 623 533 614 93 497 223 135 660 758 4 
96 126
120 96
55 126
217 96
178 217
81 217
68 96
560 81
114 126
252 560
28 81
245 114
577 252
299 178
155 55
321 96
247 126
256 178
345 321
9 252
444 96
404 68
423 560
204 9
546 28
128 126
272 345
491 96
168 245
76 256
616 272
295 247
737 321
52 404
246 168
572 168
446 616
312 321
422 272
32 272
376 272
658 272
276 247
718 572
587 376
334 76
365 718
629 295
347 334
627 347
138 272
297 737
127 334
786 295
50 786
358 587
173 295
313 50
537 50
270 334
171 358
64 537
723 127
764 76
504 572
515 171
597 376
652 723
266 597
47 652
722 270
785 722
432 50
405 347
571 50
361 171
331 50
613 171
481 652
448 718
784 266
89 481
100 405
640 448
464 432
254 100
714 722
208 613
18 784
650 100
428 481
167 613
235 784
797 784
59 797
29 714
185 613
691 784
617 432
776 714
755 640
782 464
351 776
132 331
719 755
328 797
102 691
5 617
586 691
305 185
116 776
182 797
420 185
19 586
258 776
339 331
421 361
540 782
699 182
760 405
60 428
424 116
349 305
194 29
62 349
213 617
292 349
265 586
733 797
398 182
215 185
480 182
240 213
373 349
693 265
490 182
278 102
618 797
307 540
772 213
165 213
31 772
152 772
225 194
762 586
720 349
79 760
628 60
584 349
479 79
23 618
330 772
750 618
478 79
274 584
667 424
234 31
623 776
533 225
614 584
93 533
497 614
223 274
135 614
660 623
758 533
4 533
281 397 109 717 224 751 251 166 685 418 488 656 601 30 141 6 501 78 140 754 495 368 672 453 648 447 392 569 622 683 502 10 355 745 518 151 38 799 609 665 436 662 780 39 649 562 524 11 356 333 410 176 244 455 513 198 511 82 530 707 595 798 69 201 187 761 384 72 133 791 49 238 242 402 666 585 603 203 621 468 67 45 119 734 512 280 557 526 378 
281 397
109 281
717 109
224 397
751 397
251 109
166 397
685 751
418 397
488 751
656 418
601 281
30 224
141 488
6 717
501 656
78 109
140 6
754 656
495 601
368 754
672 141
453 754
648 672
447 685
392 672
569 453
622 141
683 754
502 368
10 751
355 6
745 648
518 140
151 683
38 656
799 166
609 683
665 683
436 745
662 6
780 6
39 453
649 672
562 569
524 672
11 662
356 109
333 562
410 683
176 392
244 447
455 780
513 333
198 562
511 455
82 799
530 745
707 799
595 665
798 198
69 648
201 11
187 780
761 244
384 665
72 11
133 798
791 244
49 187
238 798
242 780
402 72
666 513
585 780
603 333
203 603
621 799
468 72
67 69
45 799
119 707
734 595
512 707
280 780
557 603
526 242
378 526
41 219 377 20 161 427 148 460 778 44 449 777 98 249 317 668 730 434 202 509 37 738 386 700 184 327 688 51 406 711 477 769 792 262 426 466 525 15 367 425 486 53 417 385 746 180 589 54 
41 219
377 219
20 219
161 41
427 161
148 377
460 427
778 427
44 161
449 161
777 44
98 460
249 778
317 460
668 460
730 148
434 668
202 427
509 460
37 460
738 730
386 668
700 434
184 738
327 668
688 668
51 730
406 202
711 51
477 668
769 668
792 668
262 711
426 406
466 730
525 509
15 769
367 700
425 434
486 738
53 466
417 486
385 711
746 406
180 406
589 769
54 385
452 749 604 253 704 66 794 300 43 186 615 302 548 563 605 716 324 484 706 443 781 505 160 445 458 314 237 27 56 581 637 773 316 514 22 40 592 744 451 
452 749
604 452
253 452
704 604
66 604
794 749
300 452
43 253
186 604
615 66
302 615
548 794
563 548
605 794
716 548
324 43
484 605
706 794
443 615
781 443
505 781
160 253
445 302
458 43
314 160
237 302
27 237
56 781
581 563
637 443
773 637
316 484
514 443
22 314
40 56
592 43
744 314
451 314
441 788 369 267 598 701 2 21 33 528 536 532 174 724 304 232 638 99 190 522 143 192 84 553 63 332 399 348 85 580 283 379 391 500 789 407 130 575 541 75 73 523 326 221 243 729 489 564 692 442 409 381 191 606 678 731 459 461 608 218 503 142 561 197 653 539 144 535 318 578 583 357 647 635 257 363 671 92 473 664 568 607 705 387 659 7 341 290 549 170 771 593 181 469 323 388 360 676 554 394 
441 788
369 441
267 369
598 441
701 788
2 441
21 267
33 369
528 441
536 441
532 21
174 267
724 369
304 21
232 2
638 532
99 701
190 638
522 724
143 232
192 638
84 143
553 84
63 724
332 638
399 598
348 332
85 441
580 638
283 85
379 143
391 580
500 2
789 701
407 143
130 500
575 399
541 701
75 84
73 75
523 532
326 348
221 348
243 541
729 75
489 84
564 283
692 332
442 85
409 379
381 489
191 575
606 348
678 489
731 63
459 143
461 541
608 192
218 348
503 500
142 192
561 63
197 564
653 580
539 729
144 653
535 142
318 489
578 564
583 578
357 789
647 564
635 500
257 541
363 561
671 73
92 283
473 678
664 583
568 539
607 653
705 664
387 583
659 705
7 678
341 243
290 257
549 218
170 84
771 561
593 92
181 92
469 473
323 290
388 647
360 473
676 318
554 653
394 461
271 620 
271 620
156 687 736 544 200 293 411 371 496 654 209 196 684 499 570 599 277 255 83 164 147 474 131 456 743 90 766 346 366 
156 687
736 687
544 156
200 687
293 736
411 156
371 200
496 293
654 736
209 736
196 371
684 371
499 371
570 736
599 499
277 196
255 496
83 196
164 599
147 164
474 196
131 371
456 599
743 196
90 743
766 90
346 766
366 743
485 493 663 322 296 370 454 636 573 752 46 494 206 
485 493
663 493
322 663
296 322
370 296
454 296
636 370
573 370
752 485
46 752
494 46
206 494
264 632 139 3 774 227 702 697 739 372 16 657 216 
264 632
139 264
3 632
774 632
227 139
702 139
697 774
739 227
372 227
16 702
657 739
216 739
177 519 112 757 146 545 353 336 24 395 795 713 259 74 728 282 680 414 534 450 287 556 686 121 
177 519
112 519
757 112
146 112
545 177
353 146
336 519
24 146
395 545
795 336
713 336
259 545
74 795
728 112
282 24
680 146
414 545
534 728
450 534
287 795
556 450
686 287
121 450
65 106 600 669 383 303 732 362 342 125 214 111 310 340 463 765 594 682 775 790 315 579 438 124 311 429 471 596 393 308 727 289 380 
65 106
600 106
669 106
383 600
303 106
732 106
362 106
342 362
125 600
214 669
111 732
310 125
340 214
463 732
765 125
594 342
682 732
775 106
790 594
315 594
579 463
438 682
124 342
311 124
429 438
471 594
596 429
393 596
308 596
727 471
289 579
380 308
101 226 354 286 42 582 725 552 462 625 250 
101 226
354 101
286 226
42 286
582 42
725 42
552 725
462 725
625 552
250 625
531 742 71 543 352 708 510 193 610 175 117 343 154 506 624 199 389 107 172 260 748 285 137 440 787 
531 742
71 742
543 71
352 742
708 543
510 531
193 531
610 193
175 510
117 193
343 543
154 543
506 193
624 193
199 154
389 506
107 624
172 624
260 107
748 624
285 624
137 748
440 137
787 154
241 741 695 268 517 726 696 642 233 770 630 350 211 516 408 344 335 97 158 619 382 400 555 110 34 229 710 767 
241 741
695 741
268 241
517 741
726 695
696 726
642 517
233 726
770 517
630 517
350 741
211 696
516 630
408 696
344 350
335 233
97 726
158 211
619 350
382 517
400 350
555 350
110 233
34 400
229 517
710 97
767 770
129 677 439 230 70 470 189 641 36 783 419 520 612 306 709 416 529 735 655 
129 677
439 129
230 129
70 230
470 129
189 70
641 189
36 470
783 36
419 783
520 419
612 520
306 419
709 419
416 709
529 612
735 529
655 520
26 288 162 551 590 626 87 694 396 261 169 275 574 498 413 508 646 329 566 239 661 91 25 205 150 487 105 228 542 437 759 57 134 338 457 12 645 222 390 475 61 163 644 472 631 309 122 103 359 263 547 113 8 294 0 1 212 538 476 159 17 104 675 639 403 77 337 643 325 550 435 703 492 115 401 183 559 188 465 521 13 301 567 588 108 95 80 14 670 149 747 483 681 195 768 431 611 248 320 153 507 94 118 690 756 220 558 712 291 136 86 651 591 179 602 
26 288
162 26
551 288
590 162
626 288
87 288
694 288
396 87
261 162
169 551
275 162
574 169
498 169
413 574
508 590
646 162
329 169
566 694
239 261
661 590
91 694
25 626
205 646
150 694
487 694
105 205
228 169
542 329
437 694
759 239
57 275
134 694
338 57
457 759
12 105
645 437
222 457
390 566
475 542
61 759
163 105
644 498
472 105
631 390
309 759
122 457
103 759
359 644
263 390
547 542
113 475
8 759
294 547
0 150
1 0
212 390
538 542
476 163
159 1
17 103
104 159
675 1
639 476
403 159
77 103
337 644
643 675
325 390
550 639
435 639
703 337
492 476
115 644
401 644
183 476
559 337
188 8
465 492
521 492
13 188
301 13
567 325
588 498
108 703
95 108
80 465
14 567
670 476
149 337
747 13
483 567
681 149
195 492
768 670
431 14
611 492
248 149
320 639
153 13
507 301
94 401
118 507
690 483
756 431
220 507
558 94
712 118
291 712
136 712
86 136
651 558
591 195
179 431
602 94
364 576 721 565 284 673 715 689 467 482 123 763 633 
364 576
721 364
565 576
284 576
673 364
715 673
689 715
467 689
482 467
123 482
763 123
633 123
