? 7 337 578 140 495 263 60 16 
? 7 526 671 434 45 703 128 595 
? 7 202 603 244 711 221 351 677 
? 7 270 664 269 47 72 435 131 
? 7 134 149 757 405 787 710 110 
? 7 518 555 593 666 241 57 530 
? 7 2 106 245 222 95 777 624 
? 7 3 371 418 538 162 732 379 
? 7 120 783 581 498 750 630 674 
? 7 85 115 94 234 628 641 10 
? 7 178 767 655 676 51 70 156 
? 7 431 773 214 12 589 534 151 
? 7 688 781 82 656 155 181 742 
? 7 48 92 334 401 204 505 728 
? 6 13 142 338 470 439 755 
? 6 58 352 693 268 327 306 
? 6 233 706 388 660 43 150 
? 6 607 612 369 556 228 182 
? 6 9 208 770 122 563 285 
? 6 53 680 792 564 557 153 
? 6 147 601 715 454 377 460 
? 6 277 478 653 637 15 280 
? 6 218 797 361 267 771 137 
? 6 19 382 511 302 747 59 
? 6 46 177 290 305 708 250 
? 5 552 695 201 380 42 
? 5 397 535 5 329 508 
? 5 52 406 145 472 27 
? 5 38 111 608 359 536 
? 5 194 598 63 516 504 
? 5 430 496 762 123 271 
? 5 618 734 389 346 96 
? 5 121 274 398 419 541 
? 5 730 794 287 417 481 
? 5 381 455 179 158 523 
? 5 107 592 507 531 97 
? 4 93 622 41 331 
? 4 76 296 216 497 
? 4 281 587 304 226 
? 4 452 464 795 80 
? 4 169 421 276 217 
? 4 474 569 751 195 
? 4 288 489 249 694 
? 4 698 746 186 443 
? 4 532 647 520 585 
? 4 551 668 116 778 
? 4 62 414 360 144 
? 3 404 614 486 
? 3 25 632 146 
? 3 480 714 248 
? 3 395 527 717 
? 3 321 720 363 
? 3 238 298 547 
? 3 675 692 17 
? 3 101 580 487 
? 3 22 566 132 
? 3 148 682 667 
? 3 61 596 81 
? 3 102 652 343 
? 3 264 483 30 
? 3 642 772 185 
? 3 295 407 625 
? 3 91 782 572 
? 3 236 348 634 
? 3 133 436 314 
? 3 87 749 687 
? 3 36 738 623 
? 3 141 553 638 
? 3 424 579 143 
? 3 136 278 636 
!
136 278 636 
136 636
136 278
450 719 619 763 255 735 780 385 
450 719
619 719
763 619
255 719
735 450
780 719
385 763
424 579 143 
424 579
424 143
311 339 
311 339
62 414 360 144 
62 414
62 360
360 144
141 553 638 
141 638
141 553
441 462 
441 462
36 738 623 
36 738
738 623
46 177 290 305 708 250 
46 177
177 290
177 305
177 708
305 250
209 246 651 340 475 796 689 779 
209 246
651 246
340 209
475 209
796 246
689 475
779 475
167 663 
167 663
788 
87 749 687 
749 687
87 749
133 436 314 
133 314
133 436
551 668 116 778 
668 116
116 778
551 778
100 138 
100 138
48 92 334 401 204 505 728 
204 505
92 334
48 334
48 204
92 401
401 728
678 
107 592 507 531 97 
107 531
107 592
507 531
531 97
665 
381 455 179 158 523 
455 179
455 158
381 523
381 455
236 348 634 
236 348
348 634
657 
484 741 
484 741
631 
67 193 403 284 300 550 175 127 297 108 704 451 
67 193
403 67
284 193
300 67
550 67
175 67
127 67
297 403
108 550
704 300
451 297
688 781 82 656 155 181 742 
82 181
656 742
781 181
82 742
688 656
688 155
265 533 356 726 396 402 524 130 577 445 399 273 605 
265 533
356 533
726 265
396 533
402 726
524 265
130 533
577 524
445 130
399 577
273 577
605 445
219 768 
219 768
431 773 214 12 589 534 151 
431 589
773 214
12 589
431 773
431 534
773 151
55 537 
55 537
575 
588 669 
588 669
558 
91 782 572 
91 782
91 572
178 767 655 676 51 70 156 
655 51
178 767
70 156
178 51
676 156
767 70
584 644 
584 644
90 683 109 565 384 597 353 611 459 113 77 621 357 444 662 168 733 512 
90 683
109 683
565 90
384 109
597 90
353 90
611 90
459 597
113 384
77 683
621 384
357 459
444 597
662 384
168 597
733 384
512 621
295 407 625 
295 407
407 625
476 
730 794 287 417 481 
730 794
287 481
794 287
794 417
85 115 94 234 628 641 10 
94 234
85 94
641 10
85 115
85 10
115 628
120 783 581 498 750 630 674 
750 630
120 630
581 498
120 498
783 581
783 674
642 772 185 
772 185
642 185
3 371 418 538 162 732 379 
371 732
3 418
371 538
538 162
3 732
3 379
121 274 398 419 541 
121 274
274 541
274 419
121 398
192 409 789 293 322 315 289 494 83 171 
192 409
789 409
293 192
322 789
315 192
289 315
494 293
83 494
171 293
629 702 673 491 736 114 68 485 335 
629 702
673 629
491 702
736 629
114 491
68 673
485 673
335 629
164 650 257 318 37 725 691 466 316 
164 650
257 164
318 164
37 164
725 650
691 257
466 164
316 725
19 382 511 302 747 59 
19 382
19 511
511 302
382 747
382 59
618 734 389 346 96 
618 389
618 346
734 96
734 389
215 362 
215 362
198 349 
198 349
387 390 
387 390
71 457 
71 457
410 437 
410 437
408 600 604 166 74 307 256 49 
408 600
604 600
166 408
74 600
307 600
256 166
49 256
264 483 30 
264 30
264 483
473 
251 700 65 73 492 84 701 646 180 342 433 613 754 764 272 447 793 24 173 722 645 654 
251 700
65 700
73 65
492 700
84 73
701 84
646 73
180 251
342 251
433 701
613 342
754 180
764 342
272 646
447 764
793 342
24 793
173 272
722 180
645 272
654 701
102 652 343 
102 652
652 343
456 
213 312 416 104 291 471 188 374 282 4 294 
213 312
416 312
104 213
291 312
471 213
188 471
374 312
282 213
4 291
294 374
292 366 
292 366
453 
326 350 699 170 709 672 713 165 262 35 643 
326 350
699 350
170 350
709 170
672 350
713 350
165 170
262 699
35 326
643 699
319 546 232 21 545 196 723 330 29 412 99 561 56 705 488 
319 546
232 546
21 232
545 232
196 21
723 319
330 546
29 546
412 723
99 319
561 545
56 561
705 561
488 21
139 203 707 506 50 154 205 765 442 586 
139 203
707 203
506 139
50 139
154 203
205 139
765 139
442 139
586 765
61 596 81 
61 81
61 596
429 718 
429 718
449 
286 428 548 129 576 393 479 259 423 567 438 
286 428
548 286
129 428
576 286
393 286
479 548
259 286
423 259
567 548
438 423
620 729 391 40 463 635 227 275 6 670 157 731 345 
620 729
391 620
40 620
463 729
635 391
227 620
275 620
6 729
670 227
157 275
731 227
345 670
532 647 520 585 
647 520
647 585
532 585
721 784 309 697 344 310 562 375 325 606 
721 784
309 784
697 309
344 697
310 309
562 309
375 344
325 344
606 325
432 
422 426 39 766 716 172 242 54 
422 426
39 426
766 422
716 426
172 422
242 716
54 39
2 106 245 222 95 777 624 
95 777
2 222
245 777
106 245
2 106
95 624
430 496 762 123 271 
762 123
496 762
762 271
430 123
690 724 
690 724
519 544 752 324 776 465 206 427 753 525 633 
519 544
752 544
324 544
776 544
465 519
206 752
427 544
753 544
525 324
633 206
518 555 593 666 241 57 530 
593 530
555 241
518 57
593 57
555 530
518 666
32 543 590 253 761 609 775 266 174 
32 543
590 32
253 590
761 32
609 543
775 32
266 543
174 761
148 682 667 
682 667
148 667
218 797 361 267 771 137 
771 137
218 797
361 267
797 771
361 771
739 743 744 582 570 373 469 696 235 758 44 392 112 658 88 247 684 119 199 446 69 126 
739 743
744 743
582 743
570 744
373 743
469 373
696 743
235 739
758 582
44 758
392 758
112 696
658 696
88 696
247 373
684 247
119 88
199 469
446 392
69 684
126 88
22 566 132 
566 132
22 132
101 580 487 
101 487
101 580
509 760 159 299 510 231 197 313 513 328 8 394 336 347 
509 760
159 509
299 509
510 299
231 510
197 159
313 197
513 197
328 510
8 299
394 509
336 159
347 159
420 791 
420 791
364 560 26 66 599 617 117 501 
364 560
26 364
66 560
599 364
617 560
117 599
501 599
18 220 745 785 125 86 254 239 482 301 
18 220
745 18
785 18
125 220
86 18
254 785
239 18
482 745
301 482
134 149 757 405 787 710 110 
134 757
405 710
149 405
757 787
787 110
134 149
372 
675 692 17 
692 17
675 17
365 
698 746 186 443 
698 186
698 746
746 443
238 298 547 
238 298
238 547
270 664 269 47 72 435 131 
435 131
664 269
47 435
270 72
72 131
664 72
355 
11 477 1 712 490 602 183 659 400 514 799 
11 477
1 11
712 477
490 712
602 11
183 477
659 1
400 1
514 1
799 659
288 489 249 694 
288 249
249 694
489 249
321 720 363 
720 363
321 720
277 478 653 637 15 280 
277 478
277 280
277 637
15 280
478 653
147 601 715 454 377 460 
147 377
715 454
147 601
601 454
377 460
53 680 792 564 557 153 
680 557
792 564
680 564
53 680
53 153
260 
461 740 411 152 583 790 98 415 323 23 
461 740
411 461
152 461
583 740
790 740
98 740
415 98
323 411
23 461
224 
383 685 176 727 118 33 448 370 
383 685
176 685
727 383
118 383
33 176
448 727
370 176
9 208 770 122 563 285 
9 208
208 122
9 770
9 563
122 285
210 358 594 0 212 573 376 367 554 103 225 
210 358
594 210
0 210
212 358
573 210
376 212
367 376
554 358
103 554
225 0
135 184 
135 184
607 612 369 556 228 182 
369 228
607 556
607 612
612 182
612 228
202 603 244 711 221 351 677 
244 711
202 221
244 221
202 603
202 351
244 677
194 598 63 516 504 
194 598
63 504
194 516
598 504
163 230 615 223 413 627 639 648 
163 230
615 163
223 230
413 163
627 163
639 223
648 413
189 
78 679 
78 679
395 527 717 
395 527
527 717
237 515 79 502 521 64 686 34 354 610 258 549 798 
237 515
79 515
502 237
521 79
64 237
686 502
34 502
354 521
610 354
258 354
549 64
798 515
425 568 616 368 191 769 737 200 320 649 681 786 458 
425 568
616 568
368 568
191 368
769 616
737 425
200 616
320 191
649 200
681 320
786 681
458 320
233 706 388 660 43 150 
233 706
388 660
233 660
233 150
660 43
58 352 693 268 327 306 
58 352
327 306
268 306
693 327
58 327
480 714 248 
480 714
480 248
474 569 751 195 
474 569
474 751
474 195
105 207 308 467 190 574 211 500 261 
105 207
308 105
467 207
190 105
574 190
211 190
500 467
261 500
526 671 434 45 703 128 595 
703 128
434 45
671 128
526 671
671 595
526 434
169 421 276 217 
169 276
421 276
276 217
187 
25 632 146 
25 632
632 146
124 542 
124 542
89 
333 759 
333 759
38 111 608 359 536 
38 111
38 608
38 536
608 359
452 464 795 80 
464 80
452 795
452 80
243 332 
243 332
52 406 145 472 27 
406 145
406 27
52 406
406 472
31 
337 578 140 495 263 60 16 
140 495
140 60
337 60
578 263
263 60
578 16
397 535 5 329 508 
397 535
535 329
535 5
397 508
28 
160 252 7 529 317 440 559 774 468 
160 252
7 160
529 160
317 7
440 252
559 529
774 529
468 317
404 614 486 
404 486
404 614
626 748 
626 748
13 142 338 470 439 755 
13 338
142 338
470 439
142 439
142 755
552 695 201 380 42 
552 695
201 380
695 201
201 42
20 
303 341 522 591 279 661 378 499 640 571 
303 341
522 303
591 303
279 591
661 591
378 591
499 522
640 279
571 341
14 
281 587 304 226 
281 226
587 304
281 587
517 539 
517 539
283 386 503 528 540 756 240 161 229 75 493 
283 386
503 283
528 386
540 386
756 283
240 283
161 540
229 386
75 240
493 75
76 296 216 497 
296 216
216 497
76 216
93 622 41 331 
93 622
622 41
41 331
