? 7 577 636 399 273 172 571 640 
? 7 223 230 163 413 23 639 553 
? 7 19 382 747 511 59 453 126 
? 7 422 766 426 155 781 39 716 
? 7 277 478 637 282 653 15 280 
? 7 209 246 340 689 651 690 779 
? 7 213 416 312 104 188 471 70 
? 7 34 686 715 147 630 454 198 
? 7 87 241 555 518 749 365 687 
? 7 305 757 250 134 46 787 149 
? 7 322 692 675 17 43 660 388 
? 7 202 244 603 711 221 677 527 
? 7 58 352 693 268 327 306 437 
? 7 164 650 793 257 318 725 37 
? 6 233 706 432 260 261 796 
? 6 22 108 132 336 704 566 
? 6 325 606 405 61 110 81 
? 6 124 361 797 267 218 542 
? 6 9 208 122 563 96 770 
? 6 53 680 792 153 564 28 
? 6 328 647 694 532 489 288 
? 6 337 578 60 263 495 140 
? 6 120 783 498 581 674 215 
? 6 607 612 556 182 484 228 
? 6 66 117 501 55 599 364 
? 5 369 601 610 491 377 
? 5 537 617 560 26 741 
? 5 2 106 222 245 95 
? 5 507 592 107 146 185 
? 5 242 605 445 778 348 
? 5 143 468 774 666 593 
? 5 329 655 51 668 178 
? 5 158 307 455 179 256 
? 5 408 600 166 604 49 
? 5 441 667 733 575 97 
? 5 177 290 708 679 710 
? 4 417 794 730 287 
? 4 123 271 430 496 
? 4 618 734 389 285 
? 4 296 497 216 311 
? 4 217 588 421 335 
? 4 102 652 343 777 
? 4 314 531 25 133 
? 4 36 738 100 238 
? 4 443 746 698 186 
? 4 5 535 397 508 
? 4 41 622 93 331 
? 3 656 742 278 
? 3 144 360 414 
? 3 406 795 346 
? 3 91 572 782 
? 3 141 648 627 
? 3 62 297 451 
? 3 16 243 718 
? 3 194 516 63 
? 3 130 173 551 
? 3 480 714 248 
? 3 493 669 135 
? 3 281 587 304 
? 3 626 748 624 
? 3 316 547 24 
? 3 447 764 613 
? 3 534 589 89 
? 3 264 504 30 
? 3 162 732 517 
? 3 310 424 579 
? 3 362 452 80 
? 3 427 663 167 
? 3 514 557 184 
? 3 78 410 42 
!
78 410 42 
78 410
78 42
156 676 486 767 404 294 14 374 
156 676
486 156
767 676
404 676
294 486
14 156
374 14
514 557 184 
514 557
557 184
349 750 
349 750
41 622 93 331 
622 93
41 622
41 331
427 663 167 
427 663
663 167
632 722 
632 722
362 452 80 
452 80
362 452
66 117 501 55 599 364 
66 501
66 117
501 599
501 364
117 55
121 398 332 419 274 541 771 429 
121 398
332 398
419 121
274 398
541 398
771 332
429 121
691 759 
691 759
720 
310 424 579 
424 579
310 424
162 732 517 
162 732
162 517
5 535 397 508 
535 397
5 535
397 508
249 585 
249 585
164 650 793 257 318 725 37 
164 650
257 318
164 257
650 793
318 725
650 37
717 
177 290 708 679 710 
290 679
679 710
177 290
177 708
654 
441 667 733 575 97 
667 575
441 575
667 97
441 733
264 504 30 
264 30
504 30
643 
74 381 
74 381
625 
251 700 65 73 84 492 701 646 754 342 180 433 
251 700
65 700
73 700
84 73
492 700
701 84
646 73
754 700
342 84
180 754
433 84
58 352 693 268 327 306 437 
58 352
327 306
693 437
268 306
693 327
58 327
18 220 745 785 254 206 239 125 665 482 580 101 219 
18 220
745 18
785 745
254 785
206 18
239 206
125 745
665 18
482 785
580 206
101 580
219 482
195 474 
195 474
202 244 603 711 221 677 527 
244 711
202 221
677 527
244 221
202 603
244 527
321 464 
321 464
623 
558 780 
558 780
596 
534 589 89 
534 589
534 89
322 692 675 17 43 660 388 
322 692
692 17
17 388
675 17
660 388
322 43
363 436 
363 436
425 568 616 769 191 368 681 444 737 168 649 200 786 320 456 597 224 678 
425 568
616 425
769 616
191 769
368 568
681 191
444 616
737 568
168 444
649 769
200 649
786 568
320 368
456 649
597 444
224 200
678 786
447 764 613 
447 764
764 613
536 
408 600 166 604 49 
166 604
600 166
408 600
604 49
305 757 250 134 46 787 149 
757 134
305 134
305 149
757 787
250 787
134 46
87 241 555 518 749 365 687 
749 687
241 555
87 241
555 518
87 749
518 365
316 547 24 
316 547
547 24
34 686 715 147 630 454 198 
630 198
34 686
34 715
715 454
454 198
147 454
158 307 455 179 256 
455 179
307 179
158 455
158 256
176 685 383 33 118 727 466 765 462 370 
176 685
383 685
33 383
118 383
727 383
466 685
765 176
462 765
370 466
32 543 253 590 761 380 266 695 552 
32 543
253 543
590 543
761 253
380 761
266 543
695 590
552 695
48 92 334 204 401 505 751 569 728 
48 92
334 48
204 92
401 48
505 334
751 48
569 751
728 204
607 612 556 182 484 228 
607 556
607 612
612 182
612 228
182 484
329 655 51 668 178 
655 51
655 668
51 178
329 668
347 657 
347 657
539 755 
539 755
394 483 
394 483
76 372 
76 372
584 644 
584 644
38 111 54 4 608 359 291 181 
38 111
54 38
4 111
608 111
359 54
291 4
181 54
626 748 624 
626 748
748 624
530 
620 729 40 391 463 635 227 275 670 157 6 345 731 128 631 595 183 355 434 45 671 703 
620 729
40 620
391 729
463 620
635 391
227 729
275 620
670 227
157 275
6 275
345 670
731 635
128 345
631 128
595 631
183 157
355 157
434 128
45 128
671 434
703 434
281 587 304 
587 304
281 587
526 
286 428 548 129 576 479 259 393 567 438 423 
286 428
548 286
129 286
576 548
479 548
259 286
393 479
567 479
438 259
423 259
658 762 
658 762
488 
139 203 50 506 154 707 512 523 205 442 586 
139 203
50 203
506 203
154 139
707 139
512 203
523 203
205 50
442 139
586 707
79 521 515 354 237 485 64 549 702 736 673 798 502 258 629 
79 521
515 79
354 521
237 515
485 521
64 237
549 521
702 354
736 521
673 485
798 521
502 237
258 79
629 702
105 207 308 211 467 190 598 500 789 574 
105 207
308 105
211 105
467 105
190 211
598 467
500 598
789 190
574 308
493 669 135 
493 669
493 135
420 791 
420 791
481 
561 705 131 56 270 31 72 269 435 664 47 
561 705
131 705
56 561
270 561
31 131
72 270
269 270
435 56
664 56
47 269
90 683 109 565 113 459 384 611 621 77 353 357 662 
90 683
109 683
565 683
113 109
459 90
384 113
611 109
621 683
77 384
353 683
357 459
662 384
443 746 698 186 
698 186
746 698
443 746
619 763 450 719 735 255 638 292 487 385 
619 763
450 763
719 450
735 450
255 719
638 619
292 619
487 719
385 735
476 
160 252 7 317 440 529 559 614 
160 252
7 160
317 252
440 160
529 317
559 317
614 160
213 416 312 104 188 471 70 
104 188
213 471
312 70
213 416
213 188
416 312
143 468 774 666 593 
468 774
143 468
143 666
774 593
295 642 
295 642
509 760 510 159 299 231 197 8 99 513 520 
509 760
510 760
159 509
299 510
231 510
197 159
8 299
99 197
513 159
520 760
209 246 340 689 651 690 779 
689 779
246 779
209 651
209 340
689 651
209 690
13 142 538 470 3 379 338 371 418 
13 142
538 13
470 13
3 538
379 470
338 470
371 3
418 371
480 714 248 
480 714
480 248
120 783 498 581 674 215 
498 581
120 498
783 581
783 674
674 215
739 743 744 582 235 570 469 373 112 758 392 88 44 696 247 446 69 684 475 302 119 199 
739 743
744 739
582 739
235 743
570 743
469 743
373 469
112 743
758 235
392 758
88 112
44 758
696 88
247 373
446 392
69 373
684 247
475 570
302 88
119 475
199 69
130 173 551 
173 551
130 173
194 516 63 
194 516
194 63
519 544 752 776 324 465 768 86 753 525 395 351 633 301 
519 544
752 544
776 752
324 544
465 519
768 544
86 752
753 519
525 324
395 753
351 525
633 86
301 465
68 457 
68 457
309 697 784 721 562 344 375 262 
309 697
784 309
721 784
562 309
344 784
375 784
262 309
289 724 83 192 494 150 315 473 409 293 
289 724
83 289
192 289
494 83
150 289
315 192
473 83
409 192
293 192
277 478 637 282 653 15 280 
277 478
282 653
277 280
277 637
15 280
478 653
449 
16 243 718 
243 718
16 718
387 
36 738 100 238 
36 738
100 238
738 238
62 297 451 
62 297
297 451
422 766 426 155 781 39 716 
426 716
422 766
766 781
422 426
781 39
766 155
366 
210 358 594 573 212 376 103 458 367 554 225 
210 358
594 210
573 210
212 358
376 358
103 358
458 210
367 376
554 103
225 594
314 531 25 133 
314 25
314 531
314 133
141 648 627 
141 627
141 648
337 578 60 263 495 140 
495 140
60 140
337 60
578 263
60 263
328 647 694 532 489 288 
694 288
694 489
532 288
328 647
328 532
53 680 792 153 564 28 
792 564
680 28
680 564
53 680
53 153
339 
378 591 279 522 303 661 407 341 499 772 
378 591
279 591
522 378
303 522
661 522
407 378
341 303
499 522
772 407
236 
85 115 94 234 641 10 628 298 
85 115
94 115
234 85
641 85
10 641
628 641
298 641
9 208 122 563 96 770 
9 208
208 122
9 770
563 96
9 563
319 546 21 232 330 545 412 196 29 723 313 
319 546
21 546
232 21
330 319
545 232
412 319
196 232
29 546
723 319
313 546
114 187 
114 187
124 361 797 267 218 542 
797 218
124 542
361 542
267 542
124 797
19 382 747 511 59 453 126 
19 382
453 126
19 511
511 126
59 453
382 747
242 605 445 778 348 
605 445
445 348
242 605
445 778
67 193 403 284 550 175 300 127 
67 193
403 67
284 193
550 67
175 284
300 403
127 300
226 
390 788 
390 788
91 572 782 
91 782
91 572
283 386 229 528 161 540 240 756 503 276 75 169 460 
283 386
229 386
528 386
161 386
540 386
240 283
756 283
503 756
276 240
75 240
169 240
460 161
461 740 152 411 634 583 790 323 415 138 116 98 615 
461 740
152 461
411 461
634 411
583 740
790 461
323 411
415 323
138 152
116 415
98 116
615 790
325 606 405 61 110 81 
405 61
405 81
325 606
325 61
325 110
22 108 132 336 704 566 
22 704
22 108
108 566
108 336
132 566
406 795 346 
795 346
406 795
102 652 343 777 
102 652
652 343
102 777
431 773 214 12 52 145 151 472 27 
431 773
214 773
12 431
52 773
145 214
151 431
472 214
27 12
223 230 163 413 23 639 553 
223 230
230 163
163 23
163 413
413 553
223 639
217 588 421 335 
217 335
421 335
588 335
171 
144 360 414 
144 360
360 414
82 688 
82 688
136 
137 439 
137 439
507 592 107 146 185 
146 185
592 185
107 146
507 107
296 497 216 311 
497 311
296 216
497 216
333 448 
333 448
2 106 222 245 95 
2 222
245 95
106 245
2 106
71 
577 636 399 273 172 571 640 
636 399
577 399
399 273
273 172
399 571
577 640
537 617 560 26 741 
560 741
537 560
26 741
537 617
57 
265 533 645 272 726 396 356 402 524 
265 533
645 533
272 645
726 265
396 265
356 533
402 533
524 265
656 742 278 
656 742
656 278
148 682 
148 682
233 706 432 260 261 796 
233 706
233 432
260 261
432 260
260 796
369 601 610 491 377 
369 377
610 377
601 377
610 491
20 
1 11 477 712 400 659 602 189 799 490 
1 11
477 11
712 477
400 11
659 1
602 400
189 1
799 659
490 712
0 
618 734 389 285 
618 389
734 285
734 389
174 201 
174 201
326 350 699 170 672 713 35 165 709 609 775 
326 350
699 350
170 326
672 350
713 350
35 326
165 170
709 170
609 709
775 326
123 271 430 496 
123 496
123 430
123 271
417 794 730 287 
794 730
794 287
417 794
