? 7 3 371 418 538 732 162 379 
? 7 525 663 427 351 324 167 544 
? 7 18 220 125 745 785 752 776 
? 7 527 717 395 753 677 711 202 
? 7 85 115 10 628 641 547 298 
? 7 503 756 283 669 240 386 528 
? 7 131 561 705 56 72 269 31 
? 7 355 490 712 477 183 135 400 
? 7 15 280 637 189 277 480 714 
? 7 209 246 689 340 651 796 475 
? 7 426 716 242 422 39 54 766 
? 7 188 471 653 213 536 282 104 
? 7 341 640 571 584 399 644 686 
? 7 249 694 489 288 532 647 747 
? 6 21 232 545 196 546 319 
? 6 82 181 656 688 781 564 
? 6 322 692 17 675 409 43 
? 6 123 271 333 430 496 566 
? 6 367 376 96 573 554 748 
? 6 124 542 361 267 121 398 
? 6 459 597 357 168 353 611 
? 6 166 600 408 158 74 49 
? 6 7 252 160 440 317 529 
? 6 29 330 664 47 270 488 
? 6 65 700 251 73 646 84 
? 5 306 327 437 693 268 
? 5 64 515 79 237 521 
? 5 419 541 274 718 389 
? 5 721 784 697 309 375 
? 5 552 695 174 32 110 
? 5 76 497 296 216 311 
? 5 219 465 301 519 768 
? 5 365 774 559 530 468 
? 5 229 540 161 304 587 
? 5 549 702 354 629 258 
? 5 4 291 416 312 111 
? 4 13 142 338 470 
? 4 164 318 257 650 
? 4 208 563 9 770 
? 4 285 734 618 346 
? 4 91 572 782 221 
? 4 100 623 24 238 
? 4 59 453 511 382 
? 4 185 772 215 783 
? 4 122 786 90 683 
? 4 698 746 186 443 
? 4 187 610 491 114 
? 3 37 691 448 
? 3 71 673 457 
? 3 93 622 331 
? 3 462 586 441 
? 3 67 193 175 
? 3 58 352 708 
? 3 2 106 95 
? 3 404 486 156 
? 3 102 755 652 
? 3 562 579 424 
? 3 388 660 233 
? 3 518 593 555 
? 3 19 20 302 
? 3 594 624 0 
? 3 359 508 38 
? 3 143 449 666 
? 3 81 679 78 
? 3 245 539 777 
? 3 433 701 654 
? 3 14 374 614 
? 3 172 273 155 
? 3 132 550 22 
? 3 447 764 613 
!
447 764 613 
447 764
764 613
204 401 92 48 334 728 456 505 
204 401
92 204
48 92
334 401
728 401
456 728
505 334
132 550 22 
132 550
550 22
321 581 
321 581
187 610 491 114 
610 114
491 114
187 610
172 273 155 
172 273
172 155
57 310 
57 310
14 374 614 
14 374
374 614
65 700 251 73 646 84 
65 251
700 73
65 700
73 84
73 646
83 494 473 293 192 724 289 315 
83 494
473 83
293 494
192 293
724 83
289 724
315 289
690 779 
690 779
791 
433 701 654 
433 701
701 654
245 539 777 
245 777
245 539
698 746 186 443 
698 186
698 746
746 443
222 225 
222 225
249 694 489 288 532 647 747 
249 288
249 694
249 489
288 532
532 747
647 747
762 
4 291 416 312 111 
291 312
291 416
4 291
416 111
759 
549 702 354 629 258 
702 354
702 258
549 629
702 629
81 679 78 
81 679
679 78
737 
343 439 
343 439
636 
62 414 347 704 297 657 403 451 300 127 144 360 
62 414
347 414
704 62
297 62
657 414
403 297
451 297
300 403
127 300
144 347
360 144
341 640 571 584 399 644 686 
571 644
341 644
644 686
571 584
571 399
341 640
557 799 28 659 680 184 514 1 742 11 53 153 792 
557 799
28 557
659 557
680 28
184 799
514 659
1 659
742 28
11 1
53 680
153 53
792 53
180 370 
180 370
188 471 653 213 536 282 104 
188 282
188 104
471 213
653 282
471 653
471 536
44 372 
44 372
626 
136 278 
136 278
608 
143 449 666 
143 666
143 449
426 716 242 422 39 54 766 
426 716
422 766
426 422
39 766
716 242
39 54
68 798 
68 798
25 632 314 531 146 625 148 754 575 722 107 97 133 407 592 436 682 507 
25 632
314 632
531 314
146 531
625 146
148 314
754 25
575 148
722 754
107 531
97 575
133 97
407 146
592 107
436 133
682 575
507 107
359 508 38 
508 38
359 508
605 
229 540 161 304 587 
540 587
229 161
304 587
229 587
209 246 689 340 651 796 475 
246 475
246 796
209 651
209 340
689 651
209 475
15 280 637 189 277 480 714 
15 714
189 714
280 277
637 277
15 480
280 714
594 624 0 
594 0
594 624
355 490 712 477 183 135 400 
712 477
490 183
477 183
490 135
712 400
355 135
365 774 559 530 468 
365 774
774 468
559 468
365 530
393 438 423 576 259 567 548 260 286 706 
393 438
423 438
576 393
259 423
567 576
548 576
260 393
286 548
706 423
33 685 176 383 118 727 466 765 442 
33 685
176 685
383 33
118 383
727 118
466 685
765 176
442 727
378 591 661 279 295 522 303 349 642 
378 591
661 591
279 591
295 378
522 661
303 661
349 295
642 295
29 330 664 47 270 488 
330 664
330 47
664 270
29 330
664 488
219 465 301 519 768 
219 301
219 465
465 519
519 768
342 793 
342 793
316 725 
316 725
410 482 
410 482
129 428 
129 428
87 241 
87 241
616 769 425 568 444 191 200 649 
616 769
425 769
568 425
444 616
191 568
200 769
649 200
19 20 302 
19 302
19 20
602 
326 672 643 350 35 165 170 699 775 709 609 380 761 713 262 266 687 543 749 201 253 590 
326 672
643 326
350 643
35 672
165 326
170 165
699 350
775 170
709 170
609 709
380 775
761 380
713 350
262 699
266 709
687 713
543 761
749 687
201 761
253 543
590 253
518 593 555 
518 555
593 555
517 
454 630 715 750 674 498 147 34 120 198 499 
454 630
715 630
750 454
674 750
498 750
147 715
34 715
120 750
198 674
499 34
138 152 
138 152
502 
619 763 719 255 450 292 385 735 638 738 558 
619 763
719 763
255 719
450 763
292 619
385 450
735 385
638 292
738 735
558 292
415 551 116 323 668 98 583 348 778 634 329 461 740 411 236 
415 551
116 551
323 415
668 116
98 668
583 98
348 116
778 348
634 323
329 668
461 583
740 461
411 634
236 778
287 481 794 730 771 797 218 417 332 137 
287 481
794 287
730 287
771 481
797 481
218 797
417 794
332 771
137 218
388 660 233 
388 660
660 233
390 788 
390 788
492 
223 615 230 163 413 790 23 627 639 648 553 
223 615
230 615
163 223
413 223
790 615
23 790
627 163
639 230
648 23
553 648
105 207 308 190 467 211 171 574 261 598 789 500 516 
105 207
308 207
190 308
467 105
211 190
171 211
574 190
261 171
598 171
789 190
500 598
516 500
122 786 90 683 
90 683
786 90
122 786
182 377 484 601 556 612 607 228 369 460 
182 377
484 182
601 484
556 484
612 556
607 612
228 556
369 228
460 612
478 
452 464 795 80 145 720 362 406 
452 464
795 452
80 795
145 795
720 452
362 720
406 145
131 561 705 56 72 269 31 
269 31
131 56
561 705
561 72
131 72
705 269
76 497 296 216 311 
497 311
296 216
497 216
76 216
108 420 
108 420
101 366 580 487 86 206 780 633 94 234 239 
101 366
580 101
487 366
86 580
206 86
780 487
633 86
94 487
234 94
239 633
503 756 283 669 240 386 528 
756 283
283 386
503 283
386 528
756 669
283 240
50 203 139 205 506 154 707 604 523 
50 203
139 203
205 50
506 205
154 139
707 154
604 50
523 506
562 579 424 
562 579
579 424
7 252 160 440 317 529 
7 440
252 317
160 317
440 317
252 529
373 469 247 684 69 199 743 739 744 582 658 455 381 256 570 112 179 339 126 88 696 307 
373 469
247 373
684 247
69 684
199 69
743 469
739 743
744 739
582 744
658 247
455 684
381 455
256 381
570 744
112 658
179 256
339 199
126 658
88 126
696 112
307 179
102 755 652 
102 755
102 652
404 486 156 
404 486
486 156
509 760 510 723 159 299 99 231 8 313 197 412 336 513 
509 760
510 760
723 509
159 760
299 510
99 723
231 299
8 231
313 99
197 159
412 723
336 159
513 336
244 603 
244 603
217 588 169 335 421 276 493 75 
217 588
169 588
335 217
421 169
276 169
493 169
75 276
117 599 66 501 560 741 364 226 55 26 
117 599
66 599
501 599
560 117
741 501
364 560
226 741
55 560
26 364
85 115 10 628 641 547 298 
641 298
10 298
85 115
85 10
115 628
628 547
476 
2 106 95 
2 106
2 95
474 
185 772 215 783 
185 772
772 783
215 783
58 352 708 
58 352
58 708
527 717 395 753 677 711 202 
527 677
753 202
527 753
753 711
395 677
527 717
387 
263 495 140 60 337 578 537 16 41 429 617 
263 495
140 495
60 140
337 60
578 60
537 140
16 578
41 495
429 16
617 537
59 453 511 382 
511 382
59 453
59 382
67 193 175 
67 193
67 175
166 600 408 158 74 49 
166 600
600 408
408 158
408 49
74 49
459 597 357 168 353 611 
459 357
597 357
353 611
597 353
357 168
124 542 361 267 121 398 
124 542
542 361
542 267
121 398
124 398
363 
30 264 483 63 504 585 435 394 194 520 
30 264
483 30
63 264
504 63
585 264
435 483
394 483
194 63
520 585
328 
113 384 77 109 662 565 733 667 
113 384
77 113
109 77
662 113
565 109
733 384
667 662
367 376 96 573 554 748 
367 96
376 96
376 748
376 573
96 554
305 757 250 46 134 787 177 149 42 290 596 
305 757
250 757
46 305
134 305
787 250
177 46
149 134
42 149
290 177
596 42
150 432 
150 432
123 271 333 430 496 566 
333 496
123 496
123 430
123 271
271 566
18 220 125 745 785 752 776 
18 220
125 785
745 785
752 776
18 745
125 776
552 695 174 32 110 
552 695
695 174
174 32
174 110
325 606 344 61 665 254 405 710 
325 606
344 606
61 325
665 606
254 665
405 61
710 405
284 
485 736 
485 736
462 586 441 
586 441
462 586
620 729 463 40 391 6 635 227 275 670 157 345 731 
620 729
463 729
40 620
391 620
6 463
635 391
227 635
275 6
670 227
157 6
345 670
731 670
356 402 533 645 265 396 272 524 726 445 173 130 577 
356 402
533 402
645 533
265 533
396 265
272 645
524 396
726 396
445 645
173 272
130 173
577 524
322 692 17 675 409 43 
322 692
692 17
409 43
322 409
17 675
82 181 656 688 781 564 
82 181
181 781
656 564
656 688
688 781
93 622 331 
93 622
622 331
100 623 24 238 
100 238
623 24
623 238
320 681 458 210 358 368 103 212 678 
320 681
458 320
210 320
358 210
368 681
103 458
212 358
678 103
525 663 427 351 324 167 544 
663 544
663 324
351 167
525 324
351 324
427 544
91 572 782 221 
91 782
91 572
572 221
281 
71 673 457 
71 457
673 457
569 751 
569 751
243 
195 224 
195 224
721 784 697 309 375 
784 375
721 784
309 375
697 309
285 734 618 346 
618 346
285 734
285 618
512 621 
512 621
419 541 274 718 389 
541 274
541 718
419 718
419 389
235 
3 371 418 538 732 162 379 
371 732
3 418
371 538
538 162
3 732
3 379
64 515 79 237 521 
515 237
79 521
515 79
64 79
141 
128 595 45 631 434 671 703 526 248 
128 595
45 595
631 128
434 45
671 434
703 434
526 671
248 671
37 691 448 
37 691
37 448
446 479 
446 479
21 232 545 196 546 319 
196 546
21 232
546 319
545 546
232 545
306 327 437 693 268 
306 327
437 693
306 268
327 693
119 
51 655 178 767 5 535 397 70 676 294 
51 655
178 51
767 178
5 51
535 5
397 5
70 767
676 767
294 676
36 
208 563 9 770 
208 9
9 770
563 9
392 758 
392 758
27 589 12 534 89 431 773 52 151 472 214 
27 589
12 27
534 27
89 589
431 534
773 431
52 589
151 431
472 52
214 472
164 318 257 650 
164 650
318 257
164 257
13 142 338 470 
13 338
142 338
142 470
