? 7 721 784 309 697 344 375 310 
? 7 213 312 104 416 291 374 188 
? 7 22 108 566 420 448 513 759 
? 7 38 111 608 359 181 508 564 
? 7 46 177 757 708 305 290 134 
? 7 85 115 10 94 234 641 525 
? 7 322 692 789 675 17 43 660 
? 7 16 274 121 332 578 429 243 
? 7 19 382 511 302 59 20 747 
? 7 221 711 603 202 244 677 527 
? 7 364 560 26 117 501 66 599 
? 7 277 478 637 653 280 15 536 
? 7 325 606 405 665 710 61 596 
? 7 392 758 44 372 235 216 76 
? 6 123 271 333 430 762 496 
? 6 408 600 166 158 307 49 
? 6 160 317 7 529 252 468 
? 6 288 489 694 249 647 328 
? 6 53 680 792 557 153 28 
? 6 5 397 535 348 605 329 
? 6 48 334 204 92 401 505 
? 6 228 556 369 612 182 601 
? 6 58 352 306 268 693 327 
? 6 107 592 146 531 436 772 
? 6 218 267 361 797 287 137 
? 5 156 676 404 486 767 
? 5 687 713 562 579 643 
? 5 169 421 335 217 588 
? 5 145 406 346 472 52 
? 5 194 598 261 500 504 
? 5 552 695 250 266 787 
? 5 281 587 607 304 460 
? 5 120 783 498 581 215 
? 5 285 618 734 389 770 
? 5 481 771 794 730 398 
? 5 2 106 245 222 95 
? 4 55 617 537 140 
? 4 97 575 133 148 
? 4 526 671 480 248 
? 4 51 655 178 70 
? 4 68 135 457 71 
? 4 638 698 746 443 
? 4 464 795 452 321 
? 4 93 622 41 362 
? 4 263 495 60 337 
? 4 753 768 395 427 
? 4 233 706 388 438 
? 3 656 688 278 
? 3 447 764 722 
? 3 114 702 491 
? 3 87 241 57 
? 3 357 459 563 
? 3 474 569 751 
? 3 296 497 311 
? 3 100 623 36 
? 3 238 547 298 
? 3 102 777 539 
? 3 42 149 679 
? 3 62 414 451 
? 3 91 782 572 
? 3 141 648 553 
? 3 351 663 167 
? 3 63 264 30 
? 3 47 476 585 
? 3 417 439 470 
? 3 419 541 124 
? 3 25 314 632 
? 3 433 654 138 
? 3 101 366 780 
? 3 282 471 4 
!
282 471 4 
282 471
471 4
163 230 223 413 639 627 186 143 
163 230
223 230
413 230
639 230
627 223
186 627
143 163
101 366 780 
101 366
101 780
453 532 
453 532
233 706 388 438 
233 706
233 388
233 438
433 654 138 
654 138
433 654
462 682 
462 682
25 314 632 
25 632
25 314
218 267 361 797 287 137 
218 797
287 137
267 361
797 137
361 797
518 555 666 365 530 749 593 774 
518 555
666 518
365 518
530 365
749 518
593 518
774 365
130 236 
130 236
754 
419 541 124 
419 541
541 124
417 439 470 
439 470
417 470
753 768 395 427 
753 768
753 395
753 427
549 798 
549 798
392 758 44 372 235 216 76 
392 758
758 44
372 76
216 76
44 372
392 235
748 
2 106 245 222 95 
2 222
245 95
106 245
2 106
718 
481 771 794 730 398 
771 730
794 730
771 398
481 771
47 476 585 
47 476
47 585
717 
331 720 
331 720
714 
378 591 279 661 522 303 341 499 407 185 642 295 
378 591
279 378
661 378
522 661
303 279
341 303
499 522
407 591
185 378
642 591
295 378
325 606 405 665 710 61 596 
710 61
405 710
325 606
325 665
606 596
325 61
289 724 83 315 150 192 494 432 409 690 473 293 651 
289 724
83 289
315 289
150 724
192 315
494 83
432 289
409 192
690 724
473 83
293 494
651 690
78 81 
78 81
277 478 637 653 280 15 536 
277 478
277 280
277 637
637 536
280 15
478 653
657 704 
657 704
669 
363 507 
363 507
640 
63 264 30 
264 30
63 30
364 560 26 117 501 66 599 
560 501
501 66
117 66
364 560
364 26
501 599
260 567 
260 567
425 568 616 191 769 368 444 737 200 168 649 456 786 728 681 320 597 103 
425 568
616 425
191 425
769 616
368 425
444 769
737 368
200 769
168 444
649 200
456 737
786 168
728 456
681 191
320 681
597 444
103 786
351 663 167 
351 167
351 663
625 
285 618 734 389 770 
618 389
285 734
734 389
285 770
221 711 603 202 244 677 527 
711 244
221 202
677 527
221 244
603 202
244 527
19 382 511 302 59 20 747 
19 382
19 511
59 20
511 302
382 747
511 20
141 648 553 
141 648
141 553
16 274 121 332 578 429 243 
274 121
429 243
274 429
16 243
578 243
16 332
120 783 498 581 215 
498 581
120 498
783 581
783 215
319 546 21 196 412 545 360 313 144 483 
319 546
21 319
196 546
412 319
545 21
360 319
313 21
144 313
483 412
422 426 766 716 39 155 242 54 781 
422 426
766 422
716 426
39 426
155 422
242 716
54 39
781 39
450 619 763 719 385 292 735 738 487 
450 619
763 450
719 450
385 450
292 619
735 450
738 735
487 619
107 592 146 531 436 772 
531 436
107 531
592 146
107 146
592 772
281 587 607 304 460 
587 304
281 587
281 607
607 460
294 440 
294 440
8 791 
8 791
387 542 
387 542
198 674 
198 674
517 755 
517 755
176 685 383 33 466 727 118 370 
176 685
383 685
33 176
466 685
727 383
118 727
370 466
91 782 572 
91 782
91 572
559 
620 729 40 391 463 635 275 227 6 670 731 157 345 595 128 631 45 703 712 183 493 434 
620 729
40 620
391 620
463 620
635 391
275 40
227 391
6 620
670 227
731 670
157 275
345 731
595 345
128 345
631 128
45 128
703 45
712 157
183 712
493 275
434 128
62 414 451 
414 451
62 414
558 
265 533 645 272 726 356 396 402 173 524 445 
265 533
645 533
272 645
726 265
356 533
396 726
402 533
173 272
524 396
445 173
336 347 
336 347
520 
34 502 686 147 630 715 750 349 610 454 187 
34 502
686 34
147 34
630 147
715 147
750 630
349 750
610 147
454 630
187 610
210 358 594 624 376 367 212 573 0 225 458 208 626 554 96 
210 358
594 210
624 594
376 358
367 376
212 376
573 376
0 594
225 0
458 358
208 458
626 624
554 208
96 376
509 760 510 723 159 299 197 231 99 394 
509 760
510 760
723 760
159 509
299 510
197 159
231 299
99 760
394 723
42 149 679 
42 679
42 149
323 778 
323 778
488 
283 386 540 756 229 161 240 528 75 503 276 
283 386
540 386
756 283
229 386
161 386
240 283
528 283
75 240
503 756
276 240
113 384 662 109 683 565 77 621 90 733 667 611 441 
113 384
662 384
109 384
683 109
565 683
77 683
621 565
90 683
733 662
667 662
611 90
441 733
263 495 60 337 
495 60
60 337
263 60
32 543 590 761 709 253 380 609 201 174 
32 543
590 543
761 543
709 761
253 32
380 761
609 761
201 253
174 253
484 
164 650 793 318 725 257 691 37 
164 650
793 650
318 164
725 650
257 318
691 257
37 257
322 692 789 675 17 43 660 
322 692
322 789
692 17
675 17
789 43
692 660
552 695 250 266 787 
552 695
250 787
552 250
695 266
390 788 
390 788
79 521 515 237 354 64 485 673 736 258 629 
79 521
515 79
237 515
354 521
64 237
485 521
673 521
736 79
258 354
629 673
85 115 10 94 234 641 525 
94 234
85 94
10 641
85 115
85 10
234 525
105 207 308 467 190 211 516 574 171 
105 207
308 105
467 105
190 308
211 105
516 467
574 308
171 467
102 777 539 
102 539
102 777
58 352 306 268 693 327 
58 352
306 327
306 268
693 327
58 327
373 469 247 684 69 199 739 743 744 455 179 582 381 126 339 658 256 88 112 570 74 696 
373 469
247 469
684 247
69 684
199 684
739 373
743 739
744 743
455 684
179 455
582 739
381 455
126 373
339 69
658 247
256 381
88 126
112 88
570 739
74 256
696 112
238 547 298 
238 298
238 547
100 623 36 
100 36
623 36
461 740 411 152 790 583 634 98 116 23 415 668 551 615 
461 740
411 461
152 461
790 461
583 461
634 411
98 740
116 98
23 461
415 116
668 98
551 415
615 23
82 742 
82 742
18 220 745 785 239 125 254 482 
18 220
745 220
785 745
239 18
125 785
254 785
482 745
286 428 548 129 576 259 479 393 446 423 
286 428
548 286
129 428
576 428
259 576
479 576
393 576
446 479
423 259
46 177 757 708 305 290 134 
757 134
305 134
46 177
177 290
46 134
177 708
449 
296 497 311 
497 311
296 497
424 
93 622 41 362 
93 622
622 362
41 362
474 569 751 
474 569
474 751
38 111 608 359 181 508 564 
38 111
38 608
181 508
608 508
359 508
38 564
377 
11 477 1 490 602 400 659 355 189 514 799 
11 477
1 11
490 477
602 1
400 602
659 1
355 490
189 1
514 602
799 659
464 795 452 321 
795 452
464 452
452 321
357 459 563 
357 459
357 563
228 556 369 612 182 601 
228 369
182 601
556 612
228 601
612 182
48 334 204 92 401 505 
204 505
334 92
48 334
48 204
92 401
5 397 535 348 605 329 
397 535
535 329
348 605
5 535
5 605
353 
67 193 403 284 300 127 175 550 297 132 
67 193
403 67
284 193
300 67
127 67
175 403
550 193
297 403
132 550
343 
431 773 214 151 589 80 12 534 
431 773
214 773
151 773
589 431
80 773
12 589
534 431
53 680 792 557 153 28 
680 557
557 28
53 680
792 28
53 153
251 700 65 73 84 646 492 701 180 342 613 
251 700
65 700
73 65
84 73
646 700
492 700
701 73
180 251
342 251
613 251
226 741 
226 741
288 489 694 249 647 328 
288 249
694 249
489 249
647 328
288 328
22 108 566 420 448 513 759 
108 420
566 448
420 513
22 108
108 566
448 759
194 598 261 500 504 
194 598
261 500
194 500
598 504
209 246 475 689 340 779 796 119 
209 246
475 209
689 209
340 475
779 475
796 475
119 209
301 
9 678 
9 678
87 241 57 
87 241
241 57
139 203 506 154 512 50 707 205 442 765 523 586 604 
139 203
506 203
154 203
512 139
50 506
707 139
205 506
442 139
765 707
523 506
586 765
604 506
561 705 131 56 31 270 664 72 330 232 269 29 435 
561 705
131 705
56 561
31 705
270 131
664 56
72 56
330 56
232 131
269 270
29 56
435 56
160 317 7 529 252 468 
252 468
317 252
160 317
160 7
529 252
408 600 166 158 307 49 
600 166
408 600
408 158
158 307
408 49
114 702 491 
114 491
702 491
638 698 746 443 
638 698
638 746
746 443
399 577 636 273 571 644 172 584 136 
399 577
636 399
273 636
571 636
644 399
172 273
584 571
136 636
213 312 104 416 291 374 188 
104 188
312 291
416 291
312 374
213 416
213 188
68 135 457 71 
68 457
457 71
68 135
255 
447 764 722 
447 764
447 722
27 89 
27 89
184 
316 628 
316 628
145 406 346 472 52 
145 406
346 472
406 52
406 472
51 655 178 70 
51 655
51 178
178 70
195 224 
195 224
169 421 335 217 588 
335 217
169 335
169 421
335 588
122 
721 784 309 697 344 375 310 
784 375
721 784
309 375
309 697
784 344
721 310
687 713 562 579 643 
562 579
687 713
687 643
713 562
110 
326 350 170 699 672 165 262 35 775 
326 350
170 326
699 350
672 350
165 170
262 699
35 326
775 326
656 688 278 
688 278
656 688
410 437 
410 437
123 271 333 430 762 496 
123 762
762 496
333 496
271 762
123 430
156 676 404 486 767 
404 486
676 404
156 676
676 767
24 
3 371 538 418 162 732 379 338 652 142 
3 371
538 3
418 371
162 371
732 3
379 371
338 379
652 732
142 538
13 
526 671 480 248 
526 671
671 248
480 248
14 614 
14 614
544 752 519 776 633 86 324 206 219 465 580 
544 752
519 544
776 752
633 752
86 633
324 544
206 633
219 544
465 519
580 633
97 575 133 148 
97 148
575 148
97 133
55 617 537 140 
617 140
55 140
537 140
