? 7 518 555 530 241 593 666 749 
? 7 202 603 711 677 221 657 527 
? 7 39 426 716 781 242 422 688 
? 7 163 230 223 413 639 627 141 
? 7 364 560 26 537 501 66 617 
? 7 194 598 500 516 264 504 171 
? 7 38 111 54 608 4 508 564 
? 7 687 713 262 562 309 579 87 
? 7 160 252 7 317 440 529 468 
? 7 48 92 334 401 204 751 505 
? 7 46 177 757 290 708 305 250 
? 7 629 702 549 736 114 491 71 
? 7 128 631 345 595 671 45 731 
? 7 630 715 454 147 498 750 674 
? 6 607 612 556 228 182 369 
? 6 435 664 47 72 270 269 
? 6 58 352 693 327 268 437 
? 6 218 361 797 124 267 771 
? 6 322 692 17 675 43 660 
? 6 156 676 404 767 486 614 
? 6 51 655 329 178 668 5 
? 6 274 398 121 16 332 481 
? 6 53 680 792 28 514 799 
? 6 9 208 563 786 122 96 
? 6 60 578 263 337 140 495 
? 5 443 698 746 638 558 
? 5 430 496 762 271 123 
? 5 278 742 155 136 656 
? 5 662 667 682 733 97 
? 5 480 714 189 526 434 
? 5 408 600 166 179 158 
? 5 285 618 389 734 346 
? 5 397 535 348 778 605 
? 5 106 245 2 539 517 
? 5 417 794 287 730 439 
? 5 25 632 146 531 314 
? 4 288 489 249 585 
? 4 233 706 388 423 
? 4 93 622 41 362 
? 4 120 783 581 215 
? 4 101 487 580 366 
? 4 36 738 100 654 
? 4 296 497 216 311 
? 4 452 464 795 720 
? 4 22 566 132 333 
? 4 256 381 455 307 
? 4 107 592 436 295 
? 3 370 722 447 
? 3 117 599 741 
? 3 134 149 42 
? 3 375 697 110 
? 3 174 552 787 
? 3 82 181 359 
? 3 238 623 24 
? 3 68 673 135 
? 3 195 224 474 
? 3 217 335 798 
? 3 148 575 133 
? 3 414 704 62 
? 3 419 429 718 
? 3 355 490 184 
? 3 748 777 102 
? 3 186 648 553 
? 3 143 449 559 
? 3 310 424 721 
? 3 377 484 601 
? 3 365 774 57 
? 3 349 642 772 
? 3 116 323 236 
? 3 301 482 410 
!
301 482 410 
301 482
482 410
325 606 344 61 665 81 405 784 
325 606
344 325
61 325
665 325
81 325
405 606
784 344
116 323 236 
116 236
116 323
125 780 
125 780
107 592 436 295 
107 436
107 592
592 295
349 642 772 
349 772
642 772
167 347 
167 347
365 774 57 
365 774
774 57
60 578 263 337 140 495 
140 495
60 140
60 337
578 263
60 263
105 207 308 467 190 211 574 261 
105 207
308 105
467 207
190 308
211 207
574 308
261 190
626 788 
626 788
766 
377 484 601 
377 601
484 601
310 424 721 
424 721
310 721
256 381 455 307 
455 307
256 455
256 381
27 357 
27 357
630 715 454 147 498 750 674 
630 750
454 750
715 454
454 147
630 498
630 674
765 
25 632 146 531 314 
25 632
25 314
146 531
531 314
759 
417 794 287 730 439 
794 730
794 287
417 794
417 439
143 449 559 
143 559
143 449
717 
226 281 
226 281
703 
79 515 237 521 64 354 502 485 187 610 34 258 
79 515
237 515
521 79
64 515
354 521
502 237
485 521
187 515
610 187
34 502
258 515
128 631 345 595 671 45 731 
345 731
631 345
128 671
631 595
595 671
671 45
509 760 510 159 299 231 197 336 313 8 420 328 513 
509 760
510 760
159 509
299 510
231 299
197 159
336 299
313 197
8 299
420 336
328 231
513 159
30 394 
30 394
629 702 549 736 114 491 71 
629 549
549 736
629 702
114 491
702 491
736 71
569 728 
569 728
686 
541 542 
541 542
625 
186 648 553 
186 648
186 553
46 177 757 290 708 305 250 
757 305
46 177
177 290
46 757
757 250
177 708
363 507 
363 507
283 386 229 503 540 161 240 75 528 756 169 669 587 276 421 493 304 588 
283 386
229 386
503 283
540 229
161 229
240 283
75 240
528 386
756 283
169 240
669 503
587 540
276 240
421 169
493 503
304 161
588 169
748 777 102 
777 102
748 777
621 
106 245 2 539 517 
539 517
106 245
106 2
245 517
48 92 334 401 204 751 505 
204 505
92 334
48 334
48 204
401 751
92 401
160 252 7 317 440 529 468 
252 468
7 440
252 317
160 317
317 440
252 529
355 490 184 
490 184
355 490
687 713 262 562 309 579 87 
562 579
309 579
687 262
687 713
262 579
713 87
397 535 348 778 605 
397 535
348 605
778 605
535 778
170 709 165 326 350 672 643 35 699 201 
170 709
165 709
326 170
350 326
672 326
643 672
35 350
699 350
201 672
209 246 689 340 779 796 694 479 567 
209 246
689 209
340 209
779 689
796 689
694 246
479 779
567 779
378 591 661 407 279 303 522 499 640 
378 591
661 591
407 378
279 591
303 591
522 303
499 522
640 303
9 208 563 786 122 96 
9 208
208 122
563 96
9 563
786 122
285 618 389 734 346 
618 389
618 346
285 734
389 734
76 372 
76 372
343 732 
343 732
387 390 
387 390
678 770 
678 770
222 225 
222 225
312 416 213 374 104 291 471 294 
312 416
213 312
374 416
104 213
291 213
471 213
294 312
419 429 718 
419 718
419 429
613 
21 232 546 545 196 319 330 488 131 705 561 29 782 572 144 723 412 91 56 31 99 360 
21 232
546 21
545 546
196 232
319 546
330 546
488 21
131 545
705 131
561 705
29 330
782 232
572 782
144 488
723 319
412 723
91 782
56 561
31 561
99 723
360 144
414 704 62 
414 62
414 704
547 
19 382 511 302 747 59 126 20 453 532 791 
19 382
511 382
302 19
747 19
59 511
126 19
20 19
453 59
532 747
791 59
63 483 
63 483
476 
67 193 403 284 550 297 175 300 127 451 108 
67 193
403 67
284 193
550 193
297 403
175 67
300 403
127 403
451 403
108 550
289 724 494 432 690 192 83 150 315 409 293 473 651 260 789 
289 724
494 724
432 724
690 724
192 494
83 494
150 724
315 192
409 192
293 192
473 83
651 690
260 150
789 409
1 11 477 712 659 602 400 557 183 248 
1 11
477 11
712 477
659 1
602 11
400 11
557 659
183 400
248 602
148 575 133 
148 575
575 133
321 331 
321 331
460 
90 683 109 565 77 597 611 113 384 459 353 
90 683
109 683
565 90
77 683
597 90
611 90
113 109
384 113
459 597
353 459
461 740 411 152 583 138 634 415 23 790 98 615 551 
461 740
411 461
152 740
583 461
138 411
634 411
415 740
23 740
790 740
98 415
615 740
551 415
22 566 132 333 
566 132
22 132
566 333
519 544 324 465 768 753 525 244 206 351 
519 544
324 544
465 519
768 519
753 519
525 324
244 753
206 544
351 525
458 
383 685 727 176 33 118 466 448 
383 685
727 383
176 685
33 685
118 727
466 176
448 727
38 111 54 608 4 508 564 
38 111
38 608
54 508
608 508
111 4
38 564
408 600 166 179 158 
600 166
408 600
408 158
179 158
74 523 
74 523
210 358 594 212 573 367 624 103 0 376 554 
210 358
594 210
212 358
573 210
367 358
624 358
103 358
0 594
376 367
554 103
194 598 500 516 264 504 171 
194 598
500 171
500 516
194 500
598 264
264 504
3 371 418 162 538 755 379 142 652 
3 371
418 371
162 418
538 3
755 371
379 371
142 538
652 755
217 335 798 
217 335
217 798
53 680 792 28 514 799 
680 28
514 799
53 680
680 799
792 28
739 743 744 582 373 570 112 235 469 758 392 658 119 247 44 446 696 475 88 69 339 684 
739 743
744 739
582 739
373 739
570 743
112 743
235 739
469 373
758 582
392 758
658 739
119 112
247 469
44 758
446 392
696 112
475 119
88 112
69 373
339 758
684 247
195 224 474 
224 474
195 224
68 673 135 
68 673
68 135
139 203 50 506 707 205 154 512 442 586 604 49 441 462 
139 203
50 203
506 203
707 139
205 139
154 139
512 707
442 203
586 707
604 512
49 506
441 586
462 586
596 710 
596 710
719 763 450 619 385 735 255 292 
719 763
450 719
619 450
385 719
735 763
255 719
292 763
265 533 272 645 396 356 402 445 173 130 
265 533
272 533
645 272
396 265
356 533
402 265
445 533
173 272
130 445
364 560 26 537 501 66 617 
560 501
364 537
501 66
364 560
364 26
537 617
457 
238 623 24 
623 24
238 623
456 
452 464 795 720 
464 720
452 795
452 464
82 181 359 
82 181
181 359
163 230 223 413 639 627 141 
230 223
163 230
413 141
163 141
627 141
223 639
306 
399 577 636 273 571 584 524 726 172 644 341 
399 577
636 399
273 636
571 577
584 577
524 577
726 524
172 273
644 636
341 571
296 497 216 311 
497 311
296 216
497 216
174 552 787 
174 552
174 787
274 398 121 16 332 481 
274 121
398 121
332 481
274 16
398 332
51 655 329 178 668 5 
51 655
655 668
51 178
329 5
668 5
156 676 404 767 486 614 
404 486
404 614
676 404
156 676
676 767
243 
18 220 633 745 785 776 254 86 752 239 
18 220
633 18
745 18
785 745
776 18
254 18
86 633
752 776
239 254
199 
85 115 10 94 234 641 298 628 
85 115
10 115
94 85
234 85
641 10
298 641
628 10
322 692 17 675 43 660 
322 692
692 17
17 675
322 43
692 660
620 729 40 391 463 6 635 275 227 670 157 
620 729
40 620
391 40
463 620
6 729
635 391
275 729
227 729
670 391
157 463
520 647 
520 647
218 361 797 124 267 771 
218 797
361 124
361 267
797 771
124 771
39 426 716 781 242 422 688 
426 716
426 422
39 781
781 688
39 426
716 242
480 714 189 526 434 
714 189
526 434
480 434
480 714
286 428 548 129 576 259 438 393 
286 428
548 286
129 428
576 548
259 286
438 259
393 438
153 
219 395 
219 395
375 697 110 
375 697
697 110
251 700 65 73 84 492 701 180 646 342 433 754 764 
251 700
65 700
73 700
84 73
492 251
701 84
180 251
646 73
342 84
433 84
754 251
764 180
425 568 616 191 769 368 444 200 168 320 649 681 737 
425 568
616 425
191 568
769 616
368 425
444 616
200 616
168 444
320 368
649 200
681 320
737 191
58 352 693 327 268 437 
58 352
693 437
327 268
693 327
58 327
435 664 47 72 270 269 
664 269
435 47
72 270
435 72
664 72
134 149 42 
149 42
134 149
36 738 100 654 
36 738
738 654
36 100
277 478 280 637 653 15 282 536 188 
277 478
280 277
637 280
653 277
15 637
282 653
536 653
188 282
202 603 711 677 221 657 527 
202 221
677 527
711 221
202 603
711 527
603 657
101 487 580 366 
101 487
580 366
101 366
137 
117 599 741 
599 741
117 741
78 679 
78 679
95 
185 198 
185 198
662 667 682 733 97 
667 682
662 682
667 97
662 733
120 783 581 215 
783 581
120 783
783 215
52 89 
52 89
278 742 155 136 656 
742 656
155 136
278 155
278 656
70 
518 555 530 241 593 666 749 
530 593
555 241
555 530
518 555
518 666
555 749
430 496 762 271 123 
762 123
496 762
762 271
430 123
55 
164 650 793 691 318 257 37 725 316 
164 650
793 650
691 164
318 164
257 164
37 257
725 793
316 164
370 722 447 
370 722
370 447
427 663 
427 663
607 612 556 228 182 369 
228 369
607 556
607 612
612 182
612 228
443 698 746 638 558 
698 638
746 638
443 746
638 558
14 
32 543 590 761 609 253 380 266 775 695 
32 543
590 543
761 543
609 543
253 32
380 543
266 609
775 380
695 32
13 
93 622 41 362 
93 622
622 362
41 362
338 470 
338 470
431 773 214 589 12 151 534 406 80 145 472 
431 773
214 773
589 431
12 589
151 431
534 12
406 214
80 214
145 214
472 214
233 706 388 423 
233 706
233 423
233 388
288 489 249 585 
288 249
489 249
288 585
