? 3 44 218 182 
? 3 31 514 58 
!
296 428 280 81 432 717 64 412 
296 428
280 428
81 296
432 428
717 428
64 717
412 717
130 753 318 299 119 171 313 366 515 236 110 436 346 531 338 480 674 
130 753
318 753
299 753
119 318
171 130
313 318
366 318
515 119
236 318
110 171
436 236
346 171
531 236
338 436
480 346
674 171
221 
332 754 546 689 668 214 339 239 260 141 97 26 237 764 586 416 439 677 347 116 606 82 622 435 87 462 293 129 1 241 244 368 285 539 377 793 747 767 577 684 
332 754
546 332
689 546
668 546
214 332
339 754
239 546
260 668
141 668
97 260
26 754
237 339
764 141
586 546
416 339
439 141
677 239
347 764
116 347
606 237
82 416
622 416
435 260
87 141
462 416
293 237
129 347
1 87
241 82
244 87
368 87
285 462
539 293
377 435
793 87
747 435
767 747
577 347
684 767
49 248 242 633 409 444 566 708 340 617 104 319 365 713 538 774 532 156 683 749 758 100 688 46 388 763 62 584 467 704 431 459 679 629 178 626 519 733 410 279 383 455 200 
49 248
242 248
633 49
409 49
444 49
566 242
708 409
340 248
617 49
104 242
319 444
365 104
713 708
538 566
774 319
532 538
156 566
683 156
749 242
758 242
100 319
688 708
46 365
388 319
763 46
62 365
584 774
467 538
704 532
431 763
459 388
679 688
629 584
178 46
626 584
519 679
733 704
410 733
279 178
383 467
455 388
200 467
325 489 177 430 278 344 91 611 52 686 496 150 144 502 373 731 661 
325 489
177 489
430 489
278 325
344 430
91 430
611 430
52 611
686 611
496 611
150 496
144 496
502 611
373 150
731 496
661 144
35 170 39 568 360 298 653 425 642 215 103 4 570 379 776 785 798 787 353 797 789 471 70 461 
35 170
39 35
568 170
360 170
298 360
653 39
425 568
642 35
215 39
103 35
4 568
570 215
379 103
776 568
785 4
798 215
787 379
353 298
797 4
789 4
471 353
70 360
461 353
463 578 678 652 528 447 
463 578
678 578
652 678
528 578
447 528
264 390 768 105 574 694 
264 390
768 264
105 390
574 768
694 390
121 491 151 761 153 755 371 427 571 529 43 
121 491
151 491
761 151
153 491
755 491
371 491
427 153
571 121
529 571
43 755
132 660 63 709 616 549 109 381 2 507 212 
132 660
63 132
709 132
616 660
549 709
109 132
381 549
2 63
507 549
212 549
637 646 84 592 481 743 698 226 230 207 445 256 289 591 228 620 10 25 608 111 98 518 275 672 163 493 337 477 370 675 700 297 376 261 271 581 663 632 472 497 711 108 770 
637 646
84 646
592 637
481 637
743 84
698 84
226 637
230 84
207 637
445 207
256 207
289 230
591 226
228 646
620 591
10 226
25 743
608 289
111 226
98 743
518 289
275 620
672 608
163 518
493 445
337 275
477 620
370 163
675 445
700 518
297 25
376 84
261 700
271 675
581 271
663 297
632 608
472 445
497 98
711 275
108 497
770 711
174 283 625 158 61 185 429 314 284 199 194 478 730 499 152 137 400 682 11 56 
174 283
625 283
158 283
61 158
185 625
429 283
314 61
284 429
199 174
194 158
478 158
730 429
499 730
152 499
137 283
400 199
682 499
11 478
56 400
71 542 756 5 305 30 
71 542
756 542
5 756
305 5
30 5
162 232 359 68 249 210 450 15 192 504 795 723 42 89 
162 232
359 162
68 359
249 232
210 162
450 232
15 249
192 450
504 192
795 504
723 359
42 68
89 504
28 404 112 521 726 92 656 255 308 336 306 335 693 691 399 420 714 326 667 51 658 107 671 488 180 328 190 765 14 615 543 66 79 751 168 630 216 735 585 74 582 392 188 167 725 600 623 470 348 794 307 125 509 
28 404
112 28
521 404
726 28
92 28
656 28
255 28
308 521
336 92
306 726
335 92
693 308
691 693
399 336
420 336
714 399
326 306
667 691
51 336
658 404
107 112
671 693
488 306
180 308
328 693
190 693
765 667
14 308
615 488
543 335
66 726
79 399
751 66
168 190
630 691
216 308
735 190
585 66
74 51
582 190
392 74
188 51
167 168
725 667
600 630
623 714
470 623
348 216
794 348
307 392
125 392
509 74
114 736 
114 736
86 312 67 395 485 247 262 323 179 195 791 634 727 732 85 364 666 358 729 6 719 93 16 29 219 138 482 224 243 197 309 540 737 437 343 533 27 164 55 316 589 469 384 
86 312
67 86
395 67
485 395
247 395
262 247
323 262
179 86
195 247
791 395
634 262
727 312
732 791
85 634
364 791
666 247
358 666
729 247
6 358
719 666
93 179
16 666
29 634
219 179
138 29
482 93
224 93
243 138
197 29
309 224
540 29
737 197
437 482
343 29
533 540
27 343
164 437
55 309
316 343
589 533
469 589
384 469
235 645 707 196 36 266 788 465 468 579 527 403 350 783 20 706 245 142 281 369 45 443 738 651 697 322 270 718 583 522 303 530 380 140 746 311 213 609 598 490 476 257 273 204 356 282 24 393 398 458 665 575 526 198 402 544 386 12 573 300 120 782 253 792 396 387 741 720 479 413 685 553 
235 645
707 645
196 645
36 707
266 235
788 266
465 266
468 645
579 788
527 465
403 266
350 468
783 468
20 266
706 36
245 783
142 350
281 465
369 281
45 142
443 783
738 468
651 20
697 403
322 651
270 245
718 322
583 45
522 45
303 270
530 522
380 350
140 465
746 281
311 746
213 530
609 443
598 142
490 583
476 522
257 746
273 476
204 490
356 270
282 746
24 522
393 322
398 746
458 490
665 746
575 281
526 718
198 490
402 746
544 402
386 718
12 583
573 706
300 526
120 476
782 213
253 782
792 522
396 198
387 665
741 282
720 300
479 300
413 24
685 356
553 413
155 258 75 333 513 
155 258
75 258
333 155
513 333
494 638 560 88 126 33 134 715 647 276 122 272 184 796 220 378 349 657 50 269 268 680 101 418 277 596 191 193 106 3 161 187 415 421 547 624 41 742 734 0 565 99 639 710 619 457 73 790 252 315 699 552 172 175 536 259 406 102 287 557 78 520 
494 638
560 494
88 638
126 638
33 560
134 638
715 126
647 494
276 134
122 647
272 276
184 272
796 134
220 272
378 122
349 715
657 134
50 126
269 33
268 272
680 220
101 88
418 349
277 276
596 657
191 272
193 349
106 269
3 106
161 193
187 418
415 161
421 276
547 421
624 680
41 421
742 276
734 269
0 3
565 193
99 596
639 421
710 0
619 220
457 565
73 742
790 421
252 639
315 457
699 252
552 699
172 99
175 193
536 220
259 276
406 161
102 191
287 172
557 287
78 565
520 106
567 750 
567 750
31 514 58 
31 514
31 58
21 246 351 659 117 664 206 433 781 83 133 517 302 385 166 701 759 550 301 483 330 13 556 321 631 597 703 722 263 486 310 411 702 506 157 587 740 516 452 644 331 650 422 580 254 601 426 681 47 757 
21 246
351 246
659 21
117 351
664 246
206 351
433 351
781 206
83 246
133 246
517 664
302 659
385 351
166 302
701 246
759 659
550 781
301 781
483 302
330 83
13 166
556 302
321 664
631 83
597 556
703 556
722 433
263 556
486 330
310 597
411 597
702 301
506 486
157 702
587 486
740 263
516 483
452 740
644 157
331 486
650 301
422 550
580 422
254 650
601 254
426 587
681 157
47 422
757 263
511 695 799 397 760 38 
511 695
799 511
397 511
760 799
38 799
231 523 362 687 8 464 
231 523
362 523
687 523
8 523
464 231
165 291 434 662 54 354 510 599 128 508 145 500 612 69 534 745 424 690 407 286 456 
165 291
434 291
662 291
54 291
354 54
510 354
599 662
128 354
508 599
145 434
500 662
612 128
69 128
534 145
745 508
424 508
690 354
407 745
286 745
456 599
240 739 475 139 250 57 498 201 423 146 604 669 
240 739
475 739
139 739
250 739
57 475
498 739
201 739
423 739
146 57
604 139
669 475
320 772 748 127 189 352 
320 772
748 772
127 320
189 748
352 127
417 635 442 643 76 123 251 265 94 186 618 329 304 614 324 438 40 208 
417 635
442 635
643 417
76 635
123 417
251 417
265 123
94 265
186 251
618 265
329 94
304 251
614 251
324 265
438 186
40 76
208 614
294 595 640 414 183 628 361 217 211 559 382 487 209 535 59 636 135 555 641 
294 595
640 294
414 294
183 595
628 183
361 628
217 361
211 217
559 640
382 183
487 183
209 628
535 414
59 628
636 361
135 487
555 217
641 559
563 590 769 238 34 227 401 484 495 115 784 446 
563 590
769 563
238 590
34 590
227 563
401 769
484 227
495 401
115 238
784 495
446 495
148 773 22 670 367 505 225 627 545 588 374 512 503 673 72 605 274 176 594 603 569 524 37 648 554 95 440 676 223 143 562 355 147 
148 773
22 148
670 773
367 773
505 22
225 148
627 22
545 773
588 22
374 22
512 374
503 588
673 374
72 374
605 545
274 545
176 72
594 22
603 72
569 545
524 72
37 569
648 274
554 274
95 274
440 554
676 440
223 95
143 440
562 554
355 554
147 355
724 766 541 777 621 372 113 561 449 610 654 60 405 118 576 267 19 551 548 775 341 454 375 721 466 202 345 80 53 65 48 771 419 149 564 786 77 32 292 169 17 607 448 290 136 159 453 752 173 23 
724 766
541 724
777 541
621 724
372 766
113 777
561 766
449 724
610 766
654 724
60 541
405 621
118 561
576 372
267 777
19 610
551 610
548 372
775 621
341 19
454 551
375 341
721 775
466 721
202 19
345 454
80 654
53 375
65 654
48 65
771 341
419 375
149 341
564 775
786 466
77 267
32 341
292 32
169 721
17 775
607 375
448 77
290 19
136 607
159 721
453 48
752 551
173 654
23 564
131 
317 408 744 441 234 473 696 203 18 474 602 181 705 780 205 
317 408
744 317
441 744
234 441
473 408
696 441
203 441
18 744
474 441
602 744
181 473
705 441
780 473
205 602
44 218 182 
218 182
44 218
394 593 327 154 501 391 728 229 537 124 779 
394 593
327 593
154 593
501 593
391 593
728 394
229 394
537 327
124 728
779 327
572 655 7 778 389 357 90 460 334 
572 655
7 572
778 655
389 572
357 7
90 357
460 90
334 389
558 762 712 9 233 160 451 649 288 363 716 96 295 613 692 342 492 525 222 
558 762
712 762
9 712
233 762
160 558
451 233
649 712
288 451
363 558
716 451
96 558
295 558
613 288
692 712
342 96
492 96
525 649
222 649
