? 3 69 723 432 
? 3 464 513 89 
!
124 523 231 108 687 362 736 8 
124 523
231 523
108 124
687 231
362 523
736 124
8 736
712 762 558 9 692 649 525 233 451 222 363 288 716 189 748 438 492 
712 762
558 762
9 712
692 712
649 712
525 712
233 558
451 233
222 649
363 9
288 233
716 451
189 222
748 649
438 558
492 9
447 
197 243 29 138 737 343 316 85 685 27 384 396 12 134 657 796 596 122 378 172 387 544 720 526 300 304 208 479 386 40 614 635 44 76 210 68 442 162 232 690 
197 243
29 197
138 243
737 243
343 29
316 243
85 197
685 316
27 343
384 27
396 384
12 685
134 27
657 134
796 657
596 796
122 596
378 122
172 596
387 384
544 387
720 387
526 720
300 526
304 544
208 544
479 387
386 526
40 386
614 208
635 300
44 386
76 386
210 304
68 210
442 635
162 68
232 162
690 68
49 248 633 409 242 444 566 319 104 365 340 708 758 156 532 749 617 100 538 683 713 688 46 388 348 763 62 774 431 629 794 679 346 584 519 178 279 216 480 714 678 420 110 
49 248
633 49
409 49
242 49
444 49
566 242
319 248
104 633
365 104
340 248
708 409
758 248
156 566
532 248
749 365
617 444
100 319
538 566
683 566
713 708
688 713
46 365
388 319
348 688
763 46
62 156
774 444
431 763
629 319
794 348
679 348
346 46
584 629
519 679
178 46
279 178
216 519
480 431
714 584
678 629
420 584
110 46
37 569 545 274 95 355 554 676 223 648 225 147 2 109 47 422 580 
37 569
545 569
274 569
95 569
355 95
554 274
676 554
223 355
648 95
225 545
147 355
2 147
109 147
47 676
422 47
580 422
254 374 72 650 673 367 503 176 22 681 505 627 670 588 148 603 601 773 524 512 702 605 644 440 
254 374
72 254
650 254
673 374
367 374
503 374
176 650
22 503
681 673
505 22
627 22
670 22
588 22
148 22
603 650
601 176
773 148
524 650
512 22
702 72
605 72
644 367
440 605
186 613 251 795 417 192 
186 613
251 186
795 251
417 251
192 795
58 212 131 507 137 381 
58 212
131 212
507 131
137 212
381 131
590 769 563 227 401 484 400 495 115 446 784 
590 769
563 590
227 590
401 227
484 401
400 401
495 401
115 400
446 400
784 495
153 427 43 491 151 121 755 371 389 756 529 
153 427
43 427
491 427
151 491
121 491
755 43
371 121
389 43
756 491
529 755
21 246 351 117 433 659 664 206 83 133 701 517 509 781 302 166 125 307 385 74 483 301 411 597 330 759 392 13 263 79 631 740 556 550 703 543 470 157 51 335 722 587 188 
21 246
351 246
117 246
433 246
659 21
664 246
206 246
83 21
133 21
701 433
517 664
509 433
781 206
302 659
166 133
125 206
307 509
385 659
74 307
483 302
301 781
411 83
597 302
330 83
759 659
392 307
13 301
263 597
79 117
631 83
740 411
556 597
550 307
703 263
543 307
470 517
157 781
51 79
335 51
722 307
587 470
188 385
265 329 423 94 324 96 123 342 57 221 739 618 475 669 250 146 295 240 139 160 
265 329
423 329
94 265
324 265
96 423
123 329
342 96
57 324
221 324
739 57
618 265
475 739
669 57
250 739
146 739
295 96
240 475
139 739
160 96
320 772 258 75 333 114 
320 772
258 772
75 258
333 772
114 333
336 399 180 623 506 658 751 709 310 757 11 511 695 549 
336 399
180 336
623 399
506 623
658 336
751 658
709 658
310 506
757 506
11 709
511 757
695 757
549 709
235 645 707 266 196 788 36 465 527 579 403 20 468 369 583 738 706 783 281 245 380 140 651 322 142 443 609 350 45 697 270 718 598 522 303 311 746 204 458 282 393 273 476 356 402 530 575 665 257 490 213 398 198 
235 645
707 235
266 707
196 235
788 235
36 235
465 266
527 645
579 788
403 465
20 579
468 36
369 403
583 468
738 468
706 468
783 738
281 465
245 468
380 738
140 20
651 579
322 651
142 468
443 468
609 245
350 142
45 468
697 527
270 245
718 322
598 350
522 706
303 270
311 697
746 281
204 443
458 204
282 746
393 718
273 311
476 273
356 245
402 746
530 598
575 282
665 746
257 402
490 458
213 522
398 746
198 356
516 594 
516 594
364 791 73 67 395 732 485 247 195 742 86 179 312 93 727 224 358 219 666 547 309 6 482 259 634 262 276 41 790 421 437 16 729 552 164 719 277 323 252 55 540 699 639 
364 791
73 364
67 791
395 791
732 791
485 791
247 67
195 732
742 73
86 67
179 195
312 86
93 73
727 93
224 364
358 247
219 93
666 247
547 742
309 224
6 666
482 309
259 358
634 247
262 634
276 742
41 93
790 219
421 41
437 224
16 666
729 666
552 421
164 552
719 6
277 742
323 262
252 552
55 482
540 358
699 552
639 252
315 457 502 565 175 313 193 318 119 50 78 418 430 415 161 101 91 611 661 619 236 187 220 515 349 268 406 536 144 177 344 753 496 126 299 200 715 680 88 278 52 383 638 366 130 733 494 184 150 102 704 469 560 33 533 489 589 624 686 539 191 467 731 338 272 325 436 106 285 293 462 241 
315 457
502 457
565 457
175 457
313 175
193 565
318 313
119 318
50 193
78 457
418 193
430 78
415 193
161 415
101 50
91 430
611 502
661 318
619 91
236 318
187 193
220 101
515 175
349 161
268 220
406 161
536 91
144 502
177 430
344 430
753 661
496 144
126 349
299 753
200 753
715 349
680 220
88 126
278 430
52 496
383 200
638 126
366 318
130 753
733 236
494 638
184 88
150 496
102 680
704 733
469 344
560 494
33 560
533 469
489 278
589 469
624 220
686 150
539 489
191 680
467 130
731 496
338 733
272 191
325 489
436 733
106 349
285 200
293 539
462 52
241 731
5 571 30 305 567 
5 571
30 571
305 30
567 305
724 766 541 777 621 372 405 113 548 610 60 449 118 19 576 775 65 654 561 80 454 202 341 375 159 48 721 551 267 466 474 77 607 32 345 419 290 53 408 448 17 169 564 752 173 149 453 10 292 786 205 429 23 730 771 317 591 238 370 34 136 226 
724 766
541 766
777 724
621 724
372 777
405 724
113 777
548 766
610 766
60 621
449 777
118 777
19 548
576 113
775 621
65 777
654 118
561 777
80 118
454 60
202 372
341 19
375 454
159 724
48 654
721 775
551 375
267 777
466 721
474 341
77 267
607 375
32 341
345 721
419 607
290 341
53 375
408 32
448 77
17 775
169 721
564 775
752 607
173 48
149 32
453 173
10 564
292 19
786 721
205 752
429 290
23 564
730 290
771 32
317 32
591 17
238 730
370 10
34 238
136 205
226 10
407 528 
407 528
464 513 89 
464 513
513 89
332 754 546 413 97 668 689 260 24 553 439 339 26 586 214 239 120 141 606 741 416 764 82 677 347 792 116 450 237 573 435 87 368 244 373 1 129 622 377 577 747 767 253 42 782 793 684 359 171 674 
332 754
546 332
413 332
97 332
668 546
689 546
260 668
24 332
553 754
439 754
339 24
26 332
586 754
214 413
239 546
120 332
141 97
606 413
741 260
416 606
764 97
82 416
677 141
347 764
792 413
116 764
450 260
237 339
573 741
435 741
87 141
368 141
244 87
373 82
1 87
129 347
622 416
377 435
577 129
747 435
767 747
253 792
42 87
782 253
793 87
684 767
359 684
171 577
674 129
655 778 572 334 750 460 
655 778
572 655
334 778
750 778
460 572
445 581 111 472 376 228 
445 581
111 581
472 581
376 445
228 376
230 289 608 518 672 698 632 700 261 637 592 646 481 743 84 271 163 256 207 493 675 
230 289
608 289
518 608
672 289
698 230
632 518
700 632
261 632
637 698
592 637
646 637
481 646
743 646
84 637
271 261
163 518
256 271
207 163
493 207
675 271
18 441 696 744 203 602 234 81 296 761 428 280 
18 441
696 441
744 18
203 441
602 744
234 696
81 744
296 81
761 602
428 296
280 428
182 604 498 201 218 643 
182 604
498 182
201 182
218 498
643 604
165 291 510 662 434 354 599 54 508 145 128 500 612 286 424 456 534 745 
165 291
510 165
662 165
434 165
354 510
599 662
54 354
508 165
145 599
128 54
500 599
612 128
286 599
424 508
456 599
534 145
745 434
306 488 326 765 615 132 660 28 726 652 66 725 585 143 616 92 656 562 63 
306 488
326 488
765 326
615 488
132 615
660 132
28 306
726 28
652 488
66 726
725 615
585 66
143 66
616 660
92 28
656 28
562 143
63 132
394 593 537 154 327 542 391 229 770 501 779 728 
394 593
537 593
154 394
327 593
542 394
391 154
229 394
770 593
501 154
779 327
728 779
167 168 190 582 574 735 693 14 308 105 671 691 107 600 780 181 264 768 630 667 328 514 31 521 705 112 64 694 473 717 255 404 412 
167 168
190 168
582 168
574 167
735 190
693 190
14 168
308 693
105 582
671 693
691 308
107 168
600 735
780 574
181 780
264 735
768 574
630 600
667 691
328 168
514 574
31 768
521 308
705 574
112 308
64 780
694 630
473 780
717 64
255 308
404 112
412 717
35 170 39 360 568 215 785 298 653 425 4 642 103 776 798 789 570 520 471 379 353 787 797 38 455 463 578 70 799 461 557 760 0 531 410 321 3 287 626 459 647 426 734 269 99 331 710 397 486 452 
35 170
39 170
360 170
568 170
215 360
785 35
298 360
653 298
425 568
4 39
642 170
103 35
776 425
798 215
789 103
570 215
520 35
471 298
379 103
353 471
787 103
797 215
38 298
455 797
463 568
578 455
70 570
799 353
461 353
557 379
760 461
0 557
531 455
410 455
321 353
3 0
287 557
626 455
459 455
647 0
426 38
734 0
269 0
99 287
331 321
710 557
397 471
486 426
452 461
390 
174 283 625 158 61 185 314 284 194 199 478 499 152 56 682 
174 283
625 174
158 283
61 158
185 174
314 61
284 61
194 283
199 625
478 61
499 174
152 185
56 314
682 174
69 723 432 
69 723
69 432
25 297 663 275 98 477 620 497 337 71 711 
25 297
663 297
275 25
98 663
477 275
620 275
497 297
337 620
71 497
711 71
559 640 641 15 535 249 555 135 504 
559 640
641 559
15 559
535 640
249 641
555 535
135 559
504 641
361 628 59 183 217 595 211 636 294 414 382 487 209 127 90 357 7 352 155 
361 628
59 361
183 628
217 361
595 361
211 59
636 361
294 595
414 294
382 183
487 183
209 361
127 183
90 636
357 90
7 90
352 59
155 361
