? 3 131 507 109 
? 3 30 529 5 
!
549 709 694 212 381 58 784 137 
549 709
694 709
212 709
381 549
58 709
784 709
137 709
417 635 442 76 251 614 44 795 208 192 492 387 146 304 75 9 249 
417 635
442 635
76 635
251 417
614 251
44 76
795 251
208 614
192 251
492 417
387 208
146 492
304 208
75 795
9 492
249 795
658 
28 404 112 92 521 308 726 255 306 326 714 693 180 671 656 691 399 488 667 765 14 420 66 751 190 725 168 630 623 582 735 615 167 652 600 660 585 143 132 768 
28 404
112 404
92 28
521 404
308 521
726 92
255 308
306 521
326 306
714 92
693 308
180 714
671 693
656 92
691 671
399 714
488 306
667 691
765 326
14 691
420 399
66 488
751 66
190 693
725 667
168 190
630 667
623 420
582 190
735 190
615 488
167 168
652 751
600 630
660 615
585 66
143 66
132 660
768 167
364 791 73 395 732 67 179 485 247 93 195 742 86 312 727 358 224 219 259 666 421 547 309 6 790 729 634 41 262 482 276 719 323 552 437 277 164 85 102 16 134 55 540 
364 791
73 364
395 791
732 791
67 791
179 67
485 791
247 67
93 364
195 73
742 73
86 67
312 86
727 485
358 247
224 727
219 73
259 732
666 247
421 742
547 742
309 224
6 247
790 421
729 247
634 666
41 73
262 634
482 93
276 742
719 666
323 262
552 41
437 309
277 276
164 552
85 262
102 358
16 102
134 276
55 309
540 6
265 329 94 324 96 423 618 250 739 57 342 669 240 221 295 643 123 
265 329
94 265
324 265
96 329
423 96
618 265
250 329
739 250
57 250
342 96
669 57
240 739
221 739
295 423
643 342
123 96
72 254 650 374 673 681 157 176 367 512 670 524 601 702 603 148 773 47 22 644 505 605 503 580 
72 254
650 254
374 254
673 254
681 72
157 254
176 374
367 72
512 72
670 374
524 254
601 374
702 157
603 374
148 670
773 148
47 157
22 670
644 702
505 22
605 367
503 22
580 47
567 750 756 736 464 305 
567 750
756 750
736 750
464 567
305 464
181 574 514 264 390 56 
181 574
514 574
264 574
390 181
56 264
297 663 497 275 337 8 23 108 501 542 571 
297 663
497 297
275 297
337 275
8 497
23 275
108 8
501 497
542 501
571 501
394 593 154 71 327 391 770 229 711 537 779 
394 593
154 593
71 593
327 394
391 593
770 71
229 394
711 71
537 394
779 394
332 754 546 260 668 339 97 237 26 689 239 741 462 416 141 439 677 606 586 764 347 82 435 377 244 87 116 373 293 129 793 1 368 539 42 767 747 577 52 684 359 450 325 
332 754
546 332
260 546
668 260
339 754
97 668
237 332
26 339
689 260
239 546
741 260
462 754
416 462
141 239
439 141
677 141
606 339
586 689
764 141
347 764
82 416
435 741
377 435
244 141
87 141
116 347
373 82
293 606
129 347
793 87
1 677
368 87
539 293
42 793
767 435
747 767
577 129
52 237
684 767
359 684
450 359
325 539
37 569 545 95 355 274 554 223 648 147 676 225 562 440 627 422 63 616 594 2 
37 569
545 569
95 37
355 95
274 545
554 95
223 355
648 554
147 355
676 554
225 274
562 676
440 676
627 225
422 440
63 147
616 147
594 627
2 147
90 357 460 333 114 513 
90 357
460 90
333 357
114 333
513 357
602 744 18 441 81 317 203 205 696 296 136 234 705 31 
602 744
18 744
441 744
81 602
317 441
203 441
205 744
696 441
296 81
136 205
234 203
705 696
31 705
724 766 541 777 113 621 372 576 118 610 60 267 405 202 548 454 654 80 561 775 551 19 449 375 721 341 159 345 48 786 771 466 169 65 53 752 77 564 32 607 292 290 474 173 453 370 17 419 730 448 408 226 429 
724 766
541 724
777 541
113 777
621 777
372 113
576 766
118 541
610 766
60 766
267 372
405 724
202 766
548 372
454 766
654 777
80 654
561 541
775 621
551 454
19 610
449 541
375 454
721 775
341 19
159 721
345 454
48 654
786 721
771 341
466 721
169 721
65 80
53 375
752 375
77 267
564 775
32 341
607 375
292 32
290 341
474 341
173 654
453 173
370 173
17 564
419 454
730 290
448 77
408 32
226 564
429 290
149 286 
149 286
246 351 21 433 117 659 664 206 517 74 83 307 781 509 166 385 302 392 759 125 133 543 701 301 411 330 188 13 51 597 631 79 722 335 263 470 506 556 550 483 336 310 703 
246 351
21 246
433 351
117 246
659 21
664 246
206 117
517 664
74 433
83 21
307 74
781 307
509 433
166 659
385 433
302 659
392 307
759 659
125 433
133 117
543 392
701 664
301 166
411 83
330 83
188 517
13 301
51 74
597 302
631 659
79 51
722 392
335 51
263 597
470 517
506 330
556 302
550 307
483 302
336 51
310 302
703 263
235 645 707 36 196 266 788 465 403 20 527 579 468 245 369 281 783 651 322 706 738 350 142 380 697 583 270 718 609 393 522 398 45 443 303 746 140 476 458 311 575 720 273 356 598 257 665 490 282 120 24 402 198 386 300 782 526 253 213 530 204 573 544 316 792 40 413 12 396 479 214 553 
235 645
707 235
36 235
196 235
266 707
788 645
465 266
403 465
20 465
527 465
579 20
468 196
245 468
369 403
281 369
783 245
651 579
322 651
706 783
738 468
350 783
142 468
380 783
697 706
583 142
270 245
718 20
609 245
393 718
522 706
398 281
45 522
443 245
303 270
746 281
140 393
476 522
458 609
311 746
575 746
720 746
273 476
356 783
598 458
257 746
665 746
490 706
282 273
120 273
24 522
402 746
198 458
386 718
300 665
782 490
526 393
253 782
213 253
530 522
204 198
573 273
544 746
316 303
792 490
40 386
413 476
12 490
396 198
479 544
214 273
553 24
115 495 152 446 194 
115 495
152 495
446 495
194 115
315 457 565 175 502 193 78 119 418 101 611 318 50 430 415 515 313 161 619 268 91 344 661 349 187 406 220 236 680 144 177 715 536 126 753 496 88 299 200 638 436 184 686 130 33 278 589 383 494 704 733 272 285 150 533 366 489 560 622 469 191 624 
315 457
565 315
175 457
502 457
193 565
78 315
119 175
418 193
101 457
611 502
318 119
50 193
430 315
415 193
515 318
313 318
161 415
619 101
268 101
91 430
344 430
661 318
349 161
187 161
406 161
220 619
236 318
680 220
144 611
177 430
715 349
536 680
126 715
753 611
496 144
88 126
299 753
200 753
638 126
436 313
184 220
686 753
130 753
33 126
278 91
589 536
383 753
494 638
704 236
733 704
272 680
285 496
150 496
533 589
366 733
489 430
560 494
622 496
469 589
191 272
624 184
11 682 
11 682
30 529 5 
30 5
30 529
35 170 39 360 568 298 653 215 642 425 789 785 103 520 776 4 570 798 353 787 797 471 379 338 70 799 463 38 760 461 0 426 106 557 3 331 287 378 734 269 511 486 452 757 321 587 678 710 122 740 
35 170
39 170
360 170
568 170
298 39
653 568
215 568
642 35
425 568
789 35
785 35
103 35
520 789
776 39
4 568
570 215
798 4
353 298
787 103
797 776
471 353
379 103
338 797
70 568
799 353
463 653
38 799
760 653
461 471
0 520
426 38
106 0
557 379
3 106
331 426
287 557
378 106
734 0
269 0
511 461
486 426
452 511
757 511
321 486
587 426
678 587
710 0
122 710
740 511
280 428 717 447 412 432 
280 428
717 428
447 428
412 717
432 280
99 172 695 397 516 110 
99 172
695 99
397 695
516 695
110 397
165 291 434 662 354 599 54 510 145 128 508 612 534 745 500 424 456 690 407 69 723 
165 291
434 165
662 165
354 165
599 662
54 354
510 354
145 662
128 354
508 599
612 128
534 145
745 508
500 508
424 508
456 599
690 54
407 745
69 128
723 354
182 498 475 201 218 139 604 692 772 320 127 7 
182 498
475 498
201 498
218 498
139 201
604 139
692 139
772 692
320 772
127 320
7 127
124 523 231 728 687 362 
124 523
231 523
728 523
687 523
362 687
197 243 29 737 138 343 685 27 384 657 699 252 639 796 596 731 647 241 
197 243
29 197
737 243
138 197
343 29
685 737
27 343
384 27
657 27
699 657
252 699
639 699
796 657
596 657
731 384
647 596
241 731
233 451 288 716 558 712 762 504 649 438 186 258 363 748 613 189 222 160 525 
233 451
288 233
716 451
558 451
712 558
762 712
504 716
649 233
438 233
186 451
258 288
363 712
748 649
613 716
189 258
222 189
160 762
525 649
61 314 158 283 473 185 105 174 625 284 478 780 
61 314
158 61
283 158
473 314
185 61
105 61
174 283
625 174
284 625
478 158
780 473
271 581 675 261 163 672 445 518 256 700 207 632 111 608 493 289 472 10 698 230 376 481 646 637 84 743 592 591 228 620 25 477 98 
271 581
675 581
261 271
163 271
672 163
445 675
518 261
256 581
700 261
207 445
632 261
111 672
608 518
493 518
289 608
472 672
10 445
698 672
230 289
376 445
481 445
646 481
637 646
84 646
743 646
592 637
591 637
228 84
620 592
25 228
477 84
98 25
49 248 633 242 409 104 319 566 708 444 340 100 156 365 617 538 532 749 713 683 46 688 758 388 763 467 348 679 584 774 794 629 519 62 64 178 626 431 459 279 480 410 455 346 328 531 216 171 107 578 
49 248
633 49
242 248
409 49
104 248
319 248
566 242
708 409
444 319
340 248
100 319
156 566
365 409
617 100
538 566
532 538
749 242
713 708
683 242
46 365
688 708
758 319
388 319
763 46
467 538
348 688
679 348
584 617
774 388
794 679
629 584
519 679
62 763
64 679
178 46
626 388
431 763
459 388
279 178
480 178
410 319
455 388
346 62
328 679
531 455
216 348
171 178
107 216
578 455
588 
162 232 15 210 68 89 655 636 135 674 572 528 334 352 389 
162 232
15 232
210 162
68 162
89 162
655 15
636 655
135 89
674 68
572 655
528 674
334 655
352 135
389 572
131 507 109 
507 109
131 109
563 590 769 238 34 499 227 484 401 199 400 
563 590
769 563
238 590
34 590
499 590
227 769
484 499
401 227
199 769
400 401
153 427 761 43 371 121 491 755 151 
153 427
761 427
43 153
371 153
121 761
491 761
755 43
151 761
294 595 414 640 183 628 487 217 211 559 361 555 641 59 535 155 778 382 209 
294 595
414 294
640 294
183 595
628 183
487 595
217 595
211 595
559 640
361 628
555 294
641 559
59 628
535 414
155 183
778 414
382 183
209 59
