? 3 470 623 79 
? 3 309 482 164 
!
53 607 375 752 744 18 441 602 
53 607
375 53
752 53
744 607
18 744
441 18
602 744
28 404 112 180 92 336 335 107 693 51 399 714 420 188 216 328 168 
28 404
112 404
180 28
92 180
336 92
335 92
107 112
693 112
51 335
399 336
714 399
420 714
188 51
216 107
328 216
168 693
55 
253 782 213 12 490 325 792 489 293 530 204 396 539 198 413 24 606 237 339 553 356 26 120 462 214 573 332 416 754 622 82 731 150 373 241 347 764 116 577 398 
253 782
213 253
12 782
490 12
325 782
792 253
489 325
293 325
530 792
204 12
396 204
539 293
198 204
413 530
24 413
606 792
237 606
339 606
553 413
356 198
26 339
120 24
462 237
214 120
573 120
332 214
416 462
754 332
622 416
82 622
731 622
150 731
373 731
241 373
347 82
764 347
116 764
577 347
398 573
122 647 378 269 3 0 734 710 106 99 596 557 287 379 560 172 657 520 796 103 134 789 787 776 785 35 639 170 41 4 425 642 252 568 39 699 797 338 360 552 215 298 653 
122 647
378 122
269 647
3 378
0 3
734 0
710 647
106 3
99 710
596 710
557 734
287 557
379 557
560 269
172 99
657 596
520 379
796 657
103 379
134 796
789 520
787 103
776 789
785 776
35 785
639 796
170 35
41 639
4 170
425 4
642 35
252 639
568 4
39 170
699 252
797 425
338 797
360 39
552 252
215 568
298 360
653 360
139 604 250 201 146 739 240 475 498 182 423 57 669 221 492 218 329 
139 604
250 604
201 250
146 250
739 146
240 146
475 240
498 475
182 498
423 139
57 475
669 57
221 423
492 423
218 57
329 221
135 487 183 155 382 209 628 352 258 595 59 211 127 361 217 414 189 89 748 555 772 636 222 75 
135 487
183 135
155 135
382 487
209 183
628 209
352 155
258 382
595 209
59 628
211 628
127 352
361 211
217 211
414 217
189 258
89 258
748 189
555 414
772 748
636 217
222 748
75 89
431 763 480 528 432 280 
431 763
480 431
528 480
432 528
280 432
65 80 48 453 77 202 
65 80
48 65
453 48
77 48
202 77
114 333 90 357 362 7 778 572 655 124 320 
114 333
90 114
357 90
362 333
7 357
778 7
572 778
655 778
124 362
320 333
348 679 794 519 688 64 713 412 717 167 447 
348 679
794 348
519 679
688 348
64 519
713 688
412 64
717 412
167 519
447 412
315 457 78 565 502 175 101 193 119 50 515 318 418 313 415 430 611 161 661 187 236 406 349 299 715 144 496 126 383 753 686 88 200 638 366 130 33 52 436 494 733 704 285 
315 457
78 315
565 457
502 457
175 565
101 565
193 565
119 175
50 101
515 119
318 119
418 193
313 119
415 193
430 78
611 502
161 415
661 502
187 418
236 313
406 236
349 187
299 661
715 349
144 299
496 144
126 715
383 299
753 383
686 496
88 126
200 383
638 88
366 236
130 200
33 126
52 686
436 366
494 638
733 366
704 733
285 52
444 617 758 319 248 49 340 100 633 242 774 388 409 683 104 566 584 708 749 629 
444 617
758 444
319 617
248 444
49 248
340 248
100 319
633 49
242 340
774 758
388 100
409 633
683 242
104 409
566 683
584 774
708 409
749 104
629 584
34 238 590 563 769 448 
34 238
590 238
563 590
769 563
448 34
567 750 464 229 756 460 728 305 513 523 394 687 30 231 
567 750
464 567
229 567
756 750
460 464
728 229
305 229
513 460
523 728
394 305
687 464
30 756
231 687
162 210 359 232 684 450 767 68 1 368 249 15 304 377 435 723 747 69 612 208 677 192 260 559 793 614 141 641 128 741 87 668 387 640 544 439 239 402 251 97 244 504 795 354 546 257 510 479 586 54 689 294 535 
162 210
359 210
232 162
684 359
450 684
767 450
68 359
1 68
368 1
249 232
15 249
304 767
377 767
435 377
723 68
747 377
69 68
612 69
208 304
677 368
192 249
260 435
559 15
793 677
614 208
141 677
641 249
128 612
741 260
87 793
668 260
387 208
640 559
544 387
439 141
239 439
402 544
251 192
97 439
244 87
504 192
795 504
354 128
546 668
257 402
510 354
479 614
586 239
54 510
689 546
294 640
535 640
428 514 
428 514
235 645 707 36 196 266 788 527 465 403 579 20 468 783 281 738 651 350 245 142 369 706 322 697 140 45 718 583 270 609 522 303 380 746 443 311 393 282 598 575 458 273 476 
235 645
707 235
36 235
196 36
266 707
788 266
527 266
465 266
403 465
579 788
20 579
468 36
783 468
281 403
738 783
651 20
350 738
245 738
142 783
369 281
706 142
322 651
697 706
140 651
45 706
718 651
583 45
270 245
609 350
522 706
303 270
380 609
746 369
443 380
311 697
393 718
282 311
598 583
575 746
458 609
273 282
476 273
254 524 601 673 72 603 374 650 176 681 512 702 367 605 301 157 670 550 22 148 503 505 644 588 773 13 781 627 47 422 440 310 722 166 580 516 133 483 225 543 701 307 545 385 274 676 594 392 206 125 554 433 143 21 759 351 648 302 117 246 585 66 659 658 509 751 74 569 597 37 652 562 
254 524
601 524
673 254
72 524
603 72
374 673
650 673
176 650
681 72
512 603
702 681
367 512
605 367
301 702
157 702
670 512
550 157
22 670
148 670
503 22
505 503
644 157
588 505
773 148
13 301
781 702
627 588
47 644
422 47
440 47
310 13
722 422
166 13
580 422
516 310
133 781
483 310
225 773
543 722
701 133
307 543
545 773
385 701
274 545
676 440
594 627
392 543
206 701
125 206
554 676
433 125
143 580
21 385
759 21
351 206
648 554
302 483
117 351
246 117
585 580
66 585
659 759
658 585
509 351
751 66
74 392
569 274
597 302
37 569
652 143
562 648
227 401 484 495 203 
227 401
484 227
495 484
203 484
666 729 6 719 358 247 634 16 259 85 262 102 67 540 29 485 86 323 732 395 312 791 533 195 343 197 27 364 191 138 624 536 243 179 73 742 589 737 272 680 184 469 619 220 344 547 727 93 384 276 316 277 278 219 91 268 685 790 421 177 224 437 
666 729
6 666
719 666
358 6
247 729
634 719
16 719
259 358
85 634
262 634
102 259
67 247
540 16
29 16
485 67
86 67
323 262
732 485
395 485
312 86
791 732
533 540
195 791
343 540
197 29
27 540
364 195
191 259
138 197
624 191
536 533
243 138
179 195
73 364
742 73
589 27
737 243
272 624
680 624
184 272
469 589
619 536
220 680
344 589
547 742
727 179
93 727
384 469
276 272
316 737
277 276
278 344
219 93
91 344
268 220
685 316
790 219
421 547
177 278
224 93
437 790
410 459 
410 459
309 482 164 
309 164
482 164
84 646 592 637 743 591 481 698 226 376 493 337 207 230 228 477 111 10 25 289 256 620 445 23 608 275 564 98 370 672 518 472 163 663 675 297 17 700 581 271 261 632 775 497 711 71 621 449 173 654 
84 646
592 84
637 84
743 646
591 592
481 591
698 637
226 481
376 226
493 698
337 591
207 493
230 698
228 337
477 337
111 493
10 376
25 477
289 230
256 207
620 228
445 111
23 620
608 289
275 477
564 23
98 25
370 10
672 608
518 608
472 445
163 256
663 98
675 163
297 663
17 23
700 518
581 675
271 581
261 700
632 700
775 564
497 663
711 275
71 711
621 775
449 621
173 370
654 621
532 538 467 156 365 46 
532 538
467 538
156 538
365 156
46 365
171 346 279 110 178 62 
171 346
279 346
110 279
178 279
62 171
263 703 411 556 740 631 452 695 397 330 757 83 511 760 486 799 506 321 461 664 331 
263 703
411 703
556 263
740 411
631 740
452 740
695 452
397 452
330 631
757 695
83 330
511 757
760 397
486 330
799 760
506 486
321 486
461 799
664 83
331 321
391 501 770 154 542 593 5 537 327 736 779 108 
391 501
770 501
154 391
542 154
593 391
5 154
537 593
327 537
736 537
779 736
108 779
371 427 153 755 81 296 
371 427
153 371
755 153
81 427
296 81
165 500 434 291 662 599 145 508 424 745 534 286 456 407 690 334 389 43 
165 500
434 500
291 165
662 500
599 662
145 662
508 599
424 508
745 424
534 145
286 508
456 286
407 424
690 407
334 534
389 334
43 389
288 451 233 438 613 363 716 558 762 186 712 649 643 525 9 342 160 295 96 
288 451
233 288
438 451
613 438
363 233
716 613
558 438
762 558
186 716
712 762
649 363
643 186
525 649
9 762
342 643
160 9
295 160
96 342
724 766 541 777 113 561 372 610 548 576 118 267 
724 766
541 724
777 541
113 777
561 777
372 113
610 766
548 372
576 113
118 561
267 576
132 660 616 109 615 507 212 63 765 488 2 709 549 725 326 147 306 381 137 667 355 131 784 223 446 691 521 95 671 726 255 308 656 
132 660
616 660
109 616
615 132
507 660
212 507
63 109
765 615
488 615
2 63
709 212
549 212
725 765
326 488
147 63
306 326
381 549
137 381
667 765
355 147
131 2
784 137
223 355
446 784
691 667
521 691
95 223
671 691
726 306
255 521
308 671
656 726
61 390 314 158 283 478 185 56 625 174 284 473 181 105 194 429 771 682 780 115 290 199 149 694 292 408 264 32 152 11 768 600 474 341 234 31 574 317 735 582 499 630 730 696 705 19 58 400 190 14 
61 390
314 390
158 61
283 158
478 158
185 158
56 185
625 283
174 625
284 625
473 314
181 473
105 478
194 56
429 284
771 429
682 56
780 181
115 682
290 429
199 174
149 771
694 194
292 149
408 149
264 181
32 149
152 115
11 694
768 780
600 105
474 408
341 292
234 473
31 234
574 768
317 474
735 264
582 264
499 199
630 600
730 290
696 234
705 31
19 341
58 11
400 152
190 735
14 630
8 
353 471 38 798 70 570 426 463 587 578 678 455 626 517 531 
353 471
38 353
798 38
70 38
570 798
426 70
463 70
587 426
578 463
678 587
455 578
626 578
517 587
531 455
470 623 79 
470 623
623 79
442 635 417 300 526 720 76 123 665 40 386 
442 635
417 442
300 635
526 442
720 300
76 526
123 417
665 720
40 76
386 40
94 265 618 324 44 692 42 129 674 
94 265
618 265
324 618
44 618
692 94
42 94
129 42
674 42
721 786 466 159 345 169 571 121 454 60 529 136 151 419 205 551 405 491 761 
721 786
466 721
159 466
345 159
169 159
571 169
121 169
454 345
60 721
529 571
136 121
151 121
419 454
205 136
551 454
405 60
491 121
761 151
