? 6 40 779 738 440 65 435 
? 5 173 277 799 708 316 
? 5 256 355 757 269 257 
? 5 88 675 291 213 340 
!
25 258 476 711 399 685 107 726 13 67 142 619 161 606 477 533 770 267 
25 258
476 258
711 258
399 476
685 476
107 711
726 107
13 726
67 13
142 107
619 142
161 619
606 161
477 67
533 477
770 477
267 770
77 480 376 731 428 591 485 482 34 432 579 561 377 281 347 48 613 705 58 744 387 
77 480
376 77
731 480
428 77
591 480
485 731
482 591
34 485
432 485
579 482
561 731
377 561
281 377
347 482
48 482
613 48
705 561
58 377
744 705
387 34
507 781 492 163 569 282 325 71 414 254 576 467 290 401 429 709 219 752 
507 781
492 781
163 781
569 163
282 569
325 282
71 325
414 569
254 414
576 71
467 254
290 254
401 290
429 401
709 429
219 414
752 429
88 675 291 213 340 
213 340
88 675
88 291
675 213
397 652 697 721 212 11 141 456 755 630 715 604 239 495 430 593 451 398 231 439 244 671 104 679 791 617 706 349 665 160 634 575 171 530 249 678 611 537 338 372 81 797 603 54 539 450 503 434 546 474 194 315 167 531 594 155 117 587 733 381 502 284 727 193 374 452 55 373 
397 652
697 652
721 652
212 697
11 652
141 697
456 212
755 456
630 721
715 212
604 11
239 456
495 715
430 239
593 630
451 604
398 141
231 430
439 456
244 430
671 593
104 398
679 456
791 671
617 430
706 231
349 604
665 104
160 451
634 349
575 231
171 349
530 171
249 791
678 160
611 575
537 575
338 249
372 244
81 679
797 372
603 678
54 81
539 537
450 539
503 249
434 450
546 537
474 603
194 539
315 249
167 537
531 546
594 81
155 315
117 474
587 539
733 117
381 594
502 194
284 594
727 155
193 284
374 531
452 594
55 502
373 55
40 779 738 440 65 435 
40 779
779 738
440 65
40 65
738 435
481 623 354 264 405 453 191 522 68 776 278 
481 623
354 623
264 623
405 481
453 354
191 481
522 354
68 453
776 264
278 191
259 759 735 114 62 260 223 471 745 614 514 699 629 181 50 
259 759
735 259
114 259
62 259
260 114
223 260
471 62
745 223
614 223
514 471
699 745
629 614
181 614
50 614
469 512 516 270 32 2 3 353 562 131 712 447 798 348 554 361 656 767 658 97 472 14 168 691 784 312 723 600 12 102 535 517 78 304 465 383 140 60 17 42 105 251 176 580 366 404 720 686 555 724 632 680 146 261 341 296 210 741 64 689 72 681 370 520 151 86 44 647 746 318 279 307 610 215 547 740 108 154 540 294 
469 512
516 512
270 516
32 270
2 512
3 516
353 270
562 32
131 516
712 270
447 2
798 131
348 2
554 348
361 353
656 447
767 562
658 32
97 562
472 131
14 472
168 767
691 658
784 554
312 361
723 312
600 656
12 472
102 656
535 600
517 691
78 784
304 168
465 691
383 12
140 691
60 140
17 312
42 78
105 17
251 60
176 535
580 102
366 60
404 12
720 168
686 366
555 304
724 304
632 176
680 632
146 366
261 680
341 555
296 105
210 680
741 680
64 42
689 555
72 42
681 632
370 681
520 296
151 146
86 681
44 72
647 404
746 60
318 647
279 746
307 689
610 307
215 632
547 724
740 215
108 215
154 740
540 146
294 318
164 659 103 295 421 289 583 112 598 
164 659
103 659
295 659
421 659
289 103
583 289
112 421
598 295
256 355 757 269 257 
256 257
355 757
256 355
256 269
566 601 483 375 240 326 195 527 536 667 5 110 728 390 653 236 644 205 10 796 118 384 209 379 328 433 649 196 363 751 789 499 391 529 635 36 274 470 280 35 49 
566 601
483 566
375 566
240 483
326 483
195 566
527 326
536 326
667 195
5 375
110 326
728 110
390 527
653 240
236 653
644 667
205 110
10 644
796 390
118 236
384 653
209 796
379 118
328 205
433 205
649 796
196 649
363 649
751 433
789 433
499 328
391 499
529 391
635 649
36 433
274 499
470 644
280 36
35 363
49 280
772 
525 676 
525 676
417 703 771 145 774 732 300 577 346 309 418 407 513 371 266 80 288 666 216 625 
417 703
771 417
145 771
774 417
732 774
300 774
577 732
346 300
309 771
418 577
407 732
513 407
371 418
266 513
80 371
288 80
666 288
216 266
625 666
43 132 620 782 203 637 332 253 334 226 184 133 694 82 764 690 63 501 581 558 436 119 416 159 177 56 152 572 494 458 47 61 101 21 7 135 389 468 26 730 628 412 719 98 336 497 673 74 595 18 585 200 714 262 243 382 669 411 643 115 137 242 24 717 521 92 297 500 204 394 707 76 28 182 498 571 183 188 57 139 53 345 136 313 129 420 16 149 473 227 95 786 624 754 228 23 320 337 235 773 75 660 753 597 331 211 157 6 311 201 695 38 70 582 233 358 441 52 701 1 301 293 
43 132
620 43
782 43
203 43
637 132
332 620
253 332
334 782
226 43
184 253
133 334
694 332
82 184
764 133
690 203
63 764
501 764
581 82
558 694
436 501
119 694
416 226
159 253
177 184
56 253
152 63
572 177
494 436
458 416
47 119
61 572
101 61
21 764
7 21
135 61
389 572
468 101
26 135
730 436
628 21
412 690
719 458
98 494
336 21
497 336
673 26
74 21
595 572
18 497
585 494
200 628
714 412
262 412
243 135
382 595
669 243
411 18
643 585
115 98
137 643
242 585
24 336
717 24
521 717
92 572
297 382
500 719
204 21
394 18
707 521
76 714
28 262
182 673
498 521
571 76
183 24
188 74
57 18
139 336
53 500
345 53
136 243
313 394
129 394
420 498
16 188
149 182
473 262
227 53
95 92
786 129
624 76
754 95
228 183
23 28
320 129
337 420
235 23
773 227
75 754
660 228
753 95
597 95
331 643
211 754
157 331
6 337
311 188
201 75
695 75
38 345
70 23
582 149
233 149
358 149
441 624
52 311
701 23
1 358
301 597
293 301
395 431 438 491 59 224 271 448 425 638 532 214 725 400 89 319 426 
395 431
438 431
491 395
59 431
224 491
271 395
448 224
425 271
638 491
532 224
214 532
725 59
400 532
89 725
319 89
426 638
511 534 559 392 578 463 641 218 287 208 668 126 702 608 488 765 285 263 662 29 762 524 150 505 633 509 130 422 306 792 85 661 552 750 303 343 519 189 683 615 
511 534
559 534
392 559
578 511
463 534
641 534
218 641
287 511
208 511
668 578
126 218
702 218
608 668
488 608
765 668
285 668
263 559
662 218
29 263
762 668
524 762
150 263
505 608
633 641
509 762
130 762
422 150
306 130
792 509
85 422
661 509
552 85
750 524
303 792
343 130
519 792
189 633
683 662
615 189
406 553 419 113 310 147 790 111 636 187 567 747 504 99 570 234 584 794 364 162 573 272 356 202 90 713 368 198 589 357 246 490 564 459 87 305 180 466 175 283 220 324 651 698 93 621 663 120 252 556 333 321 515 359 229 768 268 427 734 736 743 378 116 
406 553
419 553
113 406
310 553
147 553
790 113
111 147
636 406
187 113
567 111
747 111
504 747
99 567
570 504
234 747
584 187
794 567
364 99
162 187
573 567
272 234
356 573
202 272
90 567
713 187
368 570
198 202
589 368
357 584
246 368
490 713
564 573
459 357
87 490
305 246
180 368
466 564
175 459
283 368
220 459
324 466
651 283
698 651
93 220
621 87
663 198
120 198
252 324
556 120
333 252
321 333
515 252
359 321
229 621
768 229
268 333
427 229
734 556
736 651
743 556
378 698
116 768
493 541 616 94 186 544 543 444 763 143 655 396 486 66 255 550 479 526 551 710 674 758 454 664 748 696 693 179 588 737 317 352 69 627 329 460 475 523 83 237 590 22 123 91 238 670 775 722 622 612 415 618 344 230 84 386 172 457 339 323 
493 541
616 541
94 541
186 94
544 493
543 493
444 616
763 543
143 186
655 186
396 616
486 186
66 444
255 763
550 66
479 94
526 655
551 655
710 396
674 616
758 551
454 479
664 674
748 710
696 444
693 454
179 696
588 710
737 179
317 710
352 454
69 479
627 758
329 627
460 329
475 329
523 69
83 69
237 748
590 710
22 237
123 22
91 627
238 237
670 523
775 475
722 237
622 627
612 454
415 317
618 237
344 237
230 696
84 22
386 775
172 22
457 415
339 237
323 457
124 413 682 777 518 778 335 174 609 761 508 626 369 314 192 704 308 549 592 0 642 327 30 716 170 596 109 402 292 542 484 455 232 462 31 756 700 640 568 769 8 442 760 322 
124 413
682 124
777 413
518 124
778 777
335 124
174 518
609 518
761 777
508 174
626 609
369 682
314 778
192 761
704 761
308 369
549 682
592 682
0 592
642 508
327 0
30 592
716 642
170 704
596 508
109 592
402 308
292 314
542 402
484 716
455 402
232 626
462 704
31 716
756 402
700 31
640 596
568 756
769 292
8 568
442 30
760 640
322 640
173 277 799 708 316 
173 799
173 277
277 708
277 316
138 351 15 125 449 557 785 788 33 692 365 489 445 437 607 222 96 538 225 241 9 487 217 793 
138 351
15 138
125 351
449 15
557 138
785 125
788 785
33 449
692 449
365 125
489 785
445 785
437 33
607 445
222 445
96 365
538 437
225 437
241 692
9 225
487 538
217 225
793 96
128 298 350 100 27 742 563 79 330 639 464 410 247 45 560 380 657 166 461 687 645 19 178 648 783 729 367 37 565 677 299 409 388 360 207 122 144 688 654 478 286 197 275 127 248 602 273 
128 298
350 128
100 128
27 350
742 100
563 100
79 563
330 79
639 742
464 563
410 464
247 639
45 79
560 27
380 560
657 639
166 464
461 247
687 560
645 45
19 657
178 166
648 45
783 687
729 178
367 19
37 19
565 247
677 783
299 565
409 299
388 783
360 367
207 360
122 299
144 122
688 388
654 648
478 654
286 388
197 409
275 144
127 286
248 207
602 197
273 478
221 496 739 408 185 342 190 787 106 506 646 302 599 121 684 20 586 199 548 
221 496
739 496
408 496
185 496
342 221
190 185
787 185
106 342
506 221
646 496
302 185
599 787
121 646
684 646
20 121
586 599
199 787
548 20
265 574 446 362 73 153 443 39 276 424 749 
265 574
446 574
362 265
73 446
153 73
443 153
39 153
276 153
424 443
749 265
158 403 46 245 631 528 650 51 385 672 766 148 41 169 605 795 250 718 134 4 156 545 780 510 423 165 206 393 
158 403
46 403
245 158
631 46
528 403
650 245
51 245
385 528
672 51
766 672
148 385
41 385
169 385
605 51
795 51
250 385
718 51
134 169
4 718
156 718
545 156
780 545
510 545
423 250
165 423
206 423
393 165
