? 6 454 479 693 255 94 612 
? 5 543 763 493 544 415 
? 5 40 779 738 291 284 
? 5 54 81 797 594 452 
!
391 499 529 274 789 750 752 429 306 343 661 254 467 414 4 282 219 780 
391 499
529 499
274 529
789 499
750 274
752 274
429 752
306 429
343 306
661 343
254 343
467 254
414 467
4 414
282 750
219 414
780 4
511 534 559 463 392 578 702 218 668 765 641 208 608 287 524 762 285 6 509 130 633 
511 534
559 534
463 511
392 559
578 511
702 559
218 702
668 578
765 668
641 218
208 668
608 668
287 668
524 765
762 765
285 765
6 208
509 762
130 762
633 218
142 279 619 699 514 471 161 280 36 606 49 62 260 259 735 751 759 328 
142 279
619 142
699 619
514 699
471 619
161 471
280 471
36 280
606 280
49 471
62 471
260 471
259 260
735 259
751 36
759 259
328 751
54 81 797 594 452 
594 452
54 81
81 594
54 797
469 512 516 32 270 2 447 353 3 712 131 798 562 348 658 554 656 472 97 767 600 784 361 691 168 14 723 12 535 312 102 383 517 465 78 304 720 140 105 60 42 370 176 404 17 580 251 555 366 724 686 632 210 296 680 146 520 64 741 151 681 72 261 86 689 746 341 318 
469 512
516 469
32 512
270 469
2 469
447 2
353 270
3 516
712 353
131 712
798 516
562 32
348 3
658 32
554 348
656 447
472 798
97 562
767 562
600 656
784 554
361 353
691 658
168 562
14 472
723 361
12 472
535 600
312 723
102 656
383 12
517 691
465 168
78 784
304 168
720 465
140 465
105 723
60 140
42 78
370 102
176 535
404 383
17 105
580 102
251 60
555 304
366 60
724 465
686 366
632 580
210 632
296 105
680 632
146 366
520 296
64 42
741 680
151 146
681 632
72 64
261 680
86 681
689 555
746 60
341 689
318 404
454 479 693 255 94 612 
479 94
454 255
255 94
454 612
454 693
256 355 319 257 269 757 525 193 435 676 381 
256 355
319 355
257 256
269 256
757 319
525 355
193 355
435 355
676 257
381 525
25 258 685 191 278 772 675 440 65 121 548 434 289 450 495 
25 258
685 25
191 258
278 191
772 278
675 772
440 772
65 440
121 25
548 121
434 675
289 548
450 434
495 450
406 553 419 113 147 310 111 790 747 504 187 567 99 570 234 364 373 584 356 794 531 202 573 272 713 546 162 90 55 246 368 198 589 459 502 490 180 220 87 357 466 564 194 283 305 120 651 698 324 175 621 93 663 252 706 167 359 556 537 587 333 539 321 268 734 768 427 611 575 229 316 579 515 743 736 566 715 644 5 483 
406 553
419 553
113 419
147 553
310 406
111 147
790 419
747 111
504 747
187 310
567 111
99 567
570 504
234 747
364 567
373 567
584 187
356 373
794 373
531 373
202 234
573 373
272 202
713 187
546 531
162 584
90 272
55 373
246 570
368 570
198 202
589 368
459 584
502 55
490 713
180 246
220 459
87 490
357 459
466 55
564 466
194 502
283 589
305 180
120 198
651 283
698 651
324 466
175 220
621 175
93 220
663 651
252 564
706 194
167 502
359 252
556 120
537 194
587 167
333 359
539 537
321 333
268 333
734 556
768 93
427 768
611 537
575 537
229 768
316 734
579 283
515 321
743 556
736 579
566 229
715 706
644 87
5 566
483 566
156 545 510 164 659 103 421 112 39 
156 545
510 545
164 510
659 164
103 659
421 659
112 421
39 421
40 779 738 291 284 
40 779
779 738
291 284
40 291
163 393 507 386 781 165 423 492 775 329 475 460 134 627 250 91 523 169 622 683 69 206 551 385 758 148 41 323 569 655 189 670 457 486 615 526 83 528 186 143 352 
163 393
507 393
386 163
781 507
165 386
423 163
492 781
775 386
329 775
475 775
460 329
134 165
627 460
250 423
91 329
523 775
169 134
622 627
683 250
69 523
206 423
551 460
385 169
758 551
148 385
41 385
323 206
569 323
655 551
189 569
670 69
457 569
486 655
615 569
526 758
83 69
528 385
186 486
143 486
352 83
276 
362 424 
362 424
124 413 682 335 30 549 369 508 314 308 327 642 592 0 716 292 109 31 442 769 
124 413
682 124
335 124
30 682
549 30
369 682
508 335
314 30
308 369
327 549
642 335
592 327
0 592
716 642
292 314
109 0
31 716
442 109
769 314
43 132 620 203 782 226 133 558 332 253 184 334 82 637 694 764 63 501 690 436 177 159 416 119 152 101 581 572 494 61 458 389 56 21 47 135 26 628 719 336 7 412 497 669 243 98 468 382 411 643 500 585 115 673 714 137 730 18 595 200 262 74 92 24 297 521 204 717 394 76 182 139 57 183 242 498 188 136 707 571 53 345 16 420 337 28 129 754 149 473 313 227 773 95 228 320 75 358 23 201 660 753 624 331 311 301 293 786 597 70 441 636 233 235 211 157 52 374 1 126 695 701 
43 132
620 43
203 132
782 620
226 132
133 132
558 43
332 620
253 332
184 253
334 133
82 226
637 132
694 253
764 334
63 764
501 764
690 203
436 334
177 184
159 184
416 637
119 694
152 63
101 177
581 82
572 177
494 436
61 572
458 416
389 572
56 184
21 63
47 119
135 61
26 135
628 21
719 416
336 21
7 21
412 690
497 21
669 101
243 669
98 494
468 61
382 572
411 497
643 494
500 719
585 494
115 98
673 26
714 412
137 714
730 411
18 730
595 382
200 21
262 412
74 497
92 572
24 336
297 92
521 152
204 18
717 24
394 411
76 714
182 673
139 24
57 18
183 717
242 494
498 521
188 200
136 243
707 183
571 76
53 500
345 53
16 200
420 498
337 420
28 262
129 394
754 92
149 182
473 28
313 129
227 53
773 227
95 92
228 24
320 129
75 754
358 182
23 473
201 75
660 228
753 75
624 76
331 643
311 188
301 136
293 301
786 320
597 95
70 23
441 624
636 331
233 358
235 23
211 753
157 331
52 311
374 636
1 358
126 75
695 201
701 235
395 431 491 438 425 271 448 59 638 532 224 725 400 88 89 426 214 
395 431
491 395
438 431
425 395
271 431
448 491
59 431
638 491
532 425
224 491
725 59
400 532
88 438
89 725
426 638
214 532
138 351 15 294 125 449 557 785 788 33 647 692 365 445 489 437 222 96 607 487 538 225 241 9 217 793 106 749 574 446 342 265 646 540 73 153 408 443 684 20 
138 351
15 138
294 15
125 351
449 294
557 351
785 557
788 785
33 449
647 294
692 33
365 125
445 785
489 445
437 785
222 445
96 365
607 445
487 33
538 487
225 487
241 692
9 225
217 225
793 96
106 241
749 793
574 607
446 574
342 106
265 574
646 9
540 342
73 446
153 73
408 106
443 446
684 646
20 684
117 733 474 576 155 338 603 618 315 249 722 339 727 344 230 678 791 503 160 593 237 238 671 451 748 179 172 664 630 22 84 123 674 737 696 171 11 349 604 71 590 530 325 634 710 721 616 38 588 396 444 582 665 317 398 66 104 141 550 652 697 541 397 
117 733
474 117
576 117
155 117
338 474
603 474
618 576
315 155
249 338
722 618
339 722
727 722
344 339
230 618
678 603
791 249
503 727
160 791
593 791
237 722
238 237
671 593
451 160
748 237
179 230
172 727
664 237
630 671
22 172
84 172
123 22
674 238
737 179
696 737
171 451
11 451
349 171
604 451
71 172
590 123
530 349
325 71
634 171
710 22
721 630
616 674
38 630
588 710
396 616
444 616
582 325
665 634
317 123
398 665
66 444
104 665
141 721
550 444
652 721
697 652
541 616
397 652
236 653 602 384 379 118 667 209 197 240 388 536 760 196 677 195 783 796 322 640 390 527 649 409 326 601 688 286 116 10 299 560 380 687 127 232 307 110 610 122 565 375 596 433 626 144 635 275 363 205 247 609 461 27 174 728 108 215 700 518 
236 653
602 236
384 602
379 236
118 379
667 236
209 653
197 118
240 667
388 209
536 240
760 118
196 209
677 388
195 667
783 677
796 536
322 197
640 197
390 796
527 390
649 196
409 197
326 527
601 240
688 196
286 649
116 195
10 760
299 409
560 783
380 783
687 560
127 196
232 10
307 127
110 326
610 687
122 299
565 299
375 326
596 232
433 110
626 596
144 122
635 127
275 144
363 796
205 110
247 122
609 626
461 247
27 380
174 609
728 110
108 27
215 108
700 10
518 174
128 298 154 44 740 350 100 742 563 410 79 330 464 639 45 166 657 19 645 178 648 367 729 360 37 207 654 273 478 248 462 107 170 704 625 761 666 777 192 547 288 711 35 778 
128 298
154 128
44 298
740 154
350 740
100 298
742 100
563 100
410 100
79 563
330 79
464 100
639 464
45 79
166 563
657 166
19 657
645 45
178 166
648 45
367 19
729 178
360 657
37 657
207 367
654 648
273 729
478 273
248 207
462 248
107 462
170 248
704 170
625 107
761 704
666 625
777 704
192 248
547 740
288 666
711 273
35 547
778 777
543 763 493 544 415 
543 493
543 763
763 544
493 415
158 403 46 631 245 552 85 422 650 51 766 672 29 303 795 488 263 150 519 605 792 505 718 662 
158 403
46 158
631 158
245 158
552 403
85 552
422 85
650 245
51 650
766 51
672 766
29 85
303 51
795 51
488 303
263 422
150 263
519 795
605 519
792 519
505 792
718 51
662 150
77 480 376 428 731 591 485 482 561 432 34 281 48 347 377 58 744 705 67 726 770 477 613 264 533 13 378 387 776 267 522 470 756 542 623 484 354 481 213 340 8 568 402 453 455 405 68 
77 480
376 77
428 77
731 77
591 77
485 731
482 591
561 731
432 485
34 485
281 561
48 482
347 482
377 281
58 281
744 561
705 744
67 744
726 48
770 34
477 770
613 726
264 770
533 264
13 67
378 347
387 770
776 264
267 387
522 477
470 378
756 726
542 613
623 264
484 542
354 623
481 623
213 776
340 776
8 756
568 8
402 756
453 354
455 568
405 354
68 453
417 703 145 771 774 732 300 577 346 309 418 407 513 266 371 80 216 476 399 
417 703
145 417
771 145
774 417
732 774
300 774
577 732
346 577
309 771
418 346
407 732
513 407
266 513
371 418
80 371
216 266
476 216
399 476
239 430 456 244 755 439 617 212 372 679 231 
239 430
456 239
244 430
755 456
439 456
617 456
212 456
372 244
679 617
231 244
277 586 629 173 799 50 599 199 614 181 190 302 185 787 708 223 739 583 295 496 598 221 709 745 114 506 290 401 
277 586
629 277
173 629
799 586
50 629
599 799
199 599
614 50
181 614
190 599
302 190
185 190
787 599
708 799
223 614
739 185
583 199
295 199
496 185
598 295
221 496
709 223
745 223
114 223
506 302
290 709
401 709
