? 6 446 574 265 443 362 793 
? 5 40 779 400 532 214 
? 5 65 440 278 191 271 
? 5 134 507 683 206 295 
!
259 759 735 62 606 429 49 471 750 306 130 401 6 343 290 254 467 509 
259 759
735 259
62 759
606 62
429 259
49 62
471 62
750 735
306 429
130 306
401 306
6 750
343 401
290 401
254 343
467 254
509 343
256 355 725 257 525 676 435 269 59 426 638 452 431 438 491 395 594 448 425 738 224 
256 355
725 355
257 725
525 355
676 355
435 725
269 676
59 725
426 269
638 426
452 525
431 59
438 431
491 431
395 431
594 452
448 491
425 395
738 491
224 738
417 703 771 774 300 732 346 309 418 407 577 513 371 266 80 216 625 666 
417 703
771 417
774 703
300 703
732 300
346 732
309 771
418 346
407 732
577 418
513 407
371 418
266 513
80 371
216 266
625 371
666 625
134 507 683 206 295 
134 507
683 206
134 683
683 295
406 553 419 310 113 331 157 147 111 636 790 320 187 374 504 570 747 794 99 567 234 373 364 584 531 786 162 573 272 202 129 90 394 55 357 198 368 546 490 356 220 589 459 713 502 305 246 624 180 87 564 466 283 194 120 175 313 621 651 698 441 324 252 93 663 706 556 16 
406 553
419 553
310 406
113 419
331 406
157 331
147 553
111 147
636 331
790 419
320 113
187 419
374 636
504 111
570 504
747 111
794 374
99 111
567 99
234 747
373 794
364 234
584 187
531 374
786 320
162 584
573 373
272 234
202 272
129 320
90 364
394 129
55 373
357 584
198 202
368 198
546 531
490 187
356 55
220 357
589 368
459 357
713 490
502 55
305 589
246 589
624 531
180 368
87 490
564 55
466 564
283 180
194 502
120 202
175 220
313 459
621 87
651 283
698 180
441 624
324 564
252 324
93 175
663 202
706 441
556 120
16 394
446 574 265 443 362 793 
574 265
446 574
265 362
443 362
574 793
156 545 780 510 414 4 219 164 708 661 598 
156 545
780 545
510 545
414 510
4 414
219 510
164 219
708 219
661 4
598 708
652 697 23 141 398 104 54 81 136 597 95 754 753 633 615 
652 697
23 652
141 697
398 141
104 398
54 104
81 54
136 23
597 136
95 597
754 597
753 95
633 754
615 633
43 132 620 203 332 782 637 133 253 334 184 558 694 82 764 63 501 226 690 436 581 56 177 101 416 159 152 119 572 47 389 494 7 61 458 21 628 26 412 468 585 135 719 74 497 336 669 243 98 297 714 382 595 18 730 411 673 115 204 200 137 262 500 24 92 521 717 498 57 643 242 139 76 182 183 188 420 571 53 337 
43 132
620 43
203 43
332 620
782 620
637 132
133 203
253 332
334 133
184 253
558 43
694 253
82 637
764 334
63 764
501 764
226 82
690 203
436 334
581 184
56 694
177 184
101 82
416 637
159 253
152 63
119 694
572 177
47 119
389 572
494 436
7 63
61 572
458 416
21 7
628 21
26 416
412 690
468 61
585 494
135 26
719 416
74 628
497 21
336 21
669 468
243 669
98 585
297 572
714 98
382 297
595 382
18 497
730 18
411 18
673 135
115 714
204 18
200 336
137 714
262 412
500 458
24 336
92 572
521 152
717 24
498 521
57 18
643 494
242 730
139 24
76 714
182 673
183 24
188 200
420 521
571 76
53 500
337 420
445 785 788 489 607 365 557 125 96 
445 785
788 785
489 785
607 445
365 607
557 788
125 785
96 365
65 440 278 191 271 
440 191
440 278
65 271
65 278
77 480 376 731 428 485 591 743 432 482 34 736 561 579 58 281 48 377 347 744 705 67 13 522 477 264 533 378 770 267 387 734 776 623 470 354 316 481 340 453 213 
77 480
376 480
731 376
428 376
485 731
591 376
743 428
432 485
482 591
34 485
736 482
561 432
579 736
58 482
281 731
48 482
377 58
347 482
744 561
705 744
67 705
13 67
522 743
477 522
264 477
533 264
378 347
770 477
267 264
387 267
734 522
776 734
623 264
470 378
354 623
316 776
481 623
340 734
453 354
213 316
749 
424 659 
424 659
79 330 45 645 563 648 166 100 410 742 464 178 729 639 654 19 478 657 273 461 
79 330
45 330
645 45
563 79
648 645
166 79
100 45
410 563
742 100
464 742
178 166
729 178
639 464
654 178
19 464
478 654
657 19
273 478
461 657
469 512 516 32 3 2 353 270 712 447 131 798 562 348 554 658 361 656 472 97 767 14 784 600 691 535 168 723 12 312 102 78 304 383 465 517 140 686 261 105 60 366 176 720 370 632 251 17 724 404 146 42 210 555 151 680 64 296 72 580 681 520 741 689 86 341 746 318 647 154 35 44 540 307 610 215 108 547 279 692 294 740 127 241 142 635 350 106 687 286 449 342 298 128 688 27 15 33 506 560 408 138 699 388 487 619 209 363 783 538 196 649 739 677 380 514 496 221 351 437 225 9 
469 512
516 512
32 512
3 469
2 469
353 516
270 353
712 353
447 469
131 270
798 131
562 447
348 3
554 348
658 32
361 712
656 447
472 131
97 562
767 562
14 472
784 554
600 656
691 658
535 600
168 767
723 361
12 472
312 723
102 447
78 784
304 168
383 12
465 168
517 465
140 465
686 140
261 102
105 383
60 686
366 686
176 535
720 304
370 176
632 176
251 60
17 723
724 465
404 12
146 312
42 78
210 632
555 724
151 146
680 632
64 42
296 105
72 64
580 632
681 632
520 296
741 632
689 555
86 176
341 724
746 251
318 404
647 318
154 680
35 724
44 64
540 146
307 689
610 307
215 632
108 215
547 724
279 746
692 296
294 318
740 215
127 307
241 151
142 279
635 127
350 740
106 241
687 610
286 127
449 692
342 106
298 154
128 298
688 127
27 350
15 294
33 449
506 342
560 687
408 342
138 15
699 142
388 307
487 106
619 699
209 286
363 635
783 687
538 106
196 286
649 196
739 506
677 783
380 560
514 699
496 739
221 496
351 138
437 33
225 437
9 225
20 548 289 121 646 684 39 276 421 217 153 73 199 222 112 103 583 
20 548
289 548
121 20
646 20
684 548
39 548
276 39
421 39
217 684
153 39
73 153
199 289
222 73
112 421
103 289
583 289
537 539 575 611 587 231 167 450 495 434 244 715 268 333 372 430 359 239 321 473 212 675 515 755 456 291 617 193 757 28 797 88 439 679 397 284 381 319 70 89 
537 539
575 537
611 537
587 539
231 575
167 587
450 611
495 231
434 450
244 495
715 575
268 587
333 268
372 244
430 244
359 333
239 430
321 333
473 715
212 715
675 321
515 321
755 239
456 239
291 434
617 430
193 372
757 291
28 473
797 239
88 675
439 617
679 617
397 212
284 193
381 284
319 757
70 397
89 319
117 733 576 474 338 155 603 315 339 722 678 727 344 249 230 503 618 791 160 664 237 593 1 671 238 451 233 358 22 172 84 630 696 179 773 748 674 737 634 123 590 604 11 349 171 227 149 710 530 71 38 721 325 396 616 444 345 317 701 665 582 588 235 
117 733
576 733
474 117
338 474
155 117
603 338
315 155
339 155
722 339
678 603
727 339
344 727
249 338
230 576
503 249
618 722
791 249
160 603
664 618
237 339
593 791
1 503
671 593
238 237
451 160
233 1
358 1
22 237
172 22
84 172
630 671
696 230
179 696
773 630
748 237
674 664
737 696
634 451
123 22
590 123
604 451
11 451
349 634
171 349
227 773
149 1
710 123
530 171
71 172
38 630
721 38
325 71
396 710
616 674
444 616
345 227
317 710
701 38
665 530
582 325
588 710
235 38
566 601 483 229 375 427 768 240 326 5 52 195 536 667 311 527 110 390 728 116 653 205 236 644 10 796 384 379 789 760 602 118 433 328 751 228 391 700 197 322 499 232 596 660 640 31 529 36 274 409 626 174 508 609 716 707 299 280 565 161 
566 601
483 566
229 601
375 483
427 229
768 229
240 483
326 375
5 375
52 375
195 768
536 240
667 195
311 52
527 326
110 326
390 536
728 110
116 667
653 240
205 110
236 653
644 116
10 644
796 536
384 236
379 653
789 205
760 379
602 653
118 760
433 205
328 205
751 328
228 728
391 328
700 644
197 118
322 197
499 391
232 10
596 232
660 228
640 197
31 700
529 499
36 328
274 499
409 197
626 596
174 626
508 174
609 626
716 31
707 660
299 409
280 36
565 299
161 280
124 413 682 518 777 778 335 761 549 308 30 369 314 592 642 704 327 170 0 192 542 402 455 248 109 275 484 292 144 8 122 756 207 462 769 360 568 145 442 37 726 613 107 288 
124 413
682 124
518 413
777 413
778 777
335 682
761 777
549 335
308 682
30 308
369 308
314 778
592 30
642 335
704 761
327 30
170 704
0 592
192 778
542 369
402 542
455 402
248 704
109 592
275 170
484 542
292 314
144 275
8 455
122 275
756 402
207 248
462 248
769 292
360 207
568 8
145 292
442 109
37 207
726 756
613 726
107 462
288 769
40 779 400 532 214 
40 779
40 400
40 532
532 214
511 534 559 392 463 578 695 641 702 218 126 668 201 75 208 765 524 211 287 762 662 505 608 285 
511 534
559 534
392 534
463 534
578 511
695 534
641 534
702 559
218 641
126 218
668 578
201 218
75 218
208 668
765 668
524 765
211 201
287 668
762 765
662 702
505 668
608 505
285 505
493 541 544 543 763 186 94 655 255 550 143 486 66 479 551 758 526 454 693 69 460 329 475 627 352 523 83 775 670 415 622 91 612 386 457 163 301 323 393 165 282 423 492 781 293 569 189 
493 541
544 541
543 493
763 543
186 493
94 186
655 186
255 543
550 763
143 186
486 655
66 255
479 143
551 655
758 551
526 758
454 479
693 454
69 479
460 758
329 460
475 69
627 551
352 693
523 69
83 352
775 475
670 83
415 627
622 758
91 758
612 454
386 460
457 627
163 386
301 415
323 457
393 163
165 393
282 457
423 163
492 393
781 492
293 301
569 457
189 457
50 614 629 173 277 181 223 586 745 114 302 799 260 599 190 752 709 185 787 
50 614
629 614
173 50
277 629
181 50
223 614
586 277
745 181
114 223
302 586
799 586
260 223
599 799
190 302
752 114
709 752
185 190
787 599
399 476 685 258 25 711 367 247 405 68 772 
399 476
685 399
258 476
25 258
711 258
367 711
247 367
405 367
68 405
772 68
158 403 46 552 631 528 650 245 85 422 41 51 672 385 795 169 303 150 29 263 148 766 250 605 718 792 488 519 
158 403
46 158
552 403
631 158
528 403
650 158
245 631
85 528
422 85
41 528
51 650
672 51
385 41
795 51
169 385
303 51
150 85
29 85
263 150
148 169
766 672
250 385
605 795
718 766
792 605
488 263
519 792
