? 6 164 659 219 112 753 95 
? 5 618 722 344 230 582 
? 5 354 481 522 772 405 
? 5 293 597 301 28 278 
!
395 431 491 59 438 271 448 425 224 532 638 214 89 400 725 426 440 435 
395 431
491 395
59 431
438 431
271 431
448 491
425 271
224 491
532 224
638 491
214 271
89 59
400 532
725 89
426 725
440 425
435 725
124 413 682 518 777 174 335 761 369 508 609 626 308 704 642 192 716 542 170 596 248 
124 413
682 124
518 124
777 413
174 518
335 124
761 777
369 335
508 174
609 174
626 609
308 369
704 761
642 335
192 761
716 642
542 335
170 704
596 626
248 704
25 258 476 711 399 685 216 478 273 666 654 625 107 462 178 648 645 207 
25 258
476 258
711 25
399 476
685 399
216 399
478 258
273 478
666 273
654 478
625 666
107 666
462 107
178 654
648 178
645 648
207 462
293 597 301 28 278 
293 597
597 301
301 28
28 278
566 601 483 229 375 768 240 427 326 93 5 52 175 195 220 667 311 527 162 536 621 459 110 357 313 728 390 653 16 87 205 116 236 384 10 644 584 796 379 786 490 129 760 433 713 118 363 209 649 602 789 328 187 751 196 228 320 322 391 640 286 499 700 232 197 113 388 529 
566 601
483 566
229 601
375 483
768 229
240 601
427 229
326 375
93 229
5 375
52 375
175 93
195 229
220 175
667 195
311 52
527 326
162 220
536 326
621 175
459 175
110 326
357 459
313 459
728 110
390 527
653 667
16 311
87 621
205 110
116 667
236 653
384 236
10 116
644 10
584 459
796 390
379 236
786 584
490 87
129 786
760 10
433 205
713 87
118 760
363 433
209 796
649 796
602 236
789 205
328 205
187 459
751 328
196 649
228 728
320 786
322 118
391 328
640 118
286 196
499 391
700 644
232 10
197 640
113 320
388 196
529 499
164 659 219 112 753 95 
164 659
164 219
659 112
753 95
219 753
173 629 223 709 708 467 401 752 290 598 103 
173 629
223 629
709 223
708 173
467 629
401 709
752 709
290 467
598 708
103 708
1 358 149 233 315 727 71 172 339 155 84 22 325 227 136 
1 358
149 358
233 358
315 1
727 315
71 149
172 71
339 727
155 727
84 172
22 172
325 71
227 233
136 149
43 132 620 203 782 332 133 253 637 334 184 558 694 226 82 764 63 501 436 690 177 581 416 159 101 152 119 56 494 572 61 7 458 21 135 47 585 336 98 730 719 595 628 26 412 714 673 389 382 497 468 74 243 115 18 242 200 521 204 262 643 92 500 24 498 717 669 139 707 411 137 76 297 182 394 188 571 57 345 183 
43 132
620 43
203 132
782 620
332 620
133 203
253 332
637 132
334 133
184 253
558 620
694 253
226 43
82 184
764 782
63 764
501 764
436 334
690 203
177 184
581 184
416 82
159 253
101 581
152 558
119 694
56 159
494 436
572 177
61 572
7 764
458 416
21 7
135 61
47 119
585 494
336 21
98 494
730 494
719 416
595 572
628 336
26 719
412 690
714 98
673 135
389 572
382 595
497 628
468 61
74 497
243 135
115 98
18 730
242 585
200 21
521 152
204 200
262 412
643 585
92 572
500 458
24 336
498 521
717 24
669 243
139 24
707 498
411 74
137 714
76 412
297 595
182 673
394 18
188 200
571 76
57 18
345 500
183 717
402 756 455 568 8 484 470 31 360 
402 756
455 756
568 455
8 455
484 402
470 484
31 470
360 31
354 481 522 772 405 
354 481
354 522
481 772
772 405
537 539 575 611 167 706 587 194 231 450 715 434 441 502 495 546 624 244 333 531 55 359 268 564 356 573 466 372 373 291 794 321 473 374 757 675 88 252 515 636 324 
537 539
575 537
611 539
167 539
706 575
587 539
194 537
231 706
450 539
715 231
434 450
441 706
502 194
495 715
546 502
624 441
244 575
333 587
531 546
55 502
359 333
268 333
564 55
356 55
573 55
466 564
372 244
373 55
291 434
794 55
321 333
473 715
374 546
757 291
675 321
88 675
252 321
515 321
636 374
324 675
779 
65 191 
65 191
492 781 507 163 775 386 670 69 627 83 622 91 323 189 569 457 415 282 612 633 
492 781
507 781
163 507
775 492
386 163
670 775
69 670
627 386
83 670
622 627
91 627
323 91
189 323
569 189
457 569
415 457
282 457
612 83
633 189
296 520 105 17 449 151 241 33 294 692 404 383 12 318 723 647 146 540 312 15 106 538 138 361 487 437 225 712 342 788 351 408 9 472 785 14 557 353 217 366 489 798 739 131 270 445 222 221 125 646 496 516 32 686 684 60 506 365 658 607 512 3 251 185 469 121 190 691 20 153 140 96 787 276 302 73 574 746 548 446 348 599 562 517 2 465 265 279 39 443 168 97 767 793 447 514 289 181 199 586 304 142 554 749 421 362 784 720 50 656 600 799 583 277 295 724 535 745 424 35 619 614 
296 520
105 296
17 520
449 520
151 17
241 151
33 449
294 449
692 33
404 105
383 404
12 404
318 294
723 105
647 318
146 151
540 151
312 723
15 294
106 241
538 106
138 15
361 312
487 241
437 487
225 487
712 12
342 106
788 437
351 138
408 342
9 225
472 12
785 788
14 472
557 785
353 712
217 9
366 146
489 785
798 353
739 408
131 472
270 353
445 785
222 489
221 739
125 351
646 225
496 221
516 712
32 353
686 366
684 646
60 686
506 496
365 445
658 32
607 445
512 32
3 516
251 60
185 496
469 512
121 684
190 185
691 658
20 121
153 646
140 60
96 365
787 190
276 121
302 190
73 153
574 153
746 251
548 20
446 574
348 3
599 787
562 691
517 691
2 3
465 691
265 446
279 746
39 153
443 574
168 517
97 562
767 168
793 96
447 2
514 279
289 548
181 302
199 787
586 599
304 168
142 279
554 2
749 793
421 39
362 265
784 554
720 304
50 181
656 447
600 304
799 586
583 289
277 586
295 583
724 465
535 656
745 514
424 39
35 746
619 142
614 50
319 355 256 676 257 525 269 381 193 284 452 594 738 213 40 453 68 
319 355
256 355
676 355
257 355
525 319
269 676
381 355
193 676
284 525
452 284
594 452
738 269
213 319
40 738
453 213
68 453
493 541 544 616 66 186 444 543 94 396 486 763 655 255 143 479 550 674 551 710 526 758 454 317 693 696 737 238 748 179 664 588 460 475 329 590 123 352 523 237 
493 541
544 493
616 541
66 493
186 544
444 616
543 66
94 541
396 541
486 186
763 66
655 486
255 66
143 486
479 94
550 66
674 616
551 655
710 674
526 710
758 551
454 479
317 710
693 479
696 550
737 696
238 674
748 710
179 696
664 616
588 317
460 758
475 460
329 460
590 748
123 590
352 693
523 475
237 238
158 403 46 631 245 528 552 650 41 85 148 303 51 422 385 766 672 795 169 488 29 263 150 519 718 792 250 605 683 287 285 505 608 662 661 134 4 509 559 392 156 668 702 463 615 780 545 206 578 208 218 762 534 641 511 423 414 165 765 343 510 393 254 
158 403
46 158
631 46
245 403
528 158
552 403
650 631
41 403
85 528
148 41
303 650
51 552
422 85
385 41
766 51
672 766
795 303
169 385
488 85
29 422
263 85
150 263
519 795
718 51
792 519
250 385
605 519
683 385
287 792
285 287
505 792
608 505
662 29
661 519
134 169
4 519
509 792
559 263
392 559
156 718
668 608
702 559
463 559
615 662
780 156
545 156
206 615
578 668
208 668
218 662
762 668
534 559
641 218
511 534
423 206
414 4
165 250
765 668
343 762
510 545
393 165
254 343
108 215 350 681 680 741 632 740 27 154 580 370 86 261 210 560 380 176 687 128 298 610 102 783 64 247 44 307 677 42 100 689 461 72 639 742 410 464 563 555 657 127 688 299 341 565 19 78 409 166 367 330 79 37 122 635 45 144 729 275 
108 215
350 215
681 215
680 681
741 680
632 681
740 350
27 108
154 350
580 680
370 681
86 741
261 680
210 680
560 86
380 560
176 681
687 560
128 154
298 128
610 687
102 680
783 687
64 298
247 380
44 64
307 610
677 783
42 64
100 128
689 307
461 247
72 64
639 461
742 100
410 100
464 100
563 410
555 689
657 639
127 307
688 307
299 247
341 127
565 299
19 657
78 42
409 299
166 464
367 19
330 563
79 330
37 19
122 299
635 127
45 330
144 299
729 19
275 144
77 480 376 731 591 428 485 743 482 432 579 34 561 736 347 48 663 281 377 744 58 120 705 613 556 477 67 264 726 13 283 651 770 533 387 180 198 589 734 378 368 623 776 267 
77 480
376 77
731 480
591 77
428 376
485 731
743 428
482 591
432 485
579 482
34 485
561 731
736 579
347 482
48 347
663 743
281 48
377 281
744 377
58 377
120 663
705 744
613 482
556 120
477 428
67 705
264 477
726 613
13 705
283 579
651 283
770 264
533 477
387 533
180 651
198 283
589 198
734 556
378 347
368 589
623 770
776 734
267 387
618 722 344 230 582 
618 722
618 344
722 230
344 582
406 553 419 331 157 310 147 790 111 567 747 570 504 99 234 364 272 202 90 246 305 698 316 340 
406 553
419 553
331 406
157 331
310 419
147 553
790 419
111 310
567 111
747 111
570 747
504 570
99 567
234 747
364 234
272 234
202 272
90 364
246 570
305 246
698 246
316 90
340 316
171 349 634 530 604 665 451 104 11 398 678 160 603 141 697 721 791 679 755 652 630 701 397 593 338 474 249 38 439 456 671 54 235 617 117 70 81 733 212 239 773 53 23 430 797 576 503 
171 349
634 171
530 349
604 171
665 634
451 604
104 665
11 604
398 104
678 451
160 451
603 678
141 11
697 141
721 697
791 678
679 398
755 697
652 697
630 791
701 721
397 652
593 791
338 603
474 603
249 791
38 701
439 679
456 755
671 593
54 679
235 652
617 456
117 474
70 652
81 679
733 117
212 397
239 456
773 671
53 38
23 70
430 239
797 617
576 733
503 671
337 420 6 750 695 660 524 75 201 274 211 754 759 126 429 130 735 259 306 
337 420
6 420
750 420
695 6
660 750
524 6
75 695
201 75
274 660
211 201
754 201
759 750
126 201
429 759
130 524
735 274
259 759
306 130
36 280 49 606 471 62 161 699 260 547 114 
36 280
49 280
606 280
471 606
62 471
161 606
699 471
260 471
547 36
114 260
417 703 771 145 774 300 732 292 109 407 577 309 346 418 314 513 592 769 442 371 30 0 266 327 549 288 778 80 
417 703
771 417
145 771
774 417
300 774
732 774
292 771
109 145
407 732
577 300
309 771
346 577
418 577
314 292
513 407
592 109
769 418
442 309
371 769
30 592
0 30
266 513
327 30
549 327
288 371
778 314
80 371
