? 12 677 759 284 728 104 765 131 302 62 681 254 172 
? 10 525 767 157 210 274 559 705 431 28 380 
? 7 265 782 599 84 480 571 113 
? 5 192 606 444 564 213 
? 3 125 709 572 
!
562 625 241 169 502 527 134 633 141 522 271 706 452 546 560 296 224 518 475 516 31 325 598 520 267 342 118 608 
562 625
241 625
169 625
502 169
527 562
134 241
633 502
141 527
522 141
271 633
706 522
452 706
546 706
560 271
296 560
224 296
518 452
475 224
516 296
31 546
325 31
598 325
520 516
267 325
342 518
118 342
608 598
125 709 572 
125 709
125 572
594 764 465 73 774 790 103 578 36 7 597 420 375 694 425 324 158 180 83 313 88 338 734 330 115 583 243 29 686 322 248 459 196 102 481 256 92 385 110 378 630 590 98 750 50 
594 764
465 764
73 465
774 594
790 774
103 465
578 790
36 73
7 465
597 7
420 578
375 578
694 597
425 420
324 375
158 36
180 7
83 694
313 425
88 158
338 83
734 83
330 313
115 734
583 115
243 338
29 115
686 243
322 243
248 158
459 330
196 330
102 243
481 686
256 196
92 102
385 92
110 256
378 102
630 378
590 92
98 385
750 590
50 110
403 451 340 634 780 215 391 263 363 114 457 708 449 270 441 486 524 235 610 331 37 76 404 712 
403 451
340 451
634 403
780 634
215 634
391 634
263 780
363 391
114 215
457 780
708 114
449 215
270 363
441 449
486 708
524 486
235 457
610 486
331 270
37 331
76 441
404 76
712 340
162 290 191 436 399 632 223 329 70 648 199 627 181 41 312 354 784 432 20 671 282 353 307 503 89 647 615 280 140 755 751 543 643 11 386 581 639 4 614 299 124 693 756 16 454 
162 290
191 290
436 162
399 436
632 191
223 399
329 436
70 329
648 329
199 70
627 648
181 223
41 627
312 199
354 223
784 354
432 784
20 627
671 20
282 181
353 671
307 312
503 432
89 307
647 89
615 20
280 89
140 312
755 503
751 755
543 140
643 755
11 280
386 11
581 11
639 543
4 615
614 643
299 140
124 639
693 299
756 124
16 581
454 639
46 59 38 570 0 112 733 55 421 258 429 396 264 471 151 722 695 688 47 366 668 372 25 467 26 161 510 448 468 726 412 512 603 149 382 305 758 56 619 472 577 461 64 422 617 785 714 190 795 297 175 373 66 440 53 754 654 534 361 792 304 272 111 230 216 623 428 405 326 664 117 438 517 345 371 794 57 656 555 747 443 222 580 164 744 95 
46 59
38 59
570 59
0 46
112 570
733 38
55 570
421 733
258 733
429 733
396 421
264 112
471 0
151 258
722 429
695 264
688 264
47 55
366 151
668 47
372 55
25 471
467 471
26 396
161 25
510 668
448 722
468 366
726 467
412 448
512 372
603 688
149 161
382 161
305 510
758 468
56 382
619 512
472 305
577 56
461 149
64 412
422 64
617 26
785 472
714 64
190 726
795 149
297 758
175 619
373 461
66 461
440 617
53 422
754 617
654 297
534 577
361 534
792 361
304 373
272 754
111 190
230 440
216 754
623 654
428 230
405 175
326 603
664 53
117 111
438 175
517 438
345 792
371 304
794 216
57 345
656 111
555 117
747 304
443 664
222 405
580 517
164 222
744 222
95 164
165 768 108 336 544 778 491 159 327 569 323 369 160 153 507 358 152 244 711 661 19 635 91 350 42 203 109 309 255 611 548 621 
165 768
108 165
336 768
544 108
778 108
491 336
159 544
327 778
569 491
323 569
369 778
160 544
153 159
507 323
358 778
152 369
244 153
711 569
661 153
19 358
635 244
91 19
350 507
42 661
203 152
109 42
309 507
255 661
611 91
548 109
621 309
179 696 147 653 138 563 419 492 352 545 500 415 591 357 253 791 368 595 316 602 8 94 48 393 229 122 78 531 484 395 318 749 788 553 498 30 496 219 45 247 379 636 22 93 550 96 139 402 35 121 206 466 401 321 505 146 5 640 408 306 245 200 665 652 9 552 341 741 699 44 291 786 588 355 435 154 376 798 418 246 637 182 176 120 624 697 23 275 163 387 620 204 740 79 437 663 501 155 260 75 723 40 178 360 416 
179 696
147 696
653 147
138 147
563 179
419 653
492 147
352 138
545 563
500 492
415 419
591 492
357 500
253 357
791 253
368 591
595 415
316 253
602 595
8 316
94 591
48 595
393 791
229 591
122 94
78 595
531 357
484 78
395 94
318 531
749 393
788 48
553 229
498 553
30 395
496 749
219 318
45 496
247 30
379 247
636 30
22 484
93 8
550 22
96 550
139 550
402 496
35 379
121 402
206 121
466 402
401 636
321 139
505 402
146 22
5 636
640 93
408 640
306 553
245 206
200 35
665 206
652 306
9 466
552 665
341 5
741 341
699 200
44 552
291 699
786 652
588 245
355 9
435 355
154 146
376 44
798 408
418 588
246 588
637 505
182 306
176 200
120 435
624 699
697 154
23 786
275 741
163 697
387 120
620 176
204 798
740 355
79 620
437 387
663 620
501 154
155 376
260 246
75 163
723 501
40 275
178 740
360 204
416 260
525 767 157 210 274 559 705 431 28 380 
525 157
559 431
767 210
525 274
210 705
559 705
431 28
274 28
525 380
442 526 584 211 458 317 269 504 334 348 242 107 600 208 771 779 777 197 679 685 511 485 144 168 3 655 370 644 445 566 
442 526
584 442
211 526
458 442
317 211
269 317
504 269
334 458
348 334
242 334
107 348
600 317
208 107
771 504
779 771
777 771
197 771
679 197
685 334
511 777
485 511
144 208
168 485
3 144
655 685
370 144
644 3
445 655
566 644
192 606 444 564 213 
564 213
192 606
444 564
606 444
347 490 232 359 13 195 700 233 82 207 547 286 277 536 392 2 193 676 446 278 659 592 775 508 540 252 281 60 333 660 513 10 683 651 257 310 680 259 314 742 582 565 
347 490
232 347
359 347
13 232
195 13
700 13
233 490
82 700
207 82
547 195
286 547
277 700
536 233
392 233
2 82
193 233
676 2
446 286
278 286
659 277
592 547
775 193
508 446
540 278
252 278
281 659
60 592
333 60
660 540
513 252
10 660
683 281
651 60
257 508
310 513
680 683
259 310
314 10
742 257
582 257
565 314
476 689 367 119 533 585 783 6 383 409 673 221 702 32 295 
476 689
367 689
119 476
533 689
585 119
783 585
6 533
383 783
409 533
673 409
221 6
702 673
32 383
295 6
677 759 284 728 104 765 131 302 62 681 254 172 
681 172
759 728
104 131
104 302
759 284
284 302
677 759
681 254
765 62
765 254
765 302
374 
265 782 599 84 480 571 113 
265 782
84 480
599 84
571 113
782 599
480 113
609 713 
609 713
54 426 279 719 727 262 228 731 567 674 72 675 631 101 729 289 538 464 411 85 319 68 678 666 776 365 622 251 752 43 495 51 344 717 335 762 462 18 33 453 558 463 339 266 738 188 574 687 589 487 69 205 351 535 519 641 576 605 469 301 187 183 718 343 390 424 684 320 789 523 116 218 707 691 311 434 799 209 537 682 493 227 407 769 715 362 646 220 557 433 
54 426
279 54
719 426
727 719
262 279
228 727
731 279
567 731
674 719
72 719
675 72
631 262
101 631
729 567
289 675
538 289
464 101
411 631
85 101
319 85
68 411
678 729
666 678
776 678
365 411
622 674
251 365
752 538
43 289
495 666
51 622
344 666
717 251
335 717
762 752
462 495
18 251
33 43
453 344
558 335
463 762
339 453
266 339
738 463
188 266
574 18
687 495
589 339
487 558
69 687
205 487
351 463
535 574
519 351
641 205
576 641
605 589
469 535
301 69
187 469
183 589
718 576
343 301
390 718
424 718
684 183
320 718
789 343
523 684
116 523
218 789
707 390
691 469
311 691
434 218
799 691
209 707
537 691
682 799
493 434
227 209
407 227
769 682
715 493
362 715
646 311
220 537
557 715
433 769
234 430 381 539 645 308 287 268 575 596 757 389 201 796 174 184 250 356 423 315 698 474 455 226 127 194 189 148 521 150 703 142 27 143 746 364 670 470 772 482 377 410 669 618 439 497 579 529 12 328 15 506 214 63 587 745 530 240 58 593 494 100 607 690 87 384 413 261 133 173 97 239 447 770 337 288 273 760 628 1 561 701 473 781 300 398 568 186 24 177 787 39 212 123 739 763 
234 430
381 234
539 430
645 381
308 430
287 308
268 539
575 645
596 308
757 268
389 268
201 757
796 575
174 796
184 381
250 796
356 174
423 250
315 596
698 174
474 356
455 315
226 455
127 226
194 201
189 455
148 184
521 127
150 194
703 423
142 474
27 521
143 150
746 143
364 194
670 148
470 143
772 315
482 148
377 470
410 364
669 772
618 226
439 410
497 746
579 703
529 439
12 669
328 142
15 12
506 482
214 148
63 579
587 63
745 410
530 214
240 506
58 698
593 618
494 58
100 587
607 587
690 772
87 377
384 607
413 240
261 529
133 261
173 384
97 593
239 173
447 497
770 530
337 690
288 337
273 494
760 593
628 690
1 337
561 97
701 506
473 413
781 690
300 760
398 1
568 745
186 447
24 473
177 87
787 770
39 186
212 770
123 273
739 177
763 300
283 349 
283 349
298 710 737 489 427 106 128 276 14 81 773 532 129 293 672 509 394 488 231 551 542 761 417 237 692 249 294 601 704 67 65 528 730 406 450 479 612 748 400 732 52 17 556 71 541 736 638 793 460 753 735 346 725 185 171 236 105 34 130 49 662 90 225 202 137 388 616 217 456 604 658 414 198 720 145 167 499 626 573 554 132 716 724 238 514 80 613 549 766 166 397 642 135 77 21 586 
298 710
737 298
489 298
427 710
106 427
128 106
276 737
14 276
81 128
773 14
532 489
129 532
293 106
672 293
509 276
394 293
488 672
231 672
551 231
542 427
761 488
417 551
237 394
692 417
249 692
294 129
601 761
704 692
67 237
65 601
528 65
730 65
406 67
450 704
479 294
612 479
748 406
400 612
732 528
52 748
17 732
556 450
71 52
541 71
736 732
638 479
793 736
460 71
753 638
735 556
346 400
725 793
185 725
171 185
236 346
105 460
34 541
130 34
49 105
662 793
90 753
225 406
202 34
137 725
388 236
616 137
217 225
456 185
604 90
658 456
414 49
198 414
720 604
145 720
167 456
499 616
626 145
573 626
554 626
132 167
716 388
724 716
238 573
514 414
80 499
613 132
549 80
766 549
166 514
397 554
642 198
135 167
77 135
21 613
586 238
285 303 74 477 721 61 99 332 629 136 743 657 478 126 156 650 797 515 483 170 667 86 649 292 
285 303
74 303
477 285
721 477
61 74
99 477
332 99
629 74
136 721
743 629
657 136
478 743
126 136
156 657
650 136
797 650
515 478
483 797
170 483
667 332
86 170
649 515
292 667
