? 12 263 457 780 270 235 331 37 353 671 676 207 392 
? 10 193 775 233 536 123 530 513 214 148 770 
? 7 139 550 75 306 532 129 8 
? 5 292 787 413 473 240 
? 3 224 475 296 
!
5 741 341 401 40 636 275 407 624 699 219 390 318 227 291 707 247 213 209 200 379 564 620 35 176 749 652 316 
5 741
341 5
401 741
40 341
636 401
275 741
407 40
624 275
699 624
219 636
390 407
318 219
227 407
291 699
707 390
247 291
213 624
209 227
200 291
379 247
564 213
620 564
35 200
176 620
749 318
652 35
316 749
224 475 296 
224 475
475 296
442 526 584 211 317 504 458 269 242 334 348 107 600 611 91 50 19 771 110 358 779 777 256 197 203 152 459 196 369 679 481 330 685 313 485 686 655 322 168 630 445 338 243 160 267 
442 526
584 442
211 526
317 211
504 584
458 526
269 211
242 458
334 242
348 242
107 348
600 317
611 242
91 334
50 600
19 611
771 269
110 50
358 19
779 771
777 771
256 110
197 777
203 19
152 358
459 110
196 459
369 152
679 197
481 110
330 459
685 203
313 330
485 777
686 481
655 685
322 686
168 485
630 481
445 655
338 322
243 338
160 369
267 630
409 673 702 609 349 608 283 118 342 98 598 385 572 32 750 590 31 325 92 518 378 560 102 452 
409 673
702 673
609 702
349 609
608 609
283 349
118 609
342 118
98 283
598 608
385 98
572 608
32 702
750 572
590 750
31 598
325 31
92 590
518 598
378 750
560 518
102 378
452 518
116 523 282 434 493 218 557 789 751 181 715 354 362 755 503 223 784 432 643 614 86 657 156 220 170 162 436 290 126 399 537 483 191 797 632 136 682 691 799 311 769 721 320 424 477 
116 523
282 116
434 116
493 434
218 493
557 493
789 434
751 557
181 282
715 493
354 751
362 715
755 751
503 755
223 354
784 503
432 503
643 503
614 643
86 362
657 614
156 657
220 86
170 86
162 223
436 162
290 162
126 170
399 290
537 220
483 170
191 162
797 483
632 191
136 797
682 537
691 682
799 691
311 799
769 682
721 136
320 311
424 320
477 721
649 742 582 515 257 76 404 333 478 60 743 693 651 508 299 629 449 441 386 592 446 314 756 565 581 11 547 647 10 281 680 280 89 286 660 16 307 683 659 124 639 215 140 708 277 195 114 312 615 700 524 543 259 61 340 74 486 13 540 454 41 4 285 610 403 82 303 232 199 391 451 648 278 70 363 627 20 634 2 310 347 490 212 359 252 329 
649 742
582 649
515 649
257 582
76 515
404 76
333 742
478 515
60 333
743 478
693 478
651 60
508 257
299 478
629 478
449 651
441 449
386 404
592 333
446 508
314 629
756 299
565 314
581 386
11 386
547 446
647 386
10 314
281 592
680 281
280 647
89 647
286 547
660 10
16 581
307 647
683 281
659 281
124 756
639 124
215 16
140 639
708 215
277 659
195 286
114 215
312 307
615 581
700 277
524 16
543 140
259 660
61 259
340 680
74 61
486 524
13 195
540 660
454 124
41 615
4 486
285 454
610 486
403 340
82 277
303 285
232 195
199 312
391 114
451 403
648 41
278 540
70 648
363 391
627 41
20 41
634 391
2 659
310 259
347 232
490 232
212 278
359 232
252 212
329 648
138 147 352 492 653 179 419 696 368 591 48 415 500 595 229 78 563 602 122 94 484 357 788 545 395 553 498 791 253 531 393 30 
138 147
352 138
492 138
653 138
179 147
419 653
696 179
368 492
591 368
48 368
415 419
500 492
595 48
229 591
78 595
563 179
602 595
122 500
94 122
484 78
357 500
788 48
545 563
395 94
553 229
498 553
791 357
253 791
531 357
393 791
30 395
46 59 38 570 0 112 421 733 264 55 258 396 471 695 722 688 429 151 47 372 668 467 25 366 448 26 161 510 726 468 412 603 758 512 149 382 305 297 619 577 56 461 472 795 617 64 763 714 785 422 440 190 561 175 300 66 373 361 97 760 53 654 534 304 792 272 754 111 216 230 326 664 428 345 623 701 405 117 438 371 593 794 747 517 555 57 580 656 433 222 618 520 744 164 95 443 506 332 99 374 667 24 650 646 444 
46 59
38 59
570 59
0 59
112 570
421 59
733 421
264 112
55 570
258 733
396 421
471 0
695 112
722 733
688 112
429 733
151 258
47 55
372 47
668 47
467 471
25 471
366 258
448 429
26 396
161 25
510 668
726 467
468 366
412 722
603 688
758 468
512 372
149 161
382 161
305 668
297 468
619 512
577 382
56 577
461 149
472 305
795 149
617 26
64 412
763 577
714 64
785 472
422 714
440 617
190 726
561 382
175 619
300 763
66 461
373 461
361 603
97 561
760 300
53 422
654 785
534 361
304 66
792 534
272 617
754 272
111 190
216 272
230 440
326 603
664 53
428 230
345 792
623 654
701 795
405 619
117 111
438 175
371 304
593 760
794 216
747 304
517 438
555 117
57 361
580 438
656 111
433 794
222 405
618 593
520 345
744 222
164 222
95 164
443 664
506 701
332 747
99 371
374 443
667 747
24 701
650 555
646 794
444 623
193 775 233 536 123 530 513 214 148 770 
214 770
513 770
214 148
193 775
193 233
233 536
530 148
536 123
123 530
250 796 423 174 703 698 575 356 579 587 63 100 645 239 173 384 607 474 58 142 494 447 712 186 184 328 39 273 670 782 
250 796
423 250
174 796
703 423
698 174
575 250
356 698
579 698
587 703
63 579
100 587
645 575
239 587
173 587
384 173
607 587
474 356
58 698
142 474
494 58
447 239
712 100
186 447
184 645
328 142
39 447
273 494
670 184
782 39
292 787 413 473 240 
292 473
787 473
413 240
292 413
145 626 720 554 573 604 90 238 397 586 753 713 388 724 638 766 236 346 192 716 119 367 585 689 479 400 476 23 612 549 606 6 663 294 786 221 295 79 783 383 533 182 
145 626
720 626
554 626
573 626
604 720
90 145
238 720
397 720
586 397
753 90
713 586
388 573
724 238
638 753
766 397
236 388
346 236
192 724
716 724
119 586
367 119
585 119
689 367
479 638
400 479
476 119
23 236
612 479
549 766
606 192
6 689
663 716
294 479
786 23
221 6
295 6
79 663
783 476
383 783
533 221
182 23
509 723 501 154 276 146 697 737 14 773 163 321 96 489 22 
509 723
501 509
154 501
276 509
146 154
697 276
737 501
14 276
773 14
163 773
321 163
96 321
489 773
22 96
263 457 780 270 235 331 37 353 671 676 207 392 
676 207
263 457
263 780
353 671
780 331
331 37
270 331
780 235
37 671
676 392
270 207
516 
139 550 75 306 532 129 8 
139 550
75 129
532 129
550 75
550 306
139 8
226 482 
226 482
166 514 414 642 198 202 130 49 34 105 77 460 135 541 735 248 658 71 52 556 167 88 171 456 158 748 185 450 217 704 132 225 249 692 36 406 613 417 67 17 725 736 394 616 180 237 793 137 732 528 551 73 231 65 764 594 601 465 730 7 293 21 583 672 488 761 597 542 774 106 790 128 662 29 499 115 427 694 81 578 103 375 420 80 83 425 710 324 734 298 
166 514
414 514
642 166
198 414
202 414
130 202
49 130
34 130
105 49
77 642
460 49
135 77
541 460
735 49
248 77
658 735
71 541
52 541
556 735
167 658
88 248
171 735
456 167
158 248
748 52
185 171
450 556
217 34
704 450
132 456
225 217
249 450
692 249
36 158
406 748
613 132
417 249
67 406
17 185
725 17
736 725
394 417
616 725
180 132
237 67
793 725
137 725
732 17
528 17
551 417
73 36
231 551
65 528
764 73
594 73
601 65
465 594
730 65
7 465
293 231
21 180
583 21
672 231
488 231
761 488
597 7
542 237
774 764
106 293
790 594
128 106
662 793
29 583
499 662
115 29
427 106
694 597
81 672
578 790
103 465
375 790
420 375
80 499
83 103
425 420
710 128
324 578
734 83
298 710
133 261 529 15 439 12 745 568 669 772 169 621 389 410 134 705 210 241 364 370 502 1 144 315 562 711 625 337 398 548 309 288 431 268 596 109 3 757 194 323 42 569 201 87 559 767 525 507 150 633 491 690 177 336 527 377 350 157 661 470 781 539 644 739 143 455 768 28 153 274 308 189 566 430 234 287 165 108 255 159 208 271 141 544 522 628 511 746 127 521 381 244 327 27 497 778 
133 261
529 261
15 529
439 529
12 15
745 439
568 745
669 15
772 669
169 15
621 169
389 529
410 745
134 621
705 568
210 705
241 169
364 410
370 621
502 169
1 502
144 370
315 772
562 169
711 705
625 562
337 502
398 337
548 711
309 144
288 337
431 705
268 389
596 389
109 548
3 241
757 268
194 364
323 309
42 109
569 323
201 757
87 364
559 705
767 559
525 767
507 309
150 194
633 288
491 569
690 337
177 525
336 569
527 625
377 150
350 507
157 177
661 42
470 377
781 690
539 268
644 625
739 157
143 470
455 315
768 336
28 559
153 661
274 767
308 596
189 455
566 527
430 539
234 430
287 308
165 768
108 768
255 153
159 768
208 350
271 633
141 566
544 159
522 141
628 781
511 566
746 470
127 189
521 127
381 234
244 153
327 108
27 521
497 746
778 108
93 408 
93 408
54 426 279 228 262 719 727 731 675 72 674 567 631 729 101 289 538 411 464 68 319 85 678 776 365 666 622 251 752 43 178 495 344 717 51 416 462 335 762 260 637 453 18 740 33 558 246 355 463 188 574 588 266 505 339 738 387 687 9 437 245 120 418 69 589 205 466 435 487 351 535 576 519 641 360 155 121 206 605 552 665 376 402 640 301 204 45 187 718 469 44 183 496 684 798 343 
54 426
279 54
228 426
262 279
719 228
727 228
731 262
675 228
72 675
674 72
567 731
631 262
729 567
101 631
289 675
538 289
411 631
464 101
68 411
319 101
85 101
678 464
776 678
365 411
666 678
622 68
251 365
752 538
43 289
178 43
495 319
344 678
717 251
51 622
416 51
462 344
335 251
762 752
260 416
637 178
453 344
18 251
740 178
33 43
558 18
246 260
355 740
463 762
188 453
574 18
588 246
266 453
505 637
339 266
738 463
387 33
687 495
9 355
437 387
245 588
120 387
418 246
69 687
589 339
205 418
466 9
435 120
487 558
351 463
535 687
576 487
519 351
641 576
360 437
155 205
121 505
206 245
605 339
552 418
665 552
376 552
402 466
640 120
301 687
204 360
45 121
187 535
718 576
469 187
44 552
183 589
496 402
684 183
798 204
343 301
677 759 728 284 104 765 131 302 635 62 681 254 125 172 709 571 113 480 84 380 599 265 706 546 
677 759
728 759
284 677
104 759
765 284
131 104
302 765
635 104
62 765
681 302
254 681
125 681
172 125
709 125
571 125
113 571
480 113
84 480
380 84
599 84
265 599
706 635
546 706
