? 12 509 723 501 154 276 697 737 146 14 298 773 96 
? 10 318 531 393 253 30 8 316 247 379 93 
? 7 32 383 783 702 118 342 533 
? 5 296 516 560 6 564 
? 3 181 282 699 
!
138 147 653 352 492 179 696 419 500 591 368 415 563 229 595 48 94 78 602 484 357 788 545 395 122 553 498 791 
138 147
653 138
352 138
492 147
179 147
696 179
419 653
500 492
591 492
368 591
415 419
563 179
229 591
595 415
48 352
94 229
78 595
602 595
484 595
357 500
788 48
545 563
395 94
122 94
553 368
498 553
791 357
181 282 699 
181 282
282 699
682 799 311 691 769 646 537 433 209 227 407 220 797 483 170 650 374 86 40 362 341 136 126 741 715 5 434 493 275 156 657 557 721 401 219 614 636 624 213 751 755 477 643 444 291 
682 799
311 799
691 311
769 799
646 682
537 682
433 691
209 691
227 646
407 227
220 537
797 220
483 797
170 483
650 797
374 209
86 170
40 374
362 86
341 40
136 650
126 136
741 341
715 362
5 341
434 715
493 434
275 341
156 126
657 156
557 715
721 136
401 741
219 5
614 657
636 401
624 401
213 624
751 557
755 751
477 721
643 614
444 213
291 624
232 347 490 13 195 359 700 123 233 536 207 273 392 193 676 670 148 184 240 482 506 226 475 224 
232 347
490 232
13 232
195 232
359 232
700 232
123 347
233 347
536 123
207 700
273 123
392 233
193 233
676 207
670 123
148 670
184 148
240 148
482 240
506 482
226 482
475 226
224 475
265 782 39 186 447 599 380 84 239 173 480 384 423 587 607 703 113 571 250 100 796 579 63 575 709 172 712 698 125 174 681 254 58 356 302 494 474 765 131 62 775 142 328 104 635 
265 782
39 782
186 39
447 39
599 265
380 599
84 380
239 39
173 239
480 84
384 173
423 173
587 384
607 384
703 423
113 480
571 113
250 423
100 384
796 250
579 100
63 579
575 423
709 113
172 113
712 100
698 250
125 709
174 698
681 125
254 125
58 698
356 174
302 681
494 58
474 356
765 681
131 681
62 254
775 494
142 474
328 142
104 131
635 104
486 610 524 708 16 114 4 331 37 363 215 270 391 581 634 615 20 263 353 671 89 780 280 11 449 647 441 41 386 627 457 235 404 403 76 451 648 340 307 680 515 329 649 70 742 651 632 312 683 60 299 582 693 281 478 333 257 199 436 191 399 592 743 140 756 162 290 629 659 543 639 446 508 124 277 82 314 2 223 565 784 547 432 286 10 454 
486 610
524 486
708 486
16 524
114 708
4 524
331 486
37 331
363 114
215 708
270 331
391 363
581 16
634 215
615 581
20 615
263 363
353 20
671 353
89 581
780 263
280 89
11 581
449 215
647 89
441 449
41 20
386 11
627 41
457 263
235 457
404 386
403 634
76 404
451 403
648 41
340 451
307 89
680 340
515 76
329 648
649 515
70 329
742 649
651 449
632 329
312 307
683 680
60 651
299 515
582 649
693 299
281 683
478 299
333 60
257 582
199 312
436 329
191 632
399 329
592 60
743 478
140 307
756 299
162 436
290 162
629 743
659 281
543 140
639 140
446 592
508 446
124 639
277 659
82 277
314 743
2 277
223 399
565 314
784 223
547 446
432 784
286 547
10 565
454 124
442 526 584 211 458 504 334 348 242 107 611 91 19 358 152 203 369 778 327 685 485 655 160 445 706 546 518 677 759 284 728 609 
442 526
584 526
211 442
458 442
504 584
334 458
348 334
242 348
107 348
611 242
91 611
19 611
358 19
152 358
203 152
369 152
778 369
327 778
685 203
485 107
655 685
160 369
445 655
706 485
546 706
518 546
677 445
759 677
284 677
728 284
609 518
54 426 279 719 262 727 228 567 731 674 72 675 101 631 729 538 289 464 85 411 319 622 68 678 776 666 365 752 251 495 43 51 717 178 344 335 416 762 637 462 18 33 740 260 453 463 246 558 355 266 339 574 738 588 188 387 9 487 437 245 505 120 687 205 418 351 466 535 589 435 69 121 519 360 402 641 206 576 605 665 552 155 376 187 640 469 204 301 44 798 45 183 718 496 343 390 684 320 218 424 789 749 116 523 707 
54 426
279 54
719 54
262 279
727 426
228 719
567 262
731 567
674 719
72 719
675 228
101 262
631 101
729 731
538 675
289 675
464 101
85 101
411 631
319 85
622 674
68 411
678 729
776 678
666 729
365 319
752 538
251 365
495 85
43 675
51 68
717 251
178 43
344 678
335 717
416 51
762 752
637 178
462 344
18 251
33 43
740 33
260 416
453 344
463 43
246 416
558 335
355 740
266 453
339 266
574 558
738 463
588 416
188 266
387 33
9 740
487 558
437 387
245 246
505 245
120 387
687 574
205 487
418 588
351 463
466 9
535 574
589 339
435 120
69 687
121 505
519 351
360 387
402 466
641 487
206 245
576 641
605 462
665 418
552 665
155 205
376 552
187 535
640 435
469 187
204 360
301 69
44 552
798 204
45 206
183 589
718 576
496 402
343 301
390 718
684 183
320 390
218 343
424 320
789 343
749 496
116 684
523 116
707 390
318 531 393 253 30 8 316 247 379 93 
247 379
8 316
318 531
30 247
393 253
316 93
531 253
393 8
318 30
626 720 145 604 554 573 238 90 397 586 753 766 713 724 388 346 119 192 236 638 716 689 367 479 476 585 612 606 400 23 
626 720
145 626
604 720
554 145
573 554
238 573
90 720
397 573
586 554
753 90
766 397
713 586
724 573
388 724
346 388
119 586
192 724
236 388
638 753
716 192
689 119
367 689
479 638
476 119
585 119
612 479
606 192
400 479
23 346
296 516 560 6 564 
296 516
296 560
296 6
6 564
243 338 322 686 481 102 425 313 630 196 256 378 330 92 459 110 590 750 679 779 50 267 572 771 385 283 600 98 349 197 168 608 221 325 598 295 31 777 409 269 317 673 
243 338
322 243
686 322
481 686
102 243
425 338
313 425
630 102
196 425
256 196
378 630
330 313
92 102
459 330
110 256
590 378
750 590
679 630
779 679
50 110
267 630
572 750
771 779
385 92
283 750
600 50
98 385
349 283
197 771
168 197
608 349
221 98
325 608
598 325
295 98
31 598
777 197
409 349
269 50
317 269
673 409
306 652 182 786 35 620 176 663 321 75 550 79 139 163 200 
306 652
182 306
786 652
35 652
620 786
176 620
663 620
321 306
75 321
550 321
79 620
139 550
163 75
200 79
509 723 501 154 276 697 737 146 14 298 773 96 
501 154
501 146
737 298
509 723
14 773
509 501
298 773
276 14
697 14
276 146
697 96
408 
32 383 783 702 118 342 533 
702 533
783 533
32 383
702 118
383 533
118 342
22 294 
22 294
166 514 414 198 642 202 130 49 105 34 460 77 71 735 658 248 135 556 541 52 171 456 167 88 748 450 158 185 217 225 132 704 249 613 406 36 17 692 417 67 725 732 736 180 237 137 793 528 551 394 73 616 65 601 231 594 465 7 761 293 764 21 672 730 488 542 29 583 774 597 694 115 790 128 499 662 106 103 81 578 420 375 427 129 83 549 80 734 710 324 
166 514
414 166
198 414
642 198
202 414
130 202
49 130
105 49
34 130
460 49
77 642
71 460
735 49
658 735
248 77
135 77
556 460
541 34
52 541
171 735
456 658
167 658
88 248
748 52
450 735
158 248
185 735
217 34
225 217
132 167
704 450
249 450
613 132
406 748
36 158
17 185
692 249
417 249
67 406
725 17
732 17
736 17
180 613
237 67
137 725
793 725
528 732
551 249
394 237
73 36
616 137
65 528
601 65
231 65
594 73
465 73
7 465
761 65
293 394
764 594
21 180
672 293
730 601
488 601
542 237
29 21
583 21
774 594
597 7
694 597
115 583
790 774
128 293
499 616
662 499
106 128
103 694
81 672
578 790
420 578
375 420
427 106
129 81
83 103
549 499
80 499
734 83
710 427
324 578
46 59 38 570 0 55 421 733 112 258 396 429 471 151 688 722 25 47 372 695 264 366 668 467 161 26 726 510 468 512 412 305 448 603 382 149 758 64 56 619 472 577 422 763 461 785 617 714 795 297 300 190 373 754 175 66 561 654 760 440 53 534 97 216 304 230 361 792 272 593 117 326 517 345 428 623 111 701 371 57 438 405 664 794 747 656 555 580 222 332 443 164 618 744 520 95 
46 59
38 59
570 59
0 59
55 570
421 0
733 38
112 570
258 733
396 421
429 733
471 0
151 258
688 112
722 733
25 471
47 55
372 47
695 112
264 570
366 258
668 47
467 471
161 25
26 429
726 467
510 668
468 151
512 372
412 722
305 510
448 412
603 688
382 161
149 25
758 468
64 412
56 382
619 512
472 758
577 56
422 64
763 577
461 149
785 472
617 26
714 422
795 149
297 785
300 763
190 726
373 461
754 617
175 512
66 461
561 382
654 785
760 300
440 617
53 422
534 577
97 561
216 754
304 373
230 440
361 534
792 534
272 216
593 760
117 190
326 603
517 175
345 361
428 230
623 785
111 117
701 561
371 304
57 345
438 175
405 175
664 714
794 216
747 304
656 111
555 230
580 517
222 405
332 747
443 664
164 222
618 97
744 222
520 345
95 164
489 532 
489 532
133 261 529 15 12 439 745 669 568 410 772 169 370 389 705 337 210 621 398 1 134 241 502 144 364 625 711 431 309 548 288 268 315 562 42 109 559 194 3 569 201 596 87 323 525 757 150 633 767 491 377 507 690 661 177 157 470 350 781 336 539 527 143 455 274 189 165 153 28 644 739 308 566 768 108 159 234 255 271 287 208 430 746 141 544 522 27 511 628 244 497 521 127 381 645 452 
133 261
529 133
15 529
12 15
439 529
745 439
669 15
568 745
410 745
772 669
169 15
370 169
389 529
705 568
337 772
210 705
621 370
398 337
1 337
134 370
241 169
502 398
144 370
364 410
625 241
711 705
431 705
309 144
548 431
288 337
268 389
315 669
562 241
42 548
109 42
559 431
194 364
3 134
569 711
201 268
596 389
87 364
323 569
525 87
757 201
150 194
633 288
767 525
491 569
377 150
507 323
690 337
661 42
177 525
157 177
470 377
350 507
781 690
336 569
539 757
527 502
143 470
455 315
274 525
189 455
165 569
153 661
28 559
644 3
739 157
308 539
566 644
768 491
108 768
159 768
234 539
255 42
271 633
287 308
208 350
430 234
746 143
141 566
544 159
522 141
27 455
511 566
628 781
244 153
497 746
521 27
127 521
381 234
645 381
452 141
285 303 74 61 99 259 503 660 310 292 667 354 540 787 513 24 252 473 770 278 413 212 530 214 
285 303
74 285
61 74
99 61
259 61
503 303
660 259
310 259
292 310
667 292
354 503
540 310
787 292
513 787
24 667
252 540
473 24
770 787
278 540
413 473
212 278
530 770
214 770
