? 12 179 696 147 563 492 545 500 253 357 791 316 8 
? 10 247 379 30 35 200 395 291 229 699 94 
? 7 318 531 393 122 749 93 408 
? 5 523 684 181 482 148 
? 3 349 608 598 
!
243 322 686 338 481 102 313 425 630 256 378 330 110 196 92 459 590 50 750 779 679 267 572 600 771 283 385 197 
243 322
686 322
338 322
481 686
102 243
313 338
425 313
630 481
256 481
378 102
330 313
110 256
196 330
92 378
459 330
590 378
50 110
750 590
779 256
679 630
267 378
572 750
600 50
771 679
283 750
385 283
197 679
349 608 598 
349 608
608 598
682 799 311 691 769 537 646 320 209 707 227 390 220 407 170 483 86 797 40 362 789 218 136 341 126 741 434 493 5 275 715 156 557 657 401 219 624 636 721 614 751 213 116 643 477 
682 799
311 799
691 799
769 682
537 769
646 311
320 799
209 320
707 320
227 707
390 320
220 537
407 707
170 220
483 170
86 170
797 483
40 407
362 86
789 362
218 789
136 797
341 40
126 136
741 341
434 789
493 218
5 741
275 40
715 362
156 126
557 715
657 126
401 741
219 5
624 275
636 401
721 136
614 657
751 557
213 624
116 218
643 614
477 721
284 728 677 759 765 104 62 131 445 302 635 254 681 655 160 244 706 546 452 645 31 560 518 325 
284 728
677 728
759 284
765 284
104 759
62 765
131 104
445 759
302 765
635 104
254 62
681 302
655 445
160 635
244 635
706 160
546 706
452 706
645 452
31 546
560 452
518 560
325 31
586 713 238 585 397 573 626 119 554 145 720 367 604 192 766 476 724 689 383 783 90 716 533 388 32 6 753 221 236 346 673 409 702 663 564 295 176 638 79 620 98 609 118 23 400 
586 713
238 586
585 713
397 586
573 238
626 573
119 585
554 626
145 626
720 145
367 585
604 720
192 713
766 397
476 367
724 192
689 119
383 476
783 383
90 604
716 724
533 689
388 716
32 383
6 533
753 90
221 6
236 388
346 236
673 533
409 673
702 673
663 716
564 663
295 221
176 663
638 753
79 663
620 663
98 221
609 702
118 702
23 236
400 346
486 610 524 4 16 708 331 114 37 270 391 363 215 615 581 671 634 353 263 20 441 280 449 647 11 780 89 386 627 41 457 235 403 404 340 76 451 648 307 70 680 515 632 329 651 649 742 693 312 683 299 60 582 478 281 191 199 333 399 436 257 592 140 162 743 290 659 756 629 543 446 639 508 124 277 314 223 547 784 565 2 432 700 82 286 10 
486 610
524 486
4 610
16 524
708 486
331 610
114 708
37 331
270 331
391 708
363 391
215 363
615 524
581 16
671 4
634 363
353 671
263 634
20 671
441 215
280 615
449 441
647 280
11 581
780 263
89 647
386 11
627 671
41 627
457 263
235 457
403 780
404 386
340 403
76 404
451 403
648 41
307 89
70 648
680 451
515 76
632 627
329 648
651 449
649 515
742 649
693 515
312 307
683 680
299 693
60 651
582 649
478 299
281 683
191 632
199 312
333 651
399 329
436 329
257 582
592 60
140 312
162 191
743 478
290 162
659 281
756 299
629 743
543 140
446 592
639 756
508 446
124 639
277 659
314 743
223 162
547 446
784 223
565 314
2 277
432 784
700 277
82 277
286 547
10 565
232 347 490 195 359 13 123 233 536 207 392 273 193 676 278 775 212 328 494 540 58 252 142 660 474 513 670 310 530 770 259 356 
232 347
490 232
195 232
359 232
13 490
123 347
233 347
536 233
207 233
392 233
273 123
193 233
676 207
278 359
775 193
212 278
328 123
494 273
540 278
58 494
252 212
142 328
660 540
474 142
513 212
670 142
310 513
530 670
770 530
259 660
356 474
46 59 38 570 0 429 733 112 55 258 421 264 396 471 722 47 695 151 688 372 366 25 26 668 467 161 510 468 448 726 412 512 603 758 149 382 619 472 305 422 714 577 785 617 56 64 461 763 190 795 297 754 373 561 66 440 654 175 53 300 534 97 361 760 304 272 593 111 792 117 345 230 428 371 216 623 664 405 701 438 326 794 57 443 747 656 555 517 618 222 580 744 164 650 374 95 99 433 332 520 506 667 606 24 444 
46 59
38 46
570 38
0 38
429 59
733 429
112 38
55 570
258 55
421 733
264 112
396 421
471 0
722 733
47 55
695 112
151 258
688 112
372 55
366 258
25 471
26 396
668 47
467 471
161 25
510 668
468 258
448 26
726 467
412 722
512 372
603 264
758 468
149 25
382 161
619 512
472 758
305 472
422 468
714 422
577 695
785 472
617 26
56 382
64 714
461 149
763 577
190 726
795 149
297 758
754 412
373 461
561 382
66 461
440 617
654 785
175 619
53 422
300 763
534 577
97 561
361 534
760 300
304 373
272 754
593 760
111 190
792 361
117 111
345 361
230 440
428 440
371 304
216 272
623 785
664 53
405 619
701 795
438 405
326 603
794 216
57 792
443 664
747 304
656 111
555 656
517 438
618 593
222 405
580 517
744 222
164 222
650 555
374 443
95 164
99 371
433 272
332 99
520 57
506 701
667 747
606 623
24 701
444 623
247 379 30 35 200 395 291 229 699 94 
200 291
30 395
247 379
291 699
395 94
247 30
35 200
247 200
229 94
265 782 39 186 599 447 380 84 497 239 480 173 384 703 607 587 423 100 113 571 250 796 579 63 172 125 712 709 698 174 
265 782
39 782
186 39
599 265
447 186
380 599
84 599
497 447
239 497
480 84
173 239
384 173
703 173
607 384
587 384
423 703
100 384
113 480
571 113
250 423
796 250
579 587
63 579
172 571
125 113
712 100
709 125
698 250
174 698
523 684 181 482 148 
523 684
482 148
523 181
523 482
509 723 501 154 276 146 697 14 737 710 773 163 489 321 96 22 550 139 532 75 484 78 788 602 48 595 294 182 306 612 479 652 415 352 419 498 553 368 653 138 786 591 
509 723
501 723
154 501
276 509
146 154
697 154
14 276
737 276
710 737
773 14
163 773
489 773
321 146
96 321
22 96
550 96
139 550
532 489
75 773
484 22
78 484
788 550
602 78
48 78
595 78
294 532
182 294
306 182
612 294
479 612
652 306
415 602
352 595
419 415
498 788
553 498
368 553
653 352
138 352
786 652
591 368
285 303 454 74 61 503 755 292 354 787 473 413 214 240 282 
285 303
454 303
74 285
61 74
503 454
755 503
292 61
354 503
787 292
473 787
413 473
214 787
240 413
282 354
179 696 147 563 492 545 500 253 357 791 316 8 
253 791
696 147
147 492
316 8
179 696
179 563
147 500
357 791
563 545
500 357
545 8
184 
318 531 393 122 749 93 408 
393 749
318 531
93 408
531 393
318 122
393 93
224 342 
224 342
166 514 198 414 642 130 202 49 34 105 77 460 135 658 71 735 248 541 556 52 171 88 748 456 167 158 185 450 217 132 225 704 613 406 36 249 67 17 417 725 692 394 616 137 237 528 736 180 793 732 551 73 65 231 7 465 293 730 21 594 764 601 672 761 542 488 583 597 774 790 106 662 694 128 499 578 115 29 103 81 375 427 420 80 549 83 734 298 129 324 
166 514
198 514
414 198
642 198
130 414
202 130
49 130
34 130
105 49
77 642
460 49
135 77
658 77
71 105
735 49
248 77
541 460
556 735
52 71
171 735
88 77
748 52
456 658
167 658
158 248
185 171
450 556
217 202
132 456
225 217
704 450
613 132
406 748
36 158
249 450
67 406
17 185
417 249
725 17
692 249
394 704
616 725
137 616
237 67
528 17
736 17
180 613
793 725
732 528
551 249
73 36
65 528
231 551
7 73
465 73
293 551
730 528
21 180
594 73
764 465
601 65
672 293
761 601
542 237
488 761
583 21
597 7
774 594
790 764
106 293
662 793
694 597
128 293
499 662
578 790
115 583
29 115
103 694
81 128
375 578
427 106
420 375
80 499
549 499
83 103
734 83
298 128
129 128
324 578
133 261 529 439 15 12 669 568 745 169 410 370 389 502 337 705 210 772 241 144 621 1 134 398 315 625 364 562 288 431 711 309 548 268 767 109 194 757 569 201 596 3 559 87 42 633 150 323 525 507 690 491 377 177 661 470 350 527 739 539 157 781 143 274 644 336 189 165 28 455 153 308 768 566 430 255 287 271 159 208 522 234 141 544 108 127 746 628 475 511 27 327 226 381 521 575 
133 261
529 261
439 529
15 529
12 15
669 15
568 439
745 568
169 669
410 745
370 169
389 439
502 169
337 502
705 568
210 705
772 669
241 169
144 370
621 370
1 502
134 144
398 502
315 772
625 241
364 410
562 241
288 1
431 705
711 431
309 144
548 431
268 389
767 210
109 548
194 364
757 268
569 711
201 757
596 389
3 241
559 705
87 364
42 109
633 288
150 194
323 569
525 767
507 323
690 288
491 569
377 194
177 525
661 109
470 377
350 507
527 562
739 177
539 268
157 177
781 690
143 470
274 157
644 625
336 491
189 315
165 569
28 559
455 189
153 661
308 539
768 165
566 644
430 539
255 661
287 308
271 633
159 336
208 350
522 566
234 539
141 522
544 159
108 159
127 455
746 470
628 781
475 781
511 566
27 127
327 768
226 27
381 234
521 27
575 539
296 516 
296 516
54 426 279 262 719 727 228 731 567 674 72 675 631 101 289 729 538 464 666 85 319 68 411 678 776 622 365 251 752 51 495 344 178 717 43 335 462 637 416 260 453 33 762 18 740 246 355 738 558 339 588 266 437 463 387 188 574 245 9 120 505 687 418 69 589 435 466 535 351 519 360 205 576 402 487 206 641 605 121 665 552 155 376 640 204 798 469 44 45 496 183 301 187 718 424 343 
54 426
279 54
262 54
719 54
727 426
228 719
731 262
567 731
674 719
72 674
675 72
631 262
101 631
289 675
729 567
538 289
464 101
666 729
85 101
319 631
68 674
411 319
678 729
776 678
622 674
365 68
251 365
752 538
51 622
495 666
344 666
178 622
717 251
43 178
335 717
462 344
637 178
416 51
260 416
453 344
33 43
762 752
18 335
740 33
246 51
355 740
738 43
558 18
339 453
588 246
266 339
437 33
463 738
387 437
188 453
574 558
245 246
9 355
120 387
505 637
687 495
418 588
69 687
589 266
435 120
466 9
535 574
351 463
519 351
360 437
205 418
576 558
402 466
487 558
206 245
641 487
605 462
121 505
665 418
552 665
155 641
376 552
640 120
204 360
798 204
469 535
44 552
45 206
496 402
183 589
301 69
187 469
718 641
424 718
343 301
442 526 584 211 458 269 504 317 242 334 348 107 611 91 19 358 777 203 778 152 369 685 485 168 
442 526
584 442
211 526
458 442
269 211
504 584
317 211
242 458
334 242
348 242
107 242
611 458
91 611
19 611
358 19
777 107
203 19
778 203
152 203
369 778
685 203
485 777
168 485
