? 7 189 258 773 298 479 456 439 
? 7 533 679 782 267 268 559 147 
? 6 387 694 22 300 152 582 
? 6 93 554 725 595 604 496 
? 5 150 335 198 717 734 
? 5 14 327 485 443 583 
? 4 556 790 59 107 
? 4 12 493 756 641 
? 4 628 691 121 446 
? 4 324 565 467 572 
? 3 36 236 141 
? 3 130 140 666 
? 3 154 201 732 
!
575 
173 494 92 500 259 386 175 257 170 60 295 122 104 83 65 49 793 737 311 455 591 472 687 648 62 265 787 480 395 720 76 555 153 478 303 260 155 347 396 161 538 653 440 718 269 360 680 724 101 336 426 228 253 388 346 722 757 376 287 334 
173 494
92 173
500 92
259 500
386 92
175 386
257 259
170 386
60 175
295 257
122 60
104 257
83 60
65 122
49 170
793 83
737 83
311 83
455 65
591 793
472 49
687 472
648 49
62 472
265 104
787 83
480 311
395 62
720 648
76 62
555 591
153 395
478 687
303 478
260 648
155 265
347 260
396 720
161 347
538 480
653 555
440 153
718 396
269 260
360 440
680 718
724 787
101 76
336 718
426 161
228 360
253 269
388 101
346 228
722 653
757 388
376 538
287 253
334 228
233 636 284 292 427 375 512 263 429 382 89 402 277 727 380 613 761 663 29 202 634 220 252 592 447 370 403 558 601 135 504 39 61 624 18 119 235 688 789 293 398 354 706 547 179 605 573 31 169 454 224 361 769 32 82 520 30 251 302 658 418 359 75 674 668 543 44 450 358 305 710 574 550 596 16 411 498 177 677 172 584 779 180 297 684 118 566 307 241 452 86 460 716 117 777 407 383 94 282 518 669 484 405 337 69 186 529 111 342 513 
233 636
284 636
292 233
427 284
375 427
512 636
263 512
429 427
382 429
89 292
402 636
277 512
727 429
380 89
613 512
761 380
663 613
29 402
202 663
634 277
220 634
252 613
592 202
447 29
370 592
403 761
558 380
601 727
135 447
504 601
39 370
61 601
624 135
18 558
119 624
235 18
688 61
789 634
293 39
398 789
354 18
706 688
547 398
179 504
605 135
573 613
31 119
169 688
454 235
224 605
361 169
769 31
32 179
82 769
520 32
30 354
251 169
302 573
658 398
418 293
359 179
75 520
674 547
668 30
543 302
44 769
450 706
358 674
305 30
710 543
574 450
550 44
596 361
16 574
411 30
498 305
177 82
677 674
172 359
584 550
779 44
180 411
297 450
684 596
118 359
566 584
307 668
241 32
452 177
86 452
460 118
716 452
117 566
777 307
407 452
383 677
94 302
282 383
518 75
669 94
484 418
405 779
337 674
69 405
186 716
529 484
111 86
342 529
513 452
678 754 610 714 649 631 644 143 8 6 160 389 171 683 726 623 600 183 24 
678 754
610 754
714 754
649 678
631 610
644 678
143 631
8 644
6 143
160 644
389 649
171 6
683 8
726 683
623 726
600 143
183 726
24 726
133 256 55 115 551 650 712 204 250 114 79 697 692 2 731 66 243 142 332 672 165 771 
133 256
55 256
115 133
551 256
650 551
712 133
204 115
250 115
114 551
79 650
697 204
692 250
2 551
731 2
66 650
243 55
142 243
332 692
672 66
165 692
771 66
93 554 725 595 604 496 
725 595
93 554
554 595
93 604
604 496
205 206 758 10 711 536 53 615 795 353 765 88 580 90 593 428 322 695 625 214 
205 206
758 206
10 758
711 758
536 758
53 205
615 536
795 536
353 795
765 536
88 53
580 88
90 615
593 795
428 53
322 90
695 428
625 428
214 580
517 661 317 221 488 798 278 397 462 105 188 528 
517 661
317 661
221 661
488 221
798 221
278 317
397 317
462 397
105 278
188 105
528 278
154 201 732 
154 201
201 732
616 701 159 200 80 270 333 148 87 
616 701
159 701
200 159
80 200
270 80
333 80
148 333
87 148
14 327 485 443 583 
327 443
327 485
14 327
14 583
245 381 314 351 747 312 238 755 
245 381
314 381
351 381
747 314
312 351
238 747
755 747
130 140 666 
130 140
130 666
197 629 273 144 227 416 557 606 643 686 449 698 647 77 7 399 164 54 482 665 289 770 129 231 544 
197 629
273 629
144 629
227 273
416 227
557 273
606 629
643 416
686 273
449 686
698 606
647 643
77 698
7 643
399 647
164 449
54 698
482 399
665 54
289 449
770 289
129 770
231 164
544 482
70 579 797 508 20 667 535 570 780 587 673 781 412 523 254 367 211 742 350 497 477 738 620 246 527 195 112 432 190 106 345 519 702 40 26 602 690 45 499 752 34 168 457 181 57 425 483 753 501 524 103 196 229 413 46 791 415 355 316 723 176 571 713 108 465 750 215 
70 579
797 579
508 70
20 797
667 797
535 667
570 20
780 667
587 535
673 667
781 535
412 535
523 412
254 797
367 780
211 254
742 367
350 211
497 211
477 211
738 350
620 367
246 412
527 620
195 738
112 620
432 477
190 112
106 527
345 246
519 345
702 112
40 702
26 40
602 106
690 602
45 602
499 45
752 432
34 499
168 752
457 26
181 168
57 690
425 457
483 457
753 45
501 425
524 457
103 168
196 499
229 483
413 196
46 501
791 753
415 196
355 415
316 355
723 57
176 316
571 791
713 355
108 571
465 103
750 108
215 713
218 735 401 715 766 548 522 784 660 767 553 52 166 657 475 132 310 621 463 217 670 372 304 392 390 598 531 98 438 491 
218 735
401 218
715 218
766 218
548 766
522 715
784 735
660 522
767 784
553 766
52 553
166 767
657 522
475 522
132 784
310 52
621 132
463 522
217 553
670 463
372 310
304 553
392 304
390 475
598 166
531 598
98 304
438 217
491 438
213 
324 565 467 572 
324 565
565 572
324 467
244 656 534 799 708 741 248 128 126 617 0 318 255 569 693 406 740 492 393 
244 656
534 656
799 656
708 534
741 244
248 656
128 248
126 656
617 248
0 617
318 0
255 128
569 126
693 741
406 569
740 693
492 617
393 569
37 362 776 682 364 511 568 622 662 424 146 639 13 368 73 344 340 581 274 51 264 308 560 294 681 696 281 137 35 239 689 116 515 319 409 516 184 266 162 203 490 25 199 357 276 226 473 315 431 466 590 532 652 796 
37 362
776 37
682 776
364 682
511 362
568 364
622 568
662 511
424 622
146 511
639 424
13 364
368 639
73 639
344 776
340 13
581 424
274 344
51 274
264 51
308 264
560 662
294 264
681 73
696 424
281 681
137 274
35 560
239 264
689 137
116 639
515 294
319 560
409 681
516 409
184 319
266 319
162 516
203 515
490 308
25 516
199 266
357 490
276 199
226 239
473 162
315 276
431 266
466 203
590 357
532 473
652 25
796 490
167 526 476 400 301 68 48 444 576 744 
167 526
476 167
400 167
301 476
68 301
48 301
444 400
576 301
744 400
36 236 141 
36 236
36 141
272 422 151 185 41 619 11 618 102 448 178 9 222 487 461 464 588 85 296 43 240 123 194 366 348 608 
272 422
151 422
185 272
41 422
619 41
11 151
618 151
102 151
448 618
178 41
9 178
222 618
487 185
461 222
464 222
588 178
85 588
296 85
43 9
240 588
123 240
194 487
366 194
348 123
608 366
628 691 121 446 
628 691
121 446
691 446
216 630 352 326 419 637 700 138 91 328 15 237 635 
216 630
352 630
326 216
419 216
637 419
700 419
138 352
91 630
328 419
15 419
237 138
635 91
145 671 234 549 139 384 338 67 377 230 552 299 785 19 469 561 471 505 81 433 612 502 486 609 510 
145 671
234 145
549 671
139 549
384 139
338 671
67 234
377 338
230 377
552 377
299 67
785 67
19 67
469 377
561 299
471 338
505 552
81 19
433 561
612 561
502 81
486 81
609 433
510 502
533 679 782 267 268 559 147 
533 679
267 268
268 559
782 267
679 782
559 147
225 445 540 373 468 655 654 285 232 339 545 365 783 28 331 110 638 
225 445
540 225
373 540
468 540
655 373
654 225
285 654
232 654
339 285
545 655
365 655
783 365
28 545
331 339
110 339
638 232
187 743 341 280 546 772 611 38 614 394 50 33 537 594 525 745 633 775 
187 743
341 187
280 743
546 341
772 341
611 280
38 772
614 772
394 614
50 614
33 394
537 33
594 38
525 594
745 33
633 614
775 633
150 335 198 717 734 
335 198
150 198
198 734
335 717
275 430 157 645 730 124 778 242 63 56 435 5 507 212 659 283 329 607 664 247 509 193 349 378 707 736 47 
275 430
157 275
645 157
730 275
124 275
778 157
242 645
63 778
56 778
435 56
5 124
507 5
212 778
659 124
283 730
329 659
607 212
664 124
247 507
509 664
193 509
349 63
378 283
707 435
736 509
47 507
12 493 756 641 
12 493
756 641
12 756
387 694 22 300 152 582 
300 582
22 152
694 22
387 694
22 582
408 739 156 719 96 632 414 209 564 721 420 219 470 71 651 223 
408 739
156 408
719 408
96 156
632 719
414 408
209 632
564 414
721 564
420 721
219 209
470 414
71 96
651 414
223 71
627 759 577 459 306 768 84 626 763 404 
627 759
577 627
459 577
306 459
768 577
84 759
626 84
763 84
404 768
210 321 27 371 788 417 760 434 589 410 541 709 489 542 78 1 423 125 320 530 113 325 
210 321
27 210
371 321
788 27
417 371
760 371
434 760
589 788
410 589
541 434
709 434
489 410
542 760
78 542
1 589
423 434
125 78
320 1
530 320
113 489
325 709
189 258 773 298 479 456 439 
258 773
298 479
189 258
773 298
479 456
456 439
42 74 174 437 585 163 249 99 131 356 385 262 749 562 703 646 391 751 58 762 21 330 458 261 286 728 343 369 495 290 313 503 100 642 764 134 453 207 182 539 23 97 323 
42 74
174 42
437 174
585 437
163 74
249 437
99 249
131 437
356 163
385 42
262 385
749 163
562 131
703 385
646 385
391 249
751 99
58 562
762 391
21 249
330 751
458 330
261 21
286 762
728 58
343 286
369 262
495 385
290 286
313 343
503 286
100 751
642 21
764 131
134 100
453 749
207 343
182 458
539 207
23 182
97 764
323 453
556 790 59 107 
790 59
790 107
556 790
3 208 127 191 109 733 792 704 578 442 506 699 599 271 192 120 563 17 675 474 288 746 521 158 748 774 421 95 640 586 786 705 794 597 567 309 436 441 481 451 603 64 676 4 136 379 374 291 514 363 729 685 279 149 72 
3 208
127 3
191 208
109 191
733 109
792 127
704 127
578 792
442 733
506 704
699 442
599 506
271 127
192 442
120 699
563 599
17 578
675 271
474 17
288 675
746 563
521 599
158 699
748 746
774 521
421 288
95 774
640 421
586 474
786 521
705 421
794 95
597 705
567 786
309 705
436 794
441 567
481 309
451 309
603 436
64 451
676 603
4 603
136 603
379 603
374 441
291 603
514 136
363 451
729 363
685 481
279 685
149 374
72 291
