? 7 68 301 528 48 476 756 576 
? 7 167 526 400 444 744 467 93 
? 6 245 381 351 312 554 725 
? 6 102 222 461 453 240 348 
? 5 563 746 675 704 722 
? 5 149 287 374 253 336 
? 4 12 493 763 595 
? 4 565 740 604 693 
? 4 47 593 582 22 
? 4 208 376 191 538 
? 3 533 782 559 
? 3 123 159 333 
? 3 243 600 204 
!
768 
37 362 776 682 568 364 622 511 368 662 146 344 639 13 308 424 581 51 73 264 340 294 274 560 696 689 116 281 239 35 681 137 409 515 490 319 184 584 516 566 266 25 117 199 276 162 315 357 532 590 203 473 431 466 226 665 796 405 652 498 
37 362
776 362
682 776
568 682
364 568
622 568
511 362
368 511
662 511
146 662
344 511
639 368
13 364
308 511
424 622
581 424
51 344
73 424
264 308
340 13
294 264
274 51
560 368
696 73
689 340
116 73
281 73
239 264
35 560
681 281
137 689
409 681
515 274
490 239
319 560
184 319
584 340
516 409
566 584
266 319
25 409
117 584
199 266
276 199
162 516
315 276
357 490
532 162
590 357
203 515
473 532
431 266
466 203
226 239
665 409
796 490
405 473
652 665
498 466
70 579 508 797 20 667 673 780 587 535 570 412 523 781 254 367 211 350 742 477 620 497 738 195 246 527 112 432 190 106 345 519 40 702 26 602 499 45 168 690 752 34 181 457 57 753 483 425 501 229 196 524 103 415 46 413 791 355 316 176 723 713 108 465 750 206 215 205 571 120 711 17 695 586 158 474 729 53 578 625 765 699 792 758 428 10 363 192 442 536 733 615 88 705 580 90 387 353 597 717 214 109 322 421 694 795 640 271 127 3 
70 579
508 70
797 508
20 797
667 797
673 667
780 667
587 673
535 587
570 797
412 535
523 412
781 412
254 780
367 780
211 254
350 211
742 367
477 254
620 477
497 211
738 350
195 738
246 412
527 620
112 620
432 477
190 112
106 527
345 246
519 345
40 190
702 40
26 40
602 106
499 602
45 602
168 432
690 45
752 168
34 499
181 168
457 40
57 690
753 690
483 457
425 457
501 425
229 483
196 499
524 229
103 181
415 34
46 425
413 196
791 413
355 415
316 415
176 316
723 57
713 355
108 791
465 103
750 108
206 46
215 713
205 206
571 791
120 723
711 176
17 750
695 465
586 713
158 723
474 586
729 215
53 695
578 17
625 695
765 729
699 158
792 578
758 765
428 53
10 758
363 729
192 699
442 699
536 758
733 442
615 536
88 53
705 586
580 88
90 615
387 428
353 88
597 705
717 363
214 387
109 733
322 615
421 705
694 387
795 353
640 421
271 421
127 792
3 127
320 530 459 1 589 165 577 332 627 306 692 410 759 142 489 321 788 27 55 
320 530
459 530
1 530
589 1
165 459
577 165
332 577
627 1
306 165
692 165
410 627
759 627
142 577
489 410
321 589
788 410
27 321
55 692
275 430 157 730 242 124 778 63 435 283 507 5 659 212 329 193 664 607 509 247 349 378 
275 430
157 430
730 275
242 157
124 275
778 730
63 778
435 242
283 730
507 124
5 507
659 124
212 63
329 659
193 124
664 329
607 212
509 664
247 507
349 212
378 349
102 222 461 453 240 348 
102 222
222 461
453 240
240 348
102 453
551 650 66 2 771 672 731 79 114 256 133 140 152 712 697 130 115 404 300 250 
551 650
66 650
2 650
771 66
672 650
731 2
79 731
114 771
256 551
133 256
140 2
152 66
712 672
697 256
130 152
115 256
404 672
300 130
250 115
85 296 588 178 9 43 11 151 618 464 323 448 
85 296
588 85
178 85
9 178
43 9
11 178
151 11
618 151
464 618
323 588
448 618
243 600 204 
243 204
243 600
517 661 393 317 221 569 798 278 105 
517 661
393 517
317 661
221 517
569 393
798 221
278 393
105 278
149 287 374 253 336 
149 374
287 253
374 253
253 336
342 755 529 314 496 484 324 747 
342 755
529 755
314 755
496 529
484 496
324 496
747 314
123 159 333 
123 159
159 333
279 685 481 734 71 335 223 150 96 198 64 309 451 628 237 72 121 446 379 156 748 691 288 291 408 
279 685
481 279
734 685
71 279
335 734
223 71
150 335
96 279
198 335
64 481
309 64
451 64
628 198
237 71
72 96
121 198
446 237
379 72
156 96
748 481
691 121
288 309
291 72
408 156
233 636 284 427 512 292 263 375 429 89 402 382 277 727 29 761 613 252 403 663 380 202 634 370 447 220 601 592 558 504 39 135 61 624 18 119 688 235 398 293 789 354 547 706 573 179 605 454 31 82 169 224 520 359 769 32 30 361 543 251 418 302 75 44 668 550 658 
233 636
284 636
427 284
512 636
292 233
263 512
375 427
429 427
89 375
402 233
382 429
277 512
727 429
29 402
761 89
613 429
252 429
403 761
663 613
380 403
202 277
634 277
370 202
447 29
220 402
601 727
592 634
558 380
504 601
39 370
135 447
61 601
624 135
18 558
119 29
688 61
235 18
398 634
293 39
789 398
354 235
547 398
706 688
573 663
179 601
605 135
454 235
31 119
82 31
169 688
224 605
520 179
359 179
769 31
32 520
30 354
361 706
543 573
251 169
418 293
302 573
75 520
44 769
668 454
550 44
658 547
218 735 401 766 715 548 553 522 767 784 660 132 166 475 657 463 621 304 670 598 392 390 531 270 701 98 679 616 80 200 
218 735
401 218
766 218
715 401
548 218
553 766
522 715
767 548
784 767
660 522
132 784
166 767
475 660
657 660
463 657
621 132
304 553
670 463
598 621
392 304
390 132
531 598
270 132
701 670
98 304
679 531
616 670
80 270
200 390
188 
208 376 191 538 
208 376
376 191
191 538
225 445 540 468 373 285 655 545 339 654 232 28 641 783 110 365 638 331 626 
225 445
540 445
468 540
373 540
285 445
655 468
545 655
339 285
654 285
232 654
28 545
641 655
783 641
110 339
365 641
638 232
331 285
626 28
23 182 280 330 611 458 764 187 751 100 743 131 366 608 194 341 562 546 97 134 585 609 426 372 437 99 310 38 772 249 612 174 391 438 21 642 433 491 261 58 42 74 161 561 525 269 303 594 347 478 52 101 217 728 
23 182
280 23
330 182
611 280
458 330
764 23
187 280
751 458
100 751
743 187
131 330
366 611
608 366
194 608
341 743
562 131
546 341
97 764
134 100
585 131
609 743
426 366
372 97
437 131
99 751
310 372
38 608
772 38
249 99
612 609
174 437
391 249
438 612
21 249
642 21
433 743
491 612
261 21
58 562
42 174
74 42
161 426
561 433
525 38
269 525
303 161
594 525
347 269
478 161
52 372
101 642
217 491
728 58
521 774 786 95 794 567 599 680 506 441 
521 774
786 774
95 774
794 95
567 786
599 521
680 786
506 599
441 567
533 782 559 
533 782
782 559
286 762 343 313 646 207 495 290 388 503 757 703 385 539 487 262 334 163 369 422 749 272 356 619 185 41 
286 762
343 286
313 286
646 762
207 313
495 286
290 313
388 313
503 495
757 388
703 495
385 703
539 207
487 207
262 385
334 487
163 262
369 262
422 334
749 369
272 422
356 163
619 272
185 272
41 619
47 593 582 22 
47 593
582 22
593 582
244 656 534 799 708 741 669 94 248 128 126 406 710 
244 656
534 656
799 244
708 534
741 244
669 708
94 708
248 534
128 669
126 799
406 126
710 741
678 754 649 644 714 610 631 143 6 389 160 8 492 726 707 683 171 617 623 318 0 56 645 183 24 
678 754
649 678
644 678
714 678
610 754
631 610
143 631
6 143
389 649
160 644
8 644
492 389
726 492
707 8
683 8
171 143
617 492
623 492
318 617
0 318
56 160
645 56
183 683
24 726
167 526 400 444 744 467 93 
167 400
167 444
526 400
444 744
744 467
526 93
78 542 125 760 417 371 84 462 423 541 709 397 488 434 113 325 210 
78 542
125 78
760 542
417 542
371 417
84 125
462 84
423 760
541 423
709 541
397 462
488 397
434 541
113 488
325 709
210 371
419 700 637 216 15 328 352 138 630 326 736 91 213 572 635 666 241 518 
419 700
637 700
216 700
15 419
328 15
352 216
138 352
630 216
326 630
736 637
91 630
213 91
572 213
635 91
666 736
241 213
518 572
563 746 675 704 722 
746 675
704 722
563 746
563 722
145 671 234 139 549 16 574 67 384 297 450 338 552 230 299 377 785 469 19 505 307 471 684 502 81 596 777 
145 671
234 145
139 234
549 139
16 145
574 16
67 234
384 549
297 574
450 574
338 549
552 338
230 549
299 67
377 552
785 67
469 377
19 67
505 377
307 338
471 307
684 297
502 785
81 19
596 684
777 307
565 740 604 693 
740 604
565 693
565 740
245 381 351 312 554 725 
554 725
245 381
351 312
381 351
312 725
189 773 258 544 298 482 399 479 456 201 147 267 268 87 148 154 
189 773
258 189
544 773
298 773
482 544
399 544
479 298
456 479
201 456
147 201
267 201
268 267
87 268
148 87
154 147
118 460 172 255 719 514 676 4 603 436 
118 460
172 118
255 172
719 460
514 719
676 514
4 514
603 514
436 603
633 775 510 420 721 486 614 219 50 564 33 394 470 414 745 209 739 537 632 575 651 136 
633 775
510 633
420 633
721 420
486 633
614 486
219 775
50 219
564 721
33 614
394 614
470 564
414 564
745 219
209 219
739 414
537 33
632 209
575 470
651 564
136 632
68 301 528 48 476 756 576 
301 476
528 48
68 301
528 576
301 48
476 756
92 173 500 494 259 175 257 170 386 60 122 295 104 737 83 49 65 455 793 311 472 687 62 265 76 591 648 395 720 153 480 555 787 155 260 440 396 653 718 360 346 228 724 
92 173
500 92
494 173
259 500
175 92
257 259
170 175
386 170
60 175
122 60
295 257
104 295
737 173
83 737
49 170
65 122
455 65
793 83
311 737
472 49
687 472
62 472
265 104
76 62
591 793
648 49
395 62
720 648
153 395
480 311
555 591
787 480
155 265
260 648
440 155
396 720
653 555
718 396
360 440
346 440
228 346
724 787
12 493 763 595 
763 595
12 493
12 763
452 716 177 186 86 407 513 107 556 732 485 111 779 59 69 790 439 141 443 327 14 282 770 129 289 383 583 231 557 686 164 449 698 77 54 677 273 674 358 236 629 197 36 606 144 227 305 238 643 416 7 647 337 411 180 
452 716
177 452
186 716
86 716
407 452
513 716
107 513
556 107
732 407
485 186
111 485
779 177
59 556
69 779
790 485
439 69
141 790
443 485
327 485
14 111
282 111
770 59
129 732
289 770
383 282
583 14
231 141
557 289
686 557
164 686
449 686
698 557
77 698
54 698
677 383
273 449
674 677
358 674
236 677
629 273
197 629
36 236
606 629
144 629
227 197
305 779
238 236
643 227
416 227
7 643
647 416
337 238
411 305
180 411
