? 7 188 554 105 595 725 93 604 
? 7 245 381 314 351 747 312 238 
? 6 189 258 773 479 456 315 
? 6 165 692 577 332 306 84 
? 5 147 201 154 268 123 
? 5 324 496 565 755 400 
? 4 327 485 14 443 
? 4 59 556 107 141 
? 4 414 470 564 721 
? 4 575 635 651 213 
? 3 36 236 583 
? 3 444 641 626 
? 3 732 790 572 
!
739 
3 208 127 191 376 109 733 722 792 704 653 578 442 538 506 271 599 724 699 192 563 787 675 120 555 17 474 746 158 521 288 774 95 480 591 421 748 640 737 786 586 705 793 83 680 794 718 597 567 311 309 65 455 336 436 441 396 481 64 603 
3 208
127 3
191 3
376 208
109 376
733 109
722 208
792 127
704 722
653 722
578 792
442 733
538 109
506 722
271 127
599 506
724 109
699 442
192 442
563 599
787 538
675 271
120 699
555 653
17 578
474 17
746 563
158 699
521 599
288 675
774 521
95 774
480 787
591 555
421 675
748 746
640 421
737 480
786 521
586 474
705 421
793 591
83 737
680 521
794 95
718 680
597 421
567 786
311 737
309 421
65 591
455 65
336 718
436 567
441 567
396 718
481 309
64 309
603 436
233 636 284 263 427 512 375 292 429 89 382 402 277 727 29 613 252 403 370 663 202 380 761 447 592 220 601 558 634 504 61 119 135 39 624 18 235 688 398 293 789 354 179 454 573 706 31 82 605 769 224 169 520 547 32 251 361 302 30 418 658 359 75 543 668 550 450 305 674 44 574 710 596 684 358 411 172 677 16 297 452 118 180 177 584 241 460 716 307 779 498 566 86 117 383 405 407 777 94 282 186 342 518 484 513 337 529 111 689 137 
233 636
284 233
263 233
427 284
512 263
375 427
292 375
429 427
89 375
382 429
402 636
277 636
727 427
29 402
613 512
252 429
403 89
370 277
663 613
202 370
380 403
761 89
447 29
592 370
220 592
601 727
558 380
634 592
504 601
61 601
119 29
135 447
39 370
624 135
18 558
235 18
688 61
398 592
293 39
789 398
354 18
179 504
454 235
573 663
706 688
31 119
82 31
605 135
769 31
224 605
169 688
520 179
547 789
32 520
251 169
361 169
302 573
30 354
418 293
658 547
359 251
75 520
543 302
668 30
550 769
450 706
305 30
674 547
44 550
574 450
710 543
596 251
684 596
358 674
411 30
172 251
677 674
16 574
297 450
452 82
118 172
180 411
177 452
584 605
241 32
460 118
716 452
307 180
779 44
498 30
566 584
86 716
117 584
383 677
405 779
407 716
777 180
94 302
282 383
186 86
342 418
518 75
484 418
513 716
337 358
529 342
111 86
689 584
137 689
419 700 637 193 328 15 352 216 630 326 736 435 509 664 242 124 157 91 275 
419 700
637 700
193 419
328 700
15 419
352 700
216 352
630 216
326 630
736 637
435 419
509 736
664 509
242 435
124 509
157 242
91 326
275 157
279 685 223 335 71 150 734 96 198 451 72 446 628 379 237 156 717 121 691 408 138 291 
279 685
223 279
335 685
71 223
150 335
734 335
96 223
198 734
451 734
72 96
446 198
628 198
379 72
237 446
156 96
717 150
121 198
691 121
408 156
138 237
291 408
165 692 577 332 306 84 
165 692
577 332
165 306
692 577
332 84
145 671 234 549 139 338 67 299 785 552 471 469 19 561 502 81 510 633 486 775 
145 671
234 145
549 671
139 549
338 549
67 234
299 67
785 67
552 338
471 338
469 552
19 67
561 299
502 785
81 19
510 81
633 510
486 81
775 633
222 464 618 102 448 461 151 9 43 178 296 85 
222 464
618 222
102 618
448 618
461 102
151 618
9 151
43 9
178 9
296 178
85 296
732 790 572 
732 790
732 572
225 540 468 445 373 655 232 654 285 
225 540
468 540
445 540
373 225
655 468
232 225
654 225
285 654
324 496 565 755 400 
324 496
324 565
496 755
496 400
331 339 493 110 12 545 28 365 
331 339
493 331
110 331
12 110
545 110
28 545
365 545
444 641 626 
444 641
641 626
197 629 273 144 416 227 606 643 557 449 686 698 647 77 7 164 399 482 54 289 129 770 544 231 298 
197 629
273 629
144 629
416 197
227 416
606 629
643 144
557 273
449 557
686 449
698 606
647 643
77 698
7 643
164 449
399 647
482 647
54 698
289 686
129 289
770 289
544 399
231 164
298 482
70 579 508 797 20 667 673 535 587 570 780 781 412 254 367 523 742 211 350 497 738 477 620 246 195 527 112 190 432 345 106 702 519 26 40 602 752 34 499 168 45 690 181 457 753 425 57 483 229 501 524 196 413 415 103 46 791 355 176 571 316 723 713 108 750 465 205 
70 579
508 70
797 70
20 797
667 797
673 667
535 673
587 535
570 20
780 667
781 535
412 781
254 570
367 254
523 412
742 367
211 254
350 211
497 350
738 497
477 211
620 742
246 412
195 738
527 620
112 620
190 112
432 738
345 246
106 527
702 106
519 345
26 702
40 26
602 106
752 432
34 40
499 602
168 752
45 602
690 602
181 168
457 26
753 45
425 457
57 690
483 457
229 457
501 457
524 457
196 499
413 196
415 196
103 752
46 501
791 753
355 415
176 355
571 791
316 355
723 57
713 355
108 571
750 108
465 103
205 46
23 182 611 280 330 458 100 743 751 194 131 366 187 134 341 608 546 609 585 99 437 772 21 249 174 38 433 42 74 391 
23 182
611 182
280 23
330 182
458 330
100 458
743 280
751 100
194 611
131 330
366 194
187 743
134 100
341 743
608 366
546 341
609 743
585 131
99 458
437 585
772 546
21 99
249 99
174 437
38 772
433 743
42 174
74 42
391 21
240 
575 635 651 213 
635 213
575 635
575 651
525 594 149 537 374 745 33 394 4 209 50 614 632 219 676 136 719 514 420 
525 594
149 525
537 594
374 149
745 537
33 537
394 33
4 374
209 745
50 33
614 394
632 209
219 50
676 632
136 676
719 632
514 719
420 219
218 735 401 715 766 548 660 553 522 784 767 166 475 52 132 657 463 621 217 310 304 372 728 670 390 97 392 531 98 438 598 58 491 616 270 200 701 80 679 764 612 159 384 562 348 148 559 533 87 333 230 505 377 782 
218 735
401 218
715 401
766 218
548 766
660 218
553 766
522 715
784 735
767 784
166 784
475 522
52 715
132 784
657 522
463 522
621 132
217 553
310 52
304 548
372 52
728 463
670 657
390 660
97 372
392 304
531 166
98 304
438 372
598 531
58 728
491 438
616 670
270 132
200 390
701 616
80 200
679 531
764 372
612 491
159 701
384 98
562 764
348 616
148 621
559 598
533 679
87 148
333 559
230 98
505 98
377 230
782 533
63 778 212 730 430 768 55 243 24 142 
63 778
212 778
730 63
430 63
768 212
55 768
243 55
24 778
142 243
36 236 583 
36 236
36 583
210 321 27 371 788 417 589 760 434 410 541 542 78 489 423 113 709 320 1 125 325 530 459 759 638 627 
210 321
27 321
371 321
788 27
417 371
589 788
760 417
434 760
410 589
541 434
542 371
78 542
489 410
423 434
113 489
709 423
320 589
1 589
125 78
325 423
530 320
459 530
759 489
638 542
627 759
414 470 564 721 
470 564
564 721
414 564
68 301 476 48 528 756 167 576 526 763 467 783 744 
68 301
476 68
48 301
528 301
756 301
167 476
576 528
526 167
763 528
467 301
783 756
744 167
678 754 649 714 631 644 610 143 389 160 6 707 8 492 171 56 726 683 617 623 318 607 600 183 645 
678 754
649 678
714 754
631 754
644 678
610 631
143 631
389 649
160 644
6 143
707 644
8 644
492 649
171 6
56 160
726 649
683 8
617 492
623 492
318 617
607 160
600 143
183 726
645 56
245 381 314 351 747 312 238 
747 238
245 381
351 312
314 747
381 351
381 314
536 615 758 90 10 322 765 666 711 247 363 729 5 507 329 215 659 
536 615
758 615
90 615
10 536
322 615
765 758
666 322
711 758
247 666
363 322
729 363
5 666
507 5
329 247
215 729
659 329
214 387 694 88 580 428 625 53 695 353 582 593 378 795 349 47 283 206 
214 387
694 214
88 214
580 88
428 387
625 428
53 625
695 625
353 580
582 88
593 582
378 582
795 593
349 378
47 795
283 582
206 795
147 201 154 268 123 
147 154
147 201
201 268
154 123
385 703 262 369 762 646 343 495 749 503 163 539 286 313 207 290 356 323 453 334 588 619 272 41 422 11 185 
385 703
262 703
369 262
762 385
646 762
343 762
495 343
749 369
503 343
163 749
539 343
286 762
313 286
207 343
290 762
356 163
323 369
453 323
334 207
588 369
619 539
272 619
41 619
422 272
11 41
185 272
59 556 107 141 
59 107
556 141
59 141
189 258 773 479 456 315 
258 773
456 315
189 258
773 479
479 315
244 656 799 534 708 741 669 248 128 0 126 569 255 693 406 740 
244 656
799 244
534 244
708 656
741 244
669 708
248 708
128 708
0 248
126 656
569 126
255 128
693 741
406 569
740 693
517 661 317 393 221 488 397 278 798 462 
517 661
317 661
393 517
221 661
488 221
397 317
278 393
798 221
462 397
551 650 66 771 79 2 114 256 731 672 712 697 133 140 204 152 130 300 250 115 404 22 
551 650
66 650
771 551
79 551
2 771
114 2
256 551
731 2
672 66
712 650
697 256
133 256
140 2
204 133
152 771
130 152
300 130
250 204
115 250
404 300
22 152
188 554 105 595 725 93 604 
188 93
105 604
595 725
554 93
554 595
188 604
173 494 92 500 259 386 175 257 60 170 122 295 104 49 687 472 62 648 265 395 76 720 153 303 478 161 260 347 155 440 269 101 360 426 228 346 253 388 757 261 487 287 642 
173 494
92 173
500 173
259 500
386 500
175 386
257 259
60 175
170 386
122 175
295 257
104 295
49 170
687 49
472 687
62 472
648 49
265 104
395 62
76 472
720 648
153 395
303 687
478 303
161 478
260 161
347 260
155 265
440 153
269 260
101 76
360 440
426 161
228 360
346 228
253 347
388 101
757 388
261 757
487 228
287 253
642 261
327 485 14 443 
327 443
327 485
327 14
682 776 364 37 362 568 13 622 340 511 274 344 51 294 264 424 662 581 368 308 639 146 515 73 239 516 560 681 696 35 281 116 409 25 532 203 473 162 466 319 226 665 490 267 357 796 266 184 69 439 199 431 276 590 652 
682 776
364 682
37 776
362 37
568 364
13 364
622 568
340 13
511 362
274 776
344 274
51 274
294 274
264 294
424 622
662 511
581 424
368 662
308 511
639 581
146 662
515 51
73 639
239 264
516 568
560 368
681 581
696 581
35 560
281 681
116 639
409 581
25 516
532 516
203 515
473 532
162 473
466 203
319 35
226 239
665 409
490 226
267 203
357 490
796 357
266 319
184 319
69 532
439 473
199 266
431 266
276 199
590 357
652 25
