? 7 373 540 445 225 285 654 339 
? 7 610 631 617 318 600 492 0 
? 6 410 489 589 759 221 798 
? 6 419 700 637 328 216 15 
? 5 350 497 477 742 246 
? 5 138 352 630 237 71 
? 4 12 110 325 331 
? 4 57 690 45 753 
? 4 258 773 544 189 
? 4 345 519 791 413 
? 3 336 680 787 
? 3 311 480 572 
? 3 298 482 623 
!
695 
145 671 234 549 139 16 574 384 230 297 450 67 338 377 299 785 552 469 471 19 98 307 561 505 454 361 706 304 392 684 180 668 596 235 81 433 502 612 777 491 217 169 688 251 438 354 18 411 609 510 30 633 782 558 679 486 533 743 775 305 
145 671
234 671
549 671
139 549
16 145
574 16
384 139
230 549
297 574
450 297
67 234
338 230
377 338
299 67
785 67
552 338
469 552
471 469
19 67
98 230
307 471
561 299
505 469
454 574
361 450
706 361
304 98
392 304
684 361
180 307
668 180
596 684
235 454
81 19
433 561
502 81
612 561
777 180
491 612
217 491
169 361
688 169
251 169
438 491
354 235
18 235
411 180
609 433
510 81
30 411
633 510
782 505
558 18
679 782
486 81
533 679
743 609
775 633
305 30
185 422 272 151 11 619 41 618 102 448 334 487 539 178 222 461 228 9 360 464 346 503 207 440 495 343 296 85 588 313 43 286 155 153 290 762 703 385 646 388 369 757 265 262 395 101 391 749 62 21 642 323 249 261 76 163 104 42 74 99 174 295 472 453 356 437 134 585 751 257 100 240 687 426 170 458 131 478 386 562 330 259 49 161 58 303 500 92 123 728 366 182 348 347 23 173 494 608 175 194 260 764 60 616 670 611 648 269 122 701 
185 422
272 422
151 422
11 151
619 11
41 11
618 151
102 618
448 618
334 422
487 334
539 487
178 41
222 448
461 102
228 487
9 178
360 228
464 222
346 487
503 539
207 539
440 360
495 503
343 207
296 178
85 296
588 85
313 343
43 9
286 313
155 440
153 440
290 286
762 286
703 495
385 703
646 762
388 290
369 703
757 388
265 155
262 703
395 153
101 757
391 762
749 369
62 395
21 391
642 21
323 369
249 391
261 642
76 62
163 749
104 265
42 249
74 42
99 249
174 42
295 104
472 76
453 323
356 163
437 174
134 261
585 437
751 99
257 295
100 134
240 453
687 472
426 134
170 472
458 751
131 585
478 687
386 170
562 131
330 458
259 257
49 687
161 478
58 562
303 161
500 259
92 500
123 240
728 58
366 426
182 458
348 123
347 303
23 182
173 92
494 173
608 366
175 386
194 608
260 347
764 330
60 175
616 348
670 616
611 182
648 260
269 347
122 60
701 616
136 676 514 603 291 719 436 379 794 408 72 567 156 739 95 441 786 774 96 
136 676
514 136
603 676
291 514
719 514
436 603
379 291
794 436
408 719
72 379
567 436
156 72
739 408
95 794
441 567
786 567
774 95
96 72
167 526 400 301 744 444 48 467 756 528 576 641 783 763 365 312 655 28 351 545 468 381 
167 526
400 167
301 167
744 167
444 400
48 301
467 744
756 301
528 48
576 48
641 467
783 756
763 528
365 641
312 444
655 365
28 576
351 312
545 655
468 655
381 351
419 700 637 328 216 15 
419 700
700 637
637 328
328 216
419 15
172 460 118 359 575 635 179 32 213 241 91 470 61 504 651 520 564 326 414 75 
172 460
118 172
359 118
575 172
635 575
179 359
32 179
213 32
241 213
91 635
470 575
61 359
504 61
651 91
520 32
564 470
326 91
414 564
75 520
506 599 704 563 722 521 746 653 127 271 748 675 
506 599
704 506
563 599
722 704
521 599
746 563
653 722
127 704
271 563
748 746
675 271
298 482 623 
298 482
482 623
421 640 288 481 474 792 279 571 223 
421 640
288 640
481 640
474 421
792 474
279 481
571 474
223 279
138 352 630 237 71 
138 352
352 630
237 71
352 237
168 181 752 103 432 465 195 738 
168 181
752 168
103 168
432 752
465 103
195 432
738 195
311 480 572 
311 480
480 572
449 686 557 164 273 289 197 629 231 144 770 77 698 227 606 416 129 643 141 54 7 647 652 399 25 
449 686
557 449
164 686
273 557
289 686
197 273
629 197
231 164
144 629
770 289
77 629
698 77
227 144
606 144
416 227
129 289
643 227
141 231
54 698
7 643
647 643
652 54
399 647
25 652
551 650 66 2 79 771 672 114 731 256 712 697 152 133 140 130 204 115 404 300 250 22 768 55 349 692 306 582 165 332 378 142 694 243 607 212 214 577 283 63 387 778 593 580 730 171 88 160 353 56 459 6 428 530 625 795 143 320 47 53 430 714 1 275 645 627 157 
551 650
66 650
2 551
79 2
771 66
672 66
114 2
731 79
256 551
712 551
697 712
152 771
133 256
140 771
130 672
204 133
115 204
404 130
300 404
250 115
22 130
768 697
55 204
349 768
692 250
306 250
582 404
165 692
332 165
378 582
142 332
694 22
243 142
607 768
212 607
214 694
577 332
283 378
63 212
387 214
778 63
593 378
580 214
730 283
171 243
88 580
160 607
353 593
56 778
459 577
6 171
428 387
530 459
625 428
795 593
143 6
320 530
47 795
53 428
430 730
714 143
1 530
275 430
645 56
627 1
157 430
341 546 187 280 772 38 394 614 33 537 50 372 97 594 525 745 310 219 149 287 52 253 420 209 553 721 632 374 4 766 
341 546
187 341
280 187
772 546
38 772
394 772
614 394
33 394
537 33
50 33
372 187
97 372
594 38
525 594
745 50
310 97
219 745
149 525
287 149
52 310
253 525
420 219
209 219
553 52
721 420
632 209
374 149
4 374
766 553
493 
345 519 791 413 
345 519
791 413
519 791
566 584 117 605 224 473 162 516 624 135 498 447 466 29 220 282 383 14 658 
566 584
117 566
605 584
224 605
473 117
162 473
516 162
624 605
135 624
498 224
447 135
466 498
29 624
220 29
282 220
383 282
14 282
658 383
10 536 615 758 90 765 322 711 666 247 206 5 507 363 729 205 717 176 628 691 215 329 659 316 150 229 524 713 335 121 501 483 198 509 451 734 124 415 46 355 664 425 736 457 64 446 597 705 685 309 34 193 586 196 
10 536
615 10
758 10
90 615
765 758
322 90
711 765
666 322
247 666
206 711
5 247
507 5
363 765
729 363
205 206
717 363
176 729
628 322
691 628
215 176
329 247
659 329
316 176
150 628
229 316
524 229
713 215
335 150
121 691
501 524
483 229
198 335
509 329
451 717
734 335
124 659
415 316
46 501
355 713
664 509
425 501
736 664
457 483
64 451
446 121
597 64
705 597
685 734
309 64
34 415
193 736
586 705
196 34
65 455 793 591 720 83 718 555 396 737 
65 455
793 65
591 793
720 455
83 793
718 720
555 591
396 718
737 83
336 680 787 
336 680
680 787
218 735 401 715 548 767 784 522 660 132 166 657 475 621 463 390 531 598 270 200 80 159 148 87 333 154 
218 735
401 218
715 401
548 218
767 548
784 767
522 715
660 522
132 784
166 784
657 522
475 660
621 132
463 657
390 475
531 166
598 531
270 621
200 390
80 270
159 463
148 598
87 148
333 148
154 333
258 773 544 189 
258 773
258 189
773 544
8 707 683 644 435 649 183 726 242 678 389 754 24 
8 707
683 707
644 8
435 707
649 644
183 683
726 183
242 435
678 649
389 649
754 678
24 726
263 512 429 636 284 427 233 382 613 375 663 727 277 89 252 292 202 402 370 601 634 761 592 403 380 
263 512
429 263
636 263
284 636
427 429
233 636
382 427
613 512
375 427
663 613
727 382
277 663
89 375
252 727
292 375
202 277
402 233
370 277
601 727
634 370
761 89
592 634
403 761
380 761
610 631 617 318 600 492 0 
610 631
617 492
318 0
617 318
631 600
610 617
70 579 508 797 20 667 673 570 587 535 780 781 412 523 367 254 211 
70 579
508 70
797 508
20 797
667 797
673 667
570 20
587 673
535 673
780 667
781 535
412 781
523 412
367 780
254 367
211 254
192 442 699 733 109 158 120 191 724 376 723 3 208 538 108 578 17 750 
192 442
699 192
733 442
109 733
158 699
120 699
191 109
724 109
376 109
723 158
3 191
208 3
538 724
108 120
578 108
17 108
750 108
350 497 477 742 246 
350 477
350 497
742 246
477 742
177 452 716 407 513 186 86 82 769 107 556 31 779 732 111 44 443 69 485 790 59 119 550 405 439 327 532 
177 452
716 452
407 716
513 407
186 407
86 186
82 177
769 82
107 513
556 107
31 769
779 769
732 513
111 86
44 779
443 556
69 779
485 443
790 443
59 107
119 31
550 44
405 69
439 69
327 443
532 405
57 690 45 753 
45 753
57 690
690 753
410 489 589 759 221 798 
410 489
489 589
410 759
221 798
489 798
358 674 547 677 398 238 236 36 245 583 255 518 128 248 661 317 
358 674
547 674
677 358
398 547
238 677
236 238
36 236
245 238
583 36
255 398
518 255
128 255
248 128
661 248
317 661
26 40 702 190 499 112 106 602 527 620 
26 40
702 40
190 26
499 702
112 190
106 702
602 499
527 112
620 112
78 125 542 417 371 760 638 84 462 788 397 232 488 541 27 423 113 626 709 321 434 210 
78 125
542 78
417 542
371 417
760 417
638 542
84 638
462 84
788 371
397 462
232 638
488 397
541 760
27 788
423 541
113 488
626 84
709 423
321 27
434 541
210 321
373 540 445 225 285 654 339 
540 445
445 225
285 339
654 339
373 540
225 285
565 740 324 693 484 496 604 105 741 529 406 188 710 554 418 595 755 569 342 543 725 93 244 656 534 799 278 293 393 126 94 669 708 302 39 573 314 517 747 476 789 68 337 
565 740
324 740
693 565
484 324
496 324
604 496
105 604
741 693
529 484
406 105
188 105
710 741
554 188
418 710
595 554
755 529
569 406
342 755
543 710
725 595
93 725
244 741
656 244
534 244
799 656
278 595
293 418
393 569
126 393
94 543
669 94
708 669
302 94
39 293
573 302
314 755
517 393
747 314
476 93
789 39
68 476
337 747
12 110 325 331 
12 325
12 331
110 325
35 560 319 368 146 662 184 266 431 199 590 511 276 308 639 357 116 362 315 37 490 73 239 424 264 294 776 201 696 281 796 682 344 622 456 581 568 681 364 274 51 226 515 147 409 13 203 340 137 689 268 665 479 559 267 
35 560
319 35
368 560
146 560
662 146
184 319
266 184
431 184
199 266
590 184
511 662
276 199
308 511
639 368
357 590
116 639
362 511
315 276
37 362
490 357
73 639
239 308
424 73
264 239
294 264
776 37
201 357
696 73
281 696
796 490
682 776
344 294
622 424
456 315
581 424
568 622
681 696
364 568
274 344
51 274
226 239
515 51
147 201
409 681
13 364
203 515
340 13
137 274
689 137
268 226
665 409
479 456
559 268
267 203
