? 7 68 301 48 476 744 167 526 
? 7 245 381 314 351 747 312 238 
? 6 66 672 771 140 712 768 
? 6 222 464 461 43 296 85 
? 5 443 790 485 141 556 
? 5 258 773 189 479 456 
? 4 93 554 725 595 
? 4 147 201 154 267 
? 4 439 732 107 59 
? 4 14 327 583 36 
? 3 496 604 755 
? 3 400 444 236 
? 3 50 745 420 
!
240 
218 735 401 766 715 553 767 548 522 784 52 166 660 132 657 475 217 621 310 463 372 390 304 670 728 598 531 392 97 98 491 701 58 679 616 438 270 200 80 384 612 764 159 562 87 533 148 348 559 505 333 230 377 131 782 268 187 139 743 609 
218 735
401 218
766 218
715 401
553 218
767 766
548 766
522 715
784 735
52 401
166 784
660 522
132 784
657 522
475 660
217 553
621 132
310 52
463 522
372 310
390 660
304 553
670 463
728 670
598 166
531 598
392 304
97 372
98 304
491 217
701 463
58 728
679 531
616 670
438 491
270 390
200 390
80 270
384 98
612 491
764 97
159 701
562 58
87 531
533 679
148 87
348 701
559 531
505 98
333 148
230 98
377 505
131 562
782 679
268 559
187 612
139 384
743 187
609 743
233 636 284 427 512 375 263 429 292 89 382 402 727 29 761 277 613 252 380 663 202 592 403 370 220 447 634 601 558 504 61 39 18 135 624 119 789 235 688 398 293 354 454 179 706 82 573 31 605 547 169 32 769 520 224 418 30 361 251 543 359 75 302 658 668 674 550 358 44 710 305 450 574 684 677 596 411 584 177 566 16 779 307 452 118 297 407 172 180 460 86 716 498 241 117 94 383 282 518 337 405 777 69 342 111 513 529 484 213 186 
233 636
284 233
427 284
512 284
375 427
263 512
429 427
292 427
89 375
382 429
402 233
727 429
29 402
761 89
277 263
613 512
252 727
380 761
663 613
202 663
592 202
403 380
370 592
220 402
447 29
634 277
601 727
558 380
504 601
61 403
39 370
18 558
135 447
624 135
119 624
789 634
235 18
688 61
398 789
293 39
354 235
454 235
179 601
706 688
82 119
573 663
31 82
605 624
547 398
169 688
32 179
769 31
520 32
224 605
418 293
30 354
361 169
251 169
543 573
359 179
75 520
302 573
658 547
668 30
674 547
550 769
358 674
44 550
710 543
305 30
450 706
574 450
684 251
677 674
596 169
411 30
584 550
177 769
566 584
16 574
779 44
307 668
452 177
118 359
297 450
407 452
172 118
180 668
460 118
86 452
716 452
498 305
241 32
117 550
94 302
383 658
282 383
518 75
337 358
405 117
777 180
69 405
342 337
111 282
513 452
529 342
484 529
213 241
186 86
678 754 649 714 631 644 610 389 160 8 492 683 726 617 318 0 183 623 24 
678 754
649 678
714 754
631 754
644 678
610 631
389 649
160 644
8 644
492 389
683 8
726 8
617 492
318 617
0 318
183 683
623 492
24 726
536 615 758 10 322 90 765 666 711 717 363 729 795 47 206 691 628 150 215 734 335 121 
536 615
758 615
10 536
322 615
90 322
765 758
666 322
711 758
717 322
363 717
729 363
795 536
47 795
206 758
691 666
628 691
150 628
215 729
734 150
335 150
121 691
222 464 461 43 296 85 
222 464
222 461
43 296
296 85
464 43
145 671 234 549 67 338 785 469 552 471 19 502 81 633 510 486 775 575 721 470 
145 671
234 145
549 234
67 234
338 671
785 67
469 338
552 338
471 469
19 67
502 785
81 19
633 81
510 633
486 81
775 633
575 502
721 510
470 721
517 661 317 798 397 278 462 763 188 105 84 528 
517 661
317 661
798 517
397 317
278 317
462 397
763 462
188 278
105 188
84 462
528 763
50 745 420 
50 745
50 420
331 339 654 493 638 626 125 576 756 
331 339
654 339
493 331
638 654
626 638
125 638
576 626
756 576
258 773 189 479 456 
258 773
258 189
773 479
479 456
11 151 618 9 102 178 448 185 
11 151
618 151
9 11
102 618
178 11
448 151
185 151
400 444 236 
400 444
400 236
275 430 157 778 730 124 645 63 435 242 659 507 607 283 56 378 212 5 329 193 707 247 349 509 664 
275 430
157 430
778 430
730 275
124 275
645 157
63 778
435 645
242 157
659 124
507 659
607 778
283 730
56 778
378 283
212 63
5 507
329 659
193 124
707 435
247 5
349 63
509 659
664 509
70 579 508 797 20 667 673 570 780 535 587 781 523 412 254 367 211 742 350 246 527 477 620 738 497 195 112 432 106 190 345 519 40 26 602 702 752 690 45 499 168 457 34 181 57 753 483 425 196 524 501 229 103 413 791 415 46 355 316 723 571 176 713 108 205 750 465 
70 579
508 70
797 579
20 797
667 797
673 667
570 20
780 667
535 673
587 535
781 780
523 781
412 523
254 780
367 254
211 254
742 367
350 211
246 412
527 367
477 211
620 367
738 350
497 738
195 738
112 620
432 497
106 527
190 620
345 246
519 345
40 190
26 40
602 106
702 106
752 432
690 602
45 602
499 602
168 752
457 26
34 499
181 168
57 690
753 690
483 457
425 457
196 499
524 457
501 483
229 483
103 181
413 753
791 753
415 413
46 425
355 415
316 355
723 690
571 791
176 316
713 355
108 571
205 46
750 108
465 103
260 347 269 161 478 648 303 720 426 366 687 253 608 194 49 525 594 396 287 149 472 38 122 134 76 611 100 60 62 175 
260 347
269 347
161 347
478 161
648 260
303 478
720 648
426 478
366 426
687 478
253 269
608 366
194 608
49 687
525 253
594 525
396 720
287 525
149 287
472 687
38 594
122 49
134 426
76 472
611 194
100 134
60 122
62 76
175 60
123 
14 327 583 36 
14 327
14 583
583 36
279 685 481 71 223 198 64 96 451 72 379 237 446 156 291 408 736 138 676 
279 685
481 279
71 279
223 71
198 685
64 481
96 279
451 64
72 96
379 72
237 71
446 237
156 96
291 156
408 156
736 446
138 237
676 291
3 208 127 376 109 191 733 704 792 722 442 653 699 192 271 578 724 599 506 555 17 675 563 120 538 591 787 158 474 288 746 521 774 95 480 421 748 586 640 680 786 793 83 597 794 737 705 718 309 311 567 455 336 65 
3 208
127 3
376 208
109 376
191 376
733 109
704 3
792 127
722 704
442 733
653 722
699 442
192 442
271 127
578 792
724 109
599 722
506 599
555 653
17 578
675 271
563 599
120 699
538 724
591 555
787 555
158 699
474 578
288 675
746 563
521 599
774 521
95 774
480 787
421 288
748 563
586 474
640 421
680 521
786 521
793 591
83 793
597 421
794 95
737 787
705 421
718 680
309 597
311 737
567 786
455 793
336 718
65 455
514 603 136 436 719 4 632 374 209 219 
514 603
136 514
436 603
719 514
4 603
632 719
374 4
209 632
219 209
496 604 755 
496 604
496 755
23 182 280 458 330 751 341 546 585 437 99 772 433 249 21 174 42 391 74 561 394 614 537 762 33 299 
23 182
280 23
458 182
330 458
751 458
341 280
546 341
585 751
437 585
99 751
772 546
433 341
249 99
21 249
174 437
42 174
391 21
74 42
561 433
394 772
614 394
537 394
762 391
33 614
299 561
439 732 107 59 
107 59
732 107
439 732
468 540 445 655 225 545 373 365 28 641 783 285 467 
468 540
445 540
655 468
225 445
545 540
373 445
365 655
28 655
641 365
783 641
285 225
467 641
197 629 273 144 227 606 416 643 557 686 449 698 77 164 7 647 399 54 482 289 770 129 544 231 298 
197 629
273 629
144 197
227 629
606 197
416 197
643 416
557 273
686 557
449 273
698 629
77 698
164 449
7 643
647 643
399 647
54 698
482 647
289 449
770 289
129 289
544 482
231 164
298 544
245 381 314 351 747 312 238 
747 238
245 381
351 312
314 747
381 351
381 314
88 580 214 387 694 53 428 353 625 22 593 582 130 300 695 404 152 
88 580
214 580
387 214
694 214
53 88
428 53
353 88
625 428
22 214
593 353
582 593
130 22
300 130
695 625
404 300
152 22
637 700 419 216 352 15 328 630 326 91 651 572 635 255 414 564 739 128 
637 700
419 700
216 700
352 216
15 419
328 419
630 216
326 630
91 630
651 91
572 15
635 91
255 572
414 651
564 414
739 414
128 255
443 790 485 141 556 
443 141
485 141
141 556
790 141
173 494 92 500 259 386 257 170 295 104 395 265 153 155 440 360 101 228 346 388 487 757 261 642 334 290 441 
173 494
92 173
500 92
259 500
386 259
257 259
170 386
295 257
104 295
395 104
265 104
153 395
155 265
440 153
360 440
101 395
228 360
346 228
388 101
487 228
757 388
261 101
642 261
334 487
290 388
441 170
147 201 154 267 
147 154
147 201
201 267
66 672 771 140 712 768 
712 768
66 771
771 140
672 771
672 768
244 656 534 799 669 708 248 741 126 693 740 569 406 565 324 393 
244 656
534 244
799 244
669 244
708 669
248 656
741 799
126 799
693 741
740 693
569 126
406 569
565 693
324 740
393 569
423 541 434 325 709 417 110 12 542 232 
423 541
434 541
325 423
709 423
417 541
110 325
12 110
542 417
232 325
385 703 262 646 495 369 343 503 163 286 539 749 207 313 356 323 453 619 588 272 422 41 
385 703
262 385
646 703
495 703
369 262
343 495
503 495
163 369
286 343
539 495
749 163
207 343
313 286
356 163
323 749
453 323
619 539
588 619
272 619
422 272
41 619
68 301 48 476 744 167 526 
301 476
167 526
68 301
68 526
301 48
744 167
320 530 459 1 589 577 165 306 332 759 627 410 692 142 489 27 250 55 115 788 321 243 210 113 204 133 256 600 171 371 731 114 79 6 551 221 2 650 697 488 760 78 143 
320 530
459 530
1 530
589 1
577 459
165 577
306 165
332 577
759 1
627 759
410 759
692 165
142 577
489 410
27 589
250 692
55 142
115 692
788 27
321 27
243 142
210 321
113 489
204 115
133 115
256 133
600 759
171 243
371 788
731 256
114 731
79 114
6 171
551 731
221 489
2 731
650 551
697 133
488 221
760 371
78 371
143 6
93 554 725 595 
725 595
93 554
554 595
37 362 682 776 568 364 622 511 662 13 344 308 424 368 639 73 146 294 581 274 51 340 264 560 116 696 281 681 239 35 689 515 137 319 184 409 266 25 516 490 199 203 276 532 357 431 162 473 590 226 315 796 665 652 466 
37 362
682 362
776 682
568 682
364 568
622 568
511 776
662 511
13 364
344 682
308 662
424 622
368 662
639 368
73 639
146 662
294 308
581 424
274 344
51 274
340 13
264 294
560 368
116 73
696 73
281 73
681 281
239 264
35 560
689 340
515 274
137 689
319 35
184 319
409 681
266 319
25 409
516 25
490 239
199 266
203 515
276 199
532 516
357 490
431 266
162 532
473 532
590 357
226 239
315 276
796 357
665 681
652 25
466 203
