? 14 231 593 196 406 615 643 583 590 106 227 717 56 523 395 
? 12 407 540 286 422 544 680 20 527 214 580 125 570 
? 12 113 559 289 542 665 115 375 654 330 350 32 461 
? 12 469 725 365 287 675 676 310 778 712 510 70 464 
? 12 309 374 757 529 766 250 592 695 575 473 480 674 
? 11 545 721 577 472 21 148 562 603 183 255 578 
? 11 98 189 700 387 202 458 328 668 664 50 576 
? 11 120 308 760 448 91 455 10 73 796 245 498 
? 11 300 454 122 134 131 673 669 691 244 782 619 
? 10 737 793 332 585 8 76 378 595 36 159 
? 10 288 361 211 79 246 165 26 318 60 59 
? 10 612 635 241 521 489 442 162 621 353 46 
? 10 114 660 389 285 484 564 762 429 718 97 
? 10 627 774 440 565 638 240 646 37 194 404 
? 9 137 550 573 181 306 95 631 697 150 
? 9 377 494 508 462 171 383 696 790 248 
? 9 57 112 262 513 657 338 409 247 516 
? 9 96 491 311 334 63 13 52 317 515 
? 9 474 522 99 401 35 204 459 18 251 
? 8 394 775 482 180 548 232 259 88 
? 8 710 777 273 380 44 526 608 647 
? 8 78 86 586 58 794 51 283 94 
? 8 155 501 4 48 92 478 357 135 
? 8 433 439 539 45 272 670 726 349 
? 8 220 616 302 157 23 745 688 282 
? 8 426 582 531 269 111 715 0 628 
? 8 102 352 19 265 294 415 5 344 
? 8 69 260 337 756 438 107 420 358 
? 8 417 601 226 100 359 391 624 398 
? 7 693 748 623 291 217 381 15 
? 7 65 210 467 43 195 147 29 
? 7 496 758 379 31 444 650 393 
? 7 33 216 687 761 123 549 242 
? 7 68 471 708 517 596 770 666 
? 7 206 234 12 39 754 789 620 
? 7 360 552 355 212 430 270 223 
? 7 177 561 694 293 780 14 193 
? 7 47 385 117 546 729 477 108 
? 7 271 677 485 16 509 755 419 
? 7 416 431 645 445 322 713 512 
? 6 520 541 451 388 161 746 
? 6 397 563 452 740 6 597 
? 6 418 797 187 724 326 751 
? 6 3 324 683 281 752 487 
? 6 160 348 759 557 706 40 
? 6 218 345 53 607 572 735 
? 6 476 581 702 104 77 685 
? 6 175 298 166 769 62 185 
? 6 372 636 101 681 119 470 
? 6 432 475 307 749 257 158 
? 5 132 642 290 744 362 
? 5 423 730 535 534 275 
? 5 55 604 414 49 341 
? 5 266 425 121 795 503 
? 5 1 139 367 659 599 
? 5 54 66 798 316 678 
? 5 207 213 81 633 651 
? 5 421 579 128 618 280 
? 5 133 731 85 127 249 
? 5 83 228 655 567 301 
? 5 109 235 392 767 116 
? 5 483 649 637 75 382 
? 5 566 722 313 267 558 
? 4 238 258 719 446 
? 4 441 584 434 103 
? 4 28 634 641 296 
? 4 149 243 252 329 
? 4 30 38 239 732 
? 4 689 699 2 437 
? 4 153 587 772 304 
? 4 67 537 327 126 
? 4 140 465 84 720 
? 4 138 589 764 554 
? 4 347 560 178 156 
? 4 356 682 556 136 
? 4 400 605 783 741 
? 4 684 705 436 497 
? 4 74 179 233 773 
? 4 299 333 768 614 
? 4 254 771 672 384 
? 4 339 435 781 192 
? 4 197 253 263 568 
? 4 610 690 41 626 
? 4 698 734 412 335 
? 4 277 305 201 457 
? 4 402 447 488 142 
? 3 9 617 733 
? 3 315 776 191 
? 3 184 630 303 
? 3 198 528 215 
? 3 662 779 268 
? 3 7 87 351 
? 3 17 173 739 
? 3 297 507 686 
? 3 295 505 366 
? 3 486 629 609 
? 3 753 765 518 
? 3 208 456 500 
? 3 390 639 723 
? 3 569 736 747 
? 3 219 386 24 
? 3 600 701 11 
? 3 602 742 692 
? 3 230 598 738 
? 3 551 667 571 
? 3 222 279 167 
? 3 71 711 648 
? 3 82 371 110 
? 3 274 652 492 
? 3 27 625 555 
? 3 524 533 203 
? 3 174 410 743 
? 3 346 661 449 
? 3 34 671 169 
? 3 532 606 716 
? 3 506 653 72 
? 3 221 466 168 
!
792 
402 447 488 142 
447 488
402 142
402 447
416 431 645 445 322 713 512 
645 512
416 431
431 512
713 512
322 713
416 445
271 677 485 16 509 755 419 
485 16
509 755
677 16
271 677
485 509
271 419
627 774 440 565 638 240 646 37 194 404 
240 194
440 646
646 37
638 404
774 440
565 646
627 240
774 240
37 404
788 
566 722 313 267 558 
566 722
722 267
566 313
313 558
340 543 
340 543
728 
277 305 201 457 
277 201
277 305
305 457
698 734 412 335 
698 734
734 335
698 412
610 690 41 626 
610 41
690 626
610 690
221 466 168 
221 466
466 168
704 
417 601 226 100 359 391 624 398 
417 100
601 100
100 359
391 398
226 624
226 359
601 391
342 611 
342 611
506 653 72 
506 653
506 72
474 522 99 401 35 204 459 18 251 
474 522
522 99
99 401
35 251
401 204
99 18
99 35
459 18
96 491 311 334 63 13 52 317 515 
317 515
96 317
334 63
63 52
96 491
491 311
13 515
96 334
336 679 
336 679
69 260 337 756 438 107 420 358 
337 420
69 438
756 438
69 337
756 358
438 107
69 260
172 481 124 399 787 493 264 186 64 144 199 164 314 791 364 
172 481
124 172
399 124
787 481
493 399
264 787
186 399
64 264
144 493
199 186
164 199
314 144
791 144
364 199
656 
102 352 19 265 294 415 5 344 
102 352
352 265
19 294
19 5
102 19
352 415
294 344
432 475 307 749 257 158 
475 307
432 307
432 257
475 749
432 158
197 253 263 568 
253 263
197 568
197 253
622 
532 606 716 
532 716
532 606
339 435 781 192 
781 192
339 435
339 192
34 671 169 
34 169
34 671
47 385 117 546 729 477 108 
729 108
477 108
47 385
117 477
385 117
117 546
426 582 531 269 111 715 0 628 
582 531
531 111
111 715
531 269
426 582
269 628
0 628
254 771 672 384 
254 771
254 672
254 384
220 616 302 157 23 745 688 282 
220 616
23 282
302 282
616 302
688 282
220 745
616 157
299 333 768 614 
299 768
768 614
299 333
177 561 694 293 780 14 193 
293 14
177 561
177 14
293 193
177 780
561 694
25 209 
25 209
613 
360 552 355 212 430 270 223 
360 552
355 212
552 223
212 430
360 430
360 270
591 
483 649 637 75 382 
649 75
483 75
649 637
483 382
574 
309 374 757 529 766 250 592 695 575 473 480 674 
575 480
250 592
309 480
757 674
757 529
529 766
766 695
529 250
309 529
374 250
473 674
514 784 
514 784
346 661 449 
346 449
661 449
433 439 539 45 272 670 726 349 
433 439
433 539
272 670
439 45
439 670
45 726
272 349
74 179 233 773 
74 179
179 773
74 233
174 410 743 
174 410
174 743
511 
413 663 369 354 553 236 495 229 644 325 427 714 319 61 376 525 799 373 750 536 22 408 
413 663
369 663
354 663
553 369
236 369
495 553
229 354
644 354
325 236
427 644
714 644
319 229
61 325
376 61
525 427
799 714
373 325
750 525
536 495
22 799
408 536
145 538 
145 538
109 235 392 767 116 
109 235
235 116
235 392
767 116
83 228 655 567 301 
228 655
83 567
83 301
655 567
155 501 4 48 92 478 357 135 
155 4
155 501
478 357
48 92
501 357
4 48
155 135
57 112 262 513 657 338 409 247 516 
409 516
112 262
262 513
409 247
262 657
513 247
57 513
112 338
499 
78 86 586 58 794 51 283 94 
78 586
86 586
86 58
283 94
794 283
78 794
58 51
684 705 436 497 
436 497
684 705
705 497
400 605 783 741 
605 783
400 783
400 741
206 234 12 39 754 789 620 
206 234
234 754
12 39
234 12
206 789
12 620
460 
133 731 85 127 249 
133 731
731 127
133 85
731 249
524 533 203 
524 533
524 203
377 494 508 462 171 383 696 790 248 
377 494
377 508
494 171
508 462
377 383
171 696
383 248
462 790
356 682 556 136 
356 556
356 682
556 136
231 593 196 406 615 643 583 590 106 227 717 56 523 395 
196 406
643 227
593 583
231 593
231 196
643 717
593 615
56 395
406 643
615 56
106 717
583 523
590 56
347 560 178 156 
347 178
560 178
178 156
114 660 389 285 484 564 762 429 718 97 
660 285
660 389
114 389
660 762
285 429
429 97
660 484
718 97
114 564
469 725 365 287 675 676 310 778 712 510 70 464 
510 70
725 676
469 725
712 510
310 778
287 675
510 464
676 712
365 675
287 464
469 310
27 625 555 
27 625
27 555
274 652 492 
274 492
274 652
138 589 764 554 
764 554
138 589
589 764
421 579 128 618 280 
421 128
618 280
421 579
128 280
453 
140 465 84 720 
140 720
140 465
465 84
372 636 101 681 119 470 
372 101
636 681
119 470
372 636
636 470
82 371 110 
371 110
82 371
363 502 
363 502
405 
90 786 
90 786
71 711 648 
71 711
711 648
612 635 241 521 489 442 162 621 353 46 
635 521
489 442
635 442
241 521
612 46
612 162
162 353
621 353
612 241
175 298 166 769 62 185 
166 769
175 298
175 769
769 62
175 185
207 213 81 633 651 
207 213
213 81
213 651
81 633
396 
222 279 167 
279 167
222 279
551 667 571 
551 667
667 571
230 598 738 
230 598
598 738
602 742 692 
742 692
602 742
600 701 11 
600 11
701 11
288 361 211 79 246 165 26 318 60 59 
288 211
318 60
246 59
361 79
26 60
361 211
79 246
211 26
165 26
67 537 327 126 
537 327
67 537
327 126
153 587 772 304 
587 304
153 587
587 772
219 386 24 
219 386
219 24
569 736 747 
569 736
736 747
129 176 
129 176
300 454 122 134 131 673 669 691 244 782 619 
300 454
131 669
691 782
673 244
454 122
122 131
691 244
669 782
131 619
122 134
190 463 
190 463
113 559 289 542 665 115 375 654 330 350 32 461 
113 559
115 654
375 461
289 32
115 461
113 542
559 665
289 542
665 654
665 350
375 330
321 
476 581 702 104 77 685 
702 104
476 581
702 77
581 104
77 685
320 
390 639 723 
390 639
390 723
208 456 500 
208 456
208 500
218 345 53 607 572 735 
53 572
345 53
345 735
218 53
218 607
68 471 708 517 596 770 666 
68 471
596 770
471 708
68 770
517 770
596 666
146 703 
146 703
137 550 573 181 306 95 631 697 150 
573 150
137 150
573 95
550 306
181 306
550 631
573 181
137 697
54 66 798 316 678 
54 66
66 316
66 798
54 678
160 348 759 557 706 40 
160 706
759 40
348 557
706 40
348 40
80 152 
80 152
689 699 2 437 
2 437
699 437
689 699
33 216 687 761 123 549 242 
216 687
761 549
33 761
761 242
33 687
687 123
292 
120 308 760 448 91 455 10 73 796 245 498 
796 245
91 455
73 245
455 796
448 245
760 455
308 91
120 91
760 498
760 10
3 324 683 281 752 487 
324 487
3 324
683 281
324 752
3 683
98 189 700 387 202 458 328 668 664 50 576 
98 700
458 664
98 387
189 202
98 576
387 328
387 202
700 668
664 576
668 50
284 
154 547 
154 547
496 758 379 31 444 650 393 
758 393
496 393
758 444
758 650
379 444
496 31
261 
710 777 273 380 44 526 608 647 
710 777
710 273
777 647
777 380
44 526
380 608
44 647
65 210 467 43 195 147 29 
467 147
210 43
65 467
65 195
65 43
467 29
753 765 518 
753 765
753 518
256 
545 721 577 472 21 148 562 603 183 255 578 
545 148
577 183
545 721
472 562
21 578
721 472
21 562
603 578
721 183
577 255
486 629 609 
486 629
629 609
224 
170 530 93 640 312 343 763 727 594 504 200 443 276 237 278 331 
170 530
93 170
640 93
312 170
343 312
763 312
727 640
594 343
504 640
200 763
443 727
276 200
237 727
278 594
331 727
295 505 366 
295 505
505 366
403 785 
403 785
368 632 
368 632
297 507 686 
507 686
297 507
693 748 623 291 217 381 15 
748 217
291 381
381 15
291 217
748 623
693 217
17 173 739 
17 739
173 739
7 87 351 
87 351
7 351
1 139 367 659 599 
367 599
1 139
1 659
139 599
266 425 121 795 503 
425 121
121 795
266 425
266 503
30 38 239 732 
30 239
30 38
30 732
418 797 187 724 326 751 
418 797
187 326
797 724
724 751
418 187
225 707 
225 707
141 490 
141 490
662 779 268 
779 268
662 779
394 775 482 180 548 232 259 88 
232 88
775 180
394 775
394 482
548 232
180 232
232 259
205 
188 323 
188 323
130 588 182 428 519 118 479 468 143 89 42 424 658 370 411 
130 588
182 130
428 182
519 182
118 588
479 118
468 118
143 468
89 519
42 89
424 428
658 424
370 424
411 42
198 528 215 
198 528
198 215
397 563 452 740 6 597 
397 740
563 6
397 563
563 452
740 597
149 243 252 329 
252 329
149 329
243 329
55 604 414 49 341 
55 414
49 341
604 49
55 604
28 634 641 296 
634 296
28 296
28 641
184 630 303 
184 630
630 303
407 540 286 422 544 680 20 527 214 580 125 570 
286 544
422 680
407 422
286 422
544 20
540 544
680 570
20 125
540 580
407 527
527 214
163 
450 709 
450 709
520 541 451 388 161 746 
161 746
520 541
541 161
541 388
451 161
423 730 535 534 275 
423 535
423 275
730 535
535 534
315 776 191 
315 191
315 776
9 617 733 
9 733
617 733
132 642 290 744 362 
132 290
290 362
132 744
642 290
151 
441 584 434 103 
434 103
441 434
584 103
737 793 332 585 8 76 378 595 36 159 
332 378
793 332
76 595
793 585
8 595
8 36
793 76
737 793
595 159
238 258 719 446 
238 446
238 258
719 446
105 
