? 14 433 439 45 539 272 670 726 349 36 197 263 253 378 457 
? 12 566 722 558 267 313 555 504 436 788 27 625 443 
? 12 175 298 166 769 88 232 259 62 548 63 52 334 
? 12 307 475 432 749 326 592 257 158 15 250 187 29 
? 12 474 522 99 401 18 35 204 251 459 339 781 192 
? 11 417 601 359 226 100 624 398 391 43 497 393 
? 11 54 66 316 798 678 193 753 140 293 765 314 
? 11 220 616 302 23 157 745 688 282 574 707 784 
? 11 416 431 645 322 445 697 512 713 150 268 656 
? 10 46 385 162 47 117 353 269 628 531 635 
? 10 549 761 528 198 216 215 284 33 320 639 
? 10 30 38 239 732 706 40 759 169 160 405 
? 10 114 389 285 660 762 484 564 222 97 340 
? 10 476 581 702 104 685 77 135 55 604 141 
? 9 408 536 224 495 686 373 553 507 236 
? 9 241 521 489 612 201 277 305 442 252 
? 9 67 537 126 771 420 327 254 260 712 
? 9 95 470 573 119 137 181 681 636 550 
? 9 358 384 756 438 69 107 337 163 311 
? 8 142 146 402 447 488 87 703 7 
? 8 131 669 619 122 292 691 782 600 
? 8 496 758 444 650 379 31 614 486 
? 8 360 552 212 355 430 270 223 205 
? 8 300 454 799 134 673 376 22 244 
? 8 207 213 81 395 633 787 583 615 
? 8 637 649 483 382 75 25 735 776 
? 8 286 407 422 540 680 544 580 698 
? 8 83 655 228 567 786 301 622 335 
? 8 144 791 493 364 399 465 186 172 
? 7 211 361 288 79 165 246 59 
? 7 551 780 694 667 177 571 561 
? 7 610 690 41 626 723 532 466 
? 7 332 793 737 585 8 76 221 
? 7 121 795 425 266 209 503 151 
? 7 196 593 643 231 406 590 523 
? 7 258 446 238 719 237 331 727 
? 7 108 477 729 770 386 471 517 
? 7 347 560 6 178 156 527 214 
? 7 535 730 423 275 103 716 609 
? 7 392 789 767 109 235 620 695 
? 6 554 764 538 2 321 699 
? 6 112 262 338 57 513 657 
? 6 310 778 541 388 520 184 
? 6 149 243 72 792 631 370 
? 6 78 586 86 58 312 51 
? 6 426 582 111 715 0 630 
? 6 53 218 345 572 461 607 
? 6 348 557 34 671 105 256 
? 6 124 481 64 164 264 199 
? 6 130 588 182 479 428 519 
? 5 180 394 482 775 37 
? 5 139 367 599 1 743 
? 5 74 179 233 773 403 
? 5 206 234 12 39 754 
? 5 113 542 559 289 375 
? 5 194 240 440 565 774 
? 5 70 510 676 287 419 
? 5 161 746 451 303 296 
? 5 49 341 490 728 414 
? 5 413 663 354 369 644 
? 5 3 324 683 752 281 
? 5 96 491 13 317 515 
? 5 545 721 577 472 148 
? 4 229 319 427 525 
? 4 328 387 700 98 
? 4 230 460 598 738 
? 4 4 155 92 48 
? 4 569 736 747 330 
? 4 366 687 295 505 
? 4 350 654 225 665 
? 4 191 315 208 456 
? 4 397 563 740 597 
? 4 757 766 529 374 
? 4 68 708 16 596 
? 4 188 323 435 318 
? 4 167 279 543 449 
? 4 200 763 276 343 
? 4 219 666 509 24 
? 4 261 668 189 458 
? 4 579 750 421 128 
? 4 127 133 709 450 
? 4 143 613 468 118 
? 4 271 677 485 464 
? 4 173 739 17 11 
? 4 170 530 640 93 
? 4 159 390 595 606 
? 3 434 441 145 
? 3 138 437 589 
? 3 21 562 578 
? 3 210 467 195 
? 3 290 744 132 
? 3 147 418 65 
? 3 365 675 469 
? 3 56 227 514 
? 3 351 661 346 
? 3 396 487 129 
? 3 594 684 278 
? 3 183 255 371 
? 3 110 297 84 
? 3 61 325 714 
? 3 174 410 500 
? 3 547 621 154 
? 3 524 533 492 
? 3 662 779 701 
? 3 217 693 291 
? 3 304 587 772 
? 3 299 333 576 
? 3 692 720 602 
? 3 60 153 412 
? 3 101 372 424 
? 3 362 642 499 
? 3 473 705 674 
? 3 28 634 646 
? 3 280 618 89 
? 3 85 731 90 
? 3 50 202 664 
? 3 404 638 627 
!
797 
159 390 595 606 
159 390
390 595
595 606
392 789 767 109 235 620 695 
109 235
392 789
392 235
235 695
789 767
392 620
535 730 423 275 103 716 609 
535 423
423 275
535 730
275 103
535 716
730 609
476 581 702 104 685 77 135 55 604 141 
702 104
476 581
702 77
581 55
581 104
702 141
685 77
55 604
135 55
768 
545 721 577 472 148 
545 148
545 721
721 472
721 577
26 734 
26 734
755 
170 530 640 93 
530 93
640 93
170 640
173 739 17 11 
739 17
173 11
173 739
271 677 485 464 
271 677
677 485
271 464
404 638 627 
404 638
638 627
742 
144 791 493 364 399 465 186 172 
364 399
186 172
364 186
144 791
144 186
493 172
791 465
336 679 
336 679
50 202 664 
50 202
202 664
358 384 756 438 69 107 337 163 311 
384 756
438 69
358 384
756 438
69 337
438 107
337 163
358 311
95 470 573 119 137 181 681 636 550 
573 119
95 573
119 137
681 636
181 550
470 119
573 181
470 636
203 501 
203 501
83 655 228 567 786 301 622 335 
655 228
83 567
83 622
83 786
83 301
655 567
301 335
91 455 120 308 796 73 245 283 498 760 448 591 94 794 10 
91 455
120 91
308 91
796 455
73 91
245 796
283 455
498 455
760 91
448 308
591 245
94 796
794 498
10 308
741 
286 407 422 540 680 544 580 698 
286 544
422 680
540 698
407 422
286 422
540 544
540 580
130 588 182 479 428 519 
588 479
588 182
130 182
130 428
588 519
143 613 468 118 
143 118
613 468
613 118
733 
85 731 90 
85 731
85 90
127 133 709 450 
133 709
127 450
127 133
280 618 89 
618 89
280 618
347 560 6 178 156 527 214 
178 214
347 178
560 178
178 156
527 214
347 6
637 649 483 382 75 25 735 776 
649 75
483 735
637 25
483 75
637 649
382 735
637 776
579 750 421 128 
421 128
579 750
750 421
207 213 81 395 633 787 583 615 
207 213
213 81
583 615
81 787
207 583
81 395
395 633
261 668 189 458 
261 668
668 189
668 458
108 477 729 770 386 471 517 
108 729
108 477
477 770
729 386
770 471
770 517
400 429 
400 429
725 
258 446 238 719 237 331 727 
446 237
446 238
258 238
446 719
258 727
331 727
689 
96 491 13 317 515 
317 515
96 317
96 491
13 515
672 
474 522 99 401 18 35 204 251 459 339 781 192 
35 781
474 522
522 99
99 401
35 251
522 781
401 204
35 192
99 18
339 192
18 459
518 603 
518 603
28 634 646 
28 634
28 646
300 454 799 134 673 376 22 244 
300 454
673 244
799 134
134 22
673 376
300 376
300 799
219 666 509 24 
219 24
509 24
219 666
473 705 674 
473 674
473 705
659 
377 494 508 462 383 171 790 696 411 248 356 682 556 506 653 453 329 658 42 136 641 704 
377 494
508 377
462 508
383 377
171 377
790 494
696 790
411 790
248 383
356 248
682 248
556 248
506 696
653 506
453 383
329 506
658 506
42 790
136 556
641 453
704 508
534 584 
534 584
3 324 683 752 281 
3 324
683 281
324 752
3 683
413 663 354 369 644 
663 369
413 354
413 369
354 644
360 552 212 355 430 270 223 205 
360 552
212 355
552 223
212 430
270 205
430 205
360 430
67 537 126 771 420 327 254 260 712 
537 327
771 254
67 537
67 771
126 327
126 712
254 260
420 260
651 
496 758 444 650 379 31 614 486 
758 444
496 758
758 650
444 379
650 614
496 486
496 31
200 763 276 343 
763 276
200 276
200 343
167 279 543 449 
167 279
279 543
167 449
196 593 643 231 406 590 523 
196 406
593 231
196 231
643 406
593 523
643 590
568 
49 341 490 728 414 
341 490
49 341
49 728
49 414
362 642 499 
362 642
362 499
241 521 489 612 201 277 305 442 252 
201 277
489 442
241 521
521 442
277 442
201 252
277 305
241 612
188 323 435 318 
188 323
188 435
323 318
433 439 45 539 272 670 726 349 36 197 263 253 378 457 
433 439
433 539
272 670
439 45
439 670
36 378
45 263
36 197
263 457
263 253
726 457
539 197
349 36
68 708 16 596 
68 708
68 596
708 16
114 389 285 660 762 484 564 222 97 340 
484 222
285 660
389 660
114 389
660 762
389 340
660 222
564 340
285 97
307 475 432 749 326 592 257 158 15 250 187 29 
307 475
592 250
15 29
187 29
307 326
749 592
307 432
432 257
475 592
326 187
432 158
101 372 424 
101 372
372 424
60 153 412 
60 412
60 153
757 766 529 374 
757 529
766 529
757 374
161 746 451 303 296 
161 746
161 451
161 303
746 296
381 
397 563 740 597 
397 740
397 563
740 597
124 481 64 164 264 199 
124 481
64 264
481 164
124 199
481 264
692 720 602 
720 602
692 720
123 629 
123 629
368 
342 611 
342 611
299 333 576 
333 576
299 576
30 38 239 732 706 40 759 169 160 405 
706 160
40 759
30 239
30 38
30 732
706 40
38 759
38 169
40 405
348 557 34 671 105 256 
348 557
34 671
348 34
557 256
348 105
70 510 676 287 419 
70 510
287 419
510 676
70 419
363 
304 587 772 
304 587
587 772
217 693 291 
217 291
217 693
662 779 701 
662 701
779 701
524 533 492 
524 533
524 492
547 621 154 
547 621
547 154
549 761 528 198 216 215 284 33 320 639 
549 528
761 284
528 198
549 761
761 33
284 639
198 215
216 33
215 320
191 315 208 456 
191 315
208 456
191 456
350 654 225 665 
350 225
654 665
654 225
174 410 500 
174 410
410 500
61 325 714 
61 325
325 714
249 785 
249 785
416 431 645 322 445 697 512 713 150 268 656 
645 512
445 656
431 697
416 431
697 512
713 268
322 268
512 713
416 150
416 656
623 748 
623 748
175 298 166 769 88 232 259 62 548 63 52 334 
175 259
88 232
62 63
166 769
769 52
175 298
62 52
769 259
63 334
298 88
232 548
309 
53 218 345 572 461 607 
53 572
53 345
53 218
218 461
218 607
306 
110 297 84 
110 84
110 297
183 255 371 
255 371
183 255
426 582 111 715 0 630 
111 715
426 582
582 111
715 630
426 0
121 795 425 266 209 503 151 
121 425
121 795
425 266
266 209
209 503
795 151
546 605 
546 605
408 536 224 495 686 373 553 507 236 
408 536
536 495
224 686
373 236
536 553
408 686
224 507
686 236
194 240 440 565 774 
194 240
440 774
240 774
440 565
78 586 86 58 312 51 
78 586
586 86
86 58
312 51
58 312
106 717 
106 717
366 687 295 505 
295 505
366 687
366 505
332 793 737 585 8 76 221 
332 793
793 585
8 221
793 76
793 737
8 76
242 
220 616 302 23 157 745 688 282 574 707 784 
220 616
23 282
302 282
23 574
616 302
688 282
220 745
157 707
220 707
745 784
149 243 72 792 631 370 
149 792
72 792
149 243
792 631
631 370
54 66 316 798 678 193 753 140 293 765 314 
54 66
678 140
678 314
193 293
753 765
66 316
66 798
316 753
798 193
54 140
185 
9 617 
9 617
610 690 41 626 723 532 466 
610 41
626 723
690 626
610 690
626 466
723 532
176 
131 669 619 122 292 691 782 600 
131 669
691 782
131 122
669 292
292 600
782 600
619 292
551 780 694 667 177 571 561 
177 561
551 780
551 694
551 667
780 177
667 571
594 684 278 
594 278
594 684
168 
417 601 359 226 100 624 398 391 43 497 393 
417 100
601 100
359 100
398 43
398 391
601 43
226 624
359 226
624 497
359 393
396 487 129 
396 487
487 129
115 
102 352 265 19 294 415 5 409 516 511 575 247 344 480 116 502 
102 352
265 102
19 352
294 102
415 265
5 294
409 352
516 294
511 415
575 265
247 516
344 294
480 575
116 575
502 409
351 661 346 
661 346
351 346
274 652 
274 652
718 783 
718 783
56 227 514 
227 514
56 514
211 361 288 79 165 246 59 
211 288
246 59
361 79
211 361
79 246
288 165
365 675 469 
365 675
365 469
147 418 65 
147 65
147 418
113 542 559 289 375 
113 559
113 542
542 289
113 375
206 234 12 39 754 
206 234
234 754
12 39
234 12
569 736 747 330 
736 330
569 330
736 747
310 778 541 388 520 184 
541 520
541 388
310 778
778 520
388 184
190 463 
190 463
357 478 
357 478
290 744 132 
290 132
744 132
142 146 402 447 488 87 703 7 
142 146
447 488
87 7
142 402
146 87
402 447
146 703
82 
724 751 
724 751
710 777 273 380 647 570 125 608 20 526 44 648 632 711 452 
710 777
273 777
380 777
647 710
570 777
125 273
608 125
20 125
526 710
44 526
648 380
632 526
711 608
452 570
210 467 195 
210 467
467 195
112 262 338 57 513 657 
112 262
262 513
262 657
57 513
112 338
4 155 92 48 
4 155
92 48
4 48
74 179 233 773 403 
74 179
233 403
179 773
74 233
230 460 598 738 
230 598
230 460
598 738
21 562 578 
21 578
21 562
566 722 558 267 313 555 504 436 788 27 625 443 
566 722
722 267
27 625
566 313
267 625
558 504
566 504
313 436
722 788
788 443
555 27
71 
80 152 
80 152
554 764 538 2 321 699 
764 538
554 764
538 699
2 699
554 321
139 367 599 1 743 
367 599
139 1
139 599
139 743
138 437 589 
138 589
138 437
434 441 145 
434 441
441 145
180 394 482 775 37 
180 775
394 775
394 482
482 37
32 
328 387 700 98 
700 98
387 98
328 387
46 385 162 47 117 353 269 628 531 635 
46 385
47 353
162 47
385 162
269 531
117 628
46 269
269 628
162 635
229 319 427 525 
229 319
427 525
229 427
14 
