? 14 91 455 308 796 245 448 498 120 760 94 591 794 73 283 
? 12 175 298 166 88 769 62 232 259 548 52 63 334 
? 12 272 670 439 45 539 726 433 306 792 656 181 349 
? 12 220 616 302 157 23 745 688 282 574 784 707 38 
? 12 391 398 195 43 65 601 210 147 624 417 100 226 
? 11 332 793 737 76 8 378 36 585 221 159 390 
? 11 416 431 645 697 268 445 150 322 512 573 713 
? 11 360 552 355 430 270 212 223 205 717 106 662 
? 11 474 522 99 401 18 35 459 204 251 781 339 
? 10 408 536 224 495 373 686 236 507 325 553 
? 10 46 385 162 628 47 353 612 117 269 531 
? 10 300 454 122 134 131 799 376 673 669 691 
? 10 108 477 729 517 386 770 471 219 666 596 
? 10 241 521 489 201 635 277 305 442 136 252 
? 9 54 66 798 316 765 678 193 14 140 
? 9 254 771 327 67 672 537 69 420 126 
? 9 286 407 422 540 698 680 544 214 580 
? 9 476 581 702 685 104 77 604 414 141 
? 9 95 470 119 550 681 779 137 636 101 
? 8 566 722 558 555 267 504 27 313 
? 8 554 764 538 138 434 321 699 689 
? 8 173 782 244 739 17 600 11 651 
? 8 196 593 231 615 643 406 583 227 
? 8 496 758 650 444 31 379 393 486 
? 8 310 778 520 541 184 451 388 469 
? 8 56 395 633 213 207 742 81 514 
? 8 358 756 384 438 107 337 260 163 
? 8 551 780 177 667 694 561 571 293 
? 8 610 690 41 626 532 723 466 168 
? 7 96 491 311 13 317 515 296 
? 7 83 228 567 655 301 335 622 
? 7 10 58 86 78 586 51 594 
? 7 510 712 70 676 287 419 464 
? 7 443 640 727 238 446 237 788 
? 7 211 288 361 79 165 59 26 
? 7 549 761 528 33 198 284 216 
? 7 535 730 275 423 103 716 534 
? 7 114 389 285 484 762 660 564 
? 7 130 588 428 519 479 182 118 
? 7 178 347 560 351 661 156 527 
? 6 392 789 109 235 695 234 
? 6 425 795 121 266 209 503 
? 6 132 364 744 186 199 642 
? 6 3 324 752 281 683 487 
? 6 757 766 529 374 674 684 
? 6 139 367 599 659 1 743 
? 6 421 579 525 128 404 750 
? 6 426 582 111 0 630 715 
? 6 262 338 500 208 657 456 
? 6 366 687 505 295 123 609 
? 5 53 218 345 461 572 
? 5 149 243 329 658 72 
? 5 436 751 724 497 418 
? 5 222 279 396 543 167 
? 5 144 791 314 493 465 
? 5 22 714 427 354 644 
? 5 229 319 413 663 369 
? 5 545 721 577 472 148 
? 5 142 146 447 488 402 
? 5 30 239 732 706 40 
? 5 230 598 460 738 39 
? 5 42 89 143 194 280 
? 5 127 133 249 731 450 
? 4 328 387 700 576 
? 4 341 490 49 728 
? 4 4 155 48 501 
? 4 350 654 225 617 
? 4 124 172 481 787 
? 4 34 671 169 759 
? 4 180 394 775 482 
? 4 289 542 113 330 
? 4 397 740 563 452 
? 4 336 597 92 679 
? 4 98 202 189 50 
? 4 60 153 318 587 
? 4 74 179 233 773 
? 4 623 693 217 32 
? 4 75 735 637 649 
? 4 524 533 135 190 
? 4 161 746 28 303 
? 4 258 331 719 463 
? 4 2 437 589 145 
? 4 191 315 776 25 
? 4 348 557 160 405 
? 4 562 578 603 753 
? 4 692 720 105 64 
? 3 174 410 754 
? 3 188 192 323 
? 3 97 605 546 
? 3 440 774 240 
? 3 400 718 783 
? 3 547 621 154 
? 3 290 362 84 
? 3 93 530 170 
? 3 183 255 371 
? 3 68 708 16 
? 3 200 763 276 
? 3 12 206 620 
? 3 271 677 485 
? 3 85 90 786 
? 3 292 619 701 
? 3 468 613 618 
? 3 115 559 665 
? 3 274 652 492 
? 3 403 785 342 
? 3 441 584 291 
? 3 80 152 509 
? 3 412 734 772 
? 3 357 478 768 
? 3 7 87 346 
? 3 261 668 458 
? 3 185 646 565 
? 3 382 483 151 
? 3 375 569 748 
? 3 278 343 312 
? 3 370 424 631 
? 3 634 641 704 
!
797 
692 720 105 64 
692 105
720 64
692 64
178 347 560 351 661 156 527 
178 347
178 560
178 156
351 156
661 156
661 527
130 588 428 519 479 182 118 
588 479
588 182
130 182
130 428
588 519
479 118
241 521 489 201 635 277 305 442 136 252 
201 277
521 635
489 442
635 442
241 521
277 442
201 252
277 305
241 136
725 
127 133 249 731 450 
133 731
127 450
127 731
249 731
297 499 
297 499
709 
562 578 603 753 
578 753
603 753
562 578
348 557 160 405 
348 557
557 405
348 160
191 315 776 25 
191 315
315 776
776 25
634 641 704 
634 641
641 704
703 
610 690 41 626 532 723 466 168 
610 41
626 723
690 626
610 690
626 466
532 723
610 168
429 741 
429 741
370 424 631 
424 631
370 424
95 470 119 550 681 779 137 636 101 
119 137
95 119
681 636
470 119
470 779
95 550
636 101
470 636
476 581 702 685 104 77 604 414 141 
702 104
476 581
702 77
581 104
702 141
581 414
685 77
77 604
595 639 
595 639
551 780 177 667 694 561 571 293 
177 561
177 293
551 780
551 694
551 667
780 177
667 571
307 475 326 432 749 158 592 187 250 15 747 29 736 467 309 
307 475
326 307
432 475
749 475
158 475
592 307
187 326
250 592
15 326
747 158
29 326
736 747
467 29
309 592
664 
358 756 384 438 107 337 260 163 
756 384
358 384
756 438
438 107
438 260
337 163
107 163
366 687 505 295 123 609 
505 295
366 609
366 687
295 609
123 609
2 437 589 145 
2 437
437 589
437 145
653 
278 343 312 
343 312
278 312
258 331 719 463 
258 719
258 331
719 463
375 569 748 
375 569
375 748
114 389 285 484 762 660 564 
285 660
389 660
114 389
762 660
484 660
114 564
56 395 633 213 207 742 81 514 
633 742
213 207
213 81
56 395
395 81
395 742
56 514
161 746 28 303 
161 746
161 303
746 28
310 778 520 541 184 451 388 469 
520 541
541 388
310 778
778 520
541 451
184 388
310 469
524 533 135 190 
524 533
524 135
135 190
535 730 275 423 103 716 534 
535 423
275 423
716 534
535 730
275 103
535 534
607 733 
607 733
638 
549 761 528 33 198 284 216 
549 528
761 284
528 198
549 761
761 33
33 216
590 
42 89 143 194 280 
194 280
42 89
89 143
89 280
523 
391 398 195 43 65 601 210 147 624 417 100 226 
417 100
391 65
601 100
601 210
43 210
398 43
398 65
398 195
391 147
624 226
417 226
37 627 
37 627
382 483 151 
382 483
382 151
496 758 650 444 31 379 393 486 
758 393
496 393
758 444
758 650
444 379
496 486
496 31
75 735 637 649 
75 649
637 649
75 735
185 646 565 
646 565
185 646
518 
102 352 265 19 409 294 5 415 516 511 344 575 502 767 513 116 247 480 257 112 57 363 
102 352
265 102
19 102
409 102
294 102
5 294
415 265
516 5
511 415
344 5
575 265
502 409
767 5
513 516
116 767
247 516
480 575
257 480
112 516
57 112
363 502
164 399 
164 399
230 598 460 738 39 
230 598
230 460
598 738
738 39
30 239 732 706 40 
30 239
30 732
706 40
30 40
196 593 231 615 643 406 583 227 
196 406
643 227
593 583
593 231
196 231
593 615
643 406
286 407 422 540 698 680 544 214 580 
286 544
422 680
540 698
407 422
286 422
540 544
540 580
407 214
457 
173 782 244 739 17 600 11 651 
173 782
17 651
739 651
173 600
600 11
173 651
782 244
623 693 217 32 
217 32
693 32
623 217
74 179 233 773 
74 179
179 773
74 233
211 288 361 79 165 59 26 
211 288
361 79
211 361
211 26
79 59
165 26
449 
142 146 447 488 402 
142 146
447 488
142 402
447 402
261 668 458 
261 668
668 458
254 771 327 67 672 537 69 420 126 
327 537
254 771
67 537
771 67
327 126
69 420
67 69
254 672
60 153 318 587 
60 318
153 587
318 587
91 455 308 796 245 448 498 120 760 94 591 794 73 283 
796 245
91 455
760 794
94 73
245 73
455 796
120 591
245 448
498 794
455 760
498 283
91 308
91 120
98 202 189 50 
202 189
98 202
202 50
108 477 729 517 386 770 471 219 666 596 
108 729
108 477
477 596
770 596
386 219
729 666
729 386
770 471
517 770
220 616 302 157 23 745 688 282 574 784 707 38 
220 616
23 282
302 282
23 574
784 38
616 302
688 282
220 745
745 38
157 707
220 707
7 87 346 
7 87
7 346
357 478 768 
357 768
357 478
336 597 92 679 
336 679
597 92
336 92
545 721 577 472 148 
545 148
545 721
721 472
721 577
435 
397 740 563 452 
397 740
397 563
563 452
262 338 500 208 657 456 
262 657
338 500
208 456
500 208
500 657
412 734 772 
412 734
412 772
614 629 
614 629
381 
24 755 
24 755
80 152 509 
80 152
80 509
300 454 122 134 131 799 376 673 669 691 
300 454
131 669
134 799
454 122
122 131
376 673
300 376
669 691
300 799
426 582 111 0 630 715 
111 715
426 582
582 111
630 715
426 0
229 319 413 663 369 
663 369
413 369
229 413
229 319
372 
441 584 291 
441 291
441 584
403 785 342 
403 785
403 342
274 652 492 
274 492
274 652
115 559 665 
559 665
115 665
468 613 618 
468 618
468 613
46 385 162 628 47 353 612 117 269 531 
46 385
47 353
162 47
46 612
162 612
269 531
628 117
46 269
628 269
289 542 113 330 
542 113
289 542
542 330
180 394 775 482 
180 775
394 775
394 482
292 619 701 
292 619
292 701
85 90 786 
90 786
85 90
82 110 
82 110
474 522 99 401 18 35 459 204 251 781 339 
35 781
474 522
522 99
99 401
35 251
522 781
401 204
99 18
18 459
18 339
129 176 
129 176
272 670 439 45 539 726 433 306 792 656 181 349 
439 433
539 433
272 670
439 45
306 181
670 439
45 726
656 181
272 306
726 792
656 349
368 
421 579 525 128 404 750 
421 404
421 128
579 525
579 750
404 750
359 
271 677 485 
271 677
677 485
12 206 620 
12 206
12 620
139 367 599 659 1 743 
367 599
139 1
659 1
659 743
139 599
443 640 727 238 446 237 788 
446 237
727 788
443 446
238 788
238 446
443 640
253 568 
253 568
54 66 798 316 765 678 193 14 140 
54 66
678 140
66 316
66 798
193 14
798 193
54 140
316 765
22 714 427 354 644 
714 644
427 644
427 354
22 644
757 766 529 374 674 684 
757 674
757 529
766 529
757 374
674 684
473 705 
473 705
34 671 169 759 
34 169
169 759
34 671
510 712 70 676 287 419 464 
510 70
510 712
287 419
510 464
712 676
419 464
340 
360 552 355 430 270 212 223 205 717 106 662 
360 552
355 212
552 223
430 212
270 205
430 205
360 430
717 106
270 106
223 662
3 324 752 281 683 487 
324 487
3 324
281 683
324 752
3 683
416 431 645 697 268 445 150 322 512 573 713 
645 512
150 573
431 697
416 431
697 512
268 713
268 322
512 713
416 150
697 445
304 
215 320 
215 320
10 58 86 78 586 51 594 
10 58
78 586
51 594
86 586
10 86
58 594
256 
554 764 538 138 434 321 699 689 
764 538
554 764
138 699
699 689
554 689
434 689
554 321
83 228 567 655 301 335 622 
228 655
83 567
83 622
83 301
567 655
301 335
200 763 276 
763 276
200 276
246 
332 793 737 76 8 378 36 585 221 159 390 
332 378
36 221
159 390
332 793
793 585
8 221
793 76
793 737
378 36
76 390
68 708 16 
68 708
708 16
61 
710 777 273 380 44 570 526 125 608 647 20 648 632 711 71 611 
710 777
273 777
380 777
44 710
570 777
526 777
125 273
608 125
647 526
20 125
648 380
632 647
711 608
71 711
611 380
183 255 371 
255 371
183 255
365 675 
365 675
299 333 
299 333
93 530 170 
93 530
93 170
96 491 311 13 317 515 296 
317 515
96 317
13 296
96 491
491 311
13 515
290 362 84 
290 362
362 84
547 621 154 
547 621
547 154
144 791 314 493 465 
144 791
144 314
314 493
791 465
222 279 396 543 167 
279 167
279 543
222 279
222 396
124 172 481 787 
172 481
124 481
172 787
132 364 744 186 199 642 
186 642
364 186
199 642
364 744
132 744
197 263 
197 263
264 602 
264 602
400 718 783 
718 783
400 783
566 722 558 555 267 504 27 313 
566 722
722 267
566 313
558 504
566 504
267 27
555 27
55 
203 625 
203 625
377 494 508 171 462 383 790 411 696 248 682 556 356 506 453 
377 494
508 377
171 494
462 508
383 494
790 462
411 790
696 171
248 383
682 248
556 248
356 682
506 696
453 383
440 774 240 
440 774
774 240
425 795 121 266 209 503 
425 121
795 121
425 266
266 209
209 503
350 654 225 617 
350 225
350 617
654 225
436 751 724 497 418 
751 497
436 751
436 418
751 724
4 155 48 501 
4 155
155 501
4 48
97 605 546 
97 546
97 605
175 298 166 88 769 62 232 259 548 52 63 334 
175 259
88 232
62 63
166 769
769 52
175 298
62 52
769 259
63 334
298 88
232 548
21 
242 606 
242 606
392 789 109 235 695 234 
109 235
392 789
392 235
235 695
789 234
149 243 329 658 72 
149 329
243 329
329 658
149 72
188 192 323 
188 192
188 323
174 410 754 
174 410
174 754
53 218 345 461 572 
53 572
53 345
53 218
218 461
9 
341 490 49 728 
341 490
341 49
49 728
408 536 224 495 373 686 236 507 325 553 
408 536
536 495
224 686
373 236
373 325
536 553
408 686
224 507
686 236
328 387 700 576 
387 700
328 387
700 576
6 
