? 14 54 66 678 798 316 193 314 14 140 465 293 765 694 177 
? 12 220 616 302 23 745 688 157 574 282 707 151 38 
? 12 391 398 210 195 65 467 601 226 147 381 43 417 
? 12 91 455 308 796 245 448 498 120 760 73 94 591 
? 12 175 298 88 166 769 232 259 62 52 548 63 334 
? 11 67 537 126 327 420 771 254 70 260 672 712 
? 11 358 384 756 438 107 69 337 163 311 491 96 
? 11 307 475 326 432 749 257 480 187 15 158 592 
? 11 99 474 522 401 459 35 204 18 781 339 152 
? 10 416 431 645 697 445 656 322 512 268 550 
? 10 566 722 558 555 267 313 504 788 27 625 
? 10 496 758 444 650 379 393 31 486 614 359 
? 10 549 761 528 198 216 284 33 320 215 242 
? 10 131 669 619 292 122 691 600 300 782 454 
? 9 196 593 231 406 615 643 583 590 106 
? 9 241 521 489 612 635 201 277 305 442 
? 9 139 367 599 1 659 620 743 39 230 
? 9 408 536 224 495 686 507 553 373 325 
? 9 360 552 355 430 270 223 212 205 713 
? 8 10 58 86 78 586 51 343 594 
? 8 610 690 41 626 723 532 466 168 
? 8 95 470 150 119 779 573 181 681 
? 8 476 702 581 685 104 55 77 141 
? 8 286 407 422 540 544 680 580 698 
? 8 149 243 252 72 792 631 424 370 
? 8 108 477 770 386 517 729 666 471 
? 8 310 778 388 541 184 520 451 161 
? 8 554 764 538 138 589 689 321 2 
? 8 16 596 219 708 677 485 271 509 
? 7 426 582 531 111 269 0 715 
? 7 46 385 162 47 353 628 117 
? 7 757 766 374 309 695 529 235 
? 7 56 395 633 213 81 207 227 
? 7 121 425 795 209 266 503 735 
? 7 285 389 114 660 484 762 222 
? 7 74 179 233 773 403 785 249 
? 7 130 588 479 519 428 182 118 
? 7 148 472 545 21 721 562 603 
? 7 535 730 275 423 716 534 609 
? 7 3 324 752 683 487 279 281 
? 6 142 447 402 146 488 129 
? 6 419 464 287 675 510 755 
? 6 83 228 567 655 301 786 
? 6 332 793 737 8 585 76 
? 6 392 789 767 109 234 206 
? 6 551 780 667 561 571 692 
? 6 446 719 258 237 238 443 
? 6 211 361 288 79 165 246 
? 6 262 338 112 500 513 57 
? 6 178 347 560 156 6 661 
? 5 437 699 145 434 441 
? 5 598 738 460 283 794 
? 5 53 218 345 607 461 
? 5 229 319 427 354 525 
? 5 127 133 85 731 450 
? 5 569 736 747 375 330 
? 5 30 239 732 784 706 
? 5 124 172 481 787 399 
? 5 366 687 505 295 123 
? 5 225 350 654 9 113 
? 5 341 490 49 728 604 
? 5 289 542 559 665 115 
? 5 13 296 28 515 746 
? 4 180 394 482 37 
? 4 328 387 700 98 
? 4 194 240 774 646 
? 4 4 155 501 48 
? 4 188 192 323 251 
? 4 397 563 452 740 
? 4 144 493 791 186 
? 4 440 627 565 185 
? 4 132 364 642 290 
? 4 602 742 264 720 
? 4 714 799 22 644 
? 4 336 597 92 679 
? 4 382 637 75 483 
? 4 372 636 101 143 
? 4 436 751 724 797 
? 4 97 718 400 546 
? 4 405 557 40 160 
? 4 208 776 456 315 
? 4 640 727 170 530 
? 4 547 621 154 741 
? 4 421 579 128 750 
? 4 261 668 458 664 
? 4 183 255 371 577 
? 3 413 663 369 
? 3 61 376 236 
? 3 174 410 754 
? 3 303 630 641 
? 3 435 564 783 
? 3 518 578 753 
? 3 278 705 684 
? 3 217 623 291 
? 3 25 191 649 
? 3 7 87 703 
? 3 576 768 333 
? 3 523 651 739 
? 3 200 276 763 
? 3 280 468 613 
? 3 34 671 169 
? 3 524 533 135 
? 3 159 390 595 
? 3 412 734 335 
? 3 60 153 587 
? 3 17 173 244 
? 3 84 362 744 
? 3 214 527 351 
? 3 189 202 50 
? 3 365 725 469 
? 3 304 772 318 
? 3 617 733 717 
? 3 32 693 748 
? 3 348 759 105 
? 3 90 709 622 
? 3 167 543 449 
? 3 418 624 497 
!
775 
183 255 371 577 
183 577
255 371
255 577
3 324 752 683 487 279 281 
324 487
3 324
683 281
279 281
324 752
3 683
535 730 275 423 716 534 609 
535 423
275 423
716 534
535 730
535 534
730 609
131 669 619 292 122 691 600 300 782 454 
300 454
131 669
691 782
122 454
131 122
669 292
292 600
600 782
619 292
676 
13 296 28 515 746 
13 296
13 28
13 515
13 746
12 657 
12 657
673 
261 668 458 664 
458 664
261 668
668 664
421 579 128 750 
421 128
579 750
421 750
547 621 154 741 
547 621
154 741
547 741
418 624 497 
624 497
418 624
634 
16 596 219 708 677 485 271 509 
16 485
16 708
596 708
219 509
219 485
16 677
677 271
203 463 
203 463
167 543 449 
167 543
167 449
360 552 355 430 270 223 212 205 713 
360 552
355 212
552 223
355 713
430 212
270 205
430 205
360 430
408 536 224 495 686 507 553 373 325 
408 536
536 495
224 686
373 325
536 553
408 686
224 507
686 373
26 59 
26 59
554 764 538 138 589 689 321 2 
764 538
554 764
138 589
554 689
138 2
538 589
554 321
102 352 265 19 415 294 5 409 516 247 502 116 575 511 344 
102 352
265 102
19 352
415 352
294 19
5 294
409 102
516 294
247 516
502 409
116 19
575 265
511 415
344 5
629 
310 778 388 541 184 520 451 161 
541 520
541 161
388 541
310 778
451 161
778 520
388 184
178 347 560 156 6 661 
178 347
178 560
178 156
156 661
347 6
640 727 170 530 
640 170
640 530
640 727
618 
90 709 622 
90 622
90 709
208 776 456 315 
208 456
208 315
776 315
348 759 105 
348 759
759 105
148 472 545 21 721 562 603 
148 545
545 721
472 562
472 721
21 562
21 603
108 477 770 386 517 729 666 471 
108 729
108 477
477 770
729 666
386 729
770 471
770 517
405 557 40 160 
405 557
40 160
557 40
149 243 252 72 792 631 424 370 
149 252
149 792
631 424
424 370
72 792
243 252
792 631
97 718 400 546 
97 546
400 546
97 718
130 588 479 519 428 182 118 
588 479
588 182
130 182
130 428
588 519
479 118
176 568 
176 568
514 
74 179 233 773 403 785 249 
403 249
74 179
233 403
773 785
74 785
233 785
499 
289 542 559 665 115 
559 665
542 559
289 542
665 115
478 
175 298 88 166 769 232 259 62 52 548 63 334 
175 259
88 232
62 63
166 769
769 52
175 298
62 52
769 259
63 334
298 88
232 548
93 331 
93 331
32 693 748 
32 748
32 693
286 407 422 540 544 680 580 698 
286 544
422 680
540 698
407 422
286 422
540 544
540 580
436 751 724 797 
436 751
724 797
751 724
617 733 717 
617 733
733 717
414 
377 494 462 508 171 383 411 696 790 248 682 556 356 506 653 453 136 658 704 42 89 329 
377 494
462 377
508 377
171 377
383 377
411 462
696 171
790 411
248 171
682 248
556 248
356 248
506 696
653 506
453 383
136 556
658 506
704 462
42 411
89 42
329 506
606 639 
606 639
341 490 49 728 604 
341 490
341 49
49 728
49 604
225 350 654 9 113 
225 350
225 654
654 113
350 9
476 702 581 685 104 55 77 141 
702 104
476 581
702 77
581 55
581 104
702 141
685 77
139 367 599 1 659 620 743 39 230 
367 599
139 1
743 39
1 659
599 39
659 743
1 230
367 620
396 
95 470 150 119 779 573 181 681 
150 119
119 573
95 573
470 119
573 181
470 779
95 681
372 636 101 143 
372 101
372 636
372 143
382 637 75 483 
75 483
637 75
382 483
285 389 114 660 484 762 222 
484 222
285 660
389 660
389 114
660 762
660 222
368 
366 687 505 295 123 
505 295
366 687
366 505
295 123
304 772 318 
772 318
304 772
241 521 489 612 635 201 277 305 442 
201 277
521 635
489 442
635 442
241 521
277 442
277 305
241 612
336 597 92 679 
336 679
597 92
336 92
54 66 678 798 316 193 314 14 140 465 293 765 694 177 
54 66
14 293
14 177
678 140
678 314
193 293
316 465
66 316
66 798
798 193
54 140
694 177
316 765
714 799 22 644 
714 644
714 799
22 644
549 761 528 198 216 284 33 320 215 242 
549 528
761 284
528 198
549 761
761 33
284 242
198 215
216 33
320 215
91 455 308 796 245 448 498 120 760 73 94 591 
796 245
91 455
73 94
245 73
455 796
120 591
245 448
455 760
91 308
91 120
498 760
365 725 469 
725 469
365 469
189 202 50 
189 202
202 50
602 742 264 720 
602 720
602 264
742 264
124 172 481 787 399 
172 481
124 481
124 399
172 787
346 
132 364 642 290 
132 290
364 642
132 364
262 338 112 500 513 57 
262 112
262 513
338 500
513 57
338 112
214 527 351 
214 527
214 351
24 80 
24 80
342 
363 572 
363 572
84 362 744 
84 362
362 744
496 758 444 650 379 393 31 486 614 359 
758 393
496 393
379 359
758 444
758 650
444 379
650 614
496 486
496 31
211 361 288 79 165 246 
211 288
361 79
211 361
79 246
288 165
30 239 732 784 706 
239 784
30 784
30 732
30 706
340 
17 173 244 
17 173
173 244
60 153 587 
153 587
60 587
412 734 335 
734 335
412 734
159 390 595 
159 390
390 595
524 533 135 
524 533
524 135
566 722 558 555 267 313 504 788 27 625 
566 722
722 267
27 625
566 313
267 625
558 504
566 504
722 788
555 27
440 627 565 185 
440 565
440 627
440 185
144 493 791 186 
144 791
144 186
493 186
34 671 169 
34 169
34 671
280 468 613 
468 613
280 468
137 306 
137 306
99 474 522 401 459 35 204 18 781 339 152 
204 152
35 781
474 522
99 522
99 401
522 781
401 204
99 18
459 152
18 339
274 652 
274 652
391 398 210 195 65 467 601 226 147 381 43 417 
391 65
601 417
467 147
210 601
210 43
398 43
398 65
65 467
195 381
398 195
226 417
317 
446 719 258 237 238 443 
446 237
446 443
446 238
258 238
446 719
312 
200 276 763 
276 763
200 276
523 651 739 
651 739
523 651
551 780 667 561 571 692 
551 780
551 667
780 561
667 571
551 692
121 425 795 209 266 503 735 
121 425
121 795
425 266
209 266
209 503
425 735
429 605 
429 605
196 593 231 406 615 643 583 590 106 
196 406
593 583
593 231
196 231
593 615
406 643
643 106
615 590
569 736 747 375 330 
736 330
569 330
569 375
736 747
392 789 767 109 234 206 
234 206
392 789
392 109
789 767
789 206
110 297 
110 297
397 563 452 740 
397 740
397 563
563 452
56 395 633 213 81 207 227 
213 207
213 81
56 395
395 81
395 633
56 227
256 
307 475 326 432 749 257 480 187 15 158 592 
307 475
307 326
749 592
307 432
432 257
187 15
749 480
475 592
326 187
432 158
332 793 737 8 585 76 
332 793
793 585
793 76
793 737
8 76
358 384 756 438 107 69 337 163 311 491 96 
384 756
438 69
358 384
756 438
69 337
438 107
337 163
491 96
311 491
358 311
250 
662 701 
662 701
757 766 374 309 695 529 235 
757 529
766 529
695 235
766 695
309 529
757 374
134 
610 690 41 626 723 532 466 168 
610 41
626 723
690 626
610 690
626 466
723 532
610 168
46 385 162 47 353 628 117 
46 385
47 353
162 47
385 162
628 117
385 628
576 768 333 
576 333
576 768
100 
67 537 126 327 420 771 254 70 260 672 712 
537 327
771 254
67 537
67 771
126 327
70 712
126 712
254 260
420 260
254 672
7 87 703 
7 87
87 703
82 
710 777 273 380 125 647 570 44 608 20 648 526 632 711 611 71 
710 777
273 777
380 710
125 273
647 777
570 273
44 647
608 125
20 125
648 380
526 44
632 647
711 648
611 380
71 711
25 191 649 
25 649
25 191
473 674 
473 674
190 492 
190 492
217 623 291 
217 291
217 623
426 582 531 111 269 0 715 
582 531
531 111
111 715
531 269
426 582
269 0
278 705 684 
278 705
278 684
518 578 753 
578 753
518 753
127 133 85 731 450 
133 731
127 450
127 731
133 85
229 319 427 354 525 
229 354
427 354
229 319
427 525
188 192 323 251 
192 251
188 192
188 323
83 228 567 655 301 786 
228 655
83 567
83 786
83 301
567 655
103 584 
103 584
404 638 
404 638
435 564 783 
435 564
435 783
10 58 86 78 586 51 343 594 
10 58
78 586
51 594
86 586
10 86
58 343
343 594
68 
164 199 
164 199
433 439 45 539 272 670 726 197 263 349 36 378 457 221 253 
433 439
45 433
539 433
272 539
670 272
726 45
197 439
263 433
349 433
36 349
378 36
457 45
221 378
253 263
303 630 641 
303 630
303 641
419 464 287 675 510 755 
419 287
287 675
464 510
419 464
675 755
4 155 501 48 
4 155
155 501
4 48
53 218 345 607 461 
53 345
53 218
218 461
218 607
194 240 774 646 
194 240
240 774
774 646
174 410 754 
174 410
174 754
220 616 302 23 745 688 157 574 282 707 151 38 
220 616
23 282
302 282
23 574
616 302
707 151
688 282
220 745
745 38
157 707
745 151
64 
299 357 
299 357
142 447 402 146 488 129 
142 146
447 488
402 129
142 402
488 129
598 738 460 283 794 
460 283
283 794
598 460
598 738
61 376 236 
61 236
61 376
413 663 369 
663 369
413 369
437 699 145 434 441 
699 145
434 441
437 699
145 441
29 
328 387 700 98 
700 98
387 98
328 387
416 431 645 697 445 656 322 512 268 550 
645 512
445 656
431 697
416 431
697 512
322 268
416 656
512 268
656 550
180 394 482 37 
394 482
180 394
482 37
11 
