? 6 193 329 6 739 478 588 
? 6 62 785 547 725 505 324 
? 6 108 309 20 641 619 779 
? 6 589 696 395 255 565 313 
? 5 340 415 608 203 503 
? 5 511 692 28 727 229 
? 5 4 153 513 314 253 
? 5 144 257 789 700 476 
? 5 521 707 103 630 499 
? 4 138 489 269 672 
? 4 265 282 105 163 
? 4 270 495 424 536 
? 4 678 782 528 730 
? 4 2 173 367 246 
? 4 83 775 302 315 
? 4 612 737 107 210 
? 4 79 734 130 172 
? 4 382 750 586 157 
? 4 243 713 310 150 
? 3 206 655 749 
? 3 61 526 22 
? 3 281 632 332 
? 3 13 293 462 
? 3 33 662 501 
!
164 433 613 560 628 663 549 562 722 447 736 227 
164 433
613 164
560 164
628 164
663 164
549 663
562 433
722 433
447 562
736 722
227 560
589 696 395 255 565 313 
589 255
696 255
696 313
589 565
589 395
251 670 711 160 17 427 746 456 406 179 334 693 34 394 303 241 457 72 80 224 742 35 635 753 471 435 112 5 29 567 295 101 578 212 149 437 667 537 152 690 724 799 570 705 429 754 538 
251 670
711 670
160 670
17 711
427 17
746 251
456 427
406 670
179 746
334 670
693 160
34 179
394 34
303 711
241 711
457 427
72 334
80 334
224 34
742 693
35 241
635 427
753 34
471 34
435 742
112 635
5 112
29 112
567 29
295 435
101 457
578 112
212 457
149 303
437 112
667 35
537 295
152 667
690 537
724 34
799 753
570 537
705 35
429 570
754 429
538 667
243 713 310 150 
243 713
713 150
243 310
781 
66 176 
66 176
521 707 103 630 499 
521 103
707 630
521 630
103 499
382 750 586 157 
382 586
382 750
750 157
347 378 409 539 341 531 321 517 220 
347 378
409 347
539 347
341 409
531 409
321 341
517 531
220 531
144 257 789 700 476 
144 476
700 476
789 700
144 257
267 534 
267 534
79 734 130 172 
79 734
79 172
130 172
1 716 516 96 649 487 178 273 151 548 728 191 514 32 681 198 146 718 
1 716
516 716
96 1
649 1
487 516
178 1
273 178
151 516
548 1
728 716
191 487
514 96
32 649
681 96
198 151
146 516
718 178
594 
529 587 
529 587
33 662 501 
662 501
33 662
108 309 20 641 619 779 
309 641
108 641
20 641
20 779
619 779
74 714 397 155 147 70 87 535 741 432 330 222 442 78 133 602 559 485 629 
74 714
397 74
155 714
147 714
70 714
87 397
535 87
741 714
432 535
330 70
222 330
442 70
78 535
133 442
602 535
559 442
485 133
629 602
126 352 712 580 312 232 266 416 296 606 52 215 783 769 740 106 609 379 211 
126 352
712 352
580 352
312 352
232 580
266 712
416 312
296 266
606 266
52 580
215 580
783 416
769 712
740 312
106 606
609 52
379 609
211 416
181 680 
181 680
53 762 545 500 625 550 263 371 7 522 58 166 104 797 225 721 
53 762
545 762
500 762
625 500
550 625
263 550
371 762
7 625
522 371
58 550
166 522
104 58
797 625
225 263
721 58
134 468 353 506 375 277 356 286 654 747 376 
134 468
353 134
506 134
375 506
277 375
356 375
286 375
654 468
747 375
376 654
434 702 115 772 715 611 373 689 284 400 
434 702
115 434
772 115
715 702
611 702
373 715
689 702
284 373
400 115
337 348 94 50 465 14 184 765 497 12 
337 348
94 348
50 348
465 348
14 94
184 337
765 184
497 184
12 497
612 737 107 210 
737 107
612 737
612 210
13 293 462 
13 293
13 462
83 775 302 315 
83 775
775 302
83 315
110 233 319 733 262 615 636 333 283 271 440 365 336 438 109 118 496 372 695 413 610 509 354 666 359 561 770 624 216 254 701 443 41 169 91 411 209 305 484 542 56 709 631 208 195 502 519 36 174 659 197 258 577 
110 233
319 110
733 233
262 233
615 110
636 110
333 233
283 319
271 262
440 636
365 283
336 262
438 733
109 262
118 615
496 438
372 283
695 336
413 365
610 372
509 372
354 440
666 615
359 365
561 283
770 372
624 666
216 561
254 354
701 496
443 283
41 365
169 770
91 615
411 354
209 91
305 411
484 624
542 41
56 770
709 56
631 56
208 666
195 561
502 305
519 195
36 411
174 91
659 91
197 56
258 365
577 770
99 204 474 525 573 430 756 
99 204
474 204
525 204
573 474
430 99
756 204
131 563 85 482 219 650 791 760 177 39 664 
131 563
85 131
482 85
219 85
650 482
791 219
760 650
177 219
39 650
664 39
591 
661 767 
661 767
3 97 459 135 278 338 425 420 143 298 196 
3 97
459 97
135 3
278 459
338 3
425 97
420 278
143 278
298 3
196 135
363 481 408 729 145 426 175 268 364 
363 481
408 481
729 363
145 481
426 481
175 481
268 481
364 729
582 642 
582 642
252 648 
252 648
4 153 513 314 253 
4 153
4 314
4 253
513 253
43 291 235 393 647 116 446 483 777 451 780 
43 291
235 43
393 43
647 291
116 393
446 43
483 43
777 43
451 116
780 116
2 173 367 246 
2 173
2 367
173 246
377 385 461 697 656 122 399 423 285 683 231 512 306 543 240 289 766 390 
377 385
461 385
697 377
656 377
122 656
399 697
423 122
285 399
683 385
231 461
512 423
306 399
543 423
240 423
289 683
766 461
390 512
202 605 398 684 217 132 154 460 768 574 236 350 
202 605
398 605
684 398
217 605
132 217
154 217
460 202
768 684
574 154
236 574
350 154
281 632 332 
281 332
281 632
678 782 528 730 
782 528
678 782
528 730
556 
317 
511 692 28 727 229 
511 692
692 727
511 229
511 28
62 785 547 725 505 324 
505 324
62 785
62 547
547 505
725 505
44 137 794 686 48 593 584 344 557 242 755 477 
44 137
794 44
686 137
48 137
593 686
584 48
344 794
557 44
242 557
755 794
477 344
270 495 424 536 
270 424
424 536
270 495
30 214 682 717 327 640 274 510 73 638 25 374 564 544 403 24 
30 214
682 214
717 214
327 717
640 682
274 214
510 30
73 327
638 640
25 638
374 510
564 510
544 25
403 25
24 25
599 671 301 592 439 88 787 568 633 621 182 761 86 287 515 444 63 674 
599 671
301 671
592 599
439 671
88 599
787 592
568 671
633 568
621 599
182 88
761 88
86 633
287 592
515 182
444 88
63 568
674 88
125 558 590 743 392 256 127 449 675 
125 558
590 558
743 558
392 558
256 392
127 392
449 392
675 256
694 710 
694 710
26 405 598 596 607 205 784 657 498 455 469 82 328 290 21 679 581 129 454 404 732 673 441 508 68 793 49 731 218 117 65 308 466 723 579 540 792 23 748 165 414 776 660 490 316 250 396 299 
26 405
598 405
596 405
607 598
205 607
784 26
657 598
498 405
455 205
469 405
82 657
328 455
290 82
21 205
679 405
581 82
129 290
454 679
404 454
732 454
673 129
441 454
508 454
68 508
793 508
49 454
731 673
218 731
117 784
65 68
308 328
466 673
723 117
579 454
540 731
792 581
23 466
748 508
165 679
414 454
776 82
660 23
490 579
316 748
250 65
396 466
299 490
190 
193 329 6 739 478 588 
329 6
6 478
193 329
193 739
329 588
61 526 22 
61 22
61 526
340 415 608 203 503 
340 503
608 503
340 415
340 203
265 282 105 163 
282 105
265 163
282 163
42 259 774 98 524 790 37 418 370 90 187 614 192 351 18 492 410 603 168 19 
42 259
774 42
98 259
524 42
790 774
37 259
418 42
370 98
90 790
187 259
614 790
192 418
351 90
18 192
492 614
410 192
603 370
168 790
19 410
276 652 
276 652
355 445 
355 445
77 
54 644 600 326 532 422 417 368 339 69 199 248 687 11 572 691 507 234 322 297 566 47 38 207 604 230 76 
54 644
600 54
326 644
532 326
422 54
417 532
368 422
339 417
69 368
199 368
248 339
687 644
11 368
572 11
691 69
507 69
234 368
322 326
297 248
566 322
47 600
38 248
207 507
604 11
230 604
76 566
102 226 
102 226
40 238 75 620 272 738 622 651 448 453 626 261 585 142 518 114 601 
40 238
75 40
620 40
272 40
738 75
622 238
651 40
448 651
453 620
626 622
261 622
585 620
142 585
518 585
114 622
601 448
428 475 111 795 345 136 464 554 162 472 201 156 470 
428 475
111 428
795 428
345 475
136 795
464 111
554 136
162 475
472 162
201 136
156 111
470 136
480 719 786 100 458 618 121 676 575 527 119 504 361 387 292 798 221 
480 719
786 719
100 786
458 100
618 480
121 480
676 786
575 480
527 719
119 121
504 676
361 480
387 458
292 458
798 786
221 786
0 699 668 8 180 703 646 771 386 467 576 706 323 388 639 745 
0 699
668 0
8 0
180 8
703 699
646 0
771 699
386 8
467 699
576 699
706 180
323 771
388 323
639 576
745 180
366 552 158 331 389 643 401 744 194 342 473 
366 552
158 552
331 158
389 552
643 389
401 158
744 401
194 744
342 194
473 744
81 260 9 571 653 720 479 362 64 249 237 213 239 349 188 688 159 617 183 170 171 31 758 346 555 189 752 113 120 60 357 264 89 45 311 369 
81 260
9 81
571 260
653 571
720 653
479 81
362 653
64 653
249 571
237 9
213 720
239 479
349 239
188 362
688 213
159 188
617 213
183 239
170 239
171 479
31 159
758 31
346 617
555 170
189 188
752 555
113 346
120 555
60 120
357 170
264 113
89 357
45 120
311 45
369 555
228 645 
228 645
294 383 
294 383
704 751 735 788 419 493 380 669 95 57 148 360 463 244 325 796 491 757 141 541 59 551 307 279 167 51 27 530 300 623 402 304 185 
704 751
735 751
788 751
419 704
493 735
380 704
669 788
95 735
57 493
148 493
360 493
463 380
244 669
325 57
796 148
491 788
757 463
141 325
541 796
59 463
551 141
307 796
279 244
167 57
51 463
27 491
530 244
300 167
623 244
402 325
304 491
185 402
93 488 128 520 431 275 486 523 494 384 
93 488
128 93
520 128
431 520
275 520
486 93
523 275
494 93
384 523
206 655 749 
206 655
206 749
138 489 269 672 
269 672
138 269
138 489
67 
140 627 320 665 569 391 245 658 616 726 46 10 335 759 161 698 
140 627
320 140
665 627
569 627
391 320
245 627
658 140
616 320
726 391
46 616
10 665
335 569
759 726
161 46
698 335
450 553 186 637 92 436 708 763 318 685 
450 553
186 553
637 450
92 553
436 186
708 450
763 92
318 186
685 450
343 533 200 595 778 124 677 764 16 358 123 84 288 223 139 
343 533
200 533
595 343
778 343
124 343
677 343
764 124
16 200
358 764
123 200
84 124
288 778
223 764
139 533
280 773 71 381 634 421 546 412 15 452 407 597 583 
280 773
71 773
381 773
634 71
421 773
546 634
412 634
15 381
452 634
407 546
597 452
583 407
55 247 
55 247
