? 6 310 395 526 575 589 243 
? 6 521 707 630 4 350 513 
? 6 24 278 459 420 638 97 
? 6 499 587 756 127 529 392 
? 5 227 797 722 447 225 
? 5 206 749 584 144 257 
? 5 408 481 729 363 426 
? 5 314 727 229 511 594 
? 5 371 522 166 750 586 
? 4 403 544 597 710 
? 4 528 782 113 675 
? 4 415 602 340 629 
? 4 2 173 367 28 
? 4 156 294 184 384 
? 4 221 565 504 497 
? 4 291 647 489 663 
? 4 22 713 150 494 
? 4 242 252 648 476 
? 4 153 645 189 228 
? 3 258 364 268 
? 3 145 175 101 
? 3 318 685 161 
? 3 383 472 470 
? 3 449 743 253 
!
444 505 287 518 201 601 302 240 390 63 315 414 
444 505
287 444
518 287
201 444
601 444
302 201
240 302
390 302
63 287
315 240
414 63
499 587 756 127 529 392 
499 756
499 587
127 392
499 529
587 127
704 751 788 735 419 95 380 493 57 669 796 463 244 757 141 148 551 360 491 300 207 325 27 279 541 51 59 293 167 304 530 267 402 307 185 13 623 273 507 534 85 178 177 718 501 563 219 
704 751
788 751
735 704
419 751
95 751
380 751
493 735
57 493
669 788
796 493
463 380
244 669
757 463
141 757
148 796
551 141
360 148
491 796
300 57
207 491
325 551
27 491
279 244
541 735
51 463
59 51
293 325
167 57
304 796
530 244
267 304
402 293
307 360
185 402
13 167
623 51
273 530
507 279
534 307
85 59
178 530
177 51
718 279
501 177
563 85
219 85
153 645 189 228 
189 228
645 228
153 228
799 
502 766 
502 766
371 522 166 750 586 
371 750
522 750
371 586
522 166
242 252 648 476 
242 476
252 648
242 648
125 373 558 284 715 256 730 689 590 
125 373
558 125
284 373
715 373
256 125
730 373
689 256
590 558
314 727 229 511 594 
727 511
229 511
314 727
727 594
680 768 
680 768
22 713 150 494 
22 494
713 150
713 494
347 409 378 697 341 135 285 539 531 193 196 329 306 321 399 3 6 478 
347 409
378 347
697 409
341 409
135 347
285 347
539 347
531 697
193 409
196 347
329 193
306 531
321 341
399 306
3 135
6 409
478 329
789 
130 355 
130 355
449 743 253 
449 253
743 253
24 278 459 420 638 97 
459 97
24 459
24 278
278 420
638 97
1 716 487 516 649 96 151 514 198 681 728 32 662 548 105 163 191 146 322 
1 716
487 1
516 487
649 716
96 649
151 516
514 716
198 487
681 96
728 516
32 96
662 681
548 151
105 649
163 105
191 516
146 548
322 146
368 422 54 600 69 11 644 572 532 47 326 417 234 199 687 339 691 248 734 
368 422
54 368
600 54
69 368
11 422
644 54
572 11
532 644
47 422
326 644
417 532
234 368
199 644
687 326
339 417
691 326
248 532
734 11
276 588 
276 588
58 550 762 53 625 7 263 157 309 721 20 641 619 545 500 104 
58 550
762 550
53 762
625 53
7 53
263 625
157 58
309 58
721 58
20 309
641 309
619 20
545 762
500 625
104 309
71 280 634 773 546 421 412 381 452 683 84 
71 280
634 71
773 280
546 280
421 634
412 634
381 773
452 634
683 381
84 773
99 204 556 474 573 525 430 203 132 103 
99 204
556 204
474 204
573 556
525 204
430 204
203 573
132 430
103 132
140 627 569 616 665 46 698 725 245 10 
140 627
569 140
616 140
665 140
46 616
698 569
725 140
245 140
10 665
291 647 489 663 
291 647
291 489
489 663
383 472 470 
472 470
383 470
221 565 504 497 
221 504
565 504
504 497
110 233 319 733 615 262 440 333 109 636 283 365 336 118 271 413 438 372 695 496 610 354 666 509 561 770 254 359 411 701 542 631 216 41 174 91 484 624 169 209 64 519 305 208 709 56 195 659 443 577 36 246 9 
110 233
319 233
733 110
615 233
262 110
440 615
333 233
109 615
636 440
283 319
365 283
336 262
118 615
271 262
413 262
438 733
372 283
695 262
496 438
610 372
354 440
666 615
509 319
561 283
770 372
254 262
359 336
411 354
701 438
542 336
631 770
216 283
41 542
174 666
91 174
484 438
624 666
169 610
209 666
64 631
519 283
305 91
208 666
709 631
56 709
195 561
659 91
443 561
577 770
36 659
246 195
9 56
45 120 311 798 12 346 170 
45 120
311 45
798 45
12 120
346 120
170 120
23 660 114 466 785 396 62 723 547 658 335 
23 660
114 23
466 23
785 114
396 466
62 785
723 114
547 114
658 547
335 658
765 
176 694 
176 694
93 488 128 299 520 490 165 431 275 464 523 
93 488
128 488
299 488
520 93
490 299
165 93
431 520
275 520
464 520
523 275
164 433 149 613 560 562 549 736 628 
164 433
149 433
613 433
560 164
562 433
549 164
736 560
628 164
608 741 
608 741
281 332 
281 332
408 481 729 363 426 
408 426
481 729
408 729
481 363
76 566 226 190 38 102 591 655 297 654 353 
76 566
226 76
190 76
38 226
102 76
591 226
655 102
297 38
654 38
353 297
156 294 184 384 
294 184
294 384
156 384
0 668 699 8 180 706 703 467 386 771 646 172 745 639 576 323 604 445 
0 668
699 0
8 0
180 8
706 180
703 699
467 0
386 180
771 180
646 180
172 771
745 180
639 703
576 699
323 771
604 745
445 745
19 410 202 605 460 398 236 574 684 503 168 154 
19 410
202 410
605 202
460 19
398 605
236 19
574 236
684 398
503 684
168 19
154 605
318 685 161 
318 685
685 161
2 173 367 28 
2 28
173 28
2 367
538 
358 
206 749 584 144 257 
749 584
584 257
206 749
144 257
521 707 630 4 350 513 
521 350
521 513
630 4
707 630
521 630
136 795 486 475 428 86 554 111 162 775 345 83 
136 795
486 795
475 795
428 475
86 486
554 428
111 428
162 475
775 136
345 475
83 775
415 602 340 629 
340 629
415 602
415 340
480 719 100 786 458 121 696 361 676 387 313 119 527 61 292 255 
480 719
100 719
786 100
458 100
121 480
696 121
361 719
676 786
387 458
313 786
119 121
527 696
61 696
292 458
255 313
40 238 75 622 620 674 453 738 651 448 261 748 272 626 515 88 142 316 
40 238
75 238
622 238
620 40
674 620
453 674
738 238
651 620
448 622
261 622
748 738
272 40
626 261
515 748
88 674
142 620
316 515
482 650 39 760 664 791 131 33 265 
482 650
39 650
760 39
664 39
791 39
131 482
33 39
265 33
692 758 
692 758
126 352 712 580 232 52 312 266 416 296 606 215 783 772 106 767 609 769 740 194 379 400 642 342 211 331 210 366 611 643 115 158 55 744 552 661 389 247 473 401 612 264 434 582 678 737 702 107 
126 352
712 126
580 712
232 352
52 126
312 352
266 712
416 312
296 52
606 266
215 580
783 312
772 606
106 606
767 772
609 52
769 606
740 312
194 416
379 296
400 767
642 312
342 194
211 312
331 609
210 416
366 331
611 400
643 609
115 400
158 331
55 400
744 740
552 366
661 611
389 643
247 210
473 342
401 740
612 247
264 210
434 115
582 473
678 264
737 612
702 434
107 612
298 
310 395 526 575 589 243 
526 589
395 575
310 526
310 575
575 243
145 175 101 
175 101
145 101
227 797 722 447 225 
797 447
227 797
722 447
447 225
528 782 113 675 
782 675
528 782
782 113
81 260 571 653 479 720 362 249 213 239 197 237 188 183 349 159 688 617 31 171 
81 260
571 260
653 81
479 260
720 653
362 571
249 653
213 249
239 479
197 653
237 249
188 362
183 239
349 239
159 362
688 653
617 213
31 159
171 479
222 559 
222 559
217 781 
217 781
282 
251 670 160 17 427 456 711 179 746 406 303 693 241 635 5 567 224 35 112 457 212 437 578 29 152 471 667 
251 670
160 670
17 251
427 17
456 427
711 17
179 251
746 251
406 670
303 746
693 160
241 17
635 17
5 251
567 427
224 303
35 241
112 427
457 112
212 457
437 17
578 112
29 578
152 35
471 303
667 35
181 603 
181 603
200 533 343 778 595 16 89 288 124 357 677 764 123 223 139 752 15 
200 533
343 533
778 200
595 533
16 200
89 343
288 778
124 343
357 89
677 343
764 357
123 595
223 89
139 123
752 595
15 288
599 671 301 439 787 182 633 621 250 568 592 761 585 
599 671
301 671
439 671
787 599
182 599
633 301
621 301
250 439
568 633
592 787
761 250
585 599
42 259 774 98 524 705 790 37 370 90 418 614 18 351 492 187 192 
42 259
774 42
98 259
524 98
705 259
790 774
37 774
370 98
90 790
418 42
614 790
18 418
351 774
492 614
187 98
192 18
30 214 388 682 640 717 274 327 564 510 374 407 73 583 143 25 
30 214
388 30
682 214
640 388
717 30
274 214
327 274
564 214
510 30
374 510
407 510
73 327
583 510
143 640
25 143
44 794 344 137 686 593 755 48 376 557 477 
44 794
344 794
137 44
686 137
593 686
755 794
48 44
376 686
557 44
477 376
26 405 607 598 596 205 657 498 784 290 469 455 732 404 82 21 581 508 679 328 454 441 673 68 49 129 731 65 793 540 117 308 792 579 218 776 
26 405
607 26
598 607
596 26
205 607
657 26
498 405
784 657
290 784
469 598
455 607
732 26
404 732
82 596
21 607
581 82
508 581
679 404
328 455
454 679
441 404
673 290
68 581
49 404
129 673
731 673
65 679
793 65
540 731
117 673
308 21
792 581
579 454
218 540
776 731
79 230 
79 230
66 338 
66 338
570 672 429 537 536 295 462 754 317 495 424 435 780 724 690 269 270 72 777 116 742 334 393 80 451 138 34 235 43 483 394 446 753 
570 672
429 672
537 570
536 672
295 537
462 429
754 672
317 672
495 537
424 495
435 295
780 754
724 429
690 495
269 429
270 537
72 435
777 269
116 754
742 295
334 742
393 116
80 435
451 116
138 116
34 724
235 116
43 393
483 43
394 34
446 43
753 34
50 348 337 94 555 465 369 60 618 14 
50 348
337 348
94 348
555 348
465 50
369 348
60 348
618 337
14 555
258 364 268 
258 364
364 268
403 544 597 710 
544 710
544 597
403 597
67 
377 385 461 656 122 423 231 739 220 517 289 512 543 324 77 425 
377 385
461 385
656 377
122 385
423 122
231 461
739 377
220 739
517 220
289 461
512 423
543 122
324 656
77 543
425 461
134 468 506 375 286 652 277 356 747 632 
134 468
506 134
375 468
286 134
652 468
277 375
356 375
747 375
632 277
74 714 155 397 147 87 432 535 70 330 442 78 133 382 485 
74 714
155 74
397 74
147 74
87 397
432 147
535 432
70 432
330 70
442 70
78 432
133 330
382 70
485 133
450 553 726 708 186 637 92 436 763 700 391 320 759 
450 553
726 553
708 450
186 553
637 450
92 553
436 186
763 553
700 763
391 708
320 708
759 726
108 779 
108 779
