? 14 61 324 336 380 520 449 325 326 432 303 428 655 699 301 
? 14 251 330 278 718 43 289 162 165 550 474 418 549 580 74 
? 12 393 512 564 455 176 45 468 350 321 99 446 194 
? 12 408 519 789 689 155 551 702 30 715 421 253 493 
? 12 3 697 49 638 620 142 17 26 344 222 351 44 
? 11 475 658 728 642 722 611 305 203 565 423 73 
? 11 276 599 610 641 513 368 535 236 673 554 686 
? 11 83 91 472 10 131 62 524 420 639 544 622 
? 11 775 786 698 440 110 188 407 608 654 657 653 
? 10 412 624 631 703 270 678 757 752 198 67 
? 10 265 457 456 431 71 717 258 776 308 613 
? 10 294 561 27 226 592 721 292 50 750 18 
? 10 282 558 480 285 334 795 476 463 683 339 
? 9 220 538 166 774 670 8 695 204 444 
? 9 147 399 720 435 244 235 546 240 401 
? 8 267 509 542 290 510 140 309 628 
? 8 425 503 266 424 382 185 612 355 
? 8 488 506 416 521 575 112 762 443 
? 8 310 331 315 130 528 167 739 171 
? 8 20 54 577 415 625 731 462 70 
? 8 605 662 304 751 560 97 635 434 
? 8 102 726 215 621 562 114 674 89 
? 7 279 604 199 58 677 36 101 
? 7 14 182 667 200 742 93 327 
? 7 365 646 414 281 257 719 193 
? 7 458 614 256 571 25 80 137 
? 7 405 467 384 602 587 263 710 
? 7 237 746 291 386 195 190 419 
? 7 471 748 84 29 219 372 75 
? 6 307 499 448 452 202 780 
? 6 250 531 160 148 740 497 
? 6 692 765 627 104 517 660 
? 6 98 177 352 632 243 541 
? 6 482 764 161 404 94 338 
? 6 34 707 261 88 679 588 
? 6 87 556 754 47 117 100 
? 6 209 411 491 785 38 705 
? 5 224 532 332 753 559 
? 5 81 299 749 374 223 
? 5 346 778 269 447 629 
? 5 481 603 796 187 398 
? 5 507 516 126 623 341 
? 5 375 663 255 735 370 
? 5 63 115 317 400 192 
? 5 111 723 590 557 371 
? 5 376 793 260 207 154 
? 5 163 798 319 688 727 
? 5 337 767 594 312 239 
? 5 21 197 744 537 799 
? 5 385 676 787 287 568 
? 5 712 763 713 213 756 
? 5 601 681 478 618 706 
? 5 208 402 701 378 271 
? 5 596 733 589 381 118 
? 5 2 395 797 210 461 
? 5 69 675 184 661 55 
? 5 109 274 369 318 606 
? 5 388 430 772 178 125 
? 5 77 120 180 486 487 
? 5 343 389 206 392 298 
? 5 479 647 146 540 288 
? 5 42 682 691 664 665 
? 4 218 773 445 216 
? 4 46 52 724 640 
? 4 95 617 227 387 
? 4 361 586 595 579 
? 4 737 788 135 494 
? 4 39 782 536 583 
? 4 170 680 354 745 
? 4 143 593 539 426 
? 4 295 502 129 175 
? 4 64 508 729 758 
? 4 127 313 349 569 
? 4 181 526 534 172 
? 4 643 759 552 730 
? 4 495 777 578 340 
? 4 649 741 173 348 
? 4 246 790 78 76 
? 4 383 572 716 65 
? 4 132 322 316 437 
? 4 637 704 254 527 
? 4 9 238 633 103 
? 4 225 563 576 784 
? 4 168 242 645 364 
? 4 164 738 779 783 
? 4 128 362 379 7 
? 4 293 609 600 396 
? 4 5 56 436 22 
? 3 15 151 217 
? 3 302 669 259 
? 3 122 179 366 
? 3 650 666 391 
? 3 24 459 139 
? 3 555 630 685 
? 3 12 342 367 
? 3 360 725 264 
? 3 607 659 286 
? 3 53 189 490 
? 3 453 672 543 
? 3 359 619 283 
? 3 525 529 247 
? 3 548 770 498 
? 3 82 634 760 
? 3 358 533 761 
? 3 636 668 454 
? 3 201 328 377 
? 3 92 573 152 
? 3 433 781 523 
? 3 566 626 35 
? 3 441 732 769 
? 3 48 66 553 
? 3 241 714 277 
? 3 19 791 581 
? 3 31 68 616 
? 3 96 450 648 
? 3 500 708 417 
? 3 157 442 353 
? 3 333 615 123 
? 3 585 687 696 
? 3 72 169 105 
? 3 252 574 323 
? 3 314 792 90 
? 3 174 413 766 
? 3 232 306 33 
? 3 57 492 221 
? 3 196 229 504 
? 3 138 694 394 
!
138 694 394 
138 694
138 394
13 345 
13 345
771 
102 726 215 621 562 114 674 89 
215 621
674 89
102 726
102 215
562 114
114 674
102 114
42 682 691 664 665 
42 664
42 682
682 691
664 665
282 558 480 285 334 795 476 463 683 339 
282 558
285 334
480 339
334 795
795 463
476 683
476 339
558 480
282 285
196 229 504 
196 229
196 504
57 492 221 
57 492
492 221
51 124 
51 124
479 647 146 540 288 
479 647
146 540
647 288
647 540
214 231 
214 231
294 561 27 226 592 721 292 50 750 18 
294 27
592 750
561 27
721 50
226 292
292 18
294 721
294 592
561 292
32 363 
32 363
768 
343 389 206 392 298 
343 392
389 392
389 298
206 392
5 56 436 22 
5 56
5 436
5 22
209 411 491 785 38 705 
209 411
785 38
411 785
209 491
491 705
77 120 180 486 487 
486 487
77 120
120 180
77 487
28 273 
28 273
106 477 
106 477
755 
471 748 84 29 219 372 75 
372 75
471 748
748 219
84 219
29 75
471 29
388 430 772 178 125 
772 125
388 430
388 772
430 178
109 274 369 318 606 
369 606
109 274
274 318
109 369
293 609 600 396 
293 396
293 609
609 600
128 362 379 7 
128 379
362 379
379 7
69 675 184 661 55 
69 675
184 55
69 55
675 661
234 485 
234 485
164 738 779 783 
164 738
738 779
779 783
743 
232 306 33 
232 306
232 33
87 556 754 47 117 100 
87 556
754 47
117 100
556 754
754 117
113 116 
113 116
736 
775 786 698 440 110 188 407 608 654 657 653 
775 786
775 698
698 440
110 654
440 608
608 653
786 110
110 188
698 657
407 654
186 684 
186 684
174 413 766 
174 413
413 766
212 518 
212 518
314 792 90 
314 90
792 90
2 395 797 210 461 
395 210
210 461
2 395
2 797
252 574 323 
252 323
252 574
230 489 
230 489
356 597 
356 597
596 733 589 381 118 
589 118
733 589
596 733
596 381
709 
237 746 291 386 195 190 419 
746 386
386 195
237 746
746 291
195 419
237 190
168 242 645 364 
242 364
168 242
168 645
700 
671 
208 402 701 378 271 
208 701
208 271
402 378
378 271
34 707 261 88 679 588 
707 261
34 261
707 88
34 679
261 588
225 563 576 784 
225 563
576 784
225 784
652 
584 
451 747 
451 747
72 169 105 
72 169
72 105
585 687 696 
585 687
687 696
547 
333 615 123 
333 615
333 123
605 662 304 751 560 97 635 434 
304 560
304 635
662 751
751 97
605 662
662 560
751 434
514 
511 
9 238 633 103 
238 103
9 238
9 633
149 711 
149 711
191 205 
191 205
637 704 254 527 
704 527
637 704
637 254
147 399 720 435 244 235 546 240 401 
147 399
546 240
147 720
244 401
399 435
235 546
435 235
147 244
157 442 353 
157 442
157 353
83 91 472 10 131 62 524 420 639 544 622 
83 91
83 472
420 639
10 62
83 10
91 131
472 622
131 420
472 524
131 544
132 322 316 437 
316 437
322 316
132 322
501 
500 708 417 
500 708
500 417
383 572 716 65 
383 716
572 716
572 65
20 54 577 415 625 731 462 70 
731 462
20 54
20 577
54 731
577 415
415 70
54 625
601 681 478 618 706 
601 681
681 478
478 618
681 706
405 467 384 602 587 263 710 
467 384
602 263
405 467
263 710
602 587
405 602
246 790 78 76 
790 76
246 790
246 78
649 741 173 348 
649 741
649 173
741 348
220 538 166 774 670 8 695 204 444 
220 538
8 695
538 166
774 670
166 774
670 204
774 444
220 695
496 
470 
458 614 256 571 25 80 137 
458 614
458 571
80 137
614 25
256 25
571 137
482 764 161 404 94 338 
764 161
94 338
482 764
161 94
161 404
712 763 713 213 756 
712 763
712 213
763 756
712 713
96 450 648 
96 450
450 648
495 777 578 340 
495 340
777 340
578 340
385 676 787 287 568 
385 787
385 676
676 287
787 568
251 330 278 718 43 289 162 165 550 474 418 549 580 74 
251 330
162 74
549 580
278 289
330 289
43 550
718 43
550 474
278 43
418 74
278 580
251 162
289 165
469 
21 197 744 537 799 
744 537
21 197
21 744
197 799
31 68 616 
31 68
31 616
643 759 552 730 
643 552
643 759
552 730
466 
19 791 581 
19 791
19 581
265 457 456 431 71 717 258 776 308 613 
776 308
265 456
717 776
265 457
431 717
265 71
71 258
71 308
431 613
337 767 594 312 239 
337 767
767 594
594 312
767 239
365 646 414 281 257 719 193 
719 193
414 281
365 646
365 193
646 414
257 719
241 714 277 
241 714
241 277
460 
438 
48 66 553 
66 553
48 66
163 798 319 688 727 
163 798
163 319
319 688
319 727
427 
441 732 769 
441 769
441 732
465 515 
465 515
376 793 260 207 154 
376 793
793 154
376 207
376 260
566 626 35 
566 626
626 35
412 624 631 703 270 678 757 752 198 67 
412 624
678 752
412 631
752 67
624 270
757 198
703 752
703 270
703 757
473 690 
473 690
111 723 590 557 371 
111 723
723 590
723 557
111 371
60 734 
60 734
1 121 
1 121
429 582 
429 582
422 
23 644 
23 644
409 
433 781 523 
433 781
433 523
92 573 152 
92 573
92 152
201 328 377 
201 328
328 377
310 331 315 130 528 167 739 171 
310 315
167 739
310 331
528 167
130 528
331 130
528 171
636 668 454 
636 454
636 668
522 567 
522 567
63 115 317 400 192 
317 192
115 317
63 115
63 400
181 526 534 172 
181 526
534 172
526 534
403 
357 
98 177 352 632 243 541 
352 541
98 177
177 352
243 541
98 632
347 
127 313 349 569 
127 313
313 349
349 569
488 506 416 521 575 112 762 443 
488 416
488 506
416 521
112 762
521 575
506 112
488 443
692 765 627 104 517 660 
765 627
692 627
765 104
627 517
692 660
14 182 667 200 742 93 327 
14 182
742 327
14 200
14 93
667 93
182 742
329 
320 
233 248 133 656 297 86 159 311 545 4 144 284 410 335 651 406 794 136 
233 248
133 233
656 248
297 248
86 248
159 656
311 159
545 311
4 159
144 545
284 311
410 311
335 284
651 144
406 4
794 335
136 406
300 
358 533 761 
533 761
358 533
250 531 160 148 740 497 
250 531
740 497
250 160
531 148
148 497
82 634 760 
82 760
82 634
3 697 49 638 620 142 17 26 344 222 351 44 
3 697
620 142
17 344
638 17
26 344
3 344
697 49
222 351
697 142
142 44
620 351
280 
275 
272 
548 770 498 
548 770
770 498
525 529 247 
525 529
529 247
375 663 255 735 370 
375 663
255 370
375 255
663 735
268 
64 508 729 758 
729 758
64 508
64 758
276 599 610 641 513 368 535 236 673 554 686 
276 599
610 368
368 673
513 535
368 686
513 236
276 610
610 641
276 535
535 554
279 604 199 58 677 36 101 
58 36
279 604
199 677
604 199
604 58
36 101
249 
183 
425 503 266 424 382 185 612 355 
425 503
503 266
424 612
424 382
425 424
425 185
425 355
158 
156 
373 464 
373 464
295 502 129 175 
295 502
295 129
295 175
359 619 283 
359 619
359 283
408 519 789 689 155 551 702 30 715 421 253 493 
689 30
408 519
408 715
519 155
689 551
408 789
702 253
155 702
519 551
789 421
715 493
143 593 539 426 
539 426
143 593
593 539
150 
170 680 354 745 
680 745
170 354
170 680
267 509 542 290 510 140 309 628 
290 140
267 509
290 309
542 628
267 510
542 309
509 542
507 516 126 623 341 
126 341
507 516
507 126
516 623
296 570 
296 570
145 
481 603 796 187 398 
481 603
603 796
481 187
796 398
453 672 543 
453 672
672 543
53 189 490 
189 490
53 490
141 
607 659 286 
607 659
607 286
134 
119 
11 484 
11 484
360 725 264 
360 725
360 264
346 778 269 447 629 
346 778
346 447
269 629
346 269
108 
12 342 367 
12 342
342 367
85 
81 299 749 374 223 
749 374
81 299
81 749
299 223
390 483 
390 483
61 324 336 380 520 449 325 326 432 303 428 655 699 301 
61 324
380 655
432 655
61 336
303 655
325 326
520 301
336 432
428 699
520 449
432 301
449 325
324 428
555 630 685 
630 685
555 630
245 439 
245 439
59 
39 782 536 583 
39 782
39 536
39 583
211 397 
211 397
737 788 135 494 
788 135
737 788
737 494
41 
24 459 139 
24 459
459 139
224 532 332 753 559 
332 559
532 332
224 532
224 753
361 586 595 579 
586 579
595 579
361 586
40 
37 
16 
95 617 227 387 
95 617
95 227
227 387
650 666 391 
650 391
666 391
122 179 366 
179 366
122 366
46 52 724 640 
46 52
46 640
46 724
6 
302 669 259 
302 259
302 669
0 
307 499 448 452 202 780 
202 780
307 448
307 780
448 452
499 448
505 693 
505 693
530 598 
530 598
218 773 445 216 
773 445
218 773
445 216
107 228 
107 228
153 262 
153 262
393 512 564 455 176 45 468 350 321 99 446 194 
176 350
393 512
512 564
45 321
321 446
512 455
564 176
393 468
99 194
176 446
468 99
15 151 217 
15 151
15 217
79 591 
79 591
475 658 728 642 722 611 305 203 565 423 73 
475 658
728 611
728 203
611 73
728 305
305 423
475 722
658 642
642 73
642 565
