? 14 251 330 278 289 718 43 162 474 580 418 550 549 74 165 
? 14 3 697 49 620 142 638 26 17 344 351 222 359 573 44 
? 12 61 324 336 380 520 325 449 326 432 303 428 301 
? 12 488 506 416 521 112 575 762 496 443 584 25 460 
? 12 267 509 542 290 140 309 510 373 6 606 628 395 
? 11 172 444 613 534 526 166 431 717 181 774 456 
? 11 20 54 577 731 625 462 415 70 422 68 31 
? 11 276 599 610 641 535 513 368 236 673 686 598 
? 11 393 512 564 455 176 321 45 468 350 99 446 
? 10 471 748 29 219 84 372 75 85 64 508 
? 10 775 786 698 440 407 608 110 188 657 654 
? 10 279 604 199 58 677 36 101 764 404 300 
? 10 194 556 87 754 47 263 117 384 100 342 
? 9 265 457 258 776 71 308 538 220 729 
? 9 475 658 728 611 642 722 565 305 73 
? 8 408 519 789 689 155 702 30 551 
? 8 605 662 304 97 560 635 751 434 
? 8 143 341 126 593 539 426 507 459 
? 8 412 624 631 703 270 678 752 67 
? 8 34 707 261 679 88 588 247 1 
? 8 132 578 322 118 316 777 437 340 
? 8 83 91 472 10 131 62 524 420 
? 7 365 646 414 281 211 719 193 
? 7 46 52 640 724 347 314 338 
? 7 250 531 740 148 160 639 525 
? 7 102 726 215 621 562 114 674 
? 7 294 561 27 226 592 721 292 
? 7 59 240 546 190 759 771 643 
? 7 425 699 503 266 424 185 382 
? 6 712 763 713 756 357 213 
? 6 14 182 667 200 742 93 
? 6 282 558 480 285 334 463 
? 6 376 793 207 260 154 515 
? 6 337 767 312 594 239 9 
? 6 81 299 749 223 374 700 
? 6 237 746 235 291 386 195 
? 6 293 609 107 600 396 145 
? 5 627 765 692 104 517 
? 5 167 528 739 744 130 
? 5 109 274 369 318 13 
? 5 163 798 319 688 32 
? 5 310 331 655 315 171 
? 5 448 499 307 452 202 
? 5 135 788 737 320 283 
? 5 111 723 557 590 371 
? 5 375 663 255 370 735 
? 5 385 676 287 787 568 
? 5 481 603 421 796 187 
? 5 98 177 352 203 243 
? 5 601 681 618 478 706 
? 5 5 56 436 597 22 
? 5 343 389 206 298 392 
? 5 147 399 720 435 244 
? 5 95 617 227 782 387 
? 5 346 778 447 269 629 
? 5 164 738 783 779 230 
? 5 485 795 498 234 501 
? 5 224 532 186 332 753 
? 5 8 695 492 57 40 
? 5 246 790 76 78 761 
? 5 458 614 256 571 80 
? 5 63 115 317 400 192 
? 4 536 583 39 328 
? 4 302 669 259 397 
? 4 42 682 664 691 
? 4 55 466 661 675 
? 4 196 229 633 103 
? 4 15 151 217 35 
? 4 208 701 402 271 
? 4 21 197 537 799 
? 4 476 516 623 683 
? 4 209 411 491 785 
? 4 589 733 596 381 
? 4 649 741 173 680 
? 4 69 184 361 574 
? 4 388 772 465 125 
? 4 53 189 684 490 
? 4 497 502 622 295 
? 4 168 242 645 364 
? 4 445 773 218 522 
? 4 170 354 745 363 
? 4 405 467 602 587 
? 4 198 757 711 666 
? 4 225 563 137 576 
? 4 383 572 716 65 
? 4 122 179 366 626 
? 4 127 313 349 569 
? 4 286 607 493 659 
? 3 548 770 50 
? 3 90 94 768 
? 3 423 541 108 
? 3 479 647 146 
? 3 360 725 264 
? 3 252 323 612 
? 3 82 634 760 
? 3 637 704 527 
? 3 128 362 379 
? 3 2 797 210 
? 3 161 482 355 
? 3 232 306 33 
? 3 120 180 77 
? 3 92 494 152 
? 3 245 439 758 
? 3 579 595 280 
? 3 630 685 555 
? 3 473 665 690 
? 3 216 547 417 
? 3 204 670 41 
? 3 79 636 668 
? 3 7 23 644 
? 3 453 672 543 
? 3 19 791 450 
? 3 500 708 228 
? 3 505 693 486 
? 3 296 570 781 
? 3 149 650 391 
? 3 429 582 60 
? 3 552 730 743 
? 3 113 358 116 
? 3 736 750 747 
? 3 333 615 123 
? 3 178 430 89 
? 3 329 780 619 
? 3 48 66 339 
? 3 585 687 696 
? 3 441 732 183 
? 3 12 367 710 
!
12 367 710 
12 710
12 367
201 377 
201 377
792 
83 91 472 10 131 62 524 420 
83 91
83 472
10 62
83 10
91 131
131 420
472 524
63 115 317 400 192 
317 192
115 317
63 115
63 400
194 556 87 754 47 263 117 384 100 342 
194 556
263 342
194 87
754 47
117 384
117 100
556 754
754 342
263 384
441 732 183 
441 183
441 732
585 687 696 
585 687
687 696
28 273 
28 273
458 614 256 571 80 
458 614
458 571
458 256
571 80
221 257 
221 257
279 604 199 58 677 36 101 764 404 300 
677 764
58 36
279 604
101 300
199 677
604 199
604 58
36 300
764 404
121 544 
121 544
784 
246 790 76 78 761 
790 76
246 790
246 78
246 761
286 607 493 659 
493 659
607 493
286 607
293 609 107 600 396 145 
293 396
107 396
293 609
609 600
107 145
8 695 492 57 40 
492 57
8 695
695 492
8 40
18 129 
18 129
214 231 
214 231
769 
425 699 503 266 424 185 382 
425 699
425 503
503 266
424 382
425 424
699 185
224 532 186 332 753 
186 332
532 186
224 532
224 753
485 795 498 234 501 
485 501
485 795
498 501
234 501
127 313 349 569 
127 313
313 349
349 569
122 179 366 626 
179 366
179 626
122 366
164 738 783 779 230 
164 738
783 230
779 230
738 779
378 403 
378 403
383 572 716 65 
383 716
572 716
572 65
755 
48 66 339 
66 339
48 339
237 746 235 291 386 195 
746 386
386 195
237 235
237 746
746 291
470 616 
470 616
727 
393 512 564 455 176 321 45 468 350 99 446 
176 350
393 512
512 564
321 45
321 446
512 455
564 176
393 468
176 446
468 99
138 694 
138 694
329 780 619 
329 780
780 619
37 419 
37 419
178 430 89 
178 430
178 89
346 778 447 269 629 
346 778
346 447
269 629
346 269
333 615 123 
333 615
333 123
153 262 
153 262
427 438 
427 438
95 617 227 782 387 
95 617
227 782
95 227
782 387
715 
59 240 546 190 759 771 643 
546 190
240 190
59 546
759 643
759 771
59 771
225 563 137 576 
225 563
563 137
563 576
709 
705 
147 399 720 435 244 
147 399
147 720
399 435
147 244
81 299 749 223 374 700 
749 374
81 299
81 749
374 700
299 223
198 757 711 666 
198 757
198 711
198 666
660 
653 
11 484 
11 484
736 750 747 
736 750
736 747
113 358 116 
113 116
358 116
652 
552 730 743 
552 743
730 743
132 578 322 118 316 777 437 340 
578 322
316 437
132 118
322 316
132 578
322 340
777 340
632 
586 
405 467 602 587 
405 467
602 587
405 602
124 277 
124 277
275 581 
275 581
170 354 745 363 
170 354
170 745
170 363
475 658 728 611 642 722 565 305 73 
475 658
728 611
611 73
728 305
475 722
658 642
642 73
642 565
429 582 60 
582 60
429 582
276 599 610 641 535 513 368 236 673 686 598 
276 599
610 368
368 673
535 513
368 686
236 598
513 236
276 610
610 641
276 535
445 773 218 522 
445 773
773 218
445 522
567 
149 650 391 
650 391
149 650
168 242 645 364 
242 364
168 242
168 645
34 707 261 679 88 588 247 1 
707 261
34 261
707 88
588 1
34 679
34 247
261 588
343 389 206 298 392 
343 392
389 392
389 298
206 392
294 561 27 226 592 721 292 
294 27
561 27
226 292
294 721
294 592
561 292
497 502 622 295 
502 295
497 502
502 622
53 189 684 490 
189 490
53 684
684 490
265 457 258 776 71 308 538 220 729 
776 308
538 220
265 457
776 538
265 71
258 71
71 308
71 729
566 
554 
102 726 215 621 562 114 674 
215 621
102 726
102 215
562 114
114 674
102 114
337 767 312 594 239 9 
337 767
594 9
767 594
312 594
767 239
5 56 436 597 22 
436 597
5 56
5 597
5 22
296 570 781 
296 570
570 781
388 772 465 125 
772 125
465 125
388 772
601 681 618 478 706 
601 681
681 478
618 478
681 706
3 697 49 620 142 638 26 17 344 351 222 359 573 44 
142 573
3 697
620 142
17 344
638 17
26 344
3 344
697 49
351 222
697 142
573 44
620 351
49 359
553 
98 177 352 203 243 
203 243
98 177
177 352
352 203
505 693 486 
505 486
693 486
69 184 361 574 
69 184
69 574
184 361
533 
500 708 228 
500 708
708 228
775 786 698 440 407 608 110 188 657 654 
775 786
775 698
698 440
110 654
440 608
786 110
110 188
698 657
407 654
481 603 421 796 187 
421 796
481 603
603 796
481 187
250 531 740 148 160 639 525 
250 531
740 639
250 639
250 160
531 148
250 525
19 791 450 
19 791
19 450
530 
529 
453 672 543 
453 672
672 543
385 676 287 787 568 
385 787
385 676
676 287
787 568
511 
7 23 644 
23 644
7 23
394 648 
394 648
375 663 255 370 735 
375 663
255 370
375 255
663 735
79 636 668 
79 668
636 668
471 748 29 219 84 372 75 85 64 508 
372 75
471 748
64 508
75 64
748 219
219 85
219 84
29 64
372 85
106 477 
106 477
111 723 557 590 371 
111 723
723 590
723 557
111 371
451 504 
451 504
356 559 
356 559
518 734 
518 734
495 
348 483 
348 483
489 
204 670 41 
204 41
670 41
216 547 417 
547 417
216 417
473 665 690 
473 690
665 690
412 624 631 703 270 678 752 67 
412 624
678 752
412 631
752 67
624 270
703 752
703 270
630 685 555 
630 685
630 555
514 766 
514 766
135 788 737 320 283 
135 788
788 320
788 737
737 283
649 741 173 680 
649 741
173 680
649 173
469 
464 
376 793 207 260 154 515 
376 793
793 154
376 207
207 515
376 260
461 
589 733 596 381 
589 733
733 596
596 381
143 341 126 593 539 426 507 459 
539 459
143 341
539 426
143 593
341 126
126 507
593 459
282 558 480 285 334 463 
282 558
285 334
558 480
282 285
334 463
46 52 640 724 347 314 338 
640 347
46 52
314 338
46 640
347 314
46 724
454 
409 
233 248 133 656 297 86 159 311 545 4 284 144 335 410 651 406 794 136 
233 248
133 248
656 133
297 233
86 656
159 656
311 656
545 297
4 159
284 311
144 545
335 284
410 284
651 144
406 4
794 335
136 406
401 
579 595 280 
579 595
579 280
14 182 667 200 742 93 
14 182
14 200
14 93
667 93
182 742
245 439 758 
439 758
245 439
267 509 542 290 140 309 510 373 6 606 628 395 
290 140
290 373
267 509
290 309
542 628
267 510
542 309
267 373
6 628
510 395
510 606
390 
353 
288 
92 494 152 
92 494
92 152
120 180 77 
120 77
120 180
448 499 307 452 202 
448 307
448 452
307 202
448 499
268 
209 411 491 785 
209 411
411 785
209 491
20 54 577 731 625 462 415 70 422 68 31 
625 422
731 462
20 54
20 577
54 731
577 415
68 31
462 31
54 422
415 70
365 646 414 281 211 719 193 
719 193
414 281
365 646
211 193
365 193
646 414
254 
253 
605 662 304 97 560 635 751 434 
304 560
304 635
662 751
97 751
605 662
662 560
751 434
249 
238 
191 398 
191 398
476 516 623 683 
476 516
623 683
516 623
232 306 33 
232 306
232 33
488 506 416 521 112 575 762 496 443 584 25 460 
488 416
488 506
416 521
575 584
521 584
762 496
112 762
112 460
443 25
506 496
488 443
21 197 537 799 
21 197
21 537
197 799
212 
208 701 402 271 
208 701
208 271
208 402
408 519 789 689 155 702 30 551 
689 30
408 519
519 155
689 551
408 789
155 702
519 551
310 331 655 315 171 
310 315
310 331
310 655
315 171
157 442 
157 442
205 
163 798 319 688 32 
163 798
163 319
319 688
688 32
161 482 355 
161 355
161 482
2 797 210 
2 210
2 797
175 
128 362 379 
128 379
362 379
158 
156 
345 487 
345 487
637 704 527 
704 527
637 704
109 274 369 318 13 
109 274
274 318
109 369
109 13
150 
82 634 760 
82 760
82 634
141 
167 528 739 744 130 
167 739
167 528
528 130
167 744
327 671 
327 671
251 330 278 289 718 43 162 474 580 418 550 549 74 165 
251 330
162 74
580 549
278 289
330 289
43 550
718 43
474 550
278 43
418 74
278 580
251 162
289 165
252 323 612 
323 612
252 612
241 714 
241 714
134 
15 151 217 35 
15 151
15 35
15 217
96 272 
96 272
196 229 633 103 
196 229
229 103
196 633
119 
360 725 264 
360 725
360 264
627 765 692 104 517 
627 765
627 692
765 104
627 517
55 466 661 675 
55 466
466 661
466 675
51 
38 
24 
42 682 664 691 
42 664
42 682
682 691
479 647 146 
479 647
647 146
423 541 108 
423 541
423 108
302 669 259 397 
302 259
302 669
302 397
16 
90 94 768 
90 94
90 768
0 
712 763 713 756 357 213 
712 763
712 357
712 213
713 357
763 756
105 591 
105 591
139 540 
139 540
536 583 39 328 
536 39
583 328
583 39
174 413 
174 413
72 169 
72 169
61 324 336 380 520 325 449 326 432 303 428 301 
61 324
61 336
325 326
520 301
336 432
380 432
380 303
520 449
432 301
325 449
324 428
548 770 50 
548 770
770 50
433 523 
433 523
172 444 613 534 526 166 431 717 181 774 456 
444 613
172 444
526 181
431 717
444 534
166 431
534 526
166 774
172 774
717 456
