? 14 488 506 416 521 575 112 584 443 762 496 25 460 38 571 
? 14 61 324 336 380 520 449 432 325 303 326 301 699 428 655 
? 12 627 765 692 104 517 85 296 660 187 119 205 796 
? 12 276 599 610 641 513 673 368 535 236 686 598 530 
? 12 3 697 142 638 26 344 17 222 351 620 49 353 
? 11 775 786 698 440 110 188 608 407 657 654 653 
? 11 251 330 278 718 289 43 162 74 165 474 549 
? 11 20 54 731 577 462 625 415 70 422 68 106 
? 11 83 91 472 10 131 62 524 420 622 639 740 
? 10 408 519 789 702 689 155 30 551 421 715 
? 10 102 726 215 621 114 562 674 50 743 721 
? 10 475 658 642 728 722 611 565 305 73 203 
? 10 412 624 631 446 703 350 270 45 321 678 
? 9 46 52 640 724 347 314 329 338 135 
? 9 267 509 542 290 309 628 510 140 395 
? 8 712 763 713 48 756 213 357 149 
? 8 265 456 457 71 776 717 308 258 
? 8 294 561 27 226 592 292 268 750 
? 8 393 512 564 455 176 468 99 194 
? 8 307 448 499 452 202 780 359 283 
? 8 425 503 266 424 382 185 511 355 
? 8 482 764 161 677 404 199 604 94 
? 7 111 723 590 557 371 197 145 
? 7 109 274 369 318 13 606 461 
? 7 220 538 431 166 670 774 8 
? 7 14 182 667 200 742 93 327 
? 7 471 748 84 29 219 372 75 
? 7 605 662 304 543 560 97 434 
? 7 528 739 167 744 130 21 280 
? 6 282 558 480 285 334 463 
? 6 310 331 315 171 582 60 
? 6 163 798 319 688 727 700 
? 6 365 646 414 257 281 719 
? 6 237 746 235 386 291 190 
? 6 385 676 787 287 568 225 
? 6 337 767 312 594 239 9 
? 6 536 583 782 39 201 328 
? 5 42 682 691 178 664 
? 5 81 299 749 223 451 
? 5 250 531 160 148 497 
? 5 98 177 352 423 632 
? 5 147 399 418 720 435 
? 5 383 572 716 65 714 
? 5 458 614 256 80 137 
? 5 92 494 44 573 152 
? 5 208 402 271 701 403 
? 5 132 578 322 316 118 
? 5 242 419 645 168 364 
? 5 143 341 126 593 539 
? 5 95 617 227 387 158 
? 5 481 603 493 607 398 
? 5 665 690 473 430 175 
? 5 34 707 261 88 679 
? 5 172 444 613 534 526 
? 5 346 778 447 269 629 
? 5 479 647 540 146 288 
? 5 59 240 546 759 771 
? 5 193 397 302 211 221 
? 5 179 366 122 626 566 
? 5 650 666 711 391 123 
? 5 260 376 793 207 751 
? 5 246 790 78 76 761 
? 4 637 704 527 254 
? 4 55 466 661 675 
? 4 649 741 206 680 
? 4 224 532 753 332 
? 4 87 556 754 47 
? 4 101 300 36 33 
? 4 375 663 735 255 
? 4 388 772 125 465 
? 4 128 379 362 7 
? 4 589 733 596 381 
? 4 507 516 476 623 
? 4 69 184 252 574 
? 4 343 389 392 298 
? 4 170 354 745 173 
? 4 342 367 263 12 
? 4 2 797 210 373 
? 4 63 317 115 400 
? 4 100 156 117 467 
? 4 127 313 349 0 
? 4 198 757 333 67 
? 4 485 795 234 501 
? 4 552 730 643 683 
? 4 82 634 760 363 
? 4 323 612 58 579 
? 4 209 411 491 183 
? 4 15 151 217 35 
? 3 548 770 498 
? 3 64 508 729 
? 3 293 609 600 
? 3 5 56 436 
? 3 495 777 340 
? 3 737 788 320 
? 3 218 773 216 
? 3 24 459 139 
? 3 587 602 710 
? 3 500 708 437 
? 3 360 725 28 
? 3 453 672 635 
? 3 601 681 478 
? 3 348 483 390 
? 3 630 685 555 
? 3 19 450 791 
? 3 57 695 492 
? 3 192 249 619 
? 3 559 576 784 
? 3 150 247 588 
? 3 96 272 648 
? 3 164 738 618 
? 3 53 684 189 
? 3 108 541 693 
? 3 636 668 105 
? 3 433 781 523 
? 3 486 505 77 
? 3 454 591 779 
? 3 196 229 238 
? 3 116 533 113 
? 3 417 547 445 
? 3 120 180 487 
? 3 441 769 732 
? 3 11 484 514 
? 3 153 262 694 
? 3 295 502 129 
? 3 103 633 504 
? 3 370 394 581 
? 3 230 696 489 
!
230 696 489 
696 489
230 489
241 409 
241 409
799 
482 764 161 677 404 199 604 94 
764 677
482 677
764 161
677 199
199 604
161 94
161 404
246 790 78 76 761 
790 76
246 790
246 78
246 761
412 624 631 446 703 350 270 45 321 678 
412 624
45 321
412 631
446 321
624 45
624 270
703 270
703 678
446 350
370 394 581 
394 581
370 581
103 633 504 
103 633
103 504
134 464 
134 464
260 376 793 207 751 
376 793
376 207
207 751
260 376
214 231 
214 231
475 658 642 728 722 611 565 305 73 203 
475 658
728 611
728 203
611 73
728 305
475 722
658 642
642 73
642 565
384 405 
384 405
792 
650 666 711 391 123 
650 391
666 391
711 123
650 711
15 151 217 35 
15 151
15 35
15 217
536 583 782 39 201 328 
782 39
536 39
583 328
583 39
201 328
179 366 122 626 566 
179 366
626 566
179 626
366 122
264 273 
264 273
195 671 
195 671
783 
528 739 167 744 130 21 280 
739 167
167 21
528 167
528 130
744 21
739 280
193 397 302 211 221 
193 211
397 221
193 397
193 302
59 240 546 759 771 
59 546
240 546
759 771
59 771
209 411 491 183 
209 411
209 491
411 183
323 612 58 579 
323 612
612 579
323 58
479 647 540 146 288 
479 647
540 146
647 288
647 540
23 644 
23 644
82 634 760 363 
82 760
82 634
634 363
766 
295 502 129 
295 502
295 129
337 767 312 594 239 9 
337 767
594 9
767 594
312 594
767 239
212 734 
212 734
755 
83 91 472 10 131 62 524 420 622 639 740 
420 740
83 91
83 472
420 639
10 62
83 10
91 131
472 622
131 420
472 524
659 706 
659 706
153 262 694 
153 694
262 694
522 567 
522 567
11 484 514 
11 484
484 514
346 778 447 269 629 
346 778
346 447
269 629
346 269
441 769 732 
441 769
441 732
107 396 
107 396
585 687 
585 687
172 444 613 534 526 
444 613
172 444
444 534
534 526
752 
605 662 304 543 560 97 434 
662 543
304 560
543 97
605 662
662 560
543 434
552 730 643 683 
552 643
552 730
643 683
747 
736 
34 707 261 88 679 
707 261
34 261
707 88
34 679
385 676 787 287 568 225 
385 787
385 676
676 287
287 225
787 568
485 795 234 501 
485 501
485 795
234 501
709 
705 
174 413 
174 413
120 180 487 
120 180
120 487
417 547 445 
417 547
417 445
652 
116 533 113 
116 113
116 533
425 503 266 424 382 185 511 355 
425 503
503 266
424 382
425 424
511 355
424 511
425 185
615 
595 
198 757 333 67 
198 757
757 67
198 333
41 204 
41 204
401 515 
401 515
127 313 349 0 
127 313
127 0
313 349
267 509 542 290 309 628 510 140 395 
290 140
267 509
290 309
542 628
267 510
542 309
509 542
510 395
196 229 238 
196 229
229 238
20 54 731 577 462 625 415 70 422 68 106 
625 422
731 462
20 54
20 577
70 106
54 731
577 415
54 422
415 70
462 68
100 156 117 467 
100 156
117 467
156 117
570 
454 591 779 
454 591
454 779
63 317 115 400 
317 115
63 115
63 400
307 448 499 452 202 780 359 283 
202 780
307 448
307 780
448 452
448 499
202 359
359 283
665 690 473 430 175 
690 473
665 690
665 430
473 175
471 748 84 29 219 372 75 
372 75
471 748
748 219
84 219
29 75
471 29
2 797 210 373 
2 210
797 373
2 797
342 367 263 12 
342 263
342 12
367 263
46 52 640 724 347 314 329 338 135 
640 347
46 52
314 338
46 640
724 135
329 135
347 314
46 724
569 
563 
14 182 667 200 742 93 327 
14 182
742 327
14 200
14 93
667 93
182 742
237 746 235 386 291 190 
746 386
237 235
237 746
746 291
235 190
481 603 493 607 398 
481 603
493 607
603 398
481 493
486 505 77 
486 505
505 77
170 354 745 173 
170 173
170 354
745 173
95 617 227 387 158 
95 617
617 158
95 227
227 387
61 324 336 380 520 449 432 325 303 326 301 699 428 655 
61 324
380 655
432 655
61 336
303 655
325 326
520 301
336 432
699 428
520 449
432 301
449 325
324 428
554 
143 341 126 593 539 
143 341
143 593
341 126
593 539
433 781 523 
433 781
433 523
343 389 392 298 
343 392
389 392
389 298
553 
636 668 105 
636 668
636 105
102 726 215 621 114 562 674 50 743 721 
215 621
102 726
50 721
102 215
114 562
114 674
102 114
726 721
621 743
242 419 645 168 364 
242 419
242 364
419 645
419 168
220 538 431 166 670 774 8 
220 538
538 431
538 166
670 774
166 774
220 8
108 541 693 
108 693
108 541
550 
544 
53 684 189 
53 684
684 189
132 578 322 316 118 
578 322
132 118
322 316
132 578
537 
164 738 618 
164 738
164 618
89 580 
89 580
208 402 271 701 403 
208 701
402 403
208 271
208 402
96 272 648 
96 272
96 648
408 519 789 702 689 155 30 551 421 715 
689 30
408 519
408 715
519 155
689 551
408 789
702 155
519 551
789 421
245 439 
245 439
92 494 44 573 152 
92 44
494 44
92 573
44 152
232 306 
232 306
361 586 
361 586
90 768 
90 768
477 
429 518 
429 518
438 
150 247 588 
150 247
247 588
559 576 784 
559 576
576 784
192 249 619 
192 249
192 619
393 512 564 455 176 468 99 194 
393 512
512 564
512 455
564 176
393 468
99 194
468 99
57 695 492 
57 492
695 492
490 785 
490 785
458 614 256 80 137 
458 614
80 137
458 256
458 137
69 184 252 574 
69 252
69 184
69 574
427 
378 
365 646 414 257 281 719 
414 281
365 646
365 719
646 414
257 719
377 
507 516 476 623 
516 476
507 516
516 623
294 561 27 226 592 292 268 750 
294 27
592 750
561 27
226 292
294 592
561 268
561 292
163 798 319 688 727 700 
163 798
727 700
163 319
319 688
319 700
109 274 369 318 13 606 461 
369 606
109 274
274 318
109 369
109 13
318 461
374 
358 
233 248 133 297 656 86 159 311 545 144 284 4 335 410 406 651 794 442 
233 248
133 248
297 133
656 133
86 233
159 656
311 656
545 311
144 545
284 311
4 159
335 311
410 311
406 4
651 144
794 4
442 406
356 
19 450 791 
19 791
19 450
310 331 315 171 582 60 
310 315
310 331
582 60
171 60
315 171
630 685 555 
630 685
630 555
3 697 142 638 26 344 17 222 351 620 49 353 
3 697
142 620
344 17
638 17
26 344
351 353
638 353
3 344
697 49
222 351
697 142
345 
286 
279 
348 483 390 
348 483
483 390
601 681 478 
601 681
681 478
383 572 716 65 714 
383 716
572 716
65 714
572 65
275 
589 733 596 381 
589 733
733 596
596 381
251 330 278 718 289 43 162 74 165 474 549 
251 330
162 74
278 289
330 289
718 43
43 474
278 43
251 162
289 165
278 549
111 723 590 557 371 197 145 
111 723
723 590
723 557
557 197
590 145
111 371
253 
244 
265 456 457 71 776 717 308 258 
776 308
265 456
776 717
265 457
265 71
71 258
71 308
228 
191 
72 169 
72 169
128 379 362 7 
128 379
379 362
379 7
453 672 635 
453 672
672 635
276 599 610 641 513 673 368 535 236 686 598 530 
598 530
276 599
610 368
673 368
513 535
368 686
236 598
513 236
276 610
610 641
276 535
388 772 125 465 
772 125
125 465
388 772
186 
375 663 735 255 
375 663
375 255
663 735
712 763 713 48 756 213 357 149 
712 763
712 357
763 149
712 213
713 357
48 213
763 756
147 399 418 720 435 
147 399
147 720
418 720
399 435
124 277 
124 277
181 
98 177 352 423 632 
98 177
177 352
352 423
98 632
360 725 28 
360 725
725 28
500 708 437 
708 437
500 708
157 
587 602 710 
602 710
587 602
154 
141 
243 469 
243 469
24 459 139 
24 459
459 139
250 531 160 148 497 
250 531
250 160
531 148
148 497
138 
218 773 216 
218 773
773 216
136 
81 299 749 223 451 
81 299
223 451
81 749
299 451
22 597 
22 597
488 506 416 521 575 112 584 443 762 496 25 460 38 571 
488 416
488 506
416 521
575 584
521 584
762 496
112 762
112 460
443 25
506 496
575 38
25 571
488 443
737 788 320 
788 320
737 788
259 669 
259 669
79 
101 300 36 33 
101 300
300 36
101 33
525 529 
525 529
87 556 754 47 
87 556
754 47
556 754
51 
495 777 340 
495 340
777 340
42 682 691 178 664 
42 664
178 664
42 682
682 691
224 532 753 332 
532 332
224 532
224 753
32 
31 
18 
649 741 206 680 
649 741
741 206
649 680
5 56 436 
5 56
5 436
293 609 600 
293 609
609 600
55 466 661 675 
55 466
466 661
466 675
16 
64 508 729 
64 508
64 729
6 
282 558 480 285 334 463 
282 558
285 334
558 480
282 285
334 463
1 121 
1 121
37 426 
37 426
637 704 527 254 
704 527
637 704
637 254
66 339 
66 339
470 616 
470 616
627 765 692 104 517 85 296 660 187 119 205 796 
627 765
660 187
627 692
765 104
627 517
296 205
692 660
104 296
517 796
765 119
692 85
548 770 498 
548 770
770 498
40 758 
40 758
775 786 698 440 110 188 608 407 657 654 653 
775 786
775 698
698 440
110 654
440 608
608 653
786 110
110 188
698 657
407 654
