? 14 251 330 278 289 718 43 162 418 474 74 550 401 549 580 
? 14 775 786 698 440 110 188 608 407 654 657 653 127 0 569 
? 12 393 564 512 45 455 321 176 350 468 446 99 666 
? 12 267 509 542 309 290 140 510 6 628 373 2 395 
? 12 3 697 142 638 26 620 222 17 344 49 351 573 
? 11 83 91 472 10 131 62 420 524 622 740 544 
? 11 408 519 789 155 702 689 551 30 715 421 493 
? 11 61 324 336 520 380 326 449 303 325 432 699 
? 11 20 54 577 731 462 625 415 70 422 68 31 
? 10 488 506 416 521 112 575 762 496 584 443 
? 10 276 599 641 610 513 535 368 236 673 686 
? 10 475 658 642 728 722 565 305 611 423 73 
? 10 428 503 425 266 382 424 185 612 511 252 
? 9 282 558 480 334 285 476 463 795 358 
? 9 34 707 261 88 679 247 1 588 150 
? 8 265 456 457 71 258 308 717 776 
? 8 279 604 199 58 36 677 764 300 
? 8 46 52 640 724 347 338 314 792 
? 8 220 538 431 166 774 670 695 204 
? 8 237 746 235 291 386 546 195 190 
? 8 172 444 534 613 526 181 460 25 
? 8 388 772 430 125 465 515 178 260 
? 7 471 748 29 84 219 372 85 
? 7 627 765 692 517 104 660 187 
? 7 605 662 304 97 560 635 543 
? 7 98 177 352 203 243 108 390 
? 7 163 798 319 292 688 226 32 
? 7 412 624 631 703 270 67 678 
? 7 122 179 366 626 566 15 217 
? 6 147 399 720 435 244 240 
? 6 250 531 148 160 639 497 
? 6 143 341 126 593 539 37 
? 6 194 556 87 754 47 263 
? 6 307 448 452 499 202 780 
? 6 14 182 667 200 742 93 
? 6 109 274 369 318 606 13 
? 6 111 723 557 590 371 197 
? 5 310 331 655 315 130 
? 5 271 701 208 402 378 
? 5 102 726 215 621 562 
? 5 269 466 55 661 346 
? 5 365 646 414 281 211 
? 5 385 676 287 568 787 
? 5 712 763 357 713 48 
? 5 92 494 44 152 737 
? 5 458 614 256 571 80 
? 5 376 793 207 154 751 
? 5 42 682 691 89 664 
? 5 95 617 227 158 782 
? 5 167 528 739 744 21 
? 5 481 603 796 607 659 
? 5 224 532 186 332 753 
? 5 170 354 745 680 173 
? 5 337 767 594 312 239 
? 5 343 389 206 298 392 
? 5 193 719 397 257 302 
? 5 209 411 491 183 785 
? 5 294 561 27 721 592 
? 5 375 663 255 370 275 
? 5 433 781 523 570 205 
? 5 81 299 749 374 223 
? 5 69 184 675 629 778 
? 4 192 249 317 115 
? 4 507 516 623 683 
? 4 198 757 650 711 
? 4 39 536 583 328 
? 4 637 704 254 527 
? 4 649 741 28 652 
? 4 589 733 596 381 
? 4 246 790 76 78 
? 4 100 156 117 467 
? 4 132 578 316 322 
? 4 9 238 633 103 
? 4 114 674 268 165 
? 4 225 563 137 576 
? 4 135 788 320 329 
? 4 293 609 600 396 
? 4 700 727 760 82 
? 4 218 773 445 216 
? 4 579 595 280 574 
? 4 601 681 478 706 
? 4 66 213 756 339 
? 4 364 540 146 242 
? 4 552 643 759 730 
? 4 313 349 191 253 
? 4 164 738 618 779 
? 4 383 716 572 65 
? 4 479 647 288 168 
? 3 342 710 12 
? 3 453 672 619 
? 3 454 591 79 
? 3 19 450 791 
? 3 11 484 363 
? 3 77 180 120 
? 3 128 362 379 
? 3 5 56 22 
? 3 360 725 264 
? 3 210 461 797 
? 3 361 586 547 
? 3 295 502 129 
? 3 473 665 690 
? 3 505 693 486 
? 3 585 761 668 
? 3 24 459 139 
? 3 427 587 438 
? 3 555 630 16 
? 3 451 504 747 
? 3 498 501 50 
? 3 348 483 464 
? 3 161 482 355 
? 3 7 23 616 
? 3 116 533 113 
? 3 96 272 648 
? 3 340 777 495 
? 3 8 492 57 
? 3 64 75 508 
? 3 437 500 708 
? 3 63 400 768 
? 3 196 229 750 
? 3 153 262 138 
? 3 157 353 136 
? 3 230 783 696 
? 3 53 189 490 
? 3 439 758 729 
? 3 525 529 469 
? 3 241 714 124 
? 3 333 615 489 
!
333 615 489 
333 615
615 489
277 709 
277 709
799 
388 772 430 125 465 515 178 260 
772 125
125 465
388 430
388 772
388 515
430 178
125 260
69 184 675 629 778 
184 629
69 675
69 629
184 778
428 503 425 266 382 424 185 612 511 252 
428 266
503 425
428 503
424 612
382 424
612 252
425 424
612 511
425 185
241 714 124 
241 124
714 124
525 529 469 
525 529
529 469
174 514 
174 514
81 299 749 374 223 
749 374
81 299
81 749
299 223
470 644 
470 644
475 658 642 728 722 565 305 611 423 73 
475 658
728 611
611 73
728 305
305 423
475 722
658 642
642 73
642 565
107 145 
107 145
771 
433 781 523 570 205 
433 781
433 570
433 523
523 205
479 647 288 168 
479 647
647 288
288 168
111 723 557 590 371 197 
111 723
723 590
723 557
557 197
111 371
375 663 255 370 275 
375 663
255 370
375 255
663 275
40 245 
40 245
634 705 
634 705
755 
122 179 366 626 566 15 217 
179 366
122 217
626 566
179 626
122 366
15 217
294 561 27 721 592 
294 27
561 27
294 721
294 592
209 411 491 183 785 
209 411
411 785
209 491
411 183
383 716 572 65 
383 716
716 572
572 65
164 738 618 779 
164 738
164 618
738 779
193 719 397 257 302 
193 719
719 397
719 257
193 302
327 671 
327 671
313 349 191 253 
313 349
191 253
313 253
752 
439 758 729 
758 729
439 758
109 274 369 318 606 13 
369 606
109 274
274 318
109 369
109 13
105 636 
105 636
743 
20 54 577 731 462 625 415 70 422 68 31 
625 422
731 462
20 54
20 577
54 731
577 415
68 31
462 31
54 422
415 70
35 151 
35 151
53 189 490 
189 490
53 490
345 487 
345 487
230 783 696 
230 783
783 696
343 389 206 298 392 
343 392
389 392
389 298
206 392
157 353 136 
157 353
157 136
413 766 
413 766
106 477 
106 477
337 767 594 312 239 
337 767
767 594
594 312
767 239
736 
412 624 631 703 270 67 678 
412 624
412 631
67 678
624 270
703 270
703 67
552 643 759 730 
552 643
643 759
552 730
694 
687 
170 354 745 680 173 
745 680
170 173
170 354
680 173
14 182 667 200 742 93 
14 182
14 200
14 93
667 93
182 742
364 540 146 242 
364 242
364 146
540 146
685 
684 
60 734 
60 734
153 262 138 
153 262
153 138
196 229 750 
196 229
229 750
632 
63 400 768 
63 400
400 768
172 444 534 613 526 181 460 25 
444 613
172 444
526 181
444 534
534 526
172 460
181 25
581 
559 
66 213 756 339 
66 339
66 756
213 756
436 597 
436 597
41 732 
41 732
601 681 478 706 
601 681
681 478
681 706
34 707 261 88 679 247 1 588 150 
247 150
707 261
34 261
707 88
1 588
34 679
34 247
261 588
437 500 708 
437 708
500 708
61 324 336 520 380 326 449 303 325 432 699 
61 324
61 336
326 325
336 432
380 432
380 303
520 449
336 520
449 325
324 699
579 595 280 574 
579 595
579 280
595 574
554 
64 75 508 
64 508
64 75
218 773 445 216 
773 445
218 773
445 216
237 746 235 291 386 546 195 190 
546 190
746 386
386 195
237 235
237 746
746 291
235 190
224 532 186 332 753 
186 332
532 186
224 532
224 753
163 798 319 292 688 226 32 
163 798
292 226
163 319
163 292
319 688
688 32
700 727 760 82 
700 727
727 760
727 82
293 609 600 396 
293 396
293 609
609 600
282 558 480 334 285 476 463 795 358 
282 558
334 285
334 795
463 795
558 480
282 285
480 476
285 358
553 
541 
98 177 352 203 243 108 390 
203 243
98 177
177 352
352 203
98 108
177 390
307 448 452 499 202 780 
202 780
307 448
307 780
448 452
448 499
481 603 796 607 659 
481 603
603 796
607 659
796 659
8 492 57 
492 57
8 492
135 788 320 329 
135 788
788 320
135 329
167 528 739 744 21 
167 739
167 21
167 528
744 21
775 786 698 440 110 188 608 407 654 657 653 127 0 569 
775 786
775 698
698 440
407 569
110 654
654 0
440 608
127 0
608 653
786 110
110 188
698 657
407 654
518 
95 617 227 158 782 
95 617
227 782
617 158
95 227
340 777 495 
340 495
340 777
225 563 137 576 
225 563
563 137
563 576
485 
96 272 648 
96 272
96 648
276 599 641 610 513 535 368 236 673 686 
276 599
610 368
368 673
513 535
368 686
513 236
276 610
641 610
276 535
42 682 691 89 664 
42 664
42 682
682 89
682 691
605 662 304 97 560 635 543 
662 543
304 560
304 635
97 543
605 662
662 560
116 533 113 
116 113
116 533
447 
434 
7 23 616 
23 616
7 23
376 793 207 154 751 
376 793
793 154
376 207
207 751
426 
161 482 355 
161 355
161 482
259 669 
259 669
458 614 256 571 80 
458 614
458 571
458 256
571 80
348 483 464 
348 483
348 464
488 506 416 521 112 575 762 496 584 443 
488 416
488 506
416 521
575 584
521 584
762 496
112 762
506 496
488 443
72 169 
72 169
92 494 44 152 737 
92 44
494 44
44 152
494 737
367 602 
367 602
90 94 
90 94
548 770 
548 770
417 
384 405 
384 405
409 
498 501 50 
498 50
498 501
451 504 747 
504 747
451 504
555 630 16 
555 630
555 16
220 538 431 166 774 670 695 204 
220 538
538 431
538 166
774 670
166 774
670 204
220 695
427 587 438 
427 587
587 438
522 567 
522 567
712 763 357 713 48 
712 763
712 357
357 713
712 48
114 674 268 165 
114 674
674 268
114 165
404 
403 
194 556 87 754 47 263 
194 556
194 87
754 47
556 754
754 263
398 
9 238 633 103 
238 103
9 238
9 633
46 52 640 724 347 338 314 792 
640 347
46 52
338 314
46 640
314 792
347 314
46 724
143 341 126 593 539 37 
143 341
143 593
341 126
143 37
593 539
627 765 692 517 104 660 187 
627 765
660 187
627 692
765 104
627 517
692 660
391 
323 
233 248 133 297 656 86 159 311 545 4 144 284 335 410 406 651 442 794 
233 248
133 233
297 248
656 133
86 248
159 656
311 248
545 133
4 159
144 545
284 311
335 284
410 284
406 159
651 144
442 406
794 335
301 
24 459 139 
24 459
459 139
250 531 148 160 639 497 
250 531
250 639
250 160
531 148
639 497
585 761 668 
585 761
585 668
3 697 142 638 26 620 222 17 344 49 351 573 
142 573
3 697
142 620
17 344
638 17
26 344
3 344
697 49
222 351
697 142
620 351
296 
286 
273 
505 693 486 
505 486
693 486
473 665 690 
473 690
665 690
385 676 287 568 787 
385 787
385 676
676 287
568 787
234 
132 578 316 322 
578 322
316 322
132 578
408 519 789 155 702 689 551 30 715 421 493 
689 30
408 519
408 715
519 155
689 551
408 789
155 702
519 551
789 421
715 493
471 748 29 84 219 372 85 
471 748
748 219
219 85
84 219
372 85
471 29
231 
221 
279 604 199 58 36 677 764 300 
677 764
58 36
279 604
199 677
604 199
604 58
36 300
214 
212 
356 784 
356 784
100 156 117 467 
100 156
117 467
156 117
295 502 129 
295 502
295 129
267 509 542 309 290 140 510 6 628 373 2 395 
290 140
290 373
267 509
309 290
542 628
267 510
542 309
267 373
6 628
2 395
510 2
246 790 76 78 
790 76
246 790
246 78
201 
589 733 596 381 
589 733
733 596
596 381
265 456 457 71 258 308 717 776 
308 776
265 456
717 776
265 457
265 71
71 258
71 308
365 646 414 281 211 
414 281
365 646
365 211
646 414
283 359 
283 359
175 
269 466 55 661 346 
269 55
466 55
466 661
269 346
361 586 547 
361 586
361 547
210 461 797 
210 461
210 797
149 
360 725 264 
360 725
360 264
141 
134 
171 537 
171 537
5 56 22 
5 56
5 22
102 726 215 621 562 
215 621
102 726
102 215
102 562
123 
128 362 379 
128 379
362 379
121 
271 701 208 402 378 
701 208
271 208
402 378
271 378
441 769 
441 769
251 330 278 289 718 43 162 418 474 74 550 401 549 580 
251 330
162 74
549 580
278 289
330 289
43 550
718 43
474 550
278 43
418 74
278 580
718 401
251 162
77 180 120 
77 120
180 120
377 387 
377 387
119 
649 741 28 652 
649 741
649 28
649 652
419 645 
419 645
637 704 254 527 
704 527
637 704
637 254
101 
11 484 363 
11 484
484 363
310 331 655 315 130 
310 315
310 331
310 655
331 130
39 536 583 328 
39 536
583 328
39 583
59 
51 
38 
198 757 650 711 
198 757
198 711
650 711
19 450 791 
19 791
19 450
454 591 79 
454 591
591 79
507 516 623 683 
623 683
507 516
516 623
33 
453 672 619 
453 672
672 619
18 
147 399 720 435 244 240 
147 399
147 720
399 435
147 244
435 240
232 306 
232 306
394 735 
394 735
192 249 317 115 
192 317
317 115
249 115
530 598 
530 598
118 228 
118 228
393 564 512 45 455 321 176 350 468 446 99 666 
176 350
393 512
564 512
45 321
321 446
512 455
564 176
393 468
176 446
468 99
350 666
342 710 12 
342 710
710 12
429 582 
429 582
83 91 472 10 131 62 420 524 622 740 544 
420 740
83 91
83 472
10 62
83 10
91 131
472 622
131 420
472 524
131 544
