? 6 379 439 221 752 208 411 
? 6 223 522 205 601 605 781 
? 6 238 564 515 792 750 753 
? 6 215 640 550 414 404 765 
? 6 218 687 574 642 787 239 
? 6 253 633 212 650 304 577 
? 6 229 402 603 313 365 67 
? 6 52 383 265 525 486 511 
? 6 37 698 36 691 57 670 
? 6 202 373 136 421 485 458 
? 5 479 679 618 713 266 
? 5 138 206 123 158 706 
? 5 112 420 189 393 118 
? 5 559 714 162 449 424 
? 5 32 734 395 249 173 
? 5 61 780 645 556 649 
? 5 242 656 279 464 29 
? 5 25 655 609 756 636 
? 5 410 725 513 768 463 
? 5 137 412 737 69 289 
? 5 440 741 114 432 74 
? 4 333 557 387 16 
? 4 331 606 17 287 
? 4 646 746 425 127 
? 4 612 729 791 498 
? 4 2 327 210 228 
? 4 408 635 329 47 
? 4 20 351 500 294 
? 4 303 466 216 767 
? 4 261 332 258 353 
? 4 315 586 288 126 
? 4 282 587 732 314 
? 4 627 790 760 250 
? 3 292 639 141 
? 3 305 654 444 
? 3 503 532 369 
? 3 144 370 27 
? 3 514 651 240 
? 3 40 762 623 
? 3 685 704 291 
? 3 540 699 416 
? 3 121 611 610 
? 3 178 667 483 
? 3 35 64 616 
? 3 79 324 744 
? 3 26 374 772 
? 3 98 491 700 
? 3 409 733 243 
? 3 50 191 93 
? 3 297 758 712 
? 3 197 415 378 
? 3 156 284 109 
? 3 135 535 480 
? 3 151 371 335 
? 3 318 585 108 
? 3 310 682 418 
!
359 705 
359 705
190 754 385 678 720 232 634 199 142 508 269 624 117 226 551 405 614 459 434 
190 754
385 754
678 754
720 754
232 720
634 190
199 232
142 754
508 190
269 678
624 634
117 232
226 269
551 199
405 232
614 551
459 678
434 614
572 578 
572 578
783 
88 690 364 150 9 286 568 96 6 
88 690
364 690
150 690
9 88
286 88
568 88
96 9
6 690
499 580 443 73 1 8 322 241 82 397 257 201 213 78 100 423 
499 580
443 499
73 499
1 580
8 73
322 580
241 322
82 73
397 443
257 443
201 499
213 499
78 8
100 499
423 8
310 682 418 
310 418
310 682
24 537 
24 537
55 527 352 406 92 394 368 747 71 595 524 476 
55 527
352 527
406 55
92 527
394 55
368 406
747 406
71 747
595 352
524 352
476 527
318 585 108 
318 585
318 108
151 371 335 
151 335
151 371
167 401 
167 401
7 472 
7 472
202 373 136 421 485 458 
202 421
373 421
373 485
373 136
373 458
440 741 114 432 74 
440 114
440 432
741 432
114 74
743 748 
743 748
135 535 480 
135 480
135 535
312 562 652 506 584 357 445 666 597 248 316 
312 562
652 562
506 312
584 562
357 312
445 506
666 562
597 562
248 584
316 506
470 526 583 300 203 778 227 204 536 
470 526
583 470
300 470
203 526
778 300
227 300
204 227
536 227
627 790 760 250 
627 790
790 760
760 250
156 284 109 
156 109
284 109
137 412 737 69 289 
737 69
412 289
137 737
137 289
410 725 513 768 463 
725 768
410 725
410 513
513 463
197 415 378 
197 378
415 378
246 727 
246 727
694 
493 565 
493 565
297 758 712 
297 758
758 712
25 655 609 756 636 
609 636
25 636
609 756
25 655
482 731 346 512 593 276 155 280 773 715 34 672 689 
482 731
346 731
512 731
593 482
276 593
155 482
280 482
773 482
715 593
34 773
672 593
689 715
37 698 36 691 57 670 
37 698
37 691
57 670
698 57
698 36
50 191 93 
191 93
50 191
153 299 619 553 608 675 438 104 272 
153 299
619 299
553 153
608 299
675 153
438 608
104 299
272 153
14 677 546 196 161 148 319 22 641 703 381 91 497 745 60 660 548 620 75 429 163 541 354 39 194 372 637 0 97 
14 677
546 677
196 677
161 196
148 14
319 161
22 677
641 319
703 319
381 546
91 381
497 546
745 14
60 22
660 319
548 196
620 196
75 703
429 546
163 548
541 703
354 548
39 75
194 660
372 39
637 372
0 548
97 541
409 733 243 
733 243
409 243
52 383 265 525 486 511 
52 525
52 265
383 486
52 383
383 511
98 491 700 
98 700
98 491
398 695 629 519 766 671 739 377 592 477 
398 695
629 695
519 695
766 695
671 629
739 519
377 695
592 739
477 671
172 281 
172 281
84 259 462 339 168 211 740 274 757 124 441 103 143 375 795 
84 259
462 84
339 462
168 339
211 259
740 84
274 168
757 211
124 274
441 124
103 211
143 441
375 124
795 375
693 
576 661 
576 661
99 658 295 233 717 13 676 46 268 796 775 422 
99 658
295 99
233 99
717 99
13 658
676 658
46 676
268 233
796 13
775 46
422 233
626 776 668 28 361 363 179 391 711 674 224 433 19 
626 776
668 776
28 626
361 776
363 28
179 361
391 28
711 361
674 28
224 674
433 674
19 224
504 
501 
516 604 278 244 457 492 644 
516 604
278 516
244 516
457 604
492 516
644 457
542 544 
542 544
488 558 
488 558
139 563 560 648 311 657 726 502 176 90 267 
139 563
560 563
648 139
311 139
657 139
726 139
502 311
176 139
90 648
267 560
26 374 772 
26 374
374 772
229 402 603 313 365 67 
229 402
402 603
402 365
365 67
313 67
79 324 744 
79 744
324 744
489 
453 
242 656 279 464 29 
656 279
464 29
242 656
656 29
448 
282 587 732 314 
587 314
282 732
282 587
129 638 759 133 468 44 719 399 
129 638
759 129
133 129
468 638
44 638
719 638
399 468
83 680 345 122 89 342 245 567 54 722 273 307 
83 680
345 83
122 680
89 345
342 345
245 345
567 89
54 122
722 245
273 245
307 54
207 662 681 723 157 349 793 507 59 
207 662
681 662
723 207
157 662
349 662
793 207
507 207
59 207
35 64 616 
64 616
35 64
474 730 181 708 481 271 622 469 555 789 
474 730
181 474
708 730
481 474
271 481
622 730
469 474
555 708
789 474
174 683 348 344 621 193 356 591 570 270 749 66 594 86 517 217 366 247 188 30 510 
174 683
348 683
344 683
621 174
193 174
356 683
591 193
570 591
270 193
749 174
66 683
594 348
86 174
517 193
217 621
366 348
247 356
188 591
30 594
510 30
61 780 645 556 649 
61 780
645 556
61 556
556 649
178 667 483 
178 483
667 483
236 334 613 786 185 716 325 528 328 260 701 436 600 450 367 718 456 
236 334
613 236
786 334
185 236
716 185
325 786
528 236
328 786
260 334
701 786
436 185
600 328
450 328
367 600
718 450
456 528
315 586 288 126 
315 126
315 288
586 126
380 
261 332 258 353 
261 353
261 332
258 353
303 466 216 767 
216 767
303 466
466 216
330 735 390 43 77 214 625 521 
330 735
390 735
43 735
77 735
214 77
625 735
521 77
301 631 543 403 12 81 599 388 529 275 
301 631
543 301
403 543
12 403
81 403
599 301
388 599
529 81
275 388
389 707 
389 707
106 264 94 49 360 407 673 166 11 
106 264
94 264
49 106
360 264
407 264
673 106
166 49
11 49
20 351 500 294 
20 351
20 500
500 294
347 
293 755 
293 755
159 200 697 431 147 23 255 465 447 663 306 566 187 326 552 530 340 169 
159 200
697 200
431 159
147 431
23 200
255 159
465 200
447 200
663 697
306 147
566 255
187 255
326 147
552 697
530 255
340 306
169 200
225 785 579 538 442 490 602 495 724 
225 785
579 225
538 225
442 785
490 225
602 490
495 602
724 442
263 446 
263 446
121 611 610 
611 610
121 611
338 
337 
21 617 799 435 134 285 192 256 777 523 798 56 569 589 115 571 87 588 
21 617
799 21
435 21
134 435
285 21
192 21
256 21
777 617
523 617
798 435
56 134
569 256
589 777
115 435
571 256
87 798
588 777
298 496 554 669 628 111 400 573 426 15 235 643 38 736 771 484 165 132 230 4 549 164 309 48 728 
298 496
554 298
669 496
628 554
111 628
400 111
573 554
426 496
15 496
235 298
643 669
38 400
736 400
771 400
484 496
165 669
132 573
230 554
4 230
549 669
164 628
309 230
48 4
728 48
408 635 329 47 
329 47
635 47
408 47
128 308 
128 308
2 327 210 228 
2 228
2 327
327 210
540 699 416 
699 416
540 416
253 633 212 650 304 577 
212 650
253 304
253 633
633 577
212 304
685 704 291 
685 704
704 291
32 734 395 249 173 
32 249
395 173
734 249
32 173
40 762 623 
40 623
40 762
321 
218 687 574 642 787 239 
218 642
642 787
574 642
687 574
218 239
184 
290 350 413 533 738 751 149 95 419 154 341 509 76 
290 350
413 290
533 290
738 350
751 413
149 290
95 413
419 751
154 751
341 149
509 290
76 738
559 714 162 449 424 
559 714
714 424
714 162
162 449
612 729 791 498 
729 498
612 498
791 498
607 721 531 770 195 534 653 630 702 130 160 125 428 494 296 684 
607 721
531 607
770 607
195 531
534 195
653 721
630 653
702 721
130 534
160 653
125 531
428 531
494 653
296 195
684 531
514 651 240 
651 240
514 240
120 
646 746 425 127 
746 425
646 746
646 127
237 763 
237 763
112 420 189 393 118 
112 420
189 393
112 189
112 118
110 
254 437 
254 437
10 761 252 80 696 664 392 101 320 68 686 
10 761
252 761
80 10
696 10
664 80
392 10
101 761
320 252
68 80
686 10
180 460 262 581 170 58 119 186 182 
180 460
262 460
581 460
170 262
58 180
119 170
186 180
182 581
138 206 123 158 706 
138 123
123 158
158 706
138 206
461 518 
461 518
107 
547 692 
547 692
144 370 27 
144 370
370 27
231 478 
231 478
503 532 369 
503 532
503 369
430 764 283 575 788 175 33 183 467 358 146 598 
430 764
283 430
575 764
788 764
175 430
33 764
183 788
467 764
358 788
146 175
598 788
487 615 113 665 277 65 220 105 209 70 
487 615
113 615
665 615
277 487
65 277
220 615
105 615
209 113
70 615
63 545 
63 545
152 688 797 632 784 51 396 234 384 709 116 62 427 417 251 475 
152 688
797 152
632 797
784 688
51 688
396 688
234 152
384 234
709 632
116 152
62 688
427 234
417 427
251 784
475 427
72 659 198 131 140 769 590 343 596 102 171 582 779 5 
72 659
198 659
131 72
140 659
769 72
590 769
343 72
596 72
102 590
171 72
582 72
779 659
5 769
451 455 520 647 45 222 452 323 
451 455
520 455
647 451
45 451
222 455
452 451
323 451
215 640 550 414 404 765 
215 404
640 414
640 404
215 550
414 765
473 782 336 302 41 145 362 382 18 3 219 355 
473 782
336 473
302 473
41 302
145 336
362 782
382 473
18 382
3 382
219 302
355 145
331 606 17 287 
331 606
331 287
606 17
42 
305 654 444 
305 654
654 444
177 505 
177 505
454 774 
454 774
386 471 
386 471
333 557 387 16 
387 16
557 16
333 557
238 564 515 792 750 753 
238 515
238 564
515 792
564 753
750 753
561 794 376 85 710 53 742 
561 794
376 561
85 561
710 85
53 794
742 794
479 679 618 713 266 
479 679
679 618
479 266
713 266
292 639 141 
292 639
639 141
223 522 205 601 605 781 
522 605
522 601
205 601
223 205
605 781
379 439 221 752 208 411 
439 411
379 221
439 752
379 752
752 208
317 539 
317 539
31 
