? 6 503 795 532 250 375 143 
? 6 592 739 491 766 62 398 
? 6 37 698 36 691 670 706 
? 6 559 714 162 640 414 215 
? 6 516 604 278 492 244 699 
? 6 561 794 376 710 369 305 
? 6 238 564 515 750 792 335 
? 6 253 633 212 490 577 587 
? 6 63 158 206 623 545 504 
? 6 205 522 223 601 79 429 
? 5 433 674 19 20 391 
? 5 52 383 265 128 525 
? 5 112 118 189 69 187 
? 5 136 373 421 549 202 
? 5 411 752 25 439 208 
? 5 221 379 292 609 191 
? 5 451 455 520 452 478 
? 5 271 646 746 518 181 
? 5 410 725 23 513 644 
? 5 137 412 566 737 289 
? 5 605 781 408 47 324 
? 4 240 793 765 651 
? 4 303 466 85 444 
? 4 141 639 514 315 
? 4 88 364 9 286 
? 4 404 550 291 449 
? 4 420 729 393 505 
? 4 540 552 45 647 
? 4 331 606 463 35 
? 4 282 304 87 269 
? 4 636 655 44 507 
? 4 114 432 741 226 
? 4 27 386 576 401 
? 3 243 733 791 
? 3 144 370 167 
? 3 124 654 742 
? 3 489 667 178 
? 3 377 695 671 
? 3 485 755 758 
? 3 337 728 297 
? 3 172 611 682 
? 3 748 762 743 
? 3 448 780 446 
? 3 486 511 308 
? 3 323 359 416 
? 3 17 216 767 
? 3 98 700 536 
? 3 50 586 107 
? 3 274 740 441 
? 3 311 778 599 
? 3 258 332 151 
? 3 425 483 708 
? 3 461 772 127 
? 3 542 787 712 
? 3 42 493 472 
? 3 237 727 471 
!
7 488 
7 488
21 617 799 134 459 435 678 385 192 256 777 754 624 56 285 190 115 523 798 
21 617
799 21
134 21
459 617
435 134
678 459
385 678
192 21
256 617
777 617
754 385
624 385
56 435
285 192
190 754
115 678
523 190
798 435
246 763 
246 763
694 
470 526 477 275 502 388 583 203 176 
470 526
477 470
275 470
502 470
388 502
583 502
203 502
176 502
668 776 626 757 211 363 361 28 179 103 423 462 259 339 711 168 
668 776
626 776
757 668
211 757
363 776
361 626
28 363
179 361
103 776
423 179
462 211
259 462
339 259
711 179
168 259
237 727 471 
727 471
237 471
6 11 
6 11
99 295 658 717 707 775 676 796 618 13 268 233 
99 295
658 99
717 99
707 295
775 295
676 775
796 295
618 295
13 796
268 658
233 268
42 493 472 
42 472
42 493
542 787 712 
542 712
787 712
314 705 
314 705
480 535 
480 535
205 522 223 601 79 429 
522 601
205 601
223 429
205 223
601 79
605 781 408 47 324 
781 408
605 781
781 324
408 47
227 524 
227 524
461 772 127 
772 127
461 772
487 615 113 129 209 220 70 756 638 133 105 
487 615
113 615
129 615
209 113
220 615
70 487
756 209
638 129
133 638
105 638
325 627 387 790 16 333 557 760 53 
325 627
387 627
790 627
16 387
333 325
557 387
760 557
53 557
27 386 576 401 
27 401
576 401
386 401
425 483 708 
425 483
483 708
137 412 566 737 289 
412 289
137 566
137 737
137 289
410 725 23 513 644 
725 644
410 725
410 513
23 513
258 332 151 
332 151
258 332
29 610 
29 610
693 
74 650 
74 650
311 778 599 
311 599
311 778
271 646 746 518 181 
271 646
646 518
646 746
271 181
72 659 198 458 769 590 102 343 171 779 140 228 582 
72 659
198 659
458 659
769 198
590 769
102 590
343 72
171 769
779 72
140 72
228 343
582 198
63 158 206 623 545 504 
206 504
63 158
63 623
158 504
63 545
274 740 441 
274 740
740 441
267 560 563 657 139 46 204 389 338 
267 560
563 560
657 560
139 563
46 267
204 267
389 267
338 267
174 683 348 344 193 621 356 594 247 591 517 749 188 570 270 366 217 596 57 30 66 231 537 86 510 131 24 40 440 
174 683
348 174
344 683
193 174
621 683
356 683
594 683
247 683
591 193
517 193
749 344
188 683
570 591
270 591
366 683
217 749
596 591
57 594
30 570
66 749
231 344
537 57
86 193
510 517
131 570
24 366
40 366
440 596
50 586 107 
50 586
586 107
253 633 212 490 577 587 
253 490
253 633
633 577
212 490
577 587
98 700 536 
98 700
98 536
225 785 538 579 442 602 495 724 732 457 
225 785
538 225
579 225
442 785
602 225
495 785
724 442
732 602
457 579
108 547 
108 547
159 697 200 431 465 447 663 306 147 255 498 177 453 530 326 
159 697
200 159
431 159
465 697
447 697
663 200
306 200
147 200
255 159
498 697
177 159
453 306
530 255
326 255
578 
156 558 
156 558
430 764 283 175 575 788 183 467 146 33 395 598 
430 764
283 764
175 764
575 430
788 575
183 788
467 764
146 175
33 146
395 33
598 183
71 747 595 406 55 368 352 629 92 527 519 300 394 
71 747
595 71
406 747
55 406
368 406
352 55
629 71
92 352
527 55
519 629
300 629
394 55
529 
469 
207 662 119 789 681 288 59 
207 662
119 662
789 662
681 662
288 207
59 662
169 340 
169 340
64 616 
64 616
380 588 279 719 656 277 589 399 569 468 571 
380 588
279 588
719 380
656 380
277 719
589 279
399 719
569 719
468 277
571 588
17 216 767 
17 216
216 767
238 564 515 750 792 335 
515 335
238 515
792 335
238 564
564 750
323 359 416 
323 416
359 416
422 
374 
451 455 520 452 478 
451 452
451 455
451 520
455 478
351 
114 432 741 226 
114 226
114 432
432 741
210 327 2 239 154 341 309 293 
210 327
2 327
239 210
154 210
341 210
309 327
293 154
312 562 506 584 652 316 357 445 184 248 666 597 
312 562
506 312
584 312
652 312
316 312
357 312
445 506
184 312
248 506
666 652
597 562
94 264 106 49 407 704 424 96 673 
94 264
106 264
49 94
407 94
704 407
424 704
96 704
673 49
486 511 308 
486 308
511 308
330 735 390 214 521 43 77 625 242 753 
330 735
390 735
214 735
521 735
43 735
77 214
625 390
242 330
753 625
298 496 554 669 628 400 230 573 771 111 426 38 165 132 643 235 736 48 4 15 484 
298 496
554 298
669 496
628 554
400 628
230 496
573 554
771 669
111 400
426 111
38 111
165 669
132 573
643 669
235 496
736 38
48 643
4 573
15 669
484 426
221 379 292 609 191 
379 609
221 379
609 191
379 292
448 780 446 
448 780
448 446
290 350 5 533 413 738 95 509 751 76 149 614 419 418 405 353 261 
290 350
5 350
533 290
413 290
738 5
95 413
509 290
751 95
76 350
149 751
614 738
419 751
418 290
405 5
353 413
261 95
636 655 44 507 
636 655
655 44
636 507
317 
282 304 87 269 
304 87
282 87
304 269
331 606 463 35 
331 606
606 463
463 35
150 481 690 474 730 622 166 783 
150 481
690 150
474 481
730 474
622 150
166 690
783 730
229 402 603 313 61 365 67 135 556 649 
229 402
603 229
313 402
61 313
365 402
67 313
135 603
556 67
649 61
281 464 
281 464
199 232 720 551 634 121 117 434 508 
199 232
720 232
551 199
634 232
121 551
117 232
434 551
508 232
540 552 45 647 
540 647
552 647
540 45
310 
568 685 
568 685
482 731 593 276 346 512 773 155 715 280 197 307 34 672 218 689 642 687 
482 731
593 482
276 482
346 482
512 731
773 731
155 731
715 482
280 593
197 512
307 593
34 731
672 307
218 672
689 34
642 307
687 218
301 631 90 648 543 12 726 403 81 
301 631
90 301
648 301
543 90
12 90
726 301
403 12
81 403
409 501 
409 501
748 762 743 
748 743
748 762
287 
263 
607 721 531 534 195 125 653 630 296 130 294 500 428 635 494 224 318 702 
607 721
531 607
534 531
195 531
125 607
653 721
630 607
296 607
130 125
294 607
500 607
428 195
635 125
494 653
224 630
318 607
702 635
14 677 161 196 319 546 22 148 641 381 91 703 60 620 497 660 548 163 745 354 75 541 347 194 358 
14 677
161 677
196 161
319 161
546 677
22 14
148 22
641 319
381 148
91 14
703 319
60 148
620 196
497 677
660 620
548 620
163 548
745 22
354 548
75 703
541 703
347 541
194 660
358 60
420 729 393 505 
729 505
420 729
420 393
120 759 
120 759
404 550 291 449 
404 449
550 449
550 291
172 611 682 
172 611
172 682
561 794 376 710 369 305 
561 794
794 710
794 305
376 369
710 369
337 728 297 
337 728
337 297
411 752 25 439 208 
25 208
411 439
752 439
752 25
485 755 758 
485 755
485 758
260 
516 604 278 492 244 699 
492 699
516 278
604 278
516 699
604 244
222 
10 761 252 80 320 696 284 101 664 68 392 686 109 
10 761
252 761
80 10
320 761
696 761
284 10
101 10
664 10
68 696
392 252
686 252
109 320
136 373 421 549 202 
421 202
373 421
136 373
373 549
88 364 9 286 
88 9
88 286
88 364
499 580 443 73 8 82 397 78 100 257 1 322 241 213 201 84 
499 580
443 580
73 443
8 499
82 499
397 443
78 8
100 580
257 443
1 100
322 580
241 322
213 257
201 443
84 443
377 695 671 
695 671
377 695
160 
141 639 514 315 
141 514
141 639
514 315
93 321 
93 321
112 118 189 69 187 
112 189
69 187
112 69
118 69
126 
585 744 
585 744
262 460 170 581 180 182 254 555 186 58 437 
262 460
170 262
581 262
180 262
182 180
254 460
555 262
186 254
58 460
437 180
39 372 249 734 32 637 97 360 173 
39 372
249 372
734 249
32 372
637 249
97 39
360 97
173 249
52 383 265 128 525 
128 525
52 525
52 265
52 383
612 661 
612 661
110 
349 723 
349 723
489 667 178 
489 667
489 178
31 157 
31 157
124 654 742 
124 654
124 742
632 709 797 688 152 784 251 396 234 164 51 539 
632 709
797 632
688 797
152 797
784 152
251 797
396 784
234 396
164 709
51 688
539 797
153 299 608 553 675 104 438 450 272 619 
153 299
608 299
553 153
675 299
104 608
438 608
450 675
272 438
619 299
684 770 
684 770
345 680 83 89 122 245 567 342 722 273 54 371 544 378 415 574 
345 680
83 680
89 345
122 345
245 345
567 89
342 89
722 83
273 567
54 342
371 273
544 54
378 371
415 378
574 54
236 334 600 367 716 613 701 185 328 786 456 528 436 718 
236 334
600 236
367 236
716 236
613 600
701 236
185 716
328 236
786 600
456 334
528 613
436 716
718 701
479 679 713 454 266 774 645 476 
479 679
713 679
454 679
266 713
774 266
645 266
476 479
559 714 162 640 414 215 
640 414
559 714
640 215
162 414
714 162
473 782 41 336 18 302 145 382 362 355 3 219 
473 782
41 473
336 473
18 782
302 41
145 782
382 473
362 145
355 145
3 382
219 302
303 466 85 444 
85 444
466 85
303 466
26 
144 370 167 
144 370
370 167
65 665 
65 665
142 572 
142 572
565 768 
565 768
240 793 765 651 
240 765
765 651
240 793
37 698 36 691 670 706 
37 706
37 698
37 691
698 36
698 670
417 427 384 475 138 123 116 
417 427
384 427
475 427
138 427
123 138
116 475
433 674 19 20 391 
433 674
674 391
674 19
433 20
243 733 791 
243 733
243 791
592 739 491 766 62 398 
739 398
491 398
592 766
739 766
592 62
503 795 532 250 375 143 
532 375
503 375
503 795
795 143
250 143
329 692 
329 692
0 
