? 6 232 720 199 117 610 226 
? 6 221 379 756 208 411 752 
? 6 238 564 515 750 792 682 
? 6 37 691 698 206 123 36 
? 6 253 633 212 577 314 304 
? 6 241 503 795 1 532 100 
? 6 410 513 23 725 383 486 
? 6 490 732 282 87 74 323 
? 6 516 604 278 644 472 416 
? 6 514 550 141 321 765 586 
? 5 451 455 520 705 222 
? 5 63 158 545 504 623 
? 5 27 69 386 471 289 
? 5 561 794 376 742 710 
? 5 205 522 223 598 601 
? 5 627 790 16 387 333 
? 5 128 525 52 331 265 
? 5 88 690 364 166 9 
? 5 137 566 412 463 737 
? 5 210 327 2 239 297 
? 5 605 781 79 408 324 
? 4 261 332 353 258 
? 4 373 421 202 485 
? 4 25 655 439 44 
? 4 40 743 748 693 
? 4 433 674 711 19 
? 4 266 774 713 556 
? 4 85 444 466 767 
? 4 540 699 45 647 
? 4 218 574 787 542 
? 4 240 685 291 315 
? 4 144 370 401 448 
? 4 337 728 235 758 
? 3 268 733 791 
? 3 191 507 50 
? 3 20 351 500 
? 3 446 576 727 
? 3 248 303 35 
? 3 489 667 178 
? 3 292 639 126 
? 3 368 700 536 
? 3 498 763 263 
? 3 310 611 121 
? 3 458 549 228 
? 3 242 521 172 
? 3 293 712 341 
? 3 492 493 565 
? 3 138 706 670 
? 3 480 535 135 
? 3 96 286 6 
? 3 454 618 679 
? 3 585 744 692 
? 3 58 437 220 
? 3 107 609 105 
? 3 127 746 31 
? 3 184 547 329 
!
167 707 
167 707
21 617 799 459 777 435 385 624 134 678 285 754 798 256 192 56 115 190 523 
21 617
799 21
459 21
777 617
435 21
385 617
624 385
134 435
678 385
285 21
754 385
798 435
256 134
192 256
56 435
115 385
190 754
523 678
143 294 
143 294
783 
99 295 658 775 13 717 233 796 46 
99 295
658 99
775 99
13 658
717 99
233 99
796 13
46 99
10 761 80 252 320 664 696 284 109 686 68 392 156 518 646 101 
10 761
80 10
252 761
320 761
664 761
696 761
284 761
109 320
686 664
68 696
392 664
156 320
518 761
646 320
101 252
184 547 329 
184 329
547 329
287 606 
287 606
84 259 257 462 397 443 168 339 213 580 740 201 
84 259
257 84
462 259
397 84
443 84
168 84
339 257
213 84
580 443
740 168
201 443
127 746 31 
127 746
127 31
107 609 105 
609 105
107 609
231 478 
231 478
176 227 
176 227
514 550 141 321 765 586 
550 321
514 550
514 141
141 586
514 765
605 781 79 408 324 
781 408
605 781
781 324
781 79
110 724 
110 724
58 437 220 
58 220
58 437
380 588 719 279 589 399 468 277 569 656 759 
380 588
719 588
279 380
589 380
399 380
468 399
277 468
569 380
656 279
759 277
72 659 171 343 590 102 779 582 405 
72 659
171 659
343 659
590 72
102 659
779 659
582 659
405 590
337 728 235 758 
337 728
337 235
337 758
585 744 692 
585 692
585 744
210 327 2 239 297 
210 239
327 2
327 297
210 327
137 566 412 463 737 
137 566
566 463
137 737
137 412
454 618 679 
618 679
454 679
30 140 
30 140
755 
204 476 
204 476
96 286 6 
96 6
286 6
88 690 364 166 9 
690 166
88 690
690 364
88 9
159 200 697 431 147 306 177 340 552 237 530 663 465 
159 200
697 200
431 159
147 431
306 200
177 159
340 200
552 697
237 159
530 159
663 697
465 159
516 604 278 644 472 416 
604 472
278 472
516 278
516 644
644 416
480 535 135 
480 135
535 135
330 735 625 214 43 390 77 753 29 
330 735
625 735
214 735
43 735
390 735
77 214
753 390
29 330
174 683 348 344 193 621 591 356 247 270 570 86 217 517 594 66 188 366 749 762 57 24 136 694 596 131 510 440 537 
174 683
348 683
344 174
193 683
621 683
591 193
356 174
247 174
270 193
570 193
86 683
217 683
517 591
594 570
66 683
188 270
366 344
749 247
762 366
57 594
24 366
136 570
694 57
596 591
131 517
510 131
440 193
537 570
138 706 670 
138 706
706 670
490 732 282 87 74 323 
732 87
87 74
490 87
490 282
732 323
492 493 565 
492 493
492 565
491 592 739 519 539 475 317 766 398 98 
491 592
739 592
519 739
539 491
475 592
317 475
766 519
398 519
98 519
308 768 
308 768
236 334 613 786 701 600 716 185 367 328 325 450 718 436 456 
236 334
613 334
786 334
701 786
600 613
716 334
185 716
367 334
328 600
325 786
450 328
718 334
436 185
456 600
661 
76 741 
76 741
267 560 403 563 12 139 657 90 543 676 81 338 
267 560
403 267
563 560
12 403
139 563
657 563
90 403
543 90
676 267
81 267
338 560
473 782 336 302 145 41 382 3 355 501 219 362 18 
473 782
336 473
302 473
145 782
41 302
382 41
3 382
355 782
501 41
219 302
362 145
18 3
616 
578 
474 730 481 271 181 555 157 
474 730
481 730
271 730
181 730
555 730
157 474
281 509 
281 509
26 374 
26 374
225 785 579 538 442 602 495 488 244 457 425 
225 785
579 785
538 785
442 225
602 225
495 602
488 225
244 579
457 579
425 442
293 712 341 
293 712
712 341
410 513 23 725 383 486 
410 486
513 383
410 383
725 486
513 23
242 521 172 
521 172
242 521
571 
558 
128 525 52 331 265 
128 525
128 331
525 52
52 265
464 
144 370 401 448 
144 370
370 401
144 448
404 714 559 215 640 449 162 414 
404 714
559 714
215 714
640 215
449 404
162 404
414 640
299 608 153 675 438 553 619 61 104 780 272 313 
299 608
153 608
675 153
438 608
553 153
619 299
61 438
104 438
780 61
272 438
313 61
487 615 113 665 65 209 638 129 133 
487 615
113 615
665 615
65 487
209 615
638 65
129 638
133 638
458 549 228 
458 549
549 228
249 372 39 173 32 734 395 33 637 146 
249 372
39 372
173 249
32 372
734 372
395 734
33 173
637 372
146 249
298 496 554 400 669 628 573 132 48 484 230 111 426 736 165 643 38 15 4 309 771 
298 496
554 298
400 496
669 298
628 400
573 554
132 298
48 496
484 298
230 298
111 628
426 628
736 628
165 669
643 669
38 400
15 643
4 230
309 4
771 400
627 790 16 387 333 
790 387
16 387
627 790
627 333
310 611 121 
310 121
611 121
482 731 593 773 276 512 346 155 280 689 672 54 34 715 642 197 307 
482 731
593 482
773 482
276 593
512 482
346 512
155 276
280 276
689 731
672 593
54 593
34 773
715 689
642 672
197 512
307 672
240 685 291 315 
291 315
240 315
685 315
447 
218 574 787 542 
218 787
218 574
218 542
540 699 45 647 
540 647
540 45
540 699
470 526 477 275 583 388 778 203 
470 526
477 470
275 470
583 526
388 275
778 275
203 583
352 527 55 422 394 92 595 71 406 243 
352 527
55 352
422 527
394 527
92 527
595 352
71 595
406 55
243 394
64 260 
64 260
262 460 581 180 254 483 182 186 708 
262 460
581 460
180 262
254 460
483 262
182 180
186 460
708 262
85 444 466 767 
85 444
85 466
466 767
415 
151 378 
151 378
607 721 531 195 702 534 653 494 684 630 770 428 160 635 125 224 296 318 
607 721
531 607
195 607
702 607
534 607
653 721
494 653
684 534
630 653
770 607
428 684
160 653
635 428
125 531
224 630
296 630
318 607
430 764 575 175 283 788 183 467 358 
430 764
575 764
175 430
283 430
788 764
183 788
467 430
358 183
42 511 
42 511
498 763 263 
498 263
498 763
409 
391 
290 350 5 413 533 434 738 419 95 751 544 198 149 551 154 418 769 614 
290 350
5 350
413 290
533 350
434 350
738 5
419 290
95 413
751 419
544 290
198 5
149 419
551 434
154 149
418 413
769 198
614 551
14 677 161 546 196 319 22 148 703 641 381 497 60 620 660 548 91 745 354 163 622 75 541 429 194 
14 677
161 677
546 677
196 161
319 161
22 14
148 546
703 319
641 319
381 148
497 319
60 381
620 319
660 641
548 196
91 148
745 22
354 546
163 548
622 14
75 703
541 703
429 381
194 660
266 774 713 556 
774 713
266 774
774 556
70 120 
70 120
433 674 711 19 
433 674
674 19
674 711
368 700 536 
368 536
700 536
241 503 795 1 532 100 
241 503
241 795
241 1
503 532
1 100
292 639 126 
292 126
292 639
205 522 223 598 601 
522 601
205 601
205 223
522 598
489 667 178 
489 667
489 178
369 
253 633 212 577 314 304 
253 304
253 633
633 577
212 304
577 314
360 
207 662 170 789 119 349 723 681 793 59 288 636 469 
207 662
170 662
789 207
119 170
349 662
723 170
681 207
793 207
59 789
288 793
636 662
469 789
561 794 376 742 710 
561 794
794 710
742 710
561 376
40 743 748 693 
40 743
748 693
40 748
632 797 152 709 688 396 784 51 116 251 234 384 417 62 427 164 
632 797
152 797
709 632
688 152
396 152
784 152
51 709
116 396
251 152
234 688
384 396
417 396
62 688
427 417
164 709
248 303 35 
248 303
303 35
335 
25 655 439 44 
25 655
25 439
655 44
508 634 
508 634
27 69 386 471 289 
69 386
69 471
27 289
27 69
269 
0 150 
0 150
112 189 118 729 420 612 187 393 255 326 505 
112 189
118 112
729 112
420 729
612 420
187 189
393 420
255 118
326 112
505 112
124 375 654 557 53 322 305 250 274 
124 375
654 375
557 124
53 375
322 124
305 375
250 305
274 557
63 158 545 504 623 
63 158
63 623
158 504
63 545
359 452 
359 452
246 
461 772 
461 772
446 576 727 
446 576
446 727
441 760 
441 760
20 351 500 
20 351
20 500
94 264 106 49 347 407 704 97 568 11 424 673 
94 264
106 264
49 264
347 264
407 94
704 407
97 106
568 264
11 97
424 704
673 106
301 631 726 648 599 311 529 479 502 389 
301 631
726 301
648 301
599 648
311 648
529 301
479 631
502 311
389 301
93 651 
93 651
626 776 668 78 179 361 757 8 103 28 211 363 82 73 423 499 
626 776
668 776
78 668
179 776
361 179
757 668
8 78
103 626
28 179
211 757
363 78
82 8
73 8
423 82
499 73
312 562 652 357 506 108 666 584 316 597 216 17 47 445 
312 562
652 562
357 312
506 652
108 312
666 562
584 506
316 506
597 562
216 357
17 108
47 312
445 506
229 402 603 365 528 67 645 649 
229 402
603 229
365 229
528 229
67 402
645 67
649 645
37 691 698 206 123 36 
37 698
37 691
691 206
698 36
37 123
345 680 83 245 342 89 122 722 567 273 687 371 
345 680
83 680
245 345
342 345
89 345
122 83
722 245
567 122
273 245
687 680
371 273
373 421 202 485 
421 202
373 421
373 485
130 
191 507 50 
191 507
507 50
169 453 
169 453
114 572 
114 572
142 432 
142 432
261 332 353 258 
261 353
261 332
353 258
238 564 515 750 792 682 
238 515
238 564
515 792
792 682
564 750
629 695 300 747 377 671 524 
629 695
300 629
747 629
377 695
671 695
524 747
451 455 520 705 222 
451 705
451 455
451 520
455 222
268 733 791 
268 733
733 791
221 379 756 208 411 752 
379 756
221 756
379 752
208 752
411 752
232 720 199 117 610 226 
232 720
232 199
199 117
117 610
720 226
587 650 
587 650
7 
