? 6 21 799 617 459 134 624 
? 6 243 409 501 3 382 41 
? 6 16 387 325 760 627 333 
? 6 122 345 89 83 245 567 
? 6 225 785 538 579 442 495 
? 6 97 360 673 347 75 106 
? 6 162 559 714 424 291 404 
? 6 547 692 184 318 47 585 
? 6 183 374 598 788 467 575 
? 6 24 40 743 63 623 698 
? 5 368 406 536 700 524 
? 5 314 650 633 269 587 
? 5 163 548 354 26 546 
? 5 491 592 739 539 317 
? 5 417 427 116 475 138 
? 5 230 297 4 758 48 
? 5 490 732 602 212 282 
? 5 50 126 507 315 93 
? 5 190 754 385 678 523 
? 5 202 373 421 549 458 
? 5 223 522 205 601 324 
? 4 215 640 414 449 
? 4 117 281 777 335 
? 4 341 419 751 95 
? 4 369 794 561 260 
? 4 629 671 377 695 
? 4 60 148 22 381 
? 4 69 471 727 386 
? 4 444 710 85 494 
? 4 329 635 408 781 
? 4 300 778 477 71 
? 4 331 606 287 303 
? 4 132 573 337 235 
? 3 283 430 764 
? 3 15 643 669 
? 3 87 304 115 
? 3 261 332 353 
? 3 410 725 699 
? 3 407 704 96 
? 3 413 418 290 
? 3 9 685 793 
? 3 519 766 398 
? 3 151 792 378 
? 3 294 653 224 
? 3 6 568 166 
? 3 11 541 703 
? 3 53 654 305 
? 3 504 691 37 
? 3 586 651 765 
? 3 98 219 302 
? 3 79 605 744 
? 3 94 264 49 
? 3 733 791 576 
? 3 244 488 323 
? 3 74 478 222 
? 3 229 402 185 
!
164 728 
164 728
487 615 113 220 70 759 105 120 665 65 58 437 133 209 129 638 44 277 186 
487 615
113 615
220 487
70 220
759 615
105 759
120 220
665 105
65 105
58 220
437 58
133 759
209 665
129 65
638 129
44 209
277 133
186 58
131 136 
131 136
757 
231 520 45 455 451 540 705 452 647 
231 520
45 520
455 520
451 455
540 45
705 451
452 705
647 45
92 338 352 204 527 422 595 476 560 227 267 389 676 563 657 55 
92 338
352 92
204 92
527 352
422 527
595 352
476 422
560 338
227 595
267 560
389 267
676 204
563 227
657 563
55 527
229 402 185 
229 402
229 185
27 370 
27 370
493 516 558 604 492 278 644 768 565 308 457 42 
493 516
558 516
604 558
492 516
278 558
644 492
768 493
565 604
308 768
457 565
42 308
74 478 222 
478 222
74 478
244 488 323 
244 488
488 323
557 790 
557 790
18 473 
18 473
24 40 743 63 623 698 
24 63
40 743
743 623
63 623
24 698
223 522 205 601 324 
522 601
205 601
223 205
601 324
309 485 
309 485
733 791 576 
733 576
733 791
153 553 299 608 675 104 600 450 438 528 619 
153 553
299 553
608 299
675 153
104 608
600 675
450 675
438 104
528 600
619 608
266 454 774 618 713 167 679 796 144 
266 454
774 266
618 266
713 454
167 774
679 713
796 167
144 796
132 573 337 235 
132 573
337 235
132 235
94 264 49 
94 264
264 49
202 373 421 549 458 
549 458
202 421
373 421
373 549
190 754 385 678 523 
754 385
190 754
190 678
190 523
79 605 744 
79 744
79 605
641 745 
641 745
747 
165 694 
165 694
98 219 302 
98 302
98 219
50 126 507 315 93 
126 507
507 315
507 93
50 507
171 198 769 659 72 102 578 582 5 779 140 533 590 
171 198
769 198
659 171
72 659
102 769
578 171
582 659
5 198
779 72
140 779
533 5
590 102
183 374 598 788 467 575 
183 788
374 467
598 788
598 575
374 598
586 651 765 
651 765
586 765
145 355 362 336 545 158 782 706 123 
145 355
362 145
336 362
545 355
158 545
782 336
706 158
123 706
218 687 574 642 672 307 542 276 593 787 280 54 239 482 155 731 197 712 346 544 512 715 210 773 342 689 680 415 2 
218 687
574 218
642 687
672 642
307 672
542 574
276 672
593 276
787 542
280 276
54 307
239 787
482 280
155 593
731 482
197 731
712 787
346 197
544 239
512 346
715 155
210 544
773 731
342 715
689 773
680 342
415 773
2 210
504 691 37 
691 37
504 691
547 692 184 318 47 585 
692 318
692 47
318 585
547 318
692 184
53 654 305 
654 305
53 654
61 649 645 272 780 313 556 448 365 67 
61 649
645 649
272 61
780 649
313 61
556 645
448 556
365 272
67 313
46 403 
46 403
251 784 152 688 51 771 797 632 396 709 384 38 234 36 111 
251 784
152 251
688 152
51 152
771 784
797 688
632 797
396 51
709 632
384 396
38 771
234 396
36 771
111 38
724 
472 597 
472 597
434 614 551 121 199 76 509 738 610 232 142 634 
434 614
551 614
121 551
199 434
76 434
509 551
738 76
610 121
232 199
142 199
634 232
411 439 752 379 107 191 609 208 25 292 221 636 756 
411 439
752 411
379 439
107 752
191 752
609 107
208 609
25 107
292 191
221 379
636 107
756 208
652 
599 
293 327 154 149 228 755 343 
293 327
154 327
149 154
228 293
755 228
343 228
376 466 
376 466
141 639 
141 639
135 535 480 35 64 603 412 616 289 737 436 
135 535
480 535
35 535
64 135
603 480
412 35
616 64
289 412
737 289
436 616
11 541 703 
11 541
11 703
162 559 714 424 291 404 
559 714
714 424
162 714
162 404
162 291
6 568 166 
6 166
568 166
550 
526 
490 732 602 212 282 
732 602
490 212
212 282
490 732
429 
331 606 287 303 
331 606
606 303
331 287
196 620 161 497 677 319 14 660 
196 620
161 196
497 196
677 161
319 161
14 677
660 620
469 789 681 59 662 207 349 690 88 286 119 723 
469 789
681 789
59 681
662 681
207 662
349 59
690 469
88 690
286 88
119 349
723 119
169 431 453 147 326 306 566 255 137 
169 431
453 169
147 453
326 169
306 453
566 147
255 326
137 566
294 653 224 
294 653
653 224
52 128 383 525 486 463 265 513 340 511 
52 128
383 128
525 52
486 525
463 383
265 128
513 383
340 463
511 513
521 753 214 390 77 735 625 464 682 750 330 43 611 238 29 564 172 515 310 242 656 
521 753
214 753
390 521
77 214
735 521
625 390
464 735
682 625
750 77
330 464
43 464
611 682
238 750
29 330
564 238
172 611
515 564
310 611
242 29
656 242
230 297 4 758 48 
297 4
230 48
297 48
297 758
151 792 378 
151 792
792 378
143 795 503 241 532 322 250 19 375 441 742 391 1 740 124 160 274 
143 795
503 143
241 795
532 795
322 241
250 532
19 241
375 250
441 375
742 250
391 19
1 241
740 322
124 441
160 19
274 441
300 778 477 71 
778 477
300 477
300 71
394 
329 635 408 781 
408 781
329 635
329 408
444 710 85 494 
444 85
710 85
444 494
301 631 543 726 90 81 648 12 
301 631
543 301
726 301
90 726
81 90
648 726
12 81
254 581 460 180 262 170 182 655 483 178 
254 581
460 581
180 581
262 460
170 254
182 180
655 254
483 182
178 483
479 707 
479 707
203 275 583 176 502 311 529 388 470 
203 275
583 275
176 203
502 275
311 176
529 502
388 176
470 583
69 471 727 386 
69 386
727 386
69 471
364 
34 371 
34 371
130 500 195 531 428 534 684 20 770 433 296 607 702 125 721 351 630 674 
130 500
195 500
531 195
428 130
534 531
684 428
20 500
770 534
433 500
296 770
607 770
702 770
125 684
721 607
351 20
630 296
674 433
99 658 295 717 775 233 401 13 268 
99 658
295 99
717 658
775 295
233 717
401 658
13 401
268 233
240 288 
240 288
519 766 398 
519 398
766 398
328 
320 
177 189 112 729 187 612 661 505 246 118 420 263 530 237 465 498 393 446 
177 189
112 189
729 177
187 189
612 729
661 112
505 729
246 187
118 661
420 729
263 118
530 263
237 187
465 187
498 465
393 420
446 661
174 621 683 348 344 247 356 193 86 188 270 591 217 570 594 749 517 66 537 366 510 30 57 670 596 
174 621
683 174
348 174
344 683
247 344
356 247
193 621
86 193
188 86
270 193
591 270
217 344
570 86
594 348
749 247
517 270
66 749
537 594
366 356
510 570
30 510
57 537
670 537
596 517
60 148 22 381 
148 381
148 22
60 22
110 518 
110 518
629 671 377 695 
629 671
629 695
377 695
9 685 793 
9 685
9 793
97 360 673 347 75 106 
360 75
360 106
97 75
673 106
97 347
413 418 290 
418 290
413 290
417 427 116 475 138 
116 475
417 427
427 138
427 475
407 704 96 
407 96
407 704
258 
225 785 538 579 442 495 
225 785
442 495
225 495
785 538
538 579
253 
249 395 32 734 372 33 637 173 39 146 175 358 91 
249 395
32 249
734 32
372 734
33 395
637 33
173 33
39 372
146 173
175 146
358 637
91 358
491 592 739 539 317 
491 739
592 539
491 592
592 317
369 794 561 260 
369 260
794 561
369 561
730 783 708 474 461 127 181 622 271 481 31 0 555 646 157 772 
730 783
708 730
474 783
461 783
127 461
181 474
622 181
271 461
481 622
31 474
0 622
555 127
646 127
157 31
772 271
410 725 699 
725 699
410 725
206 
341 419 751 95 
341 95
751 95
419 95
321 514 
321 514
163 548 354 26 546 
354 546
163 354
163 548
163 26
139 
440 741 
440 741
17 316 108 312 506 584 357 248 666 445 562 
17 316
108 17
312 316
506 316
584 506
357 108
248 108
666 312
445 584
562 666
236 334 718 456 367 701 613 716 786 
236 334
718 236
456 718
367 456
701 334
613 367
716 236
786 701
314 650 633 269 587 
314 587
269 587
650 269
650 633
489 667 
489 667
62 
435 798 
435 798
261 332 353 
261 353
261 332
273 722 
273 722
87 304 115 
87 304
304 115
397 443 201 168 257 213 73 339 84 462 259 211 
397 443
201 443
168 397
257 168
213 201
73 201
339 168
84 257
462 339
259 339
211 73
663 693 697 763 748 447 200 552 159 762 
663 693
697 693
763 697
748 663
447 697
200 447
552 447
159 200
762 748
150 194 
150 194
28 103 423 179 363 78 361 100 626 776 668 711 8 499 82 580 
28 103
423 28
179 103
363 423
78 363
361 179
100 423
626 78
776 626
668 776
711 179
8 78
499 8
82 499
580 82
10 68 156 761 696 80 392 686 252 284 7 664 101 109 
10 68
156 10
761 156
696 156
80 68
392 761
686 392
252 761
284 252
7 80
664 392
101 252
109 696
426 736 400 484 496 628 554 298 
426 736
400 736
484 426
496 484
628 426
554 496
298 496
122 345 89 83 245 567 
122 345
245 567
89 83
122 567
122 83
468 719 571 588 569 380 399 192 256 285 279 589 
468 719
571 468
588 468
569 571
380 588
399 719
192 569
256 569
285 192
279 380
589 285
117 281 777 335 
117 777
281 777
281 335
56 
15 643 669 
15 643
643 669
216 767 
216 767
359 416 
359 416
226 577 
226 577
215 640 414 449 
215 449
640 414
640 449
16 387 325 760 627 333 
325 333
16 387
387 627
16 760
627 333
405 508 572 432 720 114 350 
405 508
572 508
432 572
720 572
114 432
350 405
368 406 536 700 524 
368 536
368 406
406 700
368 524
283 430 764 
283 764
430 764
243 409 501 3 382 41 
382 41
243 3
3 41
501 3
409 41
21 799 617 459 134 624 
21 617
799 134
21 799
799 459
617 624
425 746 
425 746
23 
