? 6 330 735 390 521 625 43 
? 6 207 662 681 288 723 469 
? 6 503 795 19 143 532 250 
? 6 253 633 212 732 577 304 
? 6 225 785 579 442 538 602 
? 6 69 530 27 255 386 112 
? 6 123 206 691 158 138 37 
? 6 393 733 791 420 729 612 
? 6 457 604 516 488 416 644 
? 6 52 128 383 525 486 265 
? 5 229 402 313 603 649 
? 5 261 353 332 258 310 
? 5 410 513 699 725 511 
? 5 470 526 477 778 203 
? 5 136 373 458 421 485 
? 5 325 627 387 790 701 
? 5 141 639 514 321 50 
? 5 266 618 713 454 556 
? 5 479 679 707 167 774 
? 5 154 327 149 210 2 
? 5 289 412 737 727 137 
? 4 425 555 746 646 
? 4 433 674 224 391 
? 4 240 765 414 449 
? 4 315 507 93 586 
? 4 25 655 636 44 
? 4 408 781 125 47 
? 4 20 351 130 500 
? 4 218 642 574 687 
? 4 305 654 557 53 
? 4 31 59 157 349 
? 4 45 540 359 492 
? 4 87 587 495 282 
? 3 61 67 645 
? 3 542 787 239 
? 3 609 756 221 
? 3 54 155 378 
? 3 70 220 437 
? 3 118 471 263 
? 3 489 667 724 
? 3 333 760 369 
? 3 114 226 741 
? 3 58 120 483 
? 3 670 698 504 
? 3 187 189 177 
? 3 172 611 509 
? 3 63 623 40 
? 3 216 767 318 
? 3 110 127 772 
? 3 335 750 753 
? 3 278 472 565 
? 3 275 529 176 
? 3 309 712 228 
? 3 29 242 464 
? 3 743 762 24 
? 3 326 446 693 
!
340 576 
340 576
21 617 799 459 435 385 134 777 624 754 285 115 678 192 523 256 56 589 269 
21 617
799 21
459 21
435 21
385 617
134 435
777 617
624 777
754 385
285 134
115 617
678 754
192 777
523 385
256 285
56 134
589 777
269 754
293 578 
293 578
748 
460 581 262 180 170 119 254 182 186 
460 581
262 460
180 460
170 460
119 170
254 262
182 180
186 180
607 721 534 531 195 630 653 428 635 160 494 702 770 684 296 329 
607 721
534 607
531 607
195 531
630 721
653 721
428 531
635 607
160 653
494 653
702 534
770 607
684 428
296 635
329 635
326 446 693 
326 693
326 446
354 461 
354 461
626 668 776 757 28 179 363 361 211 103 423 201 
626 668
776 626
757 668
28 668
179 626
363 668
361 776
211 757
103 179
423 28
201 757
743 762 24 
743 24
743 762
29 242 464 
29 464
242 464
35 480 
35 480
156 518 
156 518
52 128 383 525 486 265 
128 525
52 525
52 265
383 486
52 383
289 412 737 727 137 
289 412
737 727
737 137
289 137
30 694 
30 694
309 712 228 
309 228
712 228
482 731 593 276 512 346 773 197 280 672 307 
482 731
593 731
276 593
512 731
346 731
773 482
197 482
280 482
672 593
307 672
301 631 543 726 81 403 599 389 12 
301 631
543 631
726 301
81 726
403 631
599 631
389 301
12 403
87 587 495 282 
87 282
87 495
587 282
275 529 176 
275 176
529 176
154 327 149 210 2 
154 149
327 2
149 2
154 210
479 679 707 167 774 
479 679
679 167
167 774
679 707
278 472 565 
278 472
472 565
178 798 
178 798
711 
237 246 
237 246
335 750 753 
750 753
335 753
266 618 713 454 556 
713 454
266 618
454 556
266 713
236 334 613 786 600 185 328 716 718 16 367 436 528 
236 334
613 334
786 334
600 236
185 236
328 786
716 185
718 613
16 786
367 718
436 185
528 236
457 604 516 488 416 644 
604 488
457 604
457 644
516 488
457 416
110 127 772 
127 772
110 127
592 739 491 539 475 766 317 98 398 
592 739
491 592
539 592
475 491
766 739
317 491
98 592
398 766
298 496 554 669 628 573 400 132 736 297 426 337 111 230 48 484 771 643 164 4 165 38 755 15 235 728 202 758 549 
298 496
554 298
669 298
628 554
573 298
400 628
132 298
736 400
297 496
426 496
337 496
111 400
230 573
48 554
484 554
771 400
643 669
164 628
4 230
165 669
38 400
755 643
15 669
235 554
728 573
202 643
758 4
549 165
216 767 318 
216 767
767 318
393 733 791 420 729 612 
393 733
420 612
420 729
393 791
393 420
63 623 40 
63 623
63 40
380 588 468 719 279 399 569 571 759 656 
380 588
468 588
719 588
279 380
399 719
569 588
571 588
759 719
656 279
610 682 
610 682
632 709 797 688 784 152 51 396 234 384 251 116 62 36 417 
632 709
797 709
688 797
784 632
152 688
51 152
396 152
234 396
384 234
251 152
116 234
62 116
36 784
417 396
692 
294 742 
294 742
139 563 502 311 657 90 560 388 648 267 583 338 
139 563
502 139
311 502
657 563
90 139
560 657
388 139
648 90
267 560
583 502
338 560
83 345 680 122 89 715 342 245 567 722 273 689 34 
83 345
680 83
122 83
89 345
715 345
342 122
245 680
567 342
722 715
273 245
689 722
34 273
671 
665 
238 564 77 515 214 792 151 
238 564
77 238
515 564
214 77
792 564
151 792
478 705 
478 705
126 685 
126 685
153 299 608 675 438 619 104 553 450 780 272 
153 299
608 299
675 153
438 299
619 608
104 299
553 675
450 675
780 619
272 608
172 611 509 
172 611
172 509
123 206 691 158 138 37 
123 138
123 158
158 37
691 37
206 691
187 189 177 
189 177
187 177
558 
544 
141 639 514 321 50 
141 514
639 50
141 639
514 321
508 
45 540 359 492 
540 492
45 359
45 540
39 372 249 32 734 395 745 173 
39 372
249 372
32 372
734 372
395 249
745 39
173 249
72 659 102 198 779 590 769 171 343 582 596 140 
72 659
102 659
198 659
779 72
590 72
769 198
171 198
343 659
582 171
596 590
140 72
451 455 520 231 452 222 647 440 323 
451 455
520 451
231 520
452 451
222 455
647 451
440 222
323 647
670 698 504 
670 698
698 504
129 638 65 277 105 133 209 487 615 113 
129 638
65 129
277 638
105 638
133 638
209 638
487 105
615 487
113 615
174 683 348 344 193 621 247 594 356 270 66 591 749 570 517 366 217 86 131 57 537 
174 683
348 683
344 174
193 174
621 683
247 174
594 174
356 683
270 193
66 344
591 193
749 683
570 591
517 193
366 356
217 193
86 591
131 517
57 594
537 57
325 627 387 790 701 
387 790
627 790
325 701
627 701
58 120 483 
58 120
58 483
200 697 159 431 147 663 453 447 498 552 306 763 566 23 169 465 463 
200 697
159 200
431 200
147 159
663 697
453 200
447 697
498 159
552 663
306 147
763 498
566 147
23 306
169 147
465 498
463 306
31 59 157 349 
31 59
157 349
59 157
490 
305 654 557 53 
305 654
654 557
654 53
218 642 574 687 
218 642
642 574
574 687
559 714 162 404 424 640 215 291 
559 714
162 559
404 714
424 559
640 404
215 640
291 404
88 690 364 166 789 286 9 793 49 6 
88 690
364 88
166 690
789 88
286 88
9 88
793 9
49 166
6 166
550 651 
550 651
106 264 94 673 97 407 360 568 704 
106 264
94 264
673 106
97 106
407 94
360 97
568 106
704 94
20 351 130 500 
20 351
130 500
20 130
456 
42 287 
42 287
473 782 336 41 382 302 145 18 3 219 706 700 545 362 355 501 243 406 
473 782
336 473
41 473
382 782
302 41
145 336
18 782
3 41
219 302
706 473
700 302
545 782
362 145
355 145
501 3
243 41
406 302
205 522 601 598 223 79 374 324 358 
205 522
601 522
598 522
223 522
79 601
374 598
324 522
358 374
308 768 
308 768
114 226 741 
114 226
114 741
427 
415 
312 562 357 652 506 316 597 445 584 184 666 17 606 248 108 331 744 547 
312 562
357 312
652 562
506 312
316 312
597 562
445 506
584 506
184 312
666 652
17 562
606 445
248 506
108 445
331 606
744 597
547 184
161 319 196 677 14 641 703 660 546 22 620 497 148 381 541 548 194 60 11 75 150 91 347 163 622 
161 319
196 161
677 161
14 677
641 161
703 319
660 319
546 677
22 14
620 196
497 319
148 14
381 546
541 703
548 196
194 660
60 148
11 319
75 703
150 660
91 381
347 541
163 548
622 660
408 781 125 47 
408 125
408 781
125 47
505 661 
505 661
25 655 636 44 
25 636
25 655
655 44
333 760 369 
333 760
760 369
69 530 27 255 386 112 
69 530
69 386
530 255
386 112
530 27
489 667 724 
489 667
667 724
136 373 458 421 485 
373 421
373 485
136 373
373 458
118 471 263 
118 263
118 471
409 
225 785 579 442 538 602 
225 785
785 538
225 442
538 602
579 538
371 
499 580 73 443 397 1 8 78 241 82 257 168 100 
499 580
73 499
443 499
397 443
1 580
8 499
78 8
241 580
82 73
257 443
168 443
100 580
470 526 477 778 203 
477 778
470 526
470 778
470 203
315 507 93 586 
315 507
507 586
507 93
71 747 595 368 55 352 629 527 695 519 227 377 300 536 524 394 
71 747
595 71
368 71
55 368
352 595
629 747
527 352
695 629
519 695
227 595
377 747
300 227
536 595
524 527
394 527
70 220 437 
220 437
70 437
314 
240 765 414 449 
240 765
414 449
765 414
365 448 
365 448
410 513 699 725 511 
699 725
410 725
410 513
410 511
281 
26 686 
26 686
84 259 339 462 740 322 213 441 124 274 375 
84 259
339 84
462 259
740 84
322 740
213 462
441 322
124 441
274 124
375 124
303 376 466 85 561 444 794 710 135 
303 376
466 376
85 376
561 376
444 85
794 561
710 85
135 376
261 353 332 258 310 
258 310
261 353
353 310
261 332
260 616 
260 616
107 
585 605 
585 605
54 155 378 
155 378
54 155
92 204 
92 204
609 756 221 
756 221
609 756
430 764 175 283 575 183 788 33 467 429 637 146 
430 764
175 430
283 430
575 764
183 764
788 183
33 175
467 283
429 183
637 764
146 33
190 232 720 199 121 551 634 117 434 142 
190 232
720 190
199 232
121 232
551 199
634 232
117 121
434 121
142 232
64 535 
64 535
99 658 295 775 233 796 717 13 401 268 370 422 476 144 676 46 
99 658
295 99
775 99
233 658
796 99
717 99
13 796
401 99
268 233
370 13
422 233
476 422
144 13
676 422
46 676
290 350 5 413 533 738 95 751 614 405 419 76 341 418 
290 350
5 350
413 350
533 350
738 290
95 413
751 413
614 738
405 738
419 751
76 614
341 413
418 95
474 730 708 481 271 783 0 181 
474 730
708 474
481 474
271 730
783 730
0 730
181 730
253 633 212 732 577 304 
253 304
253 633
633 577
212 304
253 732
10 761 252 80 284 101 696 664 392 320 68 109 
10 761
252 761
80 10
284 761
101 761
696 10
664 696
392 664
320 252
68 252
109 320
433 674 224 391 
674 224
433 674
224 391
96 
542 787 239 
542 239
787 239
188 510 
188 510
244 493 
244 493
432 572 
432 572
425 555 746 646 
425 746
746 646
425 555
503 795 19 143 532 250 
795 19
19 143
503 795
503 532
143 250
411 752 208 439 191 379 292 
411 752
208 752
439 752
191 752
379 439
292 752
229 402 313 603 649 
229 402
402 603
313 649
402 313
61 67 645 
67 645
61 67
207 662 681 288 723 469 
723 469
207 662
207 288
662 469
662 681
330 735 390 521 625 43 
521 43
521 625
735 43
330 390
735 390
74 650 
74 650
7 
