? 12 396 678 520 720 281 440 299 261 627 163 10 174 
? 11 154 693 713 703 719 86 203 346 616 399 198 
? 11 345 623 183 191 52 444 16 24 218 531 79 
? 11 374 401 313 779 548 763 539 297 491 556 576 
? 10 103 642 249 769 621 540 545 301 89 159 
? 10 5 393 119 40 343 417 195 754 583 179 
? 10 17 598 300 697 630 194 760 55 661 464 
? 10 387 638 125 126 287 209 794 81 394 104 
? 9 727 737 58 650 648 351 682 1 615 
? 9 88 288 229 625 75 505 239 298 318 
? 9 244 344 573 652 662 386 718 22 608 
? 9 322 517 312 289 410 660 409 784 707 
? 9 61 592 492 252 761 262 506 372 526 
? 9 64 722 4 132 569 714 140 792 59 
? 8 283 629 705 242 610 473 619 658 
? 8 141 189 358 277 574 554 656 750 
? 8 54 442 130 700 8 187 762 286 
? 8 68 686 746 586 145 455 525 570 
? 8 3 533 786 77 364 320 474 758 
? 8 496 552 463 544 791 510 657 470 
? 8 564 677 232 67 645 454 341 202 
? 8 204 699 138 478 452 118 420 200 
? 7 80 208 21 580 373 231 192 
? 7 113 518 122 462 637 99 182 
? 7 11 72 659 773 276 137 263 
? 7 15 551 416 227 597 315 148 
? 7 60 220 27 184 265 778 468 
? 6 12 675 683 70 398 471 
? 6 360 388 653 69 766 2 
? 6 509 732 302 175 316 91 
? 6 383 461 133 340 215 735 
? 6 458 690 647 749 618 177 
? 6 9 46 217 499 270 381 
? 6 151 512 131 36 774 47 
? 5 57 181 153 532 715 
? 5 243 279 290 565 152 
? 5 382 430 721 190 466 
? 5 489 765 273 428 120 
? 5 328 511 258 71 28 
? 5 467 728 481 74 706 
? 5 156 348 605 753 251 
? 5 247 655 579 224 562 
? 5 161 423 543 563 310 
? 5 354 437 250 41 566 
? 5 427 649 488 529 78 
? 4 441 559 274 385 
? 4 319 599 260 149 
? 4 7 575 0 726 
? 4 654 734 523 764 
? 4 439 445 35 578 
? 4 87 607 557 225 
? 4 123 731 617 180 
? 3 376 534 121 
? 3 483 494 415 
? 3 587 696 352 
? 3 94 205 268 
? 3 321 359 216 
? 3 142 223 716 
? 3 37 547 594 
? 3 199 379 406 
? 3 169 193 323 
? 3 6 596 493 
? 3 101 589 480 
? 3 538 549 293 
? 3 643 730 781 
? 3 295 676 632 
? 3 245 644 147 
? 3 681 694 687 
? 3 741 770 38 
? 3 710 724 456 
? 3 96 112 241 
? 3 116 711 780 
!
427 649 488 529 78 
488 529
649 529
427 649
529 78
204 699 138 478 452 118 420 200 
204 420
204 200
118 420
699 200
699 138
138 478
138 452
116 711 780 
116 780
116 711
775 
66 507 
66 507
426 460 
426 460
396 678 520 720 281 440 299 261 627 163 10 174 
678 440
396 174
678 174
281 261
281 174
720 10
520 163
396 10
720 299
678 520
396 627
307 309 350 581 353 771 93 646 82 451 173 157 32 127 370 171 450 521 397 459 
307 309
350 309
581 307
353 581
771 353
93 771
646 581
82 307
451 309
173 82
157 646
32 771
127 646
370 157
171 451
450 82
521 32
397 646
459 450
553 723 447 164 486 111 436 185 106 107 504 158 501 170 378 
553 723
447 723
164 553
486 553
111 447
436 447
185 486
106 111
107 436
504 447
158 185
501 504
170 107
378 158
96 112 241 
96 112
96 241
151 512 131 36 774 47 
774 47
151 36
131 774
151 131
512 47
747 
165 744 469 90 448 524 622 178 588 571 542 92 490 453 702 
165 744
469 744
90 165
448 165
524 469
622 469
178 90
588 165
571 90
542 588
92 588
490 571
453 524
702 469
256 535 
256 535
354 437 250 41 566 
437 566
354 250
354 437
354 41
308 317 
308 317
9 46 217 499 270 381 
9 381
217 381
270 381
46 217
46 499
743 
701 
671 
161 423 543 563 310 
543 563
161 423
563 310
423 543
639 
247 655 579 224 562 
579 224
247 579
247 655
655 562
123 731 617 180 
123 731
731 180
731 617
374 401 313 779 548 763 539 297 491 556 576 
374 401
313 548
313 779
539 556
374 313
763 556
548 539
401 297
297 491
779 576
64 722 4 132 569 714 140 792 59 
64 4
722 4
132 140
722 714
714 140
64 569
792 59
569 59
606 
87 607 557 225 
557 225
607 557
87 607
60 220 27 184 265 778 468 
60 220
265 468
184 778
184 468
60 27
27 265
513 
233 296 
233 296
156 348 605 753 251 
156 605
605 251
348 605
348 753
291 558 
291 558
710 724 456 
710 456
710 724
741 770 38 
741 770
770 38
439 445 35 578 
439 445
445 35
445 578
595 777 
595 777
681 694 687 
681 687
681 694
654 734 523 764 
523 764
654 764
654 734
564 677 232 67 645 454 341 202 
645 341
564 677
564 67
564 232
645 202
67 341
454 202
458 690 647 749 618 177 
458 690
749 618
647 749
690 177
458 647
95 487 
95 487
245 644 147 
245 644
644 147
295 676 632 
295 676
676 632
228 514 44 698 114 311 600 695 446 63 787 134 666 485 477 42 50 776 166 
228 514
44 228
698 228
114 514
311 698
600 114
695 600
446 228
63 446
787 695
134 698
666 600
485 666
477 698
42 666
50 514
776 63
166 787
508 
392 688 755 214 739 334 635 465 285 497 502 128 626 
392 688
755 688
214 392
739 392
334 739
635 214
465 739
285 688
497 465
502 334
128 334
626 214
643 730 781 
730 781
643 730
45 684 
45 684
467 728 481 74 706 
481 74
467 728
467 481
481 706
611 752 438 325 48 56 144 14 515 264 26 528 482 670 568 582 355 475 272 
611 752
438 752
325 752
48 438
56 611
144 48
14 611
515 752
264 48
26 48
528 515
482 438
670 515
568 325
582 56
355 670
475 582
272 144
383 461 133 340 215 735 
133 735
383 133
383 340
133 215
383 461
538 549 293 
538 549
538 293
7 575 0 726 
0 726
7 575
7 726
387 638 125 126 287 209 794 81 394 104 
794 394
81 104
126 209
638 126
125 126
387 125
125 287
209 81
638 394
319 599 260 149 
319 260
319 599
599 149
109 503 422 292 338 49 219 628 97 389 303 674 692 
109 503
422 109
292 109
338 292
49 422
219 422
628 49
97 109
389 338
303 97
674 628
692 303
500 
167 733 797 306 673 100 584 304 368 434 640 357 783 211 685 603 782 329 196 495 33 651 679 135 269 371 314 785 498 342 403 
167 733
797 733
306 167
673 306
100 167
584 100
304 306
368 673
434 584
640 304
357 797
783 368
211 584
685 368
603 584
782 368
329 100
196 640
495 783
33 640
651 685
679 196
135 782
269 782
371 651
314 196
785 782
498 679
342 603
403 785
101 589 480 
101 589
101 480
345 623 183 191 52 444 16 24 218 531 79 
16 531
345 623
191 79
623 191
191 24
52 531
183 444
623 183
183 52
444 218
509 732 302 175 316 91 
509 316
509 732
509 302
175 316
732 91
6 596 493 
6 493
596 493
169 193 323 
169 193
169 323
61 592 492 252 761 262 506 372 526 
492 506
262 526
61 761
252 372
492 526
61 592
592 252
61 492
472 
199 379 406 
199 379
199 406
37 547 594 
547 594
37 594
142 223 716 
142 223
142 716
328 511 258 71 28 
328 511
511 258
258 71
258 28
411 590 39 400 84 83 230 418 560 330 641 546 124 280 139 266 
411 590
39 590
400 590
84 39
83 590
230 83
418 83
560 84
330 84
641 39
546 560
124 641
280 39
139 83
266 124
435 
19 384 
19 384
15 551 416 227 597 315 148 
15 551
551 227
227 597
416 148
551 416
227 315
360 388 653 69 766 2 
360 388
766 2
653 2
388 2
388 69
412 
321 359 216 
359 216
321 359
11 72 659 773 276 137 263 
72 659
276 137
276 263
11 773
659 137
11 72
94 205 268 
94 268
94 205
489 765 273 428 120 
489 765
489 120
489 428
765 273
402 
496 552 463 544 791 510 657 470 
463 544
496 552
552 544
463 510
496 470
544 791
657 470
391 
709 757 620 129 222 593 271 479 332 29 530 349 405 413 150 
709 757
620 709
129 757
222 709
593 620
271 709
479 222
332 709
29 332
530 271
349 271
405 271
413 332
150 271
43 772 115 136 742 604 799 550 236 624 254 404 31 665 155 335 253 612 
43 772
115 772
136 43
742 772
604 742
799 43
550 799
236 115
624 604
254 136
404 254
31 43
665 31
155 624
335 155
253 254
612 254
188 235 
188 235
3 533 786 77 364 320 474 758 
77 364
3 533
320 758
786 364
3 786
533 474
474 758
441 559 274 385 
559 274
441 385
441 274
382 430 721 190 466 
382 430
721 190
721 466
430 721
363 
68 686 746 586 145 455 525 570 
686 586
68 746
686 746
586 455
686 525
68 570
586 145
154 693 713 703 719 86 203 346 616 399 198 
693 713
616 399
154 713
713 346
86 616
713 703
154 719
703 203
346 198
719 86
278 
17 598 300 697 630 194 760 55 661 464 
760 55
300 464
630 464
598 194
598 300
17 697
17 598
697 661
630 760
113 518 122 462 637 99 182 
113 518
113 122
462 99
113 99
637 182
637 99
339 790 
339 790
331 748 609 365 18 282 356 275 424 433 240 527 98 457 257 591 634 
331 748
609 748
365 748
18 609
282 331
356 365
275 282
424 331
433 282
240 433
527 331
98 356
457 424
257 356
591 365
634 257
5 393 119 40 343 417 195 754 583 179 
5 393
5 417
119 417
119 343
417 179
40 754
393 40
5 195
583 179
587 696 352 
587 696
587 352
322 517 312 289 410 660 409 784 707 
312 660
322 289
322 517
517 410
660 409
312 410
409 784
409 707
267 601 366 284 689 380 347 793 691 631 751 585 725 602 431 34 789 414 419 672 13 176 234 633 669 
267 601
366 601
284 267
689 601
380 267
347 366
793 366
691 347
631 380
751 347
585 793
725 631
602 284
431 725
34 751
789 431
414 602
419 793
672 419
13 585
176 585
234 789
633 725
669 633
237 
213 
105 168 408 745 572 197 484 117 336 636 62 729 160 326 798 680 
105 168
408 168
745 105
572 408
197 745
484 572
117 197
336 117
636 572
62 197
729 484
160 572
326 572
798 62
680 326
65 613 362 324 25 476 796 238 522 736 519 73 246 536 712 294 102 
65 613
362 65
324 362
25 362
476 613
796 362
238 25
522 25
736 324
519 736
73 25
246 519
536 73
712 796
294 73
102 736
80 208 21 580 373 231 192 
21 231
80 208
21 373
80 21
80 580
208 192
243 279 290 565 152 
243 565
279 290
243 290
565 152
23 259 186 210 390 110 767 201 206 537 248 788 255 76 516 425 
23 259
186 259
210 259
390 23
110 23
767 110
201 23
206 210
537 390
248 186
788 110
255 537
76 767
516 537
425 767
244 344 573 652 662 386 718 22 608 
244 718
244 344
662 22
344 573
652 386
573 662
344 652
22 608
305 561 
305 561
12 675 683 70 398 471 
12 70
12 675
398 471
675 398
675 683
212 
54 442 130 700 8 187 762 286 
442 130
442 700
54 130
700 187
8 762
54 8
442 286
103 642 249 769 621 540 545 301 89 159 
769 621
103 642
103 249
769 159
642 769
545 301
103 545
621 89
249 540
57 181 153 532 715 
153 532
57 181
181 715
181 532
567 756 20 449 443 759 361 369 614 717 704 337 172 108 
567 756
20 567
449 756
443 449
759 443
361 449
369 361
614 443
717 361
704 443
337 361
172 704
108 337
207 
88 288 229 625 75 505 239 298 318 
88 75
288 229
229 625
288 505
288 75
625 318
229 298
505 239
333 429 708 664 85 51 740 53 667 768 327 407 663 
333 429
708 333
664 708
85 333
51 664
740 429
53 51
667 664
768 667
327 740
407 768
663 768
541 577 
541 577
162 
727 737 58 650 648 351 682 1 615 
737 650
351 682
351 615
58 648
648 682
727 650
727 1
58 650
141 189 358 277 574 554 656 750 
189 358
141 277
358 277
277 554
141 656
189 574
574 750
483 494 415 
483 494
483 415
283 629 705 242 610 473 619 658 
705 619
283 629
705 473
619 658
283 658
242 610
242 473
375 738 30 555 395 221 226 668 421 146 432 143 367 795 377 
375 738
30 375
555 738
395 375
221 395
226 30
668 221
421 395
146 375
432 221
143 432
367 421
795 367
377 555
376 534 121 
376 121
534 121
