? 12 546 741 770 330 560 84 124 260 487 641 266 47 
? 11 109 503 414 602 422 338 292 789 234 49 219 
? 11 431 725 631 380 633 674 284 669 267 628 601 
? 11 199 379 310 788 201 110 563 23 767 255 425 
? 10 374 401 313 779 548 491 539 763 297 775 
? 10 80 231 373 208 21 580 223 142 308 317 
? 10 564 677 232 67 645 198 341 480 454 781 
? 10 469 744 524 165 622 448 178 90 542 293 
? 9 77 658 619 533 3 583 179 343 705 
? 9 485 666 42 600 114 477 698 311 134 
? 9 44 228 514 695 787 513 50 166 511 
? 9 74 481 467 510 706 728 99 552 496 
? 9 245 750 644 574 656 141 474 147 758 
? 9 120 213 277 554 428 358 189 701 130 
? 8 14 515 528 611 643 752 56 438 
? 8 240 433 282 250 437 354 41 777 
? 8 83 230 418 590 400 411 139 427 
? 8 145 586 26 68 686 272 264 144 
? 8 407 768 749 690 740 667 663 458 
? 8 58 737 727 650 351 648 682 1 
? 8 207 378 19 158 486 384 185 435 
? 8 455 615 746 248 570 562 671 48 
? 7 276 659 773 104 72 11 73 
? 7 225 323 169 193 472 557 123 
? 7 571 652 718 490 244 344 386 
? 7 70 398 675 468 471 12 778 
? 7 302 509 216 732 316 175 589 
? 6 180 459 450 171 577 731 
? 6 419 672 793 366 176 5 
? 6 20 567 756 449 759 443 
? 6 392 688 755 635 214 626 
? 6 34 751 691 347 689 238 
? 6 367 795 647 146 555 177 
? 6 305 561 587 696 352 606 
? 5 161 423 543 390 133 
? 5 327 342 618 429 333 
? 5 119 195 393 417 754 
? 5 319 599 363 377 149 
? 5 412 529 78 766 649 
? 5 620 709 757 129 222 
? 5 106 111 504 501 608 
? 5 283 629 242 585 610 
? 5 294 536 37 547 420 
? 5 456 616 710 482 724 
? 5 51 53 708 664 85 
? 4 2 653 360 388 
? 4 46 381 270 91 
? 4 345 623 183 191 
? 4 61 592 252 761 
? 4 25 362 796 209 
? 4 268 295 734 94 
? 4 243 279 290 565 
? 3 369 717 361 
? 3 6 493 439 
? 3 247 655 215 
? 3 52 126 16 
? 3 202 389 101 
? 3 394 794 79 
? 3 60 220 24 
? 3 349 405 271 
? 3 544 791 463 
? 3 192 716 453 
? 3 108 337 28 
? 3 444 531 285 
? 3 71 258 617 
? 3 92 321 359 
? 3 96 112 241 
? 3 152 172 704 
? 3 7 575 0 
? 3 27 798 218 
? 3 210 259 76 
? 3 13 237 286 
!
51 53 708 664 85 
51 53
51 664
51 708
708 85
455 615 746 248 570 562 671 48 
570 562
455 615
746 562
615 248
248 671
615 746
570 48
13 237 286 
13 237
237 286
702 
296 596 
296 596
22 576 
22 576
546 741 770 330 560 84 124 260 487 641 266 47 
546 741
487 266
770 124
546 770
330 84
641 266
124 641
741 560
330 641
741 260
487 47
274 559 273 339 441 776 790 762 385 765 291 446 63 489 558 87 187 8 54 700 
274 559
273 274
339 559
441 273
776 441
790 339
762 790
385 441
765 762
291 790
446 776
63 446
489 765
558 790
87 441
187 291
8 187
54 187
700 54
300 598 17 194 55 760 630 697 711 661 464 683 116 595 566 
300 598
17 300
194 300
55 194
760 194
630 17
697 630
711 598
661 697
464 697
683 464
116 711
595 760
566 595
210 259 76 
210 259
259 76
305 561 587 696 352 606 
305 561
587 696
587 352
561 696
587 606
684 
128 287 497 125 334 739 465 594 263 502 556 81 387 638 137 
128 287
497 128
125 287
334 497
739 334
465 739
594 287
263 594
502 125
556 465
81 125
387 502
638 387
137 594
415 535 
415 535
456 616 710 482 724 
456 616
616 710
456 482
710 724
150 530 
150 530
367 795 647 146 555 177 
367 795
146 555
367 647
795 146
367 177
614 
607 
588 
294 536 37 547 420 
294 37
536 547
294 420
536 37
541 
283 629 242 585 610 
283 629
242 585
242 610
283 585
243 279 290 565 
243 565
279 290
243 290
199 379 310 788 201 110 563 23 767 255 425 
110 767
788 23
199 379
767 425
310 201
788 201
110 23
201 563
199 201
563 255
120 213 277 554 428 358 189 701 130 
213 428
358 189
428 701
277 358
120 130
277 554
120 277
213 554
500 
268 295 734 94 
268 94
295 94
295 734
302 509 216 732 316 175 589 
175 589
509 316
216 175
216 732
509 216
302 509
488 
578 726 
578 726
106 111 504 501 608 
111 608
106 111
106 501
504 608
39 280 
39 280
27 798 218 
27 798
798 218
7 575 0 
7 575
7 0
25 362 796 209 
25 362
25 796
25 209
40 780 
40 780
152 172 704 
172 704
152 172
61 592 252 761 
61 761
61 592
592 252
207 378 19 158 486 384 185 435 
207 384
378 158
19 435
384 435
158 185
378 435
158 486
34 751 691 347 689 238 
34 751
34 347
691 347
751 238
347 689
534 676 
534 676
96 112 241 
96 112
96 241
92 321 359 
92 321
321 359
550 799 136 254 43 772 404 612 155 624 115 253 236 335 604 256 742 665 31 
550 799
136 550
254 136
43 136
772 43
404 254
612 254
155 799
624 772
115 772
253 612
236 115
335 155
604 624
256 155
742 115
665 604
31 665
479 
251 753 348 605 460 156 182 632 523 654 764 426 121 
251 753
348 251
605 348
460 753
156 348
182 605
632 156
523 460
654 523
764 523
426 460
121 632
71 258 617 
71 617
71 258
159 540 
159 540
620 709 757 129 222 
620 129
709 757
757 222
620 709
239 318 505 229 298 288 88 625 639 75 526 506 372 694 681 492 262 687 376 
239 318
505 318
229 239
298 229
288 298
88 288
625 298
639 505
75 625
526 639
506 526
372 75
694 318
681 694
492 506
262 492
687 681
376 687
392 688 755 635 214 626 
214 626
392 688
392 755
688 626
392 635
444 531 285 
531 285
444 531
345 623 183 191 
345 623
623 191
623 183
469 744 524 165 622 448 178 90 542 293 
469 744
524 448
524 178
744 165
622 293
165 90
165 178
469 293
622 542
46 381 270 91 
381 270
46 91
46 381
693 719 154 475 713 86 346 703 582 670 399 203 355 
693 719
154 719
475 693
713 154
86 475
346 154
703 346
582 86
670 719
399 86
203 713
355 670
462 
66 466 569 507 59 4 190 36 792 774 512 64 151 721 131 621 430 714 722 545 89 769 132 642 103 95 382 743 494 38 140 
66 466
569 66
507 569
59 507
4 569
190 507
36 466
792 59
774 36
512 774
64 4
151 774
721 190
131 151
621 512
430 36
714 4
722 64
545 714
89 621
769 621
132 722
642 769
103 642
95 89
382 430
743 714
494 743
38 95
140 132
108 337 28 
108 337
108 28
431 725 631 380 633 674 284 669 267 628 601 
431 725
267 601
431 631
633 669
284 267
380 267
431 628
674 628
725 633
431 380
20 567 756 449 759 443 
567 449
567 756
449 759
20 567
759 443
192 716 453 
716 453
192 716
544 791 463 
544 463
544 791
245 750 644 574 656 141 474 147 758 
750 474
245 750
245 574
644 474
656 141
656 147
147 758
574 656
445 
349 405 271 
349 405
405 271
60 220 24 
60 220
220 24
394 794 79 
394 794
794 79
412 529 78 766 649 
412 78
529 649
412 529
412 766
221 668 432 395 143 375 226 107 421 30 738 164 553 447 170 723 
221 668
432 668
395 221
143 432
375 395
226 375
107 432
421 395
30 375
738 375
164 143
553 164
447 553
170 421
723 553
442 
301 483 
301 483
70 398 675 468 471 12 778 
70 12
675 12
398 471
398 675
468 471
70 778
419 672 793 366 176 5 
419 672
419 793
793 176
672 5
672 366
436 
202 389 101 
389 101
202 389
571 652 718 490 244 344 386 
718 244
490 244
571 490
490 344
652 386
571 652
52 126 16 
52 16
126 16
319 599 363 377 149 
319 599
319 377
363 377
599 149
328 
58 737 727 650 351 648 682 1 
737 650
351 682
58 648
648 682
727 650
727 1
58 650
325 
181 532 715 406 153 57 224 579 340 461 383 397 735 370 521 
181 532
715 181
406 181
153 532
57 153
224 715
579 224
340 406
461 340
383 461
397 715
735 340
370 397
521 224
33 196 640 304 314 679 306 211 498 584 413 673 332 167 797 100 733 593 
33 196
640 196
304 640
314 196
679 33
306 304
211 306
498 679
584 211
413 498
673 306
332 314
167 673
797 167
100 584
733 167
593 332
573 662 
573 662
407 768 749 690 740 667 663 458 
407 768
768 740
749 663
690 458
407 667
749 740
690 667
2 653 360 388 
360 388
2 653
2 388
119 195 393 417 754 
119 417
119 393
195 393
393 754
278 
145 586 26 68 686 272 264 144 
26 264
586 686
272 264
264 144
68 686
686 272
145 26
109 503 414 602 422 338 292 789 234 49 219 
234 219
503 338
414 602
109 503
789 219
414 422
422 338
422 789
234 49
109 292
249 
564 677 232 67 645 198 341 480 454 781 
645 341
645 781
564 677
564 67
564 232
677 198
454 781
67 341
232 480
225 323 169 193 472 557 123 
323 472
225 472
225 557
193 123
225 169
323 123
499 730 
499 730
15 597 551 416 227 148 315 212 538 188 747 402 235 549 217 568 9 
15 597
551 15
416 597
227 597
148 416
315 227
212 227
538 315
188 551
747 188
402 148
235 188
549 538
217 747
568 235
9 217
80 231 373 208 21 580 223 142 308 317 
231 21
80 208
580 142
373 21
80 21
208 142
373 308
580 223
223 317
247 655 215 
247 655
247 215
74 481 467 510 706 728 99 552 496 
74 481
467 728
552 496
706 552
74 510
481 467
728 99
510 706
408 527 105 168 572 636 745 326 680 484 424 729 275 197 265 160 336 117 457 331 184 609 18 62 748 
408 527
105 527
168 105
572 408
636 572
745 168
326 636
680 326
484 572
424 105
729 484
275 680
197 745
265 680
160 484
336 729
117 336
457 424
331 275
184 265
609 331
18 331
62 197
748 18
233 
205 
246 519 591 102 98 736 356 508 365 324 65 522 634 476 613 257 
246 519
591 246
102 519
98 591
736 519
356 98
508 98
365 356
324 736
65 324
522 324
634 356
476 65
613 65
257 634
396 678 720 440 281 516 10 520 525 299 163 627 261 206 537 174 186 
396 678
720 396
440 396
281 440
516 678
10 720
520 440
525 10
299 520
163 520
627 10
261 516
206 261
537 516
174 627
186 206
276 659 773 104 72 11 73 
659 72
773 104
276 73
104 11
72 11
276 72
327 342 618 429 333 
327 342
342 618
429 333
327 429
368 434 357 783 782 685 495 135 603 269 651 403 785 371 35 329 
368 434
357 368
783 357
782 434
685 782
495 783
135 782
603 685
269 782
651 685
403 269
785 403
371 685
35 785
329 603
44 228 514 695 787 513 50 166 511 
695 511
228 514
695 787
787 166
44 514
228 787
228 513
50 166
364 786 
364 786
180 459 450 171 577 731 
459 577
180 450
459 450
171 731
180 731
162 
83 230 418 590 400 411 139 427 
418 427
139 427
83 590
83 411
83 230
590 400
400 139
374 401 313 779 548 491 539 763 297 775 
374 401
779 775
313 548
313 775
374 313
548 539
401 297
763 297
491 297
161 423 543 390 133 
161 423
543 390
423 390
543 133
307 309 350 353 581 93 771 173 646 82 451 157 32 127 
307 309
350 309
353 309
581 353
93 353
771 93
173 350
646 581
82 173
451 350
157 646
32 771
127 157
69 
485 666 42 600 114 477 698 311 134 
698 134
42 698
485 114
42 477
600 114
666 42
485 666
600 311
452 692 118 303 391 97 699 45 138 204 478 200 712 
452 692
118 452
303 118
391 692
97 303
699 118
45 391
138 699
204 699
478 204
200 45
712 97
320 473 
320 473
29 
77 658 619 533 3 583 179 343 705 
619 705
658 179
619 583
619 3
533 3
658 583
179 343
77 343
240 433 282 250 437 354 41 777 
433 282
250 354
437 354
240 433
354 41
282 250
240 777
6 493 439 
6 493
493 439
14 515 528 611 643 752 56 438 
611 752
14 515
14 56
752 56
611 438
515 528
528 643
312 660 517 410 409 322 289 784 707 518 113 122 470 657 637 
312 660
517 660
410 517
409 312
322 517
289 410
784 312
707 409
518 784
113 518
122 113
470 784
657 470
637 470
369 717 361 
369 361
369 717
