? 12 61 492 592 761 252 262 506 75 625 298 526 372 
? 11 133 383 461 340 735 543 406 215 224 161 181 
? 11 288 505 88 239 639 229 318 376 694 676 534 
? 11 90 165 744 469 571 490 448 386 588 652 92 
? 10 64 722 4 132 569 140 714 66 792 466 
? 10 351 682 615 648 58 174 737 727 402 455 
? 10 345 623 183 191 444 52 24 16 531 79 
? 10 299 520 423 396 163 440 281 720 746 525 
? 9 113 518 122 784 637 462 409 312 470 
? 9 147 286 656 758 644 442 130 320 8 
? 9 109 503 338 292 234 389 49 219 303 
? 9 117 336 197 27 729 60 220 484 62 
? 9 154 713 693 703 346 719 203 86 557 
? 9 374 401 313 779 548 556 297 539 491 
? 8 68 686 586 272 570 10 145 627 
? 8 108 337 28 71 258 617 328 577 
? 8 473 705 3 474 533 629 658 242 
? 8 148 416 551 15 597 227 212 315 
? 8 182 605 156 348 753 251 657 523 
? 8 277 554 358 189 213 120 428 141 
? 8 80 208 21 192 373 580 231 142 
? 8 9 217 46 188 499 270 381 747 
? 7 327 618 663 651 740 371 493 
? 7 452 692 699 97 138 204 118 
? 7 360 388 69 150 530 222 620 
? 7 149 319 377 599 260 363 241 
? 7 496 552 544 463 791 706 510 
? 6 30 375 555 278 19 207 
? 6 274 559 339 441 273 776 
? 6 521 655 247 562 579 715 
? 6 564 677 232 67 645 198 
? 6 38 47 124 95 266 487 
? 6 546 770 560 741 330 641 
? 6 410 517 322 289 707 660 
? 5 54 187 700 701 489 
? 5 245 574 750 610 237 
? 5 467 728 481 74 99 
? 5 399 616 456 710 169 
? 5 302 509 589 732 175 
? 5 415 743 256 426 535 
? 5 244 344 573 662 22 
? 5 57 153 532 397 290 
? 5 125 638 126 287 128 
? 5 382 430 36 721 131 
? 5 293 702 453 622 549 
? 4 101 341 781 454 
? 4 72 104 773 137 
? 4 403 785 35 445 
? 4 643 730 480 91 
? 4 364 786 780 500 
? 4 129 757 479 135 
? 4 6 439 596 578 
? 3 243 279 450 
? 3 45 200 576 
? 3 190 507 59 
? 3 184 778 468 
? 3 12 70 398 
? 3 654 764 734 
? 3 94 295 268 
? 3 7 575 0 
? 3 225 323 472 
? 3 160 572 326 
? 3 209 394 794 
? 3 437 777 41 
? 3 628 674 202 
? 3 1 650 205 
? 3 558 790 762 
? 3 199 379 563 
? 3 178 716 162 
? 3 50 123 731 
? 3 420 478 37 
? 3 263 594 81 
!
293 702 453 622 549 
293 702
293 622
622 549
702 453
9 217 46 188 499 270 381 747 
9 381
381 747
217 747
9 188
270 381
46 747
46 499
263 594 81 
263 594
263 81
798 
216 316 
216 316
391 684 
391 684
61 492 592 761 252 262 506 75 625 298 526 372 
492 506
592 298
262 526
506 625
252 298
61 761
252 372
492 526
61 592
61 492
75 625
167 733 797 673 306 100 584 368 211 304 640 357 434 783 603 685 196 782 495 33 
167 733
797 733
673 167
306 167
100 167
584 100
368 733
211 673
304 306
640 304
357 368
434 368
783 357
603 100
685 100
196 640
782 434
495 783
33 640
51 53 708 352 664 606 696 2 587 561 653 78 305 766 529 
51 53
708 51
352 53
664 708
606 53
696 352
2 53
587 696
561 352
653 2
78 587
305 587
766 653
529 587
420 478 37 
420 478
420 37
410 517 322 289 707 660 
322 289
517 322
410 517
410 707
410 660
775 
65 613 362 25 324 796 522 238 73 536 276 712 659 547 294 
65 613
362 65
25 362
324 25
796 362
522 25
238 25
73 362
536 73
276 324
712 796
659 276
547 73
294 547
218 726 
218 726
382 430 36 721 131 
382 430
430 36
36 721
36 131
253 671 
253 671
546 770 560 741 330 641 
546 741
546 770
560 741
330 641
770 641
724 
718 
675 
125 638 126 287 128 
125 128
638 126
125 126
287 128
608 
57 153 532 397 290 
153 397
153 532
397 290
57 532
6 439 596 578 
6 578
6 596
439 596
90 165 744 469 571 490 448 386 588 652 92 
744 469
386 588
90 652
588 92
571 490
165 744
90 165
652 92
90 571
165 448
374 401 313 779 548 556 297 539 491 
374 401
313 548
313 779
556 539
374 313
548 539
401 297
297 491
524 
129 757 479 135 
129 757
757 479
129 135
496 552 544 463 791 706 510 
544 463
496 552
552 706
552 544
463 510
544 791
513 
291 765 
291 765
244 344 573 662 22 
244 344
662 22
344 573
573 662
233 501 
233 501
50 123 731 
50 123
123 731
178 716 162 
178 162
716 162
364 786 780 500 
364 780
364 786
780 500
385 607 
385 607
199 379 563 
199 379
199 563
643 730 480 91 
730 480
643 480
643 91
80 208 21 192 373 580 231 142 
21 231
80 208
580 142
21 373
80 21
208 142
208 192
38 47 124 95 266 487 
266 487
38 47
95 487
47 95
124 95
681 687 
681 687
558 790 762 
790 762
558 762
1 650 205 
1 650
1 205
23 259 186 210 110 390 788 255 767 537 76 206 248 201 425 261 516 678 310 
23 259
186 259
210 259
110 23
390 186
788 23
255 390
767 110
537 390
76 767
206 186
248 206
201 788
425 767
261 248
516 248
678 261
310 788
508 
139 488 427 418 83 649 230 400 590 412 411 84 39 
139 488
427 488
418 139
83 418
649 488
230 83
400 230
590 400
412 427
411 590
84 411
39 411
628 674 202 
628 674
628 202
155 317 
155 317
415 743 256 426 535 
415 743
415 256
426 535
256 535
307 309 350 771 353 581 93 646 82 173 157 32 451 180 171 127 370 459 193 
307 309
350 309
771 309
353 307
581 353
93 771
646 581
82 307
173 82
157 646
32 771
451 350
180 451
171 180
127 157
370 157
459 180
193 171
564 677 232 67 645 198 
564 677
564 67
564 232
677 198
67 645
437 777 41 
437 41
437 777
403 785 35 445 
403 785
785 445
35 445
299 520 423 396 163 440 281 720 746 525 
423 163
396 525
396 440
440 281
720 525
520 423
299 720
520 720
746 525
72 104 773 137 
104 773
72 137
72 104
5 393 119 40 417 195 343 754 583 283 77 179 619 
5 393
119 393
40 5
417 119
195 119
343 417
754 119
583 343
283 583
77 343
179 583
619 179
497 
331 748 365 609 18 356 282 102 433 257 98 240 275 424 246 168 408 634 105 457 519 680 591 736 527 250 265 636 745 11 354 
331 748
365 748
609 748
18 748
356 365
282 365
102 356
433 282
257 356
98 356
240 433
275 282
424 609
246 98
168 424
408 168
634 257
105 168
457 105
519 102
680 275
591 356
736 102
527 168
250 433
265 680
636 408
745 105
11 457
354 250
209 394 794 
394 794
209 394
288 505 88 239 639 229 318 376 694 676 534 
288 229
288 505
288 88
239 639
376 534
505 639
639 318
239 694
376 676
88 376
521 655 247 562 579 715 
521 579
521 655
247 579
655 562
247 715
160 572 326 
160 572
572 326
225 323 472 
323 472
225 472
154 713 693 703 346 719 203 86 557 
713 693
154 713
703 557
713 346
713 703
203 557
154 719
719 86
460 
7 575 0 
7 575
7 0
94 295 268 
94 268
94 295
654 764 734 
654 764
654 734
302 509 589 732 175 
589 175
509 732
302 509
509 175
300 598 17 194 760 661 55 630 697 711 464 683 471 116 566 595 
300 598
17 300
194 598
760 17
661 17
55 760
630 17
697 661
711 55
464 697
683 630
471 760
116 55
566 760
595 471
435 
538 542 
538 542
149 319 377 599 260 363 241 
599 241
319 260
319 241
319 377
377 363
149 599
274 559 339 441 273 776 
274 273
559 273
441 776
274 776
339 273
308 
12 70 398 
12 70
70 398
360 388 69 150 530 222 620 
360 388
388 150
388 69
530 222
360 530
222 620
184 778 468 
184 778
184 468
399 616 456 710 169 
616 456
399 616
616 710
399 169
296 
277 554 358 189 213 120 428 141 
213 428
358 189
120 141
277 141
277 358
277 554
554 213
280 
458 795 690 367 768 647 407 749 421 667 738 395 146 170 177 
458 795
690 795
367 458
768 690
647 367
407 768
749 690
421 367
667 407
738 421
395 421
146 738
170 421
177 667
611 752 438 48 144 56 264 325 482 26 14 515 528 355 582 670 475 568 
611 752
438 752
48 438
144 48
56 611
264 48
325 48
482 438
26 48
14 611
515 14
528 515
355 515
582 56
670 355
475 582
568 26
121 632 
121 632
182 605 156 348 753 251 657 523 
182 657
182 156
605 156
605 251
605 348
348 753
251 523
101 341 781 454 
101 781
341 781
101 454
467 728 481 74 99 
481 74
467 728
467 481
728 99
269 
148 416 551 15 597 227 212 315 
551 15
551 227
597 227
148 416
597 212
416 551
227 315
133 383 461 340 735 543 406 215 224 161 181 
133 735
383 406
340 181
133 383
340 406
133 215
383 461
406 224
735 543
461 161
235 
345 623 183 191 444 52 24 16 531 79 
16 531
345 623
191 79
623 191
191 24
52 531
183 444
623 183
183 52
452 692 699 97 138 204 118 
692 138
452 97
204 118
699 138
452 692
699 204
96 112 
96 112
228 514 44 698 114 311 134 695 600 446 63 666 477 787 485 511 87 
228 514
44 228
698 228
114 228
311 698
134 698
695 114
600 114
446 44
63 446
666 114
477 134
787 695
485 666
511 787
87 514
351 682 615 648 58 174 737 727 402 455 
351 682
402 455
351 615
648 58
682 648
351 455
737 727
58 727
648 174
190 507 59 
507 59
190 59
117 336 197 27 729 60 220 484 62 
60 220
117 197
729 484
197 27
336 484
336 197
117 60
27 62
267 601 689 793 284 347 380 366 585 631 691 725 431 751 414 602 419 789 34 672 422 13 476 669 633 
267 601
689 601
793 601
284 267
347 601
380 267
366 347
585 793
631 380
691 347
725 631
431 725
751 691
414 431
602 414
419 793
789 431
34 347
672 419
422 789
13 585
476 34
669 13
633 725
223 
176 
43 772 115 624 136 404 604 799 31 236 254 742 550 665 335 612 
43 772
115 772
624 772
136 772
404 43
604 624
799 136
31 604
236 115
254 404
742 115
550 799
665 604
335 31
612 254
164 553 723 447 432 143 486 221 111 185 107 226 106 668 436 158 504 
164 553
723 553
447 723
432 553
143 553
486 164
221 432
111 723
185 486
107 432
226 221
106 111
668 226
436 107
158 486
504 111
327 618 663 651 740 371 493 
618 663
327 663
327 740
651 371
618 371
371 493
245 574 750 610 237 
245 750
245 574
610 237
245 237
498 679 413 314 332 429 333 349 593 405 29 329 342 271 709 85 
498 679
413 498
314 679
332 498
429 498
333 429
349 413
593 332
405 349
29 593
329 498
342 329
271 349
709 593
85 405
109 503 338 292 234 389 49 219 303 
234 219
503 338
109 503
234 49
109 292
338 49
292 389
503 303
378 384 
378 384
30 375 555 278 19 207 
30 555
30 375
278 19
375 278
19 207
166 
473 705 3 474 533 629 658 242 
3 533
705 3
473 705
3 658
473 474
629 658
473 242
64 722 4 132 569 140 714 66 792 466 
64 4
722 4
132 140
722 714
569 66
140 714
64 569
66 466
792 466
54 187 700 701 489 
187 700
54 700
701 489
187 489
103 642 249 769 621 545 540 301 89 159 512 774 494 483 
103 642
249 642
769 642
621 642
545 642
540 103
301 545
89 769
159 540
512 621
774 512
494 301
483 494
151 
147 286 656 758 644 442 130 320 8 
147 286
442 130
656 442
758 320
130 8
286 656
147 758
758 644
392 688 755 334 214 739 635 502 465 626 285 763 387 
392 688
755 392
334 392
214 688
739 392
635 392
502 688
465 739
626 214
285 688
763 465
387 502
321 359 
321 359
42 
113 518 122 784 637 462 409 312 470 
113 518
518 784
113 122
784 470
637 470
784 409
409 312
462 470
108 337 28 71 258 617 328 577 
108 337
71 617
108 28
71 258
28 258
258 328
617 577
45 200 576 
45 576
45 200
68 686 586 272 570 10 145 627 
686 586
586 627
686 10
68 10
68 570
272 570
586 145
443 614 759 449 704 20 567 756 717 369 172 361 152 565 541 
443 614
759 443
449 759
704 614
20 449
567 20
756 20
717 704
369 717
172 443
361 717
152 172
565 152
541 704
243 279 450 
243 279
279 450
