? 12 469 744 165 524 448 293 90 622 542 178 702 716 
? 11 473 705 320 533 3 474 619 77 242 147 758 
? 11 54 442 130 8 656 701 187 286 700 489 762 
? 11 80 208 373 21 580 231 142 192 223 301 249 
? 10 661 697 17 683 630 464 398 760 471 300 
? 10 490 571 344 718 244 652 386 573 162 92 
? 10 709 757 129 479 593 620 222 271 29 530 
? 10 148 416 15 551 597 212 227 402 235 188 
? 9 61 592 492 761 262 506 205 199 379 
? 9 103 642 769 621 159 545 540 89 512 
? 9 345 623 52 183 191 444 79 218 16 
? 9 374 401 313 779 548 539 297 556 775 
? 9 64 722 132 4 140 569 714 743 792 
? 9 133 383 735 461 161 543 563 215 340 
? 8 68 686 455 746 145 272 586 570 
? 8 546 770 560 487 741 84 124 260 
? 8 299 520 423 678 281 440 720 163 
? 8 449 756 567 20 759 361 443 369 
? 8 113 518 122 784 637 470 312 409 
? 8 154 693 713 719 86 703 346 399 
? 8 182 348 156 605 251 753 460 632 
? 8 403 785 445 35 269 0 439 578 
? 7 496 552 544 463 657 791 681 
? 7 11 773 104 72 659 276 137 
? 7 138 699 478 204 118 420 200 
? 7 360 388 69 2 150 653 766 
? 7 141 189 358 277 554 213 574 
? 6 319 599 149 377 363 278 
? 6 477 698 134 513 311 63 
? 6 564 677 232 67 645 198 
? 6 364 786 116 711 194 644 
? 6 509 732 302 589 316 359 
? 6 454 730 643 499 101 480 
? 6 322 517 289 410 660 707 
? 5 74 481 467 510 728 
? 5 60 220 24 798 394 
? 5 203 323 225 557 616 
? 5 382 430 36 641 721 
? 5 99 462 706 687 694 
? 5 274 559 776 339 441 
? 5 662 684 45 576 692 
? 5 125 128 638 81 497 
? 5 245 750 120 237 291 
? 5 354 437 250 777 41 
? 5 617 731 123 472 50 
? 4 46 270 9 217 
? 4 190 507 59 66 
? 4 12 675 70 468 
? 4 181 406 532 57 
? 4 483 494 415 308 
? 4 268 654 734 295 
? 4 7 575 726 493 
? 3 6 596 233 
? 3 47 266 95 
? 3 256 535 253 
? 3 263 594 287 
? 3 131 151 774 
? 3 184 778 265 
? 3 221 668 30 
? 3 39 280 330 
? 3 352 696 561 
? 3 342 618 314 
? 3 121 534 523 
? 3 87 607 385 
? 3 143 226 486 
? 3 158 378 19 
? 3 446 765 273 
? 3 341 781 175 
? 3 538 549 747 
? 3 241 384 112 
? 3 55 598 566 
? 3 91 381 321 
!
617 731 123 472 50 
123 50
731 123
472 50
617 731
403 785 445 35 269 0 439 578 
403 785
403 269
785 445
785 439
0 578
445 35
445 578
91 381 321 
91 321
91 381
614 
96 435 
96 435
426 764 
426 764
469 744 165 524 448 293 90 622 542 178 702 716 
469 744
524 448
293 702
524 178
744 165
293 622
165 90
165 178
448 716
469 293
622 542
267 601 284 793 366 380 347 689 631 691 431 602 725 789 34 751 585 414 419 13 
267 601
284 267
793 601
366 601
380 601
347 366
689 347
631 267
691 347
431 380
602 689
725 431
789 431
34 347
751 347
585 793
414 602
419 793
13 585
139 488 427 418 230 649 83 400 412 78 590 529 305 587 411 
139 488
427 139
418 139
230 139
649 427
83 418
400 230
412 649
78 649
590 400
529 412
305 78
587 305
411 590
55 598 566 
55 598
55 566
322 517 289 410 660 707 
322 289
322 517
517 410
410 707
410 660
610 
88 288 505 625 229 239 75 298 318 372 376 639 676 252 526 
88 288
505 288
625 88
229 505
239 288
75 288
298 229
318 88
372 625
376 88
639 505
676 376
252 625
526 639
185 207 
185 207
354 437 250 777 41 
354 250
354 437
354 41
437 777
500 595 
500 595
454 730 643 499 101 480 
454 730
643 499
454 101
730 480
499 480
606 
588 
568 
245 750 120 237 291 
245 750
120 291
245 120
245 237
562 
125 128 638 81 497 
125 128
125 638
638 81
128 497
7 575 726 493 
7 575
7 726
726 493
80 208 373 21 580 231 142 192 223 301 249 
21 231
80 208
580 142
373 21
80 21
208 142
231 301
301 249
580 223
208 192
133 383 735 461 161 543 563 215 340 
133 735
543 563
133 383
383 340
133 215
383 461
735 543
461 161
541 
268 654 734 295 
654 734
734 295
268 734
141 189 358 277 554 213 574 
189 358
141 277
358 277
277 554
189 574
554 213
531 
202 216 
202 216
662 684 45 576 692 
684 45
662 45
662 576
45 692
155 317 
155 317
241 384 112 
384 112
241 384
538 549 747 
538 549
538 747
483 494 415 308 
483 494
483 415
483 308
558 790 
558 790
341 781 175 
341 781
781 175
181 406 532 57 
181 57
181 406
181 532
182 348 156 605 251 753 460 632 
251 460
605 460
156 460
182 156
251 632
348 605
348 753
509 732 302 589 316 359 
509 316
732 359
589 359
509 732
509 302
247 579 
247 579
446 765 273 
446 765
446 273
158 378 19 
158 378
378 19
23 259 186 390 210 537 110 767 788 255 76 206 516 201 396 248 261 425 310 
23 259
186 23
390 23
210 186
537 259
110 23
767 110
788 23
255 537
76 767
206 186
516 537
201 788
396 206
248 206
261 248
425 767
310 788
525 
333 429 664 708 413 498 740 349 85 405 51 53 327 
333 429
664 333
708 664
413 333
498 413
740 429
349 413
85 349
405 349
51 664
53 51
327 740
143 226 486 
143 226
226 486
209 794 
209 794
274 559 776 339 441 
274 559
776 441
274 776
559 339
65 613 362 476 796 324 25 238 522 736 73 246 591 102 294 536 519 712 547 
65 613
362 65
476 65
796 362
324 362
25 362
238 613
522 25
736 324
73 25
246 736
591 246
102 736
294 73
536 294
519 102
712 796
547 73
364 786 116 711 194 644 
364 786
364 116
116 711
711 194
786 644
87 607 385 
87 385
607 385
12 675 70 468 
12 70
12 675
70 468
148 416 15 551 597 212 227 402 235 188 
15 551
551 227
597 227
148 416
597 212
416 551
235 188
148 402
15 188
190 507 59 66 
507 59
190 59
507 66
727 737 58 650 648 351 682 174 1 671 10 627 615 
727 737
58 727
650 737
648 727
351 648
682 351
174 351
1 650
671 1
10 174
627 648
615 682
508 
307 309 350 353 581 771 646 173 93 82 157 451 32 180 279 459 521 127 171 193 243 397 370 450 290 169 655 577 224 456 565 
307 309
350 309
353 309
581 307
771 309
646 581
173 350
93 771
82 173
157 646
451 350
32 771
180 173
279 157
459 180
521 32
127 646
171 180
193 451
243 279
397 157
370 157
450 180
290 127
169 193
655 521
577 450
224 521
456 169
565 243
121 534 523 
121 534
121 523
54 442 130 8 656 701 187 286 700 489 762 
442 130
442 700
54 130
187 700
8 762
54 8
656 700
701 489
187 489
656 286
564 677 232 67 645 198 
564 677
564 67
564 232
677 198
67 645
342 618 314 
342 618
342 314
352 696 561 
696 561
352 696
64 722 132 4 140 569 714 743 792 
64 4
722 4
132 140
722 714
140 714
132 743
64 569
64 792
466 
39 280 330 
39 330
39 280
221 668 30 
221 668
668 30
184 778 265 
184 778
184 265
99 462 706 687 694 
99 462
462 706
687 694
706 694
5 393 119 417 40 195 754 583 343 179 176 283 658 672 780 629 
5 393
119 393
417 119
40 5
195 119
754 119
583 417
343 417
179 583
176 5
283 179
658 179
672 5
780 40
629 283
453 
152 172 
152 172
360 388 69 2 150 653 766 
360 388
2 150
388 150
2 766
2 653
388 69
477 698 134 513 311 63 
698 134
477 698
477 513
134 63
134 311
428 
131 151 774 
131 774
131 151
138 699 478 204 118 420 200 
204 420
204 200
118 420
699 200
138 699
138 478
263 594 287 
263 594
263 287
382 430 36 641 721 
382 430
430 36
36 721
430 641
337 
154 693 713 719 86 703 346 399 
693 713
154 713
713 346
713 703
86 399
154 719
719 86
332 
109 503 422 292 338 234 49 219 303 97 628 389 391 674 452 
109 503
422 109
292 503
338 292
234 422
49 422
219 422
303 503
97 303
628 219
389 49
391 303
674 234
452 303
458 795 690 367 647 407 768 146 749 421 667 177 738 395 663 170 555 375 
458 795
690 795
367 690
647 367
407 690
768 407
146 458
749 407
421 795
667 768
177 667
738 421
395 421
663 407
170 421
555 738
375 738
704 717 
704 717
113 518 122 784 637 470 312 409 
113 518
518 784
113 122
784 470
637 470
784 409
312 409
46 270 9 217 
9 217
270 9
46 217
203 323 225 557 616 
203 225
225 557
203 323
225 616
315 
449 756 567 20 759 361 443 369 
449 567
361 369
756 567
759 369
449 759
567 20
759 443
473 705 320 533 3 474 619 77 242 147 758 
705 619
3 619
533 3
242 758
320 758
242 147
473 705
473 474
473 758
3 77
296 
709 757 129 479 593 620 222 271 29 530 
129 620
709 757
757 29
271 530
709 593
620 29
757 222
593 530
479 222
11 773 104 72 659 276 137 
72 659
773 104
276 137
11 104
659 137
11 72
153 715 
153 715
511 787 695 328 258 166 114 600 71 28 42 514 228 44 485 666 108 
511 787
695 787
328 511
258 511
166 787
114 695
600 695
71 258
28 258
42 600
514 114
228 514
44 228
485 42
666 485
108 28
490 571 344 718 244 652 386 573 162 92 
718 244
386 92
490 244
490 571
490 344
652 92
344 573
571 652
571 162
256 535 253 
535 253
256 253
374 401 313 779 548 539 297 556 775 
374 401
779 775
313 548
313 775
539 556
374 313
548 539
401 297
167 733 797 673 306 584 100 368 434 211 640 304 783 357 603 33 782 495 196 329 685 651 679 135 371 
167 733
797 167
673 733
306 733
584 306
100 584
368 733
434 733
211 584
640 306
304 640
783 434
357 783
603 100
33 304
782 434
495 783
196 33
329 603
685 782
651 685
679 33
135 782
371 685
160 
126 
43 772 136 115 604 742 254 624 236 799 550 404 665 31 335 612 
43 772
136 772
115 772
604 772
742 772
254 136
624 604
236 115
799 136
550 799
404 254
665 604
31 604
335 624
612 550
611 752 438 56 48 264 325 482 515 144 26 528 355 14 670 582 475 
611 752
438 611
56 611
48 438
264 48
325 48
482 611
515 611
144 438
26 264
528 515
355 528
14 355
670 355
582 482
475 582
496 552 544 463 657 791 681 
544 463
496 552
791 681
552 544
544 791
496 657
60 220 24 798 394 
60 220
798 394
24 394
220 24
331 748 365 609 18 282 356 275 424 433 98 240 257 408 634 527 
331 748
365 748
609 331
18 331
282 331
356 365
275 282
424 609
433 282
98 356
240 433
257 240
408 424
634 240
527 408
345 623 52 183 191 444 79 218 16 
345 623
191 79
623 191
52 16
183 444
623 183
52 183
444 218
633 669 
633 669
319 599 149 377 363 278 
319 599
319 377
377 363
599 149
377 278
94 
299 520 423 678 281 440 720 163 
678 440
423 163
281 440
520 423
299 720
678 720
520 678
661 697 17 683 630 464 398 760 471 300 
464 300
630 464
17 683
697 17
661 683
17 464
398 471
630 760
760 471
74 481 467 510 728 
74 481
467 728
74 510
481 467
106 111 447 504 501 553 723 22 491 436 164 432 608 107 
106 111
447 111
504 111
501 106
553 447
723 553
22 111
491 501
436 447
164 553
432 447
608 491
107 436
38 
103 642 769 621 159 545 540 89 512 
769 621
103 642
769 159
642 769
103 545
621 89
621 512
642 540
392 688 739 334 755 214 502 465 285 626 635 763 387 
392 688
739 392
334 688
755 688
214 392
502 334
465 739
285 688
626 214
635 755
763 465
387 502
710 724 
710 724
37 
61 592 492 761 262 506 205 199 379 
492 506
199 379
61 761
61 592
61 492
492 262
761 379
592 205
546 770 560 487 741 84 124 260 
546 741
770 124
546 770
560 741
560 84
487 124
741 260
47 266 95 
47 95
266 95
68 686 455 746 145 272 586 570 
686 586
68 746
686 746
455 586
746 272
68 570
145 586
105 168 745 197 457 336 572 729 117 62 484 636 326 680 27 
105 168
745 168
197 745
457 168
336 197
572 168
729 336
117 336
62 197
484 572
636 572
326 636
680 326
27 336
6 596 233 
6 596
596 233
