? 12 54 442 8 187 286 701 291 147 489 762 237 790 
? 11 154 693 475 713 719 346 703 203 86 399 456 
? 11 709 757 129 593 29 620 530 222 479 332 388 
? 11 490 571 652 90 244 718 344 448 386 165 178 
? 10 88 288 229 505 625 298 75 239 372 318 
? 10 392 688 755 334 214 739 465 502 635 626 
? 10 61 492 592 761 252 262 506 526 639 676 
? 10 567 756 20 449 759 443 361 717 614 369 
? 9 74 481 467 728 510 706 99 552 462 
? 9 113 518 122 784 637 660 312 470 409 
? 9 345 623 183 191 444 24 52 16 79 
? 9 387 638 125 126 497 531 128 794 287 
? 9 564 677 232 67 645 341 198 454 480 
? 9 3 658 179 533 786 619 705 343 77 
? 8 60 220 394 160 11 184 326 209 
? 8 5 393 119 40 417 195 754 283 
? 8 30 375 226 377 319 149 170 278 
? 8 469 744 524 542 293 622 702 588 
? 8 64 722 4 132 569 792 140 66 
? 8 156 348 182 632 251 605 460 753 
? 8 142 580 80 223 453 373 231 21 
? 8 68 686 586 746 272 570 145 562 
? 7 181 406 532 153 715 57 224 
? 7 423 520 299 161 396 281 163 
? 7 37 420 478 536 594 699 138 
? 7 15 416 148 551 597 227 212 
? 7 71 258 617 28 731 108 328 
? 6 9 217 188 46 499 747 
? 6 2 653 766 360 412 529 
? 6 133 383 735 461 543 215 
? 6 419 672 508 176 585 793 
? 6 190 721 59 430 507 466 
? 6 415 743 256 426 483 535 
? 6 662 684 573 45 22 200 
? 5 427 488 649 78 587 
? 5 439 445 6 493 578 
? 5 544 791 681 121 687 
? 5 561 696 305 352 606 
? 5 354 437 500 777 41 
? 5 452 692 303 204 118 
? 5 310 379 199 563 340 
? 5 72 659 773 276 104 
? 5 294 547 263 73 137 
? 5 36 151 131 774 95 
? 5 589 781 338 101 202 
? 4 468 778 398 70 
? 4 242 320 473 610 
? 4 94 205 295 1 
? 4 643 730 91 381 
? 4 19 378 384 207 
? 4 152 565 172 704 
? 4 192 208 716 308 
? 3 274 339 273 
? 3 175 316 732 
? 3 12 675 595 
? 3 87 607 557 
? 3 302 509 216 
? 3 225 323 169 
? 3 322 517 410 
? 3 260 363 599 
? 3 376 534 734 
? 3 0 726 285 
? 3 538 549 315 
? 3 97 712 109 
? 3 7 575 218 
? 3 385 441 776 
? 3 710 724 655 
? 3 158 162 112 
? 3 523 654 764 
? 3 47 770 487 
? 3 463 694 496 
? 3 92 321 359 
!
589 781 338 101 202 
589 202
781 101
589 781
338 202
68 686 586 746 272 570 145 562 
686 586
68 746
570 562
68 562
686 746
746 272
586 145
92 321 359 
92 321
321 359
780 
235 568 
235 568
233 596 
233 596
54 442 8 187 286 701 291 147 489 762 237 790 
286 147
54 442
8 762
291 790
54 8
442 187
762 790
701 489
147 237
187 489
442 286
431 725 789 234 631 219 380 422 633 414 674 284 628 267 669 601 602 558 13 503 
431 725
789 431
234 789
631 725
219 234
380 725
422 234
633 725
414 789
674 422
284 431
628 219
267 284
669 633
601 267
602 414
558 633
13 633
503 414
103 642 249 769 545 540 621 301 89 159 494 96 512 714 38 
103 642
249 642
769 103
545 642
540 103
621 769
301 249
89 769
159 540
494 301
96 159
512 89
714 494
38 89
463 694 496 
463 496
463 694
662 684 573 45 22 200 
684 45
662 22
662 45
662 573
45 200
689 
141 189 277 358 554 213 574 120 656 245 750 700 130 758 428 
141 189
277 189
358 189
554 277
213 554
574 141
120 554
656 141
245 574
750 574
700 656
130 656
758 656
428 120
69 150 
69 150
36 151 131 774 95 
36 151
131 95
131 774
151 131
289 707 
289 707
415 743 256 426 483 535 
415 743
743 483
415 256
426 535
256 535
657 
618 
616 
294 547 263 73 137 
263 73
73 137
294 73
547 137
608 
72 659 773 276 104 
72 659
773 104
72 276
72 104
192 208 716 308 
192 716
208 716
208 308
490 571 652 90 244 718 344 448 386 165 178 
244 718
652 90
490 244
448 178
490 571
90 165
490 344
571 90
652 386
165 178
3 658 179 533 786 619 705 343 77 
619 705
658 179
3 619
3 533
179 343
658 619
343 77
786 77
513 
152 565 172 704 
152 565
172 704
152 172
71 258 617 28 731 108 328 
71 617
28 108
71 258
258 28
71 731
258 328
435 
123 472 
123 472
310 379 199 563 340 
379 199
310 199
310 563
563 340
247 579 
247 579
47 770 487 
770 487
47 487
523 654 764 
523 764
654 764
19 378 384 207 
384 207
19 378
19 384
583 629 
583 629
158 162 112 
158 162
162 112
643 730 91 381 
643 730
643 381
643 91
142 580 80 223 453 373 231 21 
231 21
142 580
373 21
80 21
142 80
580 223
142 453
190 721 59 430 507 466 
59 466
190 721
721 466
59 507
721 430
650 671 
650 671
710 724 655 
724 655
710 724
385 441 776 
441 776
385 441
228 514 44 311 698 114 695 600 446 63 787 50 134 477 485 666 42 166 511 
228 514
44 228
311 228
698 228
114 228
695 514
600 695
446 228
63 446
787 695
50 514
134 698
477 698
485 114
666 485
42 666
166 50
511 787
402 
164 553 723 447 486 432 143 111 185 221 668 107 436 
164 553
723 553
447 723
486 164
432 553
143 164
111 723
185 164
221 432
668 432
107 432
436 447
7 575 218 
7 575
575 218
559 765 
559 765
452 692 303 204 118 
204 118
452 692
692 303
692 204
23 259 210 186 390 110 537 255 767 788 76 206 248 201 425 261 720 678 516 
23 259
210 259
186 23
390 259
110 23
537 186
255 537
767 110
788 110
76 767
206 186
248 206
201 788
425 767
261 248
720 261
678 720
516 678
419 672 508 176 585 793 
176 585
672 508
419 672
419 793
585 793
97 712 109 
712 109
97 712
94 205 295 1 
94 205
205 1
94 295
567 756 20 449 759 443 361 717 614 369 
567 449
361 369
567 756
443 614
759 369
449 759
567 20
759 443
759 717
242 320 473 610 
242 610
242 320
320 473
351 648 682 174 727 615 58 455 627 525 737 10 440 
351 648
682 351
174 648
727 351
615 682
58 727
455 615
627 351
525 615
737 58
10 174
440 10
391 
167 733 797 673 306 100 584 304 368 640 434 357 211 783 33 329 603 685 495 782 196 651 135 269 679 371 498 314 403 785 35 
167 733
797 733
673 733
306 733
100 673
584 100
304 306
368 733
640 306
434 368
357 368
211 100
783 357
33 640
329 100
603 584
685 368
495 783
782 434
196 640
651 685
135 368
269 782
679 33
371 651
498 679
314 679
403 782
785 403
35 785
538 549 315 
538 549
538 315
709 757 129 593 29 620 530 222 479 332 388 
129 620
593 332
709 332
709 757
757 29
29 620
757 222
593 530
222 479
530 388
133 383 735 461 543 215 
133 735
133 383
133 215
383 461
735 543
0 726 285 
0 285
0 726
376 534 734 
376 534
376 734
564 677 232 67 645 341 198 454 480 
645 341
564 677
564 67
564 232
677 198
67 341
232 480
454 480
382 
260 363 599 
260 599
260 363
322 517 410 
322 517
517 410
225 323 169 
225 323
225 169
354 437 500 777 41 
500 777
354 437
354 41
354 500
411 590 400 84 39 83 230 418 641 560 330 280 741 124 546 139 
411 590
400 590
84 411
39 590
83 590
230 83
418 83
641 411
560 84
330 39
280 39
741 84
124 641
546 560
139 418
364 
106 504 
106 504
15 416 148 551 597 227 212 
15 551
551 227
597 227
416 148
597 212
416 551
2 653 766 360 412 529 
2 766
2 653
2 360
412 529
766 412
337 
302 509 216 
509 216
302 509
37 420 478 536 594 699 138 
699 138
478 138
536 594
420 478
37 594
37 420
87 607 557 
607 557
87 607
561 696 305 352 606 
561 305
561 696
696 606
696 352
317 
156 348 182 632 251 605 460 753 
251 460
605 460
156 460
156 182
632 251
348 605
348 753
296 
65 613 362 476 34 324 25 796 522 751 238 691 246 347 366 
65 613
362 65
476 613
34 476
324 362
25 362
796 362
522 25
751 34
238 613
691 34
246 65
347 34
366 347
105 168 408 745 527 572 484 197 336 457 424 117 798 636 62 680 729 27 
105 168
408 168
745 168
527 408
572 408
484 572
197 745
336 197
457 105
424 457
117 336
798 197
636 572
62 336
680 408
729 336
27 197
253 268 
253 268
64 722 4 132 569 792 140 66 
64 4
722 4
132 140
569 66
64 569
722 140
64 792
468 778 398 70 
398 70
778 70
468 398
544 791 681 121 687 
681 687
791 681
121 687
544 791
292 
469 744 524 542 293 622 702 588 
469 744
293 702
293 622
469 293
542 622
744 588
469 524
154 693 475 713 719 346 703 203 86 399 456 
693 713
475 719
154 713
86 456
399 456
713 346
713 703
154 475
703 203
719 86
270 
61 492 592 761 252 262 506 526 639 676 
492 506
262 526
61 761
492 526
61 592
592 252
61 492
506 639
252 676
423 520 299 161 396 281 163 
520 161
423 163
423 161
396 281
299 161
520 396
49 389 
49 389
331 748 365 609 18 356 282 102 275 240 433 257 98 634 591 736 519 
331 748
365 748
609 748
18 609
356 365
282 365
102 356
275 282
240 282
433 240
257 433
98 356
634 257
591 102
736 102
519 102
392 688 755 334 214 739 465 502 635 626 
739 465
214 626
392 688
392 755
755 502
688 626
755 334
739 502
465 635
12 675 595 
12 675
675 595
387 638 125 126 497 531 128 794 287 
125 128
387 531
638 126
125 126
387 125
128 287
497 287
638 794
307 309 350 581 353 771 173 646 82 93 451 157 127 32 450 243 521 370 397 171 180 459 193 279 290 
307 309
350 309
581 309
353 581
771 309
173 309
646 581
82 173
93 771
451 309
157 646
127 157
32 771
450 173
243 157
521 32
370 157
397 370
171 173
180 450
459 180
193 451
279 157
290 279
266 
265 
458 795 367 690 647 407 749 768 667 738 395 421 177 146 740 555 
458 795
367 795
690 458
647 795
407 690
749 690
768 407
667 407
738 458
395 738
421 395
177 667
146 738
740 768
555 738
43 772 136 115 742 404 604 550 624 799 236 254 335 665 31 155 612 
43 772
136 43
115 772
742 772
404 772
604 772
550 43
624 604
799 550
236 115
254 404
335 624
665 604
31 604
155 772
612 799
181 406 532 153 715 57 224 
532 153
406 715
181 57
181 715
406 224
181 532
439 445 6 493 578 
6 578
6 493
439 493
439 445
611 752 438 48 325 56 144 264 26 515 482 355 14 528 670 582 
611 752
438 752
48 752
325 752
56 438
144 48
264 752
26 48
515 611
482 144
355 515
14 355
528 355
670 355
582 482
345 623 183 191 444 24 52 16 79 
345 623
191 79
623 191
191 24
52 16
183 444
623 183
183 52
541 577 
541 577
9 217 188 46 499 747 
217 747
9 747
9 188
46 747
46 499
250 
30 375 226 377 319 149 170 278 
226 278
377 319
319 149
30 375
375 278
30 377
375 170
88 288 229 505 625 298 75 239 372 318 
88 75
288 229
229 625
288 505
288 75
625 318
229 298
229 372
505 239
427 488 649 78 587 
488 649
427 649
649 78
78 587
333 429 664 413 349 85 708 405 51 342 327 53 663 271 
333 429
664 333
413 429
349 413
85 333
708 664
405 349
51 664
342 429
327 342
53 51
663 327
271 405
241 
113 518 122 784 637 660 312 470 409 
113 518
660 312
518 784
113 122
784 470
518 660
637 470
660 409
374 401 313 779 491 548 297 539 556 763 501 775 576 
374 401
313 374
779 313
491 374
548 313
297 401
539 313
556 539
763 556
501 491
775 548
576 775
474 644 
474 644
81 
74 481 467 728 510 706 99 552 462 
74 481
467 462
467 728
706 552
74 510
99 462
481 467
510 706
5 393 119 40 417 195 754 283 
5 393
5 417
119 417
40 754
417 283
393 40
5 195
175 316 732 
316 732
175 316
60 220 394 160 11 184 326 209 
60 220
160 184
160 326
394 11
11 209
220 394
11 326
300 598 17 760 194 55 630 116 697 661 711 464 683 471 566 
300 598
17 300
760 17
194 300
55 760
630 17
116 55
697 630
661 697
711 116
464 697
683 697
471 760
566 471
274 339 273 
274 273
339 273
