? 6 756 796 540 493 642 340 
? 6 205 213 0 559 583 370 
? 6 248 554 155 190 40 54 
? 6 458 779 266 597 459 209 
? 6 466 709 792 750 448 651 
? 6 93 701 262 649 208 644 
? 6 113 348 274 740 488 281 
? 6 185 515 58 218 142 219 
? 6 70 378 720 226 600 160 
? 6 47 640 671 16 217 730 
? 5 585 598 562 439 736 
? 5 143 180 509 590 430 
? 5 86 710 168 259 60 
? 5 51 733 174 280 746 
? 5 379 455 316 514 707 
? 5 383 576 131 313 611 
? 5 92 578 233 422 498 
? 4 4 699 55 487 
? 4 74 381 532 646 
? 4 125 732 375 653 
? 4 175 201 165 461 
? 4 433 523 614 141 
? 4 577 659 525 551 
? 4 236 405 623 28 
? 4 663 724 188 406 
? 4 308 767 518 329 
? 4 689 761 617 411 
? 4 384 678 96 687 
? 4 277 723 786 286 
? 4 513 772 170 124 
? 4 387 697 303 502 
? 4 94 534 572 519 
? 4 110 438 338 22 
? 4 328 780 177 34 
? 4 569 753 388 312 
? 4 48 358 752 478 
? 4 319 499 489 297 
? 4 72 771 255 204 
? 4 150 342 593 467 
? 4 138 429 508 473 
? 4 321 549 400 232 
? 4 542 731 592 783 
? 3 418 517 684 
? 3 420 654 793 
? 3 98 189 703 
? 3 372 764 675 
? 3 2 343 564 
? 3 300 725 371 
? 3 425 607 404 
? 3 445 615 516 
? 3 247 323 504 
? 3 41 187 622 
? 3 317 334 440 
? 3 3 290 599 
? 3 71 557 547 
? 3 194 294 672 
? 3 122 333 292 
? 3 389 484 167 
? 3 36 332 121 
? 3 192 394 633 
? 3 660 694 77 
? 3 127 606 193 
? 3 196 417 80 
? 3 415 667 521 
? 3 114 283 419 
? 3 541 601 38 
? 3 173 588 423 
!
797 
173 588 423 
173 588
173 423
258 522 
258 522
200 579 
200 579
768 
92 578 233 422 498 
92 233
92 578
578 422
578 498
21 272 311 717 628 43 151 795 223 757 6 
21 272
311 272
717 272
628 21
43 21
151 717
795 43
223 151
757 717
6 628
481 721 
481 721
765 
541 601 38 
541 601
601 38
762 
542 731 592 783 
592 783
542 731
731 592
728 
321 549 400 232 
321 549
400 232
549 400
352 712 234 636 149 363 68 758 665 449 620 739 275 153 447 33 510 485 480 315 380 664 
352 712
234 352
636 352
149 352
363 234
68 636
758 68
665 149
449 363
620 449
739 149
275 363
153 665
447 758
33 739
510 33
485 68
480 485
315 275
380 480
664 153
64 336 
64 336
553 770 698 385 556 453 111 
553 770
698 553
385 698
556 698
453 698
111 770
726 
383 576 131 313 611 
383 576
131 313
576 131
131 611
693 
690 
47 640 671 16 217 730 
47 640
16 730
671 217
671 730
47 671
688 
287 304 
287 304
682 
679 
351 769 289 605 84 144 350 
351 769
289 351
605 769
84 351
144 84
350 144
661 
657 
138 429 508 473 
138 429
138 508
508 473
673 777 465 222 63 269 584 747 
673 777
465 777
222 777
63 222
269 777
584 269
747 673
171 738 412 638 8 293 776 12 676 799 
171 738
412 171
638 412
8 171
293 638
776 293
12 776
676 8
799 12
114 283 419 
114 419
114 283
652 
648 
88 426 
88 426
415 667 521 
415 667
667 521
191 677 
191 677
85 704 
85 704
379 455 316 514 707 
455 514
316 514
379 455
379 707
647 
529 582 
529 582
543 755 
543 755
106 109 794 368 207 99 87 749 444 195 428 115 240 
106 109
794 109
368 109
207 109
99 794
87 368
749 87
444 749
195 99
428 207
115 428
240 749
20 625 367 714 729 414 35 784 136 613 477 241 159 
20 625
367 625
714 367
729 625
414 367
35 414
784 625
136 35
613 729
477 784
241 729
159 477
150 342 593 467 
150 593
150 342
342 467
196 417 80 
196 80
196 417
72 771 255 204 
72 255
72 771
771 204
637 
319 499 489 297 
319 489
319 297
499 489
632 
237 469 555 785 570 243 347 59 
237 469
555 469
785 237
570 785
243 555
347 785
59 243
589 798 29 62 432 265 737 19 464 528 366 742 90 
589 798
29 798
62 798
432 589
265 432
737 589
19 265
464 62
528 464
366 737
742 62
90 464
624 
210 490 627 154 288 609 163 
210 490
627 210
154 627
288 154
609 627
163 288
442 681 
442 681
48 358 752 478 
358 478
358 752
48 358
42 486 137 505 130 268 641 
42 486
137 486
505 42
130 486
268 505
641 268
359 763 357 7 398 346 324 561 462 
359 763
357 359
7 357
398 763
346 359
324 7
561 346
462 357
203 436 
203 436
70 378 720 226 600 160 
70 378
720 226
226 160
70 160
70 600
185 515 58 218 142 219 
185 515
515 218
185 58
185 142
515 219
44 650 718 775 146 9 691 788 619 278 
44 650
718 44
775 650
146 775
9 718
691 718
788 146
619 691
278 788
612 
569 753 388 312 
569 753
388 312
569 388
127 606 193 
127 606
127 193
595 
567 
328 780 177 34 
328 780
177 34
780 34
110 438 338 22 
110 338
438 22
110 438
113 348 274 740 488 281 
113 348
488 281
113 740
274 488
113 274
535 
23 574 
23 574
660 694 77 
660 77
660 694
93 701 262 649 208 644 
93 701
701 262
208 644
701 649
649 644
533 
296 497 181 410 157 536 112 
296 497
181 497
410 181
157 296
536 497
112 536
94 534 572 519 
94 534
94 519
572 519
279 527 117 550 73 552 476 760 14 335 558 790 495 
279 527
117 527
550 279
73 117
552 117
476 550
760 527
14 760
335 552
558 476
790 335
495 14
192 394 633 
192 394
192 633
530 
36 332 121 
36 332
36 121
389 484 167 
389 484
389 167
122 333 292 
122 333
122 292
395 621 
395 621
387 697 303 502 
387 697
697 303
303 502
408 696 
408 696
227 369 483 52 107 264 148 
227 369
483 369
52 369
107 52
264 483
148 52
466 709 792 750 448 651 
792 448
466 709
466 750
466 651
709 792
101 132 202 711 291 276 501 302 39 126 178 82 
101 132
202 132
711 202
291 132
276 101
501 276
302 291
39 291
126 302
178 302
82 202
491 
310 393 198 545 424 270 391 573 184 307 123 100 
310 393
198 393
545 310
424 310
270 545
391 310
573 391
184 393
307 573
123 270
100 270
194 294 672 
194 294
194 672
468 
66 656 56 152 355 635 75 463 326 610 17 
66 656
56 66
152 656
355 656
635 152
75 152
463 56
326 75
610 463
17 355
513 772 170 124 
513 772
170 124
513 170
560 634 392 471 421 662 539 245 373 37 702 
560 634
392 634
471 392
421 634
662 560
539 662
245 392
373 662
37 471
702 421
450 
435 
431 
212 722 
212 722
427 
71 557 547 
71 557
557 547
403 
402 
407 452 
407 452
376 472 
376 472
277 723 786 286 
277 723
277 286
786 286
51 733 174 280 746 
51 174
51 733
733 280
174 746
3 290 599 
3 290
290 599
162 666 57 580 253 25 602 695 
162 666
57 666
580 57
253 57
25 57
602 57
695 25
86 710 168 259 60 
259 60
86 710
86 168
710 259
531 735 
531 735
460 500 719 120 608 655 104 256 
460 500
719 460
120 460
608 120
655 500
104 460
256 460
384 678 96 687 
384 678
678 96
384 687
390 
356 
339 
689 761 617 411 
689 617
761 411
689 761
327 
224 683 
224 683
669 743 
669 743
458 779 266 597 459 209 
597 459
266 209
458 779
458 266
458 597
135 503 482 320 413 631 441 95 587 
135 503
482 135
320 503
413 320
631 320
441 631
95 413
587 482
308 767 518 329 
518 329
308 767
308 329
361 686 81 221 708 715 526 
361 686
81 686
221 81
708 686
715 708
526 686
305 
663 724 188 406 
663 724
188 406
663 188
301 
759 778 
759 778
263 
317 334 440 
317 334
334 440
225 692 
225 692
630 791 214 318 330 479 596 668 32 751 166 116 524 520 49 594 544 492 787 229 295 
630 791
214 630
318 791
330 791
479 630
596 318
668 630
32 668
751 32
166 668
116 318
524 330
520 751
49 520
594 32
544 116
492 318
787 594
229 544
295 49
377 496 
377 496
248 554 155 190 40 54 
248 554
190 54
554 155
155 190
248 40
143 180 509 590 430 
143 509
180 509
143 590
509 430
261 
252 
443 745 362 401 186 91 156 337 
443 745
362 745
401 443
186 745
91 362
156 401
337 443
61 548 507 129 474 748 409 322 451 658 
61 548
507 548
129 548
474 61
748 474
409 548
322 507
451 322
658 409
24 397 
24 397
147 364 511 344 282 15 285 365 744 773 
147 364
511 364
344 364
282 147
15 344
285 344
365 344
744 511
773 744
41 187 622 
41 187
187 622
197 512 
197 512
250 
236 405 623 28 
236 405
623 28
236 28
205 213 0 559 583 370 
205 0
205 213
213 559
213 583
205 370
585 598 562 439 736 
562 736
598 562
585 598
598 439
247 323 504 
323 504
247 323
27 603 546 506 456 145 325 128 
27 603
546 27
506 603
456 603
145 546
325 506
128 506
242 
445 615 516 
445 615
615 516
577 659 525 551 
659 525
577 659
659 551
199 565 239 713 30 284 706 616 139 
199 565
239 565
713 199
30 713
284 565
706 199
616 239
139 284
433 523 614 141 
433 523
433 614
614 141
457 475 
457 475
175 201 165 461 
175 461
201 165
175 165
125 732 375 653 
375 653
125 732
125 375
176 571 
176 571
231 
425 607 404 
425 607
425 404
300 725 371 
300 371
725 371
249 626 314 331 645 782 257 
249 626
314 249
331 249
645 331
782 645
257 314
2 343 564 
2 343
2 564
416 581 643 680 105 306 164 
416 581
643 581
680 416
105 416
306 680
164 306
211 
172 
309 446 
309 446
372 764 675 
372 764
372 675
26 299 345 271 354 353 13 79 568 220 591 
26 299
345 299
271 299
354 26
353 345
13 271
79 271
568 353
220 26
591 568
98 189 703 
98 189
189 703
437 781 
437 781
169 
134 
108 537 538 53 76 182 705 235 566 78 494 1 374 
108 537
538 108
53 537
76 537
182 53
705 182
235 182
566 76
78 76
494 235
1 538
374 182
74 381 532 646 
74 381
74 532
532 646
118 
420 654 793 
420 654
420 793
102 183 
102 183
69 
4 699 55 487 
699 55
4 699
4 487
67 
65 
158 251 396 766 754 360 399 89 727 470 103 789 230 
158 251
396 158
766 396
754 251
360 396
399 360
89 766
727 399
470 727
103 470
789 396
230 789
46 
246 382 
246 382
18 716 586 161 97 260 244 674 
18 716
586 18
161 586
97 586
260 18
244 260
674 97
206 618 575 386 734 215 298 
206 618
575 618
386 206
734 618
215 734
298 206
31 
756 796 540 493 642 340 
796 642
493 642
756 540
756 796
796 340
133 216 10 434 45 685 349 254 741 179 
133 216
10 216
434 133
45 133
685 10
349 45
254 685
741 10
179 434
11 
228 563 604 670 238 454 267 629 140 273 
228 563
604 228
670 228
238 604
454 238
267 563
629 267
140 629
273 670
50 700 774 341 83 119 639 
50 700
774 700
341 50
83 774
119 700
639 50
5 
418 517 684 
418 517
418 684
