? 6 228 563 670 604 454 267 
? 6 158 251 396 766 754 89 
? 6 523 614 433 82 238 141 
? 6 621 676 395 8 759 738 
? 6 558 735 531 741 783 10 
? 6 448 792 309 340 709 446 
? 6 463 610 440 317 67 334 
? 6 27 546 603 456 145 506 
? 6 247 374 323 504 494 732 
? 6 176 571 219 533 140 142 
? 5 320 631 441 413 503 
? 5 211 521 543 799 12 
? 5 286 669 6 743 786 
? 5 329 518 648 308 767 
? 5 385 453 556 698 128 
? 5 199 565 713 239 30 
? 5 328 780 177 34 587 
? 4 106 109 794 368 
? 4 452 498 578 169 
? 4 264 483 579 369 
? 4 377 672 624 194 
? 4 493 642 796 225 
? 4 179 731 542 434 
? 4 91 186 356 401 
? 4 316 455 379 514 
? 4 133 216 45 349 
? 4 197 512 646 632 
? 4 165 201 175 647 
? 4 171 412 776 227 
? 4 17 408 696 462 
? 4 346 561 359 284 
? 4 206 618 298 305 
? 4 151 223 717 406 
? 4 458 779 591 597 
? 4 150 342 39 593 
? 4 569 753 388 312 
? 4 2 343 411 583 
? 4 77 683 224 660 
? 4 52 148 519 107 
? 4 7 324 170 124 
? 4 21 272 311 43 
? 4 167 229 339 622 
? 3 577 659 551 
? 3 113 348 274 
? 3 139 398 763 
? 3 205 213 0 
? 3 351 769 605 
? 3 690 757 628 
? 3 125 375 653 
? 3 321 549 400 
? 3 372 675 156 
? 3 122 333 292 
? 3 41 187 451 
? 3 663 724 795 
? 3 74 532 381 
? 3 285 336 344 
? 3 371 725 595 
? 3 240 749 87 
? 3 307 573 123 
? 3 491 692 475 
? 3 135 482 418 
? 3 513 772 431 
? 3 184 535 100 
? 3 94 534 572 
? 3 212 722 290 
? 3 619 691 9 
? 3 473 508 138 
!
787 
473 508 138 
508 138
473 508
85 704 
85 704
5 95 
5 95
778 
328 780 177 34 587 
328 780
177 587
177 34
780 34
63 222 777 673 269 11 185 747 58 218 465 
63 222
777 63
673 777
269 777
11 222
185 269
747 673
58 185
218 269
465 218
468 559 
468 559
768 
619 691 9 
619 9
691 9
765 
167 229 339 622 
167 229
229 339
339 622
756 
21 272 311 43 
21 272
21 311
311 43
330 479 596 318 791 630 668 524 166 214 492 32 726 116 751 49 457 544 520 764 295 427 
330 479
596 479
318 596
791 479
630 791
668 330
524 596
166 668
214 630
492 524
32 668
726 492
116 492
751 32
49 166
457 116
544 116
520 49
764 116
295 49
427 166
163 703 
163 703
181 410 497 536 296 112 496 
181 410
497 181
536 181
296 497
112 536
496 536
740 
199 565 713 239 30 
199 565
713 30
199 239
565 713
728 
706 
176 571 219 533 140 142 
176 219
571 219
176 533
571 140
140 142
693 
15 403 
15 403
684 
682 
384 773 678 687 744 96 147 
384 773
678 384
687 384
744 773
96 678
147 744
674 
657 
7 324 170 124 
170 124
7 124
7 324
51 733 495 174 280 14 476 746 
51 733
495 51
174 51
280 733
14 495
476 174
746 174
36 332 16 121 730 671 261 445 640 47 
36 332
16 332
121 332
730 121
671 730
261 121
445 121
640 671
47 640
212 722 290 
722 290
212 722
616 
615 
466 750 
466 750
94 534 572 
94 534
534 572
415 667 
415 667
200 254 
200 254
385 453 556 698 128 
556 698
385 556
385 453
556 128
599 
294 695 
294 695
376 472 
376 472
560 634 392 471 539 662 421 37 245 373 702 525 461 
560 634
392 560
471 392
539 634
662 539
421 634
37 471
245 37
373 539
702 421
525 37
461 702
352 712 234 636 149 363 665 68 758 449 275 153 739 
352 712
234 712
636 712
149 352
363 234
665 149
68 636
758 636
449 363
275 363
153 665
739 758
52 148 519 107 
148 519
52 148
52 107
184 535 100 
184 535
184 100
77 683 224 660 
224 660
77 683
77 660
594 
2 343 411 583 
2 343
343 583
343 411
582 
208 262 649 257 701 644 517 93 
208 262
649 262
257 262
701 649
644 649
517 644
93 701
60 607 425 259 404 710 242 168 641 442 86 681 325 
60 607
425 60
259 425
404 425
710 259
242 404
168 710
641 404
442 168
86 710
681 442
325 168
574 
210 490 627 154 288 609 694 
210 490
627 210
154 210
288 154
609 627
694 609
126 178 
126 178
569 753 388 312 
569 753
388 312
569 388
146 775 788 650 718 44 278 
146 775
788 146
650 775
718 650
44 650
278 788
337 721 350 144 289 443 362 481 745 
337 721
350 721
144 350
289 144
443 337
362 443
481 350
745 443
651 652 
651 652
247 374 323 504 494 732 
494 732
374 323
247 374
323 504
374 494
27 546 603 456 145 506 
27 603
546 145
456 506
603 506
27 546
28 623 236 688 658 134 409 405 84 429 
28 623
236 28
688 28
658 623
134 623
409 658
405 236
84 134
429 405
566 
150 342 39 593 
150 593
342 39
150 342
513 772 431 
513 772
513 431
564 
557 
458 779 591 597 
458 779
779 591
458 597
151 223 717 406 
151 223
151 717
151 406
463 610 440 317 67 334 
463 610
317 334
463 440
440 334
317 67
553 
467 707 
467 707
135 482 418 
135 482
135 418
448 792 309 340 709 446 
448 792
448 309
309 446
340 709
792 709
529 
114 283 419 584 541 601 38 
114 283
419 283
584 114
541 419
601 541
38 601
206 618 298 305 
206 618
206 298
298 305
29 589 798 432 62 265 737 19 464 528 742 90 366 
29 589
798 29
432 589
62 798
265 432
737 432
19 265
464 62
528 464
742 464
90 742
366 737
491 692 475 
491 475
491 692
522 
307 573 123 
307 573
573 123
240 749 87 
749 87
240 749
371 725 595 
371 725
725 595
303 664 
303 664
346 561 359 284 
561 359
346 284
359 284
157 629 
157 629
61 548 474 507 129 748 322 
61 548
474 61
507 548
129 61
748 474
322 507
558 735 531 741 783 10 
558 735
558 531
735 741
741 783
741 10
439 509 430 562 585 576 383 736 386 131 734 313 
439 509
430 509
562 439
585 562
576 430
383 576
736 562
386 736
131 383
734 131
313 131
516 
237 469 555 785 570 59 243 347 436 159 203 477 
237 469
555 469
785 469
570 785
59 555
243 59
347 785
436 243
159 59
203 59
477 203
285 336 344 
285 336
285 344
515 
137 486 42 505 130 699 268 4 487 55 567 
137 486
42 137
505 42
130 486
699 505
268 505
4 699
487 130
55 4
567 268
17 408 696 462 
17 408
17 696
408 462
341 700 774 50 83 119 315 300 547 639 327 
341 700
774 700
50 700
83 774
119 341
315 119
300 83
547 315
639 50
327 300
510 
459 
450 
102 797 
102 797
435 
74 532 381 
74 381
74 532
402 
357 
232 370 
232 370
364 511 
364 511
171 412 776 227 
171 412
171 776
776 227
329 518 648 308 767 
518 648
329 518
648 308
308 767
663 724 795 
663 724
663 795
18 716 586 161 97 260 244 282 
18 716
586 716
161 586
97 586
260 18
244 260
282 161
286 669 6 743 786 
669 6
669 743
743 786
286 6
502 661 
502 661
217 231 397 24 252 444 606 253 
217 231
397 231
24 397
252 397
444 217
606 24
253 606
165 201 175 647 
165 201
165 175
175 647
326 
301 
255 
197 512 646 632 
512 646
197 512
197 632
250 
273 592 
273 592
23 390 
23 390
621 676 395 8 759 738 
676 8
621 676
8 738
621 395
676 759
361 686 81 221 708 526 715 423 575 
361 686
81 686
221 81
708 686
526 361
715 708
423 526
575 221
133 216 45 349 
133 216
133 45
45 349
57 580 666 162 602 127 25 
57 580
666 580
162 666
602 57
127 602
25 666
241 
316 455 379 514 
455 514
316 514
455 379
233 
3 789 
3 789
230 
41 187 451 
41 187
41 451
277 723 
277 723
581 643 416 680 105 164 306 478 48 530 437 358 590 781 752 136 180 598 143 367 414 
581 643
416 643
680 643
105 416
164 680
306 164
478 105
48 478
530 306
437 164
358 48
590 105
781 437
752 358
136 752
180 590
598 590
143 180
367 136
414 136
287 304 
287 304
523 614 433 82 238 141 
523 433
614 433
614 82
82 141
433 238
211 521 543 799 12 
521 799
799 12
211 521
211 543
207 
204 
394 633 540 192 617 191 689 761 
394 633
540 394
192 394
617 192
191 192
689 617
761 689
335 790 73 190 279 54 527 679 685 550 
335 790
73 335
190 790
279 73
54 190
527 279
679 54
685 679
550 527
389 484 
389 484
26 299 345 271 354 79 353 13 568 220 
26 299
345 299
271 299
354 26
79 271
353 345
13 79
568 353
220 26
122 333 292 
122 333
122 292
365 677 
365 677
195 
91 186 356 401 
91 356
186 356
186 401
158 251 396 766 754 89 
158 251
766 89
396 766
158 396
251 754
320 631 441 413 503 
320 631
631 503
320 413
320 441
372 675 156 
372 156
675 156
108 537 53 538 76 705 182 235 
108 537
53 537
538 108
76 537
705 108
182 53
235 182
193 
321 549 400 
321 549
549 400
179 731 542 434 
179 542
179 731
542 434
70 378 720 600 160 226 387 407 697 
70 378
720 378
600 70
160 720
226 160
387 226
407 600
697 387
493 642 796 225 
642 796
493 642
493 225
115 428 
115 428
377 672 624 194 
672 624
377 624
377 194
264 483 579 369 
483 579
264 369
264 579
80 183 
80 183
188 
125 375 653 
375 653
125 375
690 757 628 
690 757
690 628
625 714 20 35 729 784 613 
625 714
20 625
35 714
729 714
784 20
613 729
351 769 605 
351 769
769 605
66 656 56 635 355 152 75 
66 656
56 66
635 656
355 656
152 635
75 152
173 
172 
92 422 
92 422
205 213 0 
205 0
205 213
120 719 460 500 608 655 104 256 281 258 488 
120 719
460 120
500 719
608 460
655 500
104 460
256 120
281 655
258 281
488 281
139 398 763 
139 398
139 763
72 771 
72 771
118 
99 
645 782 155 626 331 249 1 314 248 552 554 760 117 
645 782
155 782
626 645
331 626
249 626
1 626
314 249
248 155
552 331
554 248
760 331
117 552
452 498 578 169 
452 498
452 578
578 169
88 
113 348 274 
113 348
113 274
209 266 
209 266
78 
106 109 794 368 
106 109
106 368
109 794
69 
65 
110 438 338 22 382 111 263 246 654 426 770 71 620 
110 438
338 110
22 438
382 338
111 110
263 111
246 382
654 263
426 246
770 263
71 382
620 654
64 
98 189 
98 189
101 132 202 711 291 276 501 302 
101 132
202 132
711 202
291 132
276 101
501 276
302 291
319 499 611 489 297 215 588 
319 499
611 499
489 319
297 489
215 611
588 489
46 
228 563 670 604 454 267 
228 604
228 563
228 670
604 454
563 267
103 612 470 762 727 399 360 293 755 638 
103 612
470 612
762 103
727 470
399 727
360 727
293 470
755 612
638 293
40 
480 485 380 637 447 793 420 417 196 33 
480 485
380 485
637 380
447 380
793 637
420 793
417 637
196 417
33 447
310 424 393 545 198 270 391 
310 424
393 310
545 424
198 393
270 545
391 424
31 
577 659 551 
577 659
659 551
