? 6 194 294 695 129 405 672 
? 6 184 535 295 49 427 520 
? 6 351 769 605 289 144 84 
? 6 74 381 532 646 632 780 
? 6 228 563 670 267 629 592 
? 6 70 378 720 600 160 226 
? 6 562 598 585 509 439 590 
? 6 42 137 486 505 130 268 
? 6 384 773 678 687 96 541 
? 6 47 640 115 444 217 231 
? 5 383 576 430 131 313 
? 5 6 669 286 743 786 
? 5 577 659 31 551 197 
? 5 558 735 783 273 331 
? 5 162 666 580 57 253 
? 5 385 453 698 86 553 
? 5 466 709 750 792 340 
? 4 210 490 627 288 
? 4 75 326 152 431 
? 4 60 259 607 425 
? 4 212 722 334 395 
? 4 420 793 654 637 
? 4 496 624 536 377 
? 4 338 438 110 382 
? 4 493 642 446 796 
? 4 507 548 61 474 
? 4 463 610 440 56 
? 4 689 761 617 411 
? 4 4 699 55 348 
? 4 296 497 181 157 
? 4 165 175 201 461 
? 4 292 333 122 529 
? 4 237 469 555 59 
? 4 308 518 329 767 
? 4 321 549 400 756 
? 4 72 771 255 204 
? 4 138 429 112 508 
? 4 67 599 789 290 
? 4 71 557 547 246 
? 4 350 721 481 134 
? 4 7 324 170 513 
? 4 111 263 770 22 
? 3 379 455 667 
? 3 23 390 69 
? 3 278 304 124 
? 3 609 660 163 
? 3 322 451 339 
? 3 98 189 703 
? 3 409 658 623 
? 3 661 715 502 
? 3 277 723 375 
? 3 203 243 477 
? 3 387 697 303 
? 3 2 343 564 
? 3 452 498 578 
? 3 176 219 533 
? 3 372 675 764 
? 3 167 229 544 
? 3 113 274 740 
? 3 80 752 358 
? 3 92 422 233 
? 3 150 593 397 
? 3 168 710 681 
? 3 38 601 728 
? 3 423 526 305 
? 3 143 180 102 
? 3 394 633 192 
!
799 
394 633 192 
394 192
633 192
612 762 
612 762
54 679 
54 679
797 
466 709 750 792 340 
466 709
466 750
709 340
709 792
135 503 482 320 413 631 95 441 587 177 418 
135 503
482 135
320 503
413 320
631 320
95 413
441 631
587 482
177 587
418 503
759 778 
759 778
787 
143 180 102 
143 180
143 102
772 
111 263 770 22 
111 263
263 22
111 770
768 
7 324 170 513 
7 324
7 170
170 513
352 712 636 234 363 149 68 665 449 510 275 758 620 153 447 33 485 739 480 315 380 664 
352 712
636 352
234 352
363 234
149 352
68 636
665 149
449 363
510 149
275 363
758 636
620 449
153 665
447 68
33 758
485 68
739 510
480 485
315 275
380 447
664 153
159 442 
159 442
94 534 572 148 141 514 316 
94 534
572 534
148 572
141 534
514 534
316 514
765 
385 453 698 86 553 
385 698
385 453
453 553
385 86
731 
708 
47 640 115 444 217 231 
47 640
217 231
640 115
47 444
47 231
694 
327 595 
327 595
690 
688 
205 213 0 559 583 232 370 
205 213
0 205
559 213
583 213
232 0
370 232
683 
682 
350 721 481 134 
350 721
350 134
721 481
206 618 386 298 734 215 736 611 
206 618
386 206
298 206
734 618
215 734
736 386
611 215
460 500 719 120 655 608 104 256 281 488 
460 500
719 500
120 500
655 500
608 460
104 719
256 500
281 655
488 281
423 526 305 
423 526
423 305
648 
647 
88 426 
88 426
38 601 728 
38 728
38 601
85 704 
85 704
258 522 
258 522
162 666 580 57 253 
580 57
57 253
162 666
666 57
622 
28 236 
28 236
5 567 
5 567
29 798 589 62 265 432 737 464 19 90 742 528 366 
29 798
589 29
62 798
265 29
432 589
737 589
464 62
19 265
90 464
742 90
528 464
366 737
279 527 550 73 117 476 552 14 760 335 790 495 531 
279 527
550 279
73 527
117 527
476 527
552 117
14 550
760 14
335 73
790 335
495 14
531 476
71 557 547 246 
71 557
557 547
71 246
168 710 681 
168 681
168 710
67 599 789 290 
67 789
599 290
67 599
615 
138 429 112 508 
138 429
112 508
138 508
606 
51 733 174 280 746 208 262 257 
51 733
174 51
280 733
746 174
208 280
262 208
257 262
101 132 711 202 276 501 291 302 39 126 178 342 82 
101 132
711 132
202 711
276 132
501 276
291 101
302 291
39 291
126 302
178 302
342 39
82 711
582 
663 724 188 406 619 223 757 
663 724
188 663
406 188
619 724
223 406
757 223
450 657 
450 657
72 771 255 204 
72 255
72 771
771 204
227 369 107 483 52 264 519 
227 369
107 227
483 369
52 107
264 483
519 52
27 603 546 506 128 145 325 241 556 
27 603
546 27
506 603
128 506
145 546
325 506
241 546
556 128
492 726 
492 726
384 773 678 687 96 541 
687 541
384 678
678 96
384 773
773 687
42 137 486 505 130 268 
42 486
137 486
486 130
42 505
505 268
171 738 412 638 8 776 12 293 621 676 
171 738
412 171
638 412
8 738
776 8
12 776
293 638
621 738
676 621
579 
321 549 400 756 
321 549
549 400
549 756
150 593 397 
150 593
150 397
574 
571 
308 518 329 767 
518 329
308 767
308 329
237 469 555 59 
237 469
469 555
555 59
562 598 585 509 439 590 
562 598
598 585
598 439
439 590
509 590
561 
415 707 
415 707
92 422 233 
92 233
92 422
70 378 720 600 160 226 
70 378
720 226
160 226
70 160
70 600
540 
673 777 222 465 747 114 283 
673 777
222 777
465 673
747 673
114 747
283 114
292 333 122 529 
333 122
292 122
333 529
17 408 696 355 65 462 357 656 763 359 66 635 139 
17 408
696 17
355 696
65 17
462 408
357 462
656 355
763 357
359 357
66 656
635 462
139 763
80 752 358 
80 752
752 358
512 
113 274 740 
113 740
113 274
167 229 544 
167 544
167 229
372 675 764 
372 764
372 675
193 748 
193 748
165 175 201 461 
165 201
175 461
165 175
154 516 
154 516
517 644 649 701 93 314 249 
517 644
649 644
701 649
93 701
314 93
249 314
228 563 670 267 629 592 
228 563
228 670
267 629
563 267
228 592
560 634 392 471 662 421 539 245 37 373 702 525 
560 634
392 560
471 392
662 634
421 634
539 662
245 392
37 245
373 662
702 421
525 37
487 
108 537 538 53 76 705 182 235 566 1 374 78 
108 537
538 537
53 537
76 108
705 108
182 53
235 182
566 76
1 538
374 182
78 76
176 219 533 
176 219
176 533
468 
133 216 10 434 349 45 685 741 254 179 542 
133 216
10 216
434 216
349 133
45 349
685 10
741 10
254 685
179 434
542 179
296 497 181 157 
296 157
296 497
497 181
20 625 367 714 35 414 729 784 136 613 456 
20 625
367 20
714 367
35 714
414 35
729 35
784 20
136 414
613 729
456 613
467 
419 
410 
651 652 
651 652
407 
452 498 578 
452 498
452 578
403 
402 
437 781 
437 781
457 475 
457 475
4 699 55 348 
699 55
4 699
55 348
558 735 783 273 331 
558 735
783 273
558 783
735 331
2 343 564 
2 343
2 564
248 554 782 155 645 626 190 40 
248 554
782 248
155 782
645 782
626 782
190 155
40 554
577 659 31 551 197 
577 659
659 551
31 551
659 197
376 472 
376 472
247 323 504 494 732 34 684 653 
247 323
504 323
494 247
732 494
34 504
684 504
653 732
689 761 617 411 
689 617
761 411
689 761
398 
356 
336 
463 610 440 56 
463 610
463 440
440 56
328 
142 473 
142 473
173 588 
173 588
74 381 532 646 632 780 
74 381
74 532
532 646
532 632
74 780
199 565 239 713 30 706 284 616 346 
199 565
239 565
713 199
30 199
706 199
284 565
616 239
346 284
507 548 61 474 
548 61
507 61
507 474
44 650 718 775 9 691 146 
44 650
718 44
775 650
9 718
691 718
146 775
317 
493 642 446 796 
642 796
493 642
493 446
301 
491 692 
491 692
252 
387 697 303 
387 697
697 303
404 641 
404 641
353 568 591 779 345 458 347 26 299 266 597 570 785 436 459 220 271 209 354 79 13 
353 568
591 568
779 591
345 353
458 779
347 591
26 345
299 26
266 458
597 458
570 347
785 570
436 266
459 597
220 347
271 299
209 266
354 299
79 271
13 79
77 224 
77 224
351 769 605 289 144 84 
769 289
351 769
144 84
605 289
351 144
6 669 286 743 786 
6 669
669 743
743 786
6 286
250 
242 
21 272 311 717 151 628 43 795 
21 272
311 21
717 21
151 717
628 272
43 21
795 43
83 774 700 50 341 300 119 371 639 725 
83 774
700 774
50 700
341 700
300 83
119 700
371 300
639 50
725 371
309 448 
309 448
310 393 198 545 424 270 391 573 123 307 
310 393
198 310
545 393
424 393
270 545
391 310
573 391
123 573
307 391
203 243 477 
203 243
203 477
196 417 
196 417
225 
338 438 110 382 
338 110
438 110
338 382
184 535 295 49 427 520 
184 535
295 520
295 49
535 295
184 427
383 576 430 131 313 
383 576
131 313
383 430
576 131
277 723 375 
277 723
277 375
97 586 716 18 674 260 677 244 
97 586
716 586
18 716
674 586
260 18
677 674
244 260
200 
661 715 502 
661 502
715 502
496 624 536 377 
496 536
624 377
496 377
81 221 319 297 489 499 361 686 575 
81 221
319 221
297 319
489 319
499 319
361 81
686 361
575 499
420 793 654 637 
420 654
420 793
793 637
543 755 
543 755
212 722 334 395 
722 395
212 334
212 395
60 259 607 425 
60 425
60 607
60 259
41 187 
41 187
191 
409 658 623 
409 658
658 623
98 189 703 
98 189
189 703
238 454 523 693 614 433 604 
238 454
523 454
693 238
614 523
433 614
604 454
322 451 339 
322 451
451 339
569 753 388 287 46 312 788 
569 753
388 569
287 569
46 753
312 753
788 287
183 
172 
156 435 
156 435
609 660 163 
609 660
609 163
106 109 794 368 207 99 87 749 428 240 195 
106 109
794 109
368 106
207 109
99 794
87 368
749 87
428 207
240 749
195 794
278 304 124 
278 304
278 124
211 521 
211 521
169 
140 
630 791 214 318 596 479 330 668 32 751 166 524 594 
630 791
214 630
318 791
596 318
479 318
330 318
668 630
32 214
751 32
166 668
524 330
594 751
75 326 152 431 
75 326
152 431
326 152
125 
23 390 69 
23 390
23 69
127 602 
127 602
118 
210 490 627 288 
490 627
210 490
627 288
116 
100 
158 251 396 766 754 360 727 89 399 470 103 230 3 
158 251
396 158
766 396
754 251
360 396
727 360
89 766
399 727
470 727
103 470
230 89
3 230
64 
389 484 
389 484
36 332 16 121 730 671 445 261 
36 332
16 36
121 36
730 121
671 730
445 36
261 121
443 745 362 401 186 91 337 
443 745
362 745
401 443
186 745
91 186
337 745
25 
194 294 695 129 405 672 
695 672
194 294
194 695
294 129
194 405
581 643 416 680 105 164 306 530 48 478 
581 643
416 581
680 581
105 416
164 680
306 164
530 306
48 105
478 48
24 
147 364 511 282 344 744 15 365 285 161 
147 364
511 364
282 147
344 364
744 511
15 147
365 344
285 344
161 282
185 515 218 58 269 63 584 
185 515
218 515
58 185
269 218
63 269
584 218
11 
379 455 667 
379 667
455 667
