? 6 27 603 456 546 506 145 
? 6 361 686 81 221 708 715 
? 6 165 201 175 647 286 669 
? 6 493 642 796 446 225 340 
? 6 199 565 239 30 706 616 
? 6 372 764 457 675 116 544 
? 6 553 770 698 385 111 556 
? 6 383 576 430 131 313 143 
? 6 296 497 181 157 410 112 
? 6 370 400 689 549 321 761 
? 5 322 451 507 339 61 
? 5 74 381 532 220 646 
? 5 113 348 740 274 488 
? 5 180 590 509 439 598 
? 5 194 294 129 695 672 
? 5 162 666 580 57 253 
? 5 79 271 13 354 551 
? 4 48 358 478 183 
? 4 22 110 438 338 
? 4 72 771 255 204 
? 4 433 614 523 82 
? 4 93 701 649 257 
? 4 673 777 222 747 
? 4 409 658 548 623 
? 4 577 659 31 197 
? 4 316 514 379 455 
? 4 319 499 611 489 
? 4 125 375 653 512 
? 4 2 343 564 192 
? 4 60 259 607 425 
? 4 86 710 168 453 
? 4 236 405 624 496 
? 4 70 378 600 720 
? 4 517 644 208 418 
? 4 502 661 303 697 
? 4 308 767 518 329 
? 4 474 748 193 187 
? 4 452 498 578 407 
? 4 138 508 473 429 
? 4 219 571 533 140 
? 4 36 332 121 261 
? 4 249 314 262 190 
? 3 150 593 397 
? 3 420 793 654 
? 3 12 799 521 
? 3 6 743 786 
? 3 160 226 387 
? 3 287 304 278 
? 3 448 792 309 
? 3 305 423 797 
? 3 491 692 726 
? 3 466 709 750 
? 3 224 683 77 
? 3 759 778 579 
? 3 445 615 516 
? 3 122 333 529 
? 3 67 599 290 
? 3 328 780 177 
? 3 569 753 388 
? 3 246 382 71 
? 3 114 283 419 
? 3 167 229 622 
? 3 389 484 787 
? 3 38 601 541 
? 3 562 585 102 
? 3 277 723 312 
? 3 690 757 648 
!
788 
690 757 648 
690 757
757 648
540 756 
540 756
377 768 
377 768
783 
79 271 13 354 551 
79 13
79 354
79 551
271 354
147 364 511 344 282 15 744 365 285 773 161 
147 364
511 364
344 364
282 364
15 344
744 147
365 344
285 344
773 744
161 282
3 230 
3 230
765 
277 723 312 
277 723
723 312
762 
249 314 262 190 
249 314
314 262
249 190
725 
36 332 121 261 
36 332
121 261
36 121
352 712 234 636 363 149 739 665 68 758 449 275 153 33 510 447 620 480 485 315 380 664 
352 712
234 712
636 712
363 234
149 352
739 149
665 149
68 636
758 739
449 363
275 363
153 665
33 758
510 33
447 68
620 449
480 68
485 480
315 275
380 480
664 153
64 336 
64 336
185 515 58 218 269 584 63 
185 515
58 185
218 185
269 218
584 218
63 269
703 
162 666 580 57 253 
580 57
57 253
162 666
666 57
693 
682 
370 400 689 549 321 761 
549 321
370 400
689 761
400 549
370 761
681 
88 426 
88 426
679 
677 
47 640 671 16 217 231 730 
47 640
671 47
16 671
217 671
231 217
730 671
667 
632 
219 571 533 140 
219 571
219 533
571 140
135 503 482 631 413 320 441 587 
135 503
482 135
631 503
413 503
320 631
441 320
587 482
52 148 519 107 572 369 534 483 94 227 
52 148
519 148
107 52
572 519
369 107
534 148
483 369
94 534
227 369
562 585 102 
562 585
585 102
602 
582 
415 707 
415 707
38 601 541 
601 541
38 601
390 574 
390 574
327 595 
327 595
194 294 129 695 672 
695 672
194 294
194 695
294 129
557 
5 567 
5 567
376 472 
376 472
101 132 711 202 291 276 501 302 39 126 178 141 342 
101 132
711 101
202 711
291 101
276 101
501 276
302 291
39 291
126 302
178 302
141 711
342 39
106 109 794 368 207 87 99 749 195 428 444 240 115 
106 109
794 109
368 106
207 109
87 368
99 794
749 87
195 99
428 207
444 368
240 749
115 428
138 508 473 429 
138 429
138 508
508 473
389 484 787 
389 484
389 787
452 498 578 407 
498 407
452 498
452 578
536 
474 748 193 187 
748 193
474 748
748 187
530 
17 408 696 462 357 657 118 561 
17 408
696 17
462 408
357 462
657 696
118 657
561 357
630 791 214 596 318 330 479 668 32 751 166 524 594 
630 791
214 630
596 791
318 596
330 318
479 318
668 630
32 668
751 32
166 668
524 596
594 32
522 
663 724 406 188 619 223 46 
663 724
406 663
188 406
619 724
223 406
46 619
334 722 
334 722
308 767 518 329 
518 329
308 767
308 329
247 323 504 732 494 684 34 
247 323
504 323
732 247
494 732
684 504
34 504
42 486 137 505 130 268 641 699 4 
42 486
137 486
505 42
130 137
268 505
641 268
699 505
4 699
487 728 
487 728
296 497 181 157 410 112 
296 157
296 497
181 410
497 410
157 112
383 576 430 131 313 143 
383 576
131 313
383 430
576 131
430 143
700 774 50 341 83 119 300 639 547 371 
700 774
50 700
341 700
83 774
119 700
300 83
639 50
547 119
371 300
492 
502 661 303 697 
661 303
303 697
502 661
167 229 622 
167 229
229 622
481 
477 
517 644 208 418 
644 208
517 418
517 644
70 378 600 720 
70 378
378 720
70 600
553 770 698 385 111 556 
698 556
385 556
553 770
553 698
770 111
468 
191 617 
191 617
114 283 419 
114 419
114 283
372 764 457 675 116 544 
372 764
764 457
764 116
116 544
675 544
467 
18 716 586 97 244 260 674 
18 716
586 716
97 586
244 18
260 244
674 97
236 405 624 496 
236 405
405 496
624 496
29 798 589 62 265 432 737 464 19 742 90 528 366 
29 798
589 29
62 798
265 29
432 589
737 29
464 62
19 265
742 464
90 742
528 464
366 737
246 382 71 
246 382
382 71
465 
569 753 388 
569 753
569 388
328 780 177 
328 780
780 177
67 599 290 
599 290
67 599
172 325 
172 325
86 710 168 453 
86 710
86 168
86 453
85 704 
85 704
171 412 738 638 776 293 8 
171 412
738 171
638 412
776 171
293 638
8 738
199 565 239 30 706 616 
239 616
199 565
30 706
199 239
565 30
353 568 591 779 345 458 26 347 299 570 597 266 
353 568
591 568
779 591
345 353
458 779
26 345
347 353
299 26
570 347
597 458
266 458
459 
228 563 670 604 454 267 238 592 629 731 273 176 
228 563
670 228
604 228
454 604
267 563
238 454
592 604
629 267
731 604
273 592
176 670
122 333 529 
122 333
333 529
450 
443 745 401 362 91 186 337 156 721 475 435 
443 745
401 443
362 745
91 745
186 362
337 443
156 401
721 337
475 156
435 156
60 259 607 425 
60 425
60 607
60 259
367 714 625 20 729 414 35 136 784 613 752 
367 714
625 367
20 625
729 714
414 367
35 414
136 414
784 20
613 729
752 136
403 
395 
356 
173 588 
173 588
346 
445 615 516 
445 615
615 516
301 
297 
394 633 
394 633
317 440 
317 440
2 343 564 192 
2 343
2 564
2 192
180 590 509 439 598 
180 509
439 598
590 439
180 590
759 778 579 
759 778
759 579
21 272 311 717 628 151 43 795 
21 272
311 21
717 272
628 21
151 717
43 311
795 43
113 348 740 274 488 
113 348
113 740
274 488
113 274
92 422 
92 422
351 769 289 605 84 144 688 350 
351 769
289 351
605 769
84 289
144 84
688 769
350 144
125 375 653 512 
375 653
653 512
125 375
292 
280 
264 
319 499 611 489 
319 489
499 489
319 611
263 
543 755 
543 755
80 196 
80 196
493 642 796 446 225 340 
642 796
493 642
796 340
493 446
493 225
170 513 324 772 124 431 7 326 75 
170 513
324 170
772 513
124 170
431 513
7 324
326 431
75 326
316 514 379 455 
514 455
316 514
379 455
0 205 213 583 232 559 411 
0 205
213 205
583 213
232 0
559 213
411 0
252 
577 659 31 197 
577 659
659 197
577 31
241 
417 637 
417 637
233 
224 683 77 
683 77
224 77
242 404 
242 404
279 527 73 550 552 117 476 335 760 14 558 495 790 174 531 331 735 741 746 51 733 
279 527
73 527
550 279
552 279
117 552
476 550
335 552
760 117
14 760
558 550
495 14
790 335
174 495
531 174
331 760
735 558
741 558
746 531
51 495
733 51
384 687 
384 687
165 201 175 647 286 669 
165 201
165 175
175 647
201 286
286 669
74 381 532 220 646 
74 381
74 532
381 220
532 646
212 
211 
139 398 284 763 40 359 65 713 
139 398
284 139
763 139
40 398
359 763
65 398
713 40
133 216 10 434 45 349 685 254 542 179 
133 216
10 216
434 216
45 133
349 45
685 10
254 685
542 434
179 542
96 678 
96 678
237 469 555 785 436 243 59 442 159 203 
237 469
555 237
785 469
436 785
243 436
59 555
442 469
159 555
203 243
466 709 750 
466 709
466 750
660 694 
660 694
209 
409 658 548 623 
409 658
409 548
658 623
361 686 81 221 708 715 
361 686
81 221
686 81
708 715
686 708
322 451 507 339 61 
322 451
507 61
322 507
451 339
491 692 726 
491 692
491 726
295 520 49 535 402 184 427 250 
295 520
49 295
535 49
402 520
184 535
427 184
250 402
200 
305 423 797 
305 797
305 423
673 777 222 747 
222 747
673 777
777 222
206 618 575 386 734 215 298 736 526 
206 618
575 618
386 618
734 618
215 734
298 386
736 386
526 298
93 701 649 257 
93 701
701 649
701 257
651 652 
651 652
433 614 523 82 
433 523
433 614
614 82
72 771 255 204 
72 255
72 771
771 204
621 676 
621 676
169 
448 792 309 
448 792
448 309
287 304 278 
304 278
287 278
210 490 627 154 288 609 163 
210 490
627 210
154 490
288 154
609 627
163 154
160 226 387 
160 226
226 387
44 650 718 146 775 9 691 
44 650
718 44
146 650
775 146
9 44
691 718
142 
134 
98 189 
98 189
6 743 786 
743 786
6 743
108 537 538 53 182 76 705 235 78 566 374 
108 537
538 537
53 108
182 53
76 537
705 182
235 182
78 76
566 76
374 235
12 799 521 
799 521
12 799
127 606 
127 606
128 
100 
158 251 396 766 754 89 360 727 399 470 612 103 789 
158 251
396 158
766 396
754 251
89 766
360 396
727 360
399 727
470 360
612 470
103 470
789 396
22 110 438 338 
22 438
110 338
110 438
95 
420 793 654 
420 654
420 793
437 781 
437 781
55 
48 358 478 183 
358 183
358 478
48 358
54 
41 
560 634 539 392 471 662 421 245 373 702 37 525 461 
560 634
539 634
392 560
471 392
662 539
421 539
245 392
373 662
702 421
37 245
525 37
461 702
28 
23 69 
23 69
66 656 355 635 152 56 463 610 
66 656
355 66
635 66
152 635
56 656
463 56
610 463
581 643 416 680 105 164 306 
581 643
416 581
680 581
105 416
164 680
306 164
25 
27 603 456 546 506 145 
27 603
546 145
456 506
603 506
27 546
310 393 424 545 198 270 573 391 123 307 
310 393
424 310
545 310
198 393
270 545
573 310
391 424
123 573
307 391
24 
460 500 719 120 608 655 104 256 281 258 
460 500
719 500
120 500
608 460
655 500
104 719
256 500
281 655
258 281
248 554 155 782 1 645 626 
248 554
155 554
782 155
1 782
645 782
626 1
11 
150 593 397 
150 593
150 397
