? 6 49 295 520 535 402 184 
? 6 47 640 671 16 217 231 
? 6 185 515 269 58 218 584 
? 6 296 497 181 157 410 536 
? 6 673 777 63 222 747 114 
? 6 131 313 383 576 611 499 
? 6 323 374 247 504 732 684 
? 6 36 332 121 730 261 445 
? 6 110 338 438 382 22 246 
? 6 61 548 507 748 474 129 
? 5 577 659 525 31 551 
? 5 361 686 81 221 708 
? 5 420 793 654 637 417 
? 5 44 650 718 775 691 
? 5 82 614 523 433 693 
? 5 513 772 170 124 324 
? 5 581 643 416 680 105 
? 4 146 788 278 287 
? 4 51 733 495 174 
? 4 357 359 763 7 
? 4 491 692 726 225 
? 4 60 259 425 607 
? 4 74 381 532 220 
? 4 164 437 306 781 
? 4 92 233 422 578 
? 4 79 271 13 354 
? 4 409 658 623 134 
? 4 452 498 169 327 
? 4 493 642 446 796 
? 4 569 753 388 312 
? 4 48 358 752 478 
? 4 72 771 255 204 
? 4 319 489 297 588 
? 4 689 761 617 192 
? 4 236 405 28 496 
? 4 466 709 750 448 
? 4 394 633 540 191 
? 4 77 683 224 660 
? 4 150 342 593 126 
? 4 484 787 389 622 
? 4 305 423 797 380 
? 4 562 585 736 183 
? 3 339 451 322 
? 3 6 743 786 
? 3 211 521 12 
? 3 542 731 592 
? 3 473 508 138 
? 3 194 294 672 
? 3 96 678 301 
? 3 277 723 46 
? 3 307 573 123 
? 3 125 375 653 
? 3 176 219 571 
? 3 41 187 167 
? 3 328 780 34 
? 3 80 196 102 
? 3 387 697 303 
? 3 329 518 648 
? 3 229 544 116 
? 3 308 767 690 
? 3 23 69 390 
? 3 621 676 395 
? 3 67 599 290 
? 3 502 715 547 
? 3 71 557 595 
? 3 531 746 735 
? 3 321 549 400 
!
790 
321 549 400 
321 549
549 400
481 721 
481 721
283 541 
283 541
783 
581 643 416 680 105 
581 643
581 680
416 680
416 105
101 132 202 711 291 276 501 39 302 178 141 
101 132
202 132
711 202
291 132
276 101
501 276
39 291
302 291
178 302
141 202
140 142 
140 142
776 
531 746 735 
531 746
531 735
768 
562 585 736 183 
562 736
562 585
585 183
765 
305 423 797 380 
305 797
305 423
797 380
352 712 234 636 149 363 449 758 739 665 68 620 33 510 153 275 485 447 315 480 661 664 
352 712
234 712
636 352
149 352
363 234
449 363
758 712
739 149
665 352
68 636
620 449
33 739
510 33
153 665
275 363
485 68
447 758
315 275
480 68
661 665
664 153
85 704 
85 704
258 281 522 488 274 113 256 
258 281
522 258
488 281
274 488
113 274
256 281
756 
513 772 170 124 324 
513 772
170 124
170 324
513 170
728 
707 
61 548 507 748 474 129 
61 548
61 507
507 474
548 748
548 129
695 
348 740 
348 740
687 
679 
165 175 201 461 647 669 286 
165 175
201 165
461 165
647 461
669 201
286 669
677 
646 
484 787 389 622 
484 389
389 622
787 389
270 545 393 310 424 391 100 198 
270 545
393 545
310 393
424 310
391 545
100 270
198 393
27 603 546 506 456 128 145 325 556 453 
27 603
546 27
506 603
456 506
128 506
145 546
325 456
556 128
453 556
71 557 595 
71 557
557 595
632 
629 
516 615 
516 615
502 715 547 
502 715
502 547
88 426 
88 426
112 429 
112 429
82 614 523 433 693 
523 433
614 433
82 614
82 693
582 
450 657 
450 657
377 624 
377 624
147 364 511 344 282 744 365 285 773 161 97 403 419 
147 364
511 364
344 147
282 147
744 364
365 344
285 344
773 744
161 282
97 161
403 511
419 744
106 109 794 207 368 87 99 749 195 428 444 240 115 
106 109
794 109
207 109
368 106
87 368
99 794
749 87
195 794
428 207
444 749
240 749
115 428
150 342 593 126 
150 593
150 342
342 126
67 599 290 
599 290
67 599
77 683 224 660 
224 660
77 683
77 660
579 
394 633 540 191 
394 540
394 633
394 191
574 
206 618 575 386 215 734 298 526 
206 618
575 618
386 206
215 618
734 215
298 206
526 298
353 568 591 779 458 345 347 26 299 570 266 597 785 
353 568
591 568
779 591
458 779
345 568
347 591
26 345
299 26
570 347
266 458
597 458
785 347
567 
162 666 580 57 25 253 602 
162 666
580 666
57 580
25 666
253 57
602 57
376 472 
376 472
466 709 750 448 
466 709
466 750
709 448
93 701 649 257 262 208 644 
93 701
649 701
257 701
262 257
208 262
644 649
385 698 553 86 770 710 111 168 263 
385 698
553 698
86 385
770 553
710 86
111 770
168 710
263 111
64 336 
64 336
110 338 438 382 22 246 
382 246
110 338
438 22
110 438
338 382
36 332 121 730 261 445 
36 332
121 261
121 730
36 121
261 445
137 486 42 505 130 641 268 699 4 487 
137 486
42 137
505 137
130 486
641 42
268 505
699 42
4 699
487 4
564 
236 405 28 496 
236 405
405 496
236 28
621 676 395 
621 676
621 395
533 
530 
689 761 617 192 
689 617
689 761
617 192
319 489 297 588 
319 489
319 297
297 588
323 374 247 504 732 684 
504 684
323 374
374 247
323 504
374 732
529 
431 462 
431 462
23 69 390 
23 390
23 69
131 313 383 576 611 499 
383 576
131 313
131 576
611 499
131 611
517 
210 490 627 288 154 694 609 
210 490
627 210
288 627
154 288
694 288
609 627
72 771 255 204 
72 255
72 771
771 204
29 589 798 265 432 62 737 19 464 742 90 528 587 
29 589
798 589
265 29
432 798
62 798
737 589
19 265
464 62
742 464
90 742
528 464
587 742
308 767 690 
308 767
767 690
492 
229 544 116 
229 544
544 116
329 518 648 
518 648
329 518
387 697 303 
387 697
697 303
242 404 
242 404
48 358 752 478 
358 478
358 752
48 358
24 397 
24 397
18 716 586 260 244 674 384 
18 716
586 716
260 18
244 260
674 586
384 716
673 777 63 222 747 114 
222 747
673 777
63 222
777 222
747 114
199 565 239 713 30 284 706 616 139 561 398 346 
199 565
239 565
713 199
30 713
284 713
706 30
616 239
139 284
561 284
398 139
346 561
475 
66 656 56 355 635 152 75 610 463 17 696 326 
66 656
56 66
355 656
635 656
152 635
75 152
610 56
463 610
17 355
696 355
326 75
80 196 102 
80 196
196 102
468 
279 527 550 73 117 552 335 476 760 14 558 
279 527
550 279
73 279
117 527
552 117
335 552
476 550
760 552
14 760
558 550
569 753 388 312 
569 753
388 312
569 388
560 634 392 471 662 539 421 373 245 702 37 
560 634
392 560
471 560
662 634
539 662
421 560
373 662
245 392
702 421
37 245
467 
465 
459 
651 652 
651 652
455 
328 780 34 
328 780
780 34
427 
408 
675 764 
675 764
309 792 
309 792
493 642 446 796 
642 796
493 642
493 446
44 650 718 775 691 
44 650
718 691
718 775
44 718
41 187 167 
41 187
41 167
21 272 311 717 628 151 223 757 
21 272
311 21
717 21
628 311
151 717
223 151
757 717
420 793 654 637 417 
420 654
637 417
420 793
793 417
543 755 
543 755
351 769 289 605 688 144 682 84 
351 769
289 351
605 769
688 769
144 289
682 769
84 144
452 498 169 327 
452 498
452 327
498 169
366 
356 
340 
409 658 623 134 
409 658
658 134
623 134
334 
415 667 
415 667
372 457 
372 457
296 497 181 157 410 536 
296 157
296 497
181 410
497 410
497 536
94 534 148 52 572 519 514 379 316 
94 534
148 94
52 148
572 52
519 148
514 534
379 514
316 514
79 271 13 354 
79 13
79 354
271 354
227 369 107 483 264 8 799 
227 369
107 227
483 369
264 483
8 227
799 227
304 
92 233 422 578 
92 233
92 578
422 578
292 
203 477 
203 477
280 
176 219 571 
176 219
219 571
317 440 
317 440
158 251 396 766 754 360 89 727 399 470 762 103 789 230 3 412 612 638 293 171 738 
158 251
396 158
766 396
754 251
360 766
89 766
727 360
399 727
470 727
762 399
103 470
789 396
230 789
3 789
412 89
612 103
638 412
293 638
171 412
738 171
759 778 
759 778
185 515 269 58 218 584 
269 584
185 515
515 218
185 58
269 218
361 686 81 221 708 
361 686
81 221
686 81
686 708
273 
252 
237 469 555 243 436 59 159 442 
237 469
555 469
243 555
436 243
59 243
159 59
442 159
133 216 10 434 45 349 685 741 254 179 
133 216
10 216
434 133
45 133
349 45
685 10
741 10
254 685
179 434
343 411 
343 411
443 745 362 186 91 401 337 156 350 435 
443 745
362 745
186 745
91 186
401 443
337 745
156 401
350 337
435 156
125 375 653 
375 653
125 375
212 722 
212 722
250 
164 437 306 781 
437 781
164 306
437 306
47 640 671 16 217 231 
47 640
217 231
671 231
47 671
671 16
577 659 525 31 551 
659 525
577 659
659 551
31 551
307 573 123 
307 573
573 123
205 213 0 583 559 232 2 370 
205 213
0 205
583 213
559 213
232 0
2 583
370 232
209 
277 723 46 
277 723
277 46
74 381 532 220 
74 381
74 532
381 220
645 782 626 155 331 249 248 554 190 
645 782
626 645
155 782
331 626
249 331
248 155
554 248
190 155
60 259 425 607 
60 425
60 607
60 259
172 681 
172 681
491 692 726 225 
491 692
692 225
491 726
357 359 763 7 
357 763
359 763
359 7
127 606 
127 606
200 
96 678 301 
96 678
96 301
194 294 672 
194 294
194 672
228 563 604 670 454 267 238 
228 563
604 228
670 228
454 604
267 563
238 454
473 508 138 
508 138
473 508
460 500 719 120 608 655 104 
460 500
719 500
120 500
608 460
655 500
104 460
193 
173 
38 601 
38 601
542 731 592 
542 731
731 592
20 625 367 714 35 414 729 784 136 613 241 
20 625
367 625
714 367
35 367
414 35
729 20
784 20
136 414
613 729
241 729
211 521 12 
211 521
521 12
197 512 
197 512
163 
118 
630 791 214 330 318 479 596 32 668 166 751 594 524 
630 791
214 630
330 791
318 330
479 318
596 318
32 214
668 32
166 668
751 32
594 751
524 596
51 733 495 174 
51 174
51 733
51 495
98 
6 743 786 
743 786
6 743
189 703 
189 703
65 
146 788 278 287 
278 287
788 287
146 788
55 
54 
108 537 538 53 705 182 76 235 78 566 494 1 314 
108 537
538 108
53 537
705 108
182 53
76 537
235 182
78 76
566 76
494 235
1 538
314 1
40 
122 333 
122 333
663 724 795 406 188 43 9 619 
663 724
795 663
406 663
188 406
43 795
9 43
619 9
70 378 720 226 600 160 407 
70 378
720 378
226 720
600 70
160 720
407 600
15 
49 295 520 535 402 184 
535 184
295 520
49 295
295 535
520 402
83 774 50 700 300 341 119 639 371 725 
83 774
50 774
700 50
300 83
341 700
119 341
639 50
371 300
725 371
11 
135 503 482 320 413 631 95 441 418 177 
135 503
482 135
320 503
413 320
631 320
95 413
441 631
418 135
177 482
143 180 509 590 430 439 598 
143 180
509 143
590 180
430 509
439 509
598 509
5 
339 451 322 
451 322
339 451
