? 14 255 617 334 460 188 567 764 615 429 223 555 32 560 519 
? 14 444 622 394 236 191 417 222 730 694 532 111 795 770 329 
? 13 256 552 295 91 158 545 501 135 656 775 35 732 29 
? 13 181 257 437 278 325 517 121 183 689 614 589 85 239 
? 12 282 645 760 469 9 377 331 247 687 141 393 646 
? 12 148 280 559 495 34 502 126 213 664 228 291 314 
? 12 22 575 163 362 686 550 57 272 214 302 452 602 
? 11 369 492 512 791 551 120 768 379 79 31 525 
? 11 82 612 762 63 28 211 380 129 145 68 8 
? 11 16 17 484 370 244 242 187 382 647 86 504 
? 10 712 735 240 26 373 461 774 14 610 636 
? 10 448 583 635 198 49 650 300 493 54 623 
? 9 241 498 721 75 579 779 107 115 367 
? 9 103 682 604 564 324 182 787 279 283 
? 9 351 634 445 139 73 593 426 481 571 
? 9 116 421 727 142 225 317 666 173 12 
? 9 202 572 513 289 540 794 363 298 265 
? 8 318 759 527 274 390 769 576 391 
? 8 405 658 345 776 771 323 454 388 
? 8 204 252 140 466 297 441 313 648 
? 8 389 685 159 697 184 205 276 660 
? 8 344 553 453 667 516 401 708 436 
? 8 209 350 616 620 475 262 718 744 
? 8 400 709 123 749 568 403 536 693 
? 8 15 700 558 20 503 308 678 714 
? 8 407 680 649 113 728 733 748 665 
? 7 273 423 439 719 81 311 321 
? 7 292 598 110 673 266 587 485 
? 7 352 357 176 654 518 642 543 
? 7 494 500 99 127 428 798 147 
? 7 72 217 60 51 358 715 398 
? 7 106 281 77 784 248 473 404 
? 7 397 743 688 162 114 38 93 
? 7 87 701 491 128 381 511 508 
? 6 601 758 130 164 284 467 
? 6 153 606 425 690 23 549 
? 6 92 356 59 470 702 150 
? 6 136 668 169 619 354 533 
? 6 40 766 529 565 7 726 
? 6 327 597 599 462 675 753 
? 6 177 446 151 333 6 155 
? 6 52 440 415 723 299 796 
? 6 24 683 410 330 249 41 
? 6 104 360 320 301 368 676 
? 6 366 406 546 578 304 80 
? 6 237 414 672 172 89 661 
? 5 509 699 137 56 793 
? 5 47 340 224 418 681 
? 5 84 154 710 349 319 
? 5 216 746 171 66 506 
? 5 267 594 315 218 96 
? 5 312 782 378 131 523 
? 5 19 767 178 50 521 
? 5 659 785 395 122 788 
? 5 408 507 387 707 734 
? 5 456 761 722 739 201 
? 5 61 765 64 747 386 
? 5 443 736 10 322 296 
? 4 375 499 78 165 
? 4 83 227 590 138 
? 4 4 221 669 486 
? 4 355 704 422 544 
? 4 219 754 740 94 
? 4 459 621 777 608 
? 4 25 706 717 695 
? 4 71 343 557 409 
? 4 365 595 161 561 
? 4 361 457 337 725 
? 4 277 476 98 792 
? 4 264 335 497 383 
? 4 477 505 592 449 
? 4 58 433 483 514 
? 4 613 662 246 799 
? 4 69 385 471 670 
? 4 146 434 44 463 
? 4 294 742 27 342 
? 4 548 663 605 750 
? 4 338 596 539 307 
? 4 45 48 364 737 
? 4 190 644 152 482 
? 4 21 134 309 780 
? 4 200 288 396 438 
? 4 36 652 371 778 
? 4 332 720 783 566 
? 4 496 570 729 479 
? 3 119 489 487 
? 3 74 212 206 
? 3 412 797 180 
? 3 207 588 70 
? 3 133 464 193 
? 3 88 259 684 
? 3 432 609 528 
? 3 234 541 100 
? 3 108 303 55 
? 3 168 285 624 
? 3 268 745 124 
? 3 203 538 226 
? 3 510 773 293 
? 3 251 655 336 
? 3 194 651 756 
? 3 431 569 348 
? 3 573 632 611 
? 3 167 480 607 
? 3 1 435 261 
? 3 376 641 43 
? 3 42 586 580 
? 3 189 465 235 
? 3 62 290 554 
? 3 208 474 186 
!
786 
731 
443 736 10 322 296 
736 322
443 10
443 296
443 322
703 
496 570 729 479 
729 479
496 570
570 729
202 572 513 289 540 794 363 298 265 
202 794
202 572
202 513
202 289
289 265
794 363
540 265
513 298
61 765 64 747 386 
61 765
61 747
61 64
765 386
237 414 672 172 89 661 
414 172
237 672
237 414
172 89
672 661
696 
692 
87 701 491 128 381 511 508 
491 128
701 128
491 381
87 381
381 508
701 511
450 577 
450 577
677 
671 
232 591 
232 591
208 474 186 
208 474
474 186
444 622 394 236 191 417 222 730 694 532 111 795 770 329 
191 417
236 191
111 795
222 770
730 329
444 622
444 236
394 795
795 770
417 770
532 329
222 694
622 329
366 406 546 578 304 80 
366 80
366 546
546 578
578 304
366 406
456 761 722 739 201 
456 761
722 201
739 201
761 739
618 741 
618 741
653 
638 
332 720 783 566 
720 566
332 566
332 783
62 290 554 
62 290
62 554
397 743 688 162 114 38 93 
743 688
114 93
397 688
397 93
162 114
743 38
36 652 371 778 
36 371
371 778
36 652
637 
181 257 437 278 325 517 121 183 689 614 589 85 239 
181 257
181 325
614 239
183 589
181 437
85 239
257 278
278 689
121 239
325 183
437 614
517 689
286 534 
286 534
179 724 
179 724
200 288 396 438 
200 438
288 438
396 438
104 360 320 301 368 676 
368 676
104 368
104 360
320 676
360 301
633 
24 683 410 330 249 41 
683 330
249 41
410 330
410 249
24 410
76 306 
76 306
407 680 649 113 728 733 748 665 
407 748
407 728
680 748
407 733
649 665
680 113
649 113
189 465 235 
465 235
189 235
37 149 260 231 628 603 374 411 757 102 691 39 763 447 455 585 341 631 
37 149
260 149
231 37
628 37
603 628
374 37
411 603
757 231
102 149
691 102
39 411
763 149
447 691
455 260
585 411
341 447
631 149
30 584 
30 584
42 586 580 
42 586
42 580
21 134 309 780 
21 134
134 780
309 780
629 
215 258 
215 258
626 
238 524 
238 524
376 641 43 
641 43
376 43
556 
1 435 261 
1 261
1 435
408 507 387 707 734 
507 707
408 734
707 734
387 734
106 281 77 784 248 473 404 
106 77
106 281
77 248
77 784
473 404
281 404
442 679 
442 679
72 217 60 51 358 715 398 
72 217
217 358
72 60
51 398
72 51
60 715
494 500 99 127 428 798 147 
99 798
500 428
494 428
127 147
127 428
500 798
531 
530 
190 644 152 482 
190 482
190 644
152 482
67 542 
67 542
15 700 558 20 503 308 678 714 
20 308
20 678
15 700
700 308
700 558
558 503
678 714
256 552 295 91 158 545 501 135 656 775 35 732 29 
295 91
501 35
158 135
552 91
256 29
656 775
552 501
256 552
545 29
295 656
732 29
552 158
167 480 607 
167 480
167 607
526 
90 657 
90 657
659 785 395 122 788 
659 395
659 785
785 122
659 788
287 781 
287 781
45 48 364 737 
364 737
45 364
45 48
520 
11 199 
11 199
515 
52 440 415 723 299 796 
440 299
52 723
440 415
52 440
723 796
177 446 151 333 6 155 
151 333
177 446
446 155
177 333
177 6
488 
573 632 611 
573 632
573 611
2 263 752 478 547 416 563 468 195 490 18 269 427 132 522 143 
2 263
752 2
478 752
547 2
416 752
563 478
468 2
195 468
490 195
18 752
269 195
427 547
132 478
522 269
143 195
116 421 727 142 225 317 666 173 12 
727 317
142 317
142 173
225 173
116 421
116 173
727 12
727 666
5 156 
5 156
352 357 176 654 518 642 543 
642 543
352 357
357 543
654 518
357 176
352 654
472 
338 596 539 307 
338 596
338 539
338 307
327 597 599 462 675 753 
462 675
462 753
597 675
327 597
327 599
3 359 
3 359
431 569 348 
569 348
431 569
194 651 756 
194 651
194 756
196 535 
196 535
19 767 178 50 521 
767 178
19 178
178 50
19 521
424 
548 663 605 750 
548 663
548 605
605 750
294 742 27 342 
294 742
27 342
742 27
101 581 
101 581
312 782 378 131 523 
312 378
782 378
782 523
378 131
251 655 336 
251 655
251 336
420 
400 709 123 749 568 403 536 693 
400 123
709 123
709 403
749 693
400 536
568 403
749 536
146 434 44 463 
146 434
146 44
146 463
510 773 293 
773 293
510 773
69 385 471 670 
385 471
69 385
385 670
402 
203 538 226 
203 538
538 226
112 600 
112 600
40 766 529 565 7 726 
766 529
565 726
529 726
40 766
40 7
613 662 246 799 
613 799
246 799
662 799
267 594 315 218 96 
594 96
267 96
594 315
218 96
372 772 
372 772
209 350 616 620 475 262 718 744 
209 350
209 616
616 262
475 744
262 718
620 262
209 475
22 575 163 362 686 550 57 272 214 302 452 602 
686 57
272 602
452 602
22 575
22 214
272 302
362 602
362 686
22 163
163 362
550 214
268 745 124 
268 124
745 124
58 433 483 514 
58 433
433 483
483 514
477 505 592 449 
505 449
477 505
477 592
344 553 453 667 516 401 708 436 
516 708
453 401
344 553
344 667
453 708
344 708
453 436
168 285 624 
285 624
168 285
392 
413 630 
413 630
264 335 497 383 
264 383
335 497
264 335
118 243 
118 243
389 685 159 697 184 205 276 660 
389 660
697 184
184 276
685 184
159 205
389 685
389 159
148 280 559 495 34 502 126 213 664 228 291 314 
34 126
148 495
148 280
664 228
280 559
559 291
495 126
559 314
280 213
495 502
502 228
384 
282 645 760 469 9 377 331 247 687 141 393 646 
760 331
645 760
282 760
469 9
282 469
377 646
9 141
469 393
331 646
247 393
687 141
216 746 171 66 506 
216 746
746 171
746 66
66 506
353 
108 303 55 
108 303
108 55
347 
136 668 169 619 354 533 
668 169
136 668
619 354
169 354
136 533
234 541 100 
541 100
234 100
432 609 528 
432 528
609 528
346 
351 634 445 139 73 593 426 481 571 
139 481
351 634
593 481
73 593
634 445
634 73
73 571
445 426
204 252 140 466 297 441 313 648 
204 648
204 252
252 297
441 648
441 313
140 466
252 140
88 259 684 
88 259
259 684
277 476 98 792 
98 792
277 792
277 476
316 
328 705 
328 705
310 
305 
271 
229 
627 751 
627 751
448 583 635 198 49 650 300 493 54 623 
448 583
583 635
300 493
448 493
198 493
198 49
650 54
650 623
635 650
92 356 59 470 702 150 
92 356
470 702
92 59
59 150
92 470
361 457 337 725 
361 457
361 725
457 337
292 598 110 673 266 587 485 
673 266
673 485
292 598
598 266
292 110
598 587
197 
84 154 710 349 319 
710 319
84 349
154 349
710 349
365 595 161 561 
365 595
365 561
595 161
133 464 193 
464 193
133 193
175 275 
175 275
71 343 557 409 
343 409
71 343
71 557
233 713 
233 713
174 
458 674 
458 674
16 17 484 370 244 242 187 382 647 86 504 
484 242
16 17
17 484
17 370
16 244
382 647
370 382
242 504
244 86
187 382
255 617 334 460 188 567 764 615 429 223 555 32 560 519 
615 560
188 567
255 555
617 460
764 223
334 223
255 617
255 32
334 32
555 560
615 429
617 567
429 519
170 
33 643 
33 643
82 612 762 63 28 211 380 129 145 68 8 
612 8
762 28
63 380
612 28
211 380
145 68
380 8
82 762
762 129
612 68
207 588 70 
207 70
207 588
166 
250 562 
250 562
25 706 717 695 
25 706
25 717
706 695
711 738 
711 738
160 
185 574 
185 574
157 
459 621 777 608 
459 777
621 777
459 608
103 682 604 564 324 182 787 279 283 
604 182
682 604
787 283
103 682
604 324
103 283
564 787
564 279
125 
109 
220 537 
220 537
253 625 790 46 789 640 97 419 13 716 270 339 254 245 144 192 117 0 430 755 639 
253 625
790 253
46 253
789 790
640 625
97 253
419 789
13 625
716 625
270 253
339 625
254 789
245 419
144 789
192 46
117 192
0 419
430 789
755 430
639 789
153 606 425 690 23 549 
425 23
153 606
23 549
153 425
425 690
47 340 224 418 681 
340 224
418 681
47 340
224 418
219 754 740 94 
219 94
219 754
754 740
241 498 721 75 579 779 107 115 367 
579 107
107 115
107 367
721 75
498 367
241 498
75 779
498 721
412 797 180 
412 180
412 797
582 698 
582 698
369 492 512 791 551 120 768 379 79 31 525 
551 120
369 492
369 791
120 768
492 379
492 512
791 79
512 551
79 31
768 525
509 699 137 56 793 
509 793
699 793
509 137
509 56
405 658 345 776 771 323 454 388 
658 345
776 771
323 388
323 454
658 388
405 771
405 345
355 704 422 544 
355 422
704 422
422 544
105 451 
105 451
210 230 
210 230
4 221 669 486 
4 221
221 486
221 669
601 758 130 164 284 467 
164 467
601 758
758 284
601 130
164 284
95 
318 759 527 274 390 769 576 391 
527 390
390 576
318 527
759 527
759 274
274 769
318 391
74 212 206 
74 212
212 206
119 489 487 
119 489
119 487
83 227 590 138 
83 227
227 590
590 138
65 
53 
712 735 240 26 373 461 774 14 610 636 
240 14
712 735
712 14
735 373
461 610
26 774
712 26
240 461
26 636
273 423 439 719 81 311 321 
81 321
273 423
439 719
273 439
423 321
439 311
375 499 78 165 
375 78
499 78
375 165
326 399 
326 399
