? 14 209 350 616 262 475 620 19 718 744 520 47 438 767 340 
? 14 16 17 370 484 244 187 647 382 86 242 504 531 479 89 
? 13 2 263 416 752 478 547 18 563 490 195 724 468 143 
? 13 82 762 63 612 211 28 380 129 68 145 213 98 483 
? 12 645 760 282 469 331 377 247 212 687 9 206 632 
? 12 334 617 255 460 223 567 32 764 188 761 426 3 
? 12 91 295 552 656 256 158 35 421 135 501 116 545 
? 11 181 325 278 257 437 183 121 589 614 85 180 
? 11 604 682 103 564 324 283 787 705 482 10 152 
? 11 202 572 513 289 363 265 298 794 540 736 365 
? 10 154 533 84 678 136 742 174 710 354 714 
? 10 148 280 495 34 559 126 228 8 502 654 
? 9 22 575 163 362 686 214 33 57 602 
? 9 669 774 26 636 713 221 735 712 549 
? 9 239 240 610 14 461 373 797 233 15 
? 9 494 500 99 127 428 573 798 147 119 
? 9 405 658 345 776 771 388 454 323 375 
? 8 155 576 390 527 177 1 732 759 
? 8 272 452 360 301 302 104 368 676 
? 8 558 689 700 517 440 20 415 643 
? 8 351 634 445 139 73 481 571 593 
? 8 120 551 791 492 369 512 364 48 
? 8 204 252 466 140 297 313 441 758 
? 8 92 114 356 162 59 93 470 702 
? 8 453 708 401 274 553 769 54 595 
? 8 241 498 721 367 75 392 115 107 
? 7 153 606 690 550 23 425 486 
? 7 79 511 451 442 105 379 701 
? 7 123 709 400 568 749 403 179 
? 7 273 423 81 439 719 311 321 
? 7 72 217 715 51 60 358 432 
? 7 24 683 330 746 216 41 410 
? 7 544 587 704 496 355 570 786 
? 7 395 659 122 556 319 665 788 
? 6 352 357 176 543 518 642 
? 6 159 205 389 491 660 508 
? 6 61 765 64 747 332 668 
? 6 292 598 110 266 485 88 
? 6 366 546 406 648 557 578 
? 6 509 699 697 137 594 184 
? 6 113 619 342 27 407 680 
? 6 312 782 131 378 523 337 
? 6 248 264 497 106 281 383 
? 6 429 615 743 397 688 519 
? 6 128 381 87 146 740 679 
? 6 40 766 565 529 77 726 
? 5 74 672 237 414 172 
? 5 408 599 167 387 734 
? 5 164 189 284 467 601 
? 5 317 727 385 173 69 
? 5 462 597 327 753 215 
? 5 83 227 590 336 138 
? 5 56 267 67 218 124 
? 5 291 579 36 778 510 
? 5 329 717 532 706 675 
? 5 165 499 78 396 413 
? 5 80 343 71 592 505 
? 5 151 333 446 474 208 
? 4 608 652 371 773 
? 4 361 457 707 230 
? 4 685 793 276 528 
? 4 207 588 38 322 
? 4 476 792 738 566 
? 4 335 536 305 693 
? 4 96 315 548 487 
? 4 178 418 50 681 
? 4 650 670 516 109 
? 4 219 754 224 199 
? 4 639 667 344 245 
? 4 456 722 739 201 
? 4 673 684 259 422 
? 4 31 525 651 768 
? 4 66 171 249 772 
? 4 459 621 677 271 
? 4 21 150 307 197 
? 4 733 748 193 464 
? 4 161 627 6 561 
? 4 349 399 55 299 
? 4 359 538 560 596 
? 4 649 728 294 118 
? 4 190 296 443 30 
? 4 58 277 514 133 
? 4 269 404 132 473 
? 4 45 756 674 637 
? 4 52 796 723 503 
? 3 130 539 65 
? 3 182 279 779 
? 3 434 555 44 
? 3 376 641 43 
? 3 142 225 635 
? 3 194 737 661 
? 3 220 348 431 
? 3 258 480 524 
? 3 246 799 458 
? 3 185 542 605 
? 3 696 741 618 
? 3 7 391 168 
? 3 169 196 720 
? 3 12 698 318 
? 3 314 433 711 
? 3 134 309 338 
? 3 304 465 287 
? 3 308 412 386 
? 3 285 624 306 
? 3 5 156 328 
? 3 339 409 170 
? 3 515 541 372 
? 3 580 586 42 
? 3 186 777 644 
!
783 
780 
151 333 446 474 208 
151 333
151 474
333 446
474 208
775 
52 796 723 503 
52 723
796 723
723 503
405 658 345 776 771 388 454 323 375 
658 345
454 375
776 771
388 323
454 323
658 388
405 771
405 345
80 343 71 592 505 
80 343
71 592
343 71
343 505
40 766 565 529 77 726 
766 529
565 726
529 726
529 77
40 766
751 
731 
395 659 122 556 319 665 788 
395 659
556 665
556 319
395 319
122 665
659 788
488 613 
488 613
703 
692 
95 671 
95 671
186 777 644 
186 644
186 777
16 17 370 484 244 187 647 382 86 242 504 531 479 89 
484 242
16 17
504 89
17 484
370 479
17 370
16 244
86 531
647 382
370 382
242 89
244 86
187 382
128 381 87 146 740 679 
381 87
87 740
128 381
87 679
128 146
165 499 78 396 413 
499 78
78 413
165 78
78 396
144 591 
144 591
666 
664 
45 756 674 637 
45 756
674 637
45 637
580 586 42 
586 42
580 42
544 587 704 496 355 570 786 
544 570
544 496
587 570
704 570
496 786
355 570
269 404 132 473 
269 404
404 473
269 132
657 
82 762 63 612 211 28 380 129 68 145 213 98 483 
762 28
63 380
612 28
211 380
68 145
762 380
211 213
82 762
762 129
612 68
145 483
98 483
347 577 
347 577
402 530 
402 530
58 277 514 133 
277 133
58 133
277 514
429 615 743 397 688 519 
743 688
429 397
397 688
615 688
397 519
655 
248 264 497 106 281 383 
497 106
264 383
248 264
497 281
248 106
254 755 
254 755
241 498 721 367 75 392 115 107 
392 115
392 107
367 107
721 75
498 367
241 498
498 721
515 541 372 
515 372
541 372
191 417 770 795 583 448 222 444 694 236 111 394 49 622 300 472 730 25 
191 417
770 417
795 417
583 770
448 583
222 417
444 417
694 417
236 444
111 795
394 444
49 191
622 444
300 448
472 191
730 622
25 222
210 506 
210 506
339 409 170 
339 409
339 170
190 296 443 30 
443 30
296 30
190 443
653 
420 569 
420 569
646 
310 663 
310 663
5 156 328 
5 156
156 328
638 
285 624 306 
285 624
285 306
329 717 532 706 675 
706 675
329 532
532 675
717 532
24 683 330 746 216 41 410 
683 330
746 216
330 410
24 410
41 410
24 746
393 611 
393 611
72 217 715 51 60 358 432 
72 217
217 358
72 60
72 51
715 60
51 432
273 423 81 439 719 311 321 
81 321
273 423
439 719
273 439
423 321
439 311
631 
626 
649 728 294 118 
649 294
294 118
649 728
13 781 
13 781
453 708 401 274 553 769 54 595 
453 274
401 54
769 595
453 401
708 274
708 769
708 553
2 263 416 752 478 547 18 563 490 195 724 468 143 
490 143
563 468
752 478
490 195
2 478
2 263
478 547
416 547
416 18
490 724
18 468
547 143
308 412 386 
308 386
308 412
600 
243 535 
243 535
291 579 36 778 510 
291 36
291 778
579 778
778 510
238 695 
238 695
359 538 560 596 
359 560
538 596
538 560
581 
275 450 
275 450
537 
312 782 131 378 523 337 
312 378
312 337
782 378
782 523
131 378
113 619 342 27 407 680 
113 619
619 27
27 680
342 407
407 680
534 
304 465 287 
304 287
304 465
253 625 790 789 640 46 192 97 629 716 430 449 270 419 0 507 
253 625
790 625
789 790
640 625
46 253
192 46
97 625
629 253
716 253
430 789
449 253
270 790
419 789
0 789
507 789
494 500 99 127 428 573 798 147 119 
99 798
500 428
500 119
494 428
798 119
147 119
127 147
573 147
112 166 
112 166
123 709 400 568 749 403 179 
123 400
123 709
709 403
749 179
568 403
400 749
522 
349 399 55 299 
55 299
399 55
349 399
509 699 697 137 594 184 
697 184
699 697
509 137
509 699
509 594
4 346 
4 346
134 309 338 
309 338
134 338
314 433 711 
314 711
433 711
70 584 
70 584
56 267 67 218 124 
56 124
56 267
267 67
56 218
489 
161 627 6 561 
627 561
161 6
161 561
733 748 193 464 
748 193
733 748
733 464
90 286 
90 286
83 227 590 336 138 
83 227
227 590
83 336
590 138
12 698 318 
698 318
12 318
477 
92 114 356 162 59 93 470 702 
59 93
356 162
114 59
92 114
92 356
470 702
92 470
21 150 307 197 
150 197
21 307
150 307
169 196 720 
196 720
169 720
459 621 677 271 
459 271
621 677
621 271
463 
7 391 168 
7 168
391 168
261 435 
261 435
366 546 406 648 557 578 
366 557
366 546
406 557
546 578
406 648
66 171 249 772 
66 171
249 772
171 249
462 597 327 753 215 
462 753
327 215
462 597
597 327
436 623 
436 623
204 252 466 140 297 313 441 758 
204 252
252 297
313 441
466 140
140 758
204 441
252 140
91 295 552 656 256 158 35 421 135 501 116 545 
91 295
35 501
158 135
91 552
656 421
552 501
552 256
295 656
421 116
256 545
552 158
696 741 618 
696 618
696 741
31 525 651 768 
525 768
525 651
31 768
673 684 259 422 
673 259
684 259
673 422
120 551 791 492 369 512 364 48 
120 48
120 551
492 369
791 369
492 512
512 48
120 364
185 542 605 
185 605
185 542
427 
53 784 
53 784
456 722 739 201 
722 201
739 201
456 201
471 493 
471 493
351 634 445 139 73 481 571 593 
139 481
351 634
481 593
73 593
634 445
634 73
73 571
334 617 255 460 223 567 32 764 188 761 426 3 
567 188
764 761
617 460
223 764
334 223
617 255
255 32
334 32
617 567
223 3
761 426
424 
645 760 282 469 331 377 247 212 687 9 206 632 
760 331
645 760
760 282
469 9
282 469
645 206
212 687
331 247
377 206
247 632
212 9
317 727 385 173 69 
317 727
317 173
317 385
385 69
353 
246 799 458 
799 458
246 458
316 
292 598 110 266 485 88 
266 88
485 88
292 598
598 266
292 110
258 480 524 
258 524
258 480
220 348 431 
220 348
348 431
293 
239 240 610 14 461 373 797 233 15 
240 14
610 461
239 240
239 461
240 373
373 797
610 15
14 233
558 689 700 517 440 20 415 643 
689 700
558 689
517 440
558 517
517 415
700 20
558 643
194 737 661 
194 737
737 661
639 667 344 245 
667 344
667 245
639 245
290 
521 562 
521 562
251 
235 
234 
232 
326 633 
326 633
148 280 495 34 559 126 228 8 502 654 
34 126
148 495
148 280
280 559
502 654
495 126
495 502
228 654
280 8
61 765 64 747 332 668 
747 332
61 765
61 332
61 64
332 668
219 754 224 199 
219 754
754 224
754 199
79 511 451 442 105 379 701 
79 511
442 701
79 379
511 105
79 451
511 701
229 
164 189 284 467 601 
189 601
164 467
189 284
164 284
650 670 516 109 
650 109
650 516
670 516
142 225 635 
225 635
142 225
62 554 
62 554
178 418 50 681 
418 50
50 681
178 418
384 607 
384 607
226 
117 729 
117 729
202 572 513 289 363 265 298 794 540 736 365 
202 794
202 572
794 736
202 513
202 289
289 265
363 794
265 540
513 298
298 365
209 350 616 262 475 620 19 718 744 520 47 438 767 340 
19 520
718 47
209 350
620 520
209 616
47 340
616 262
475 744
262 718
620 767
262 620
744 438
209 475
203 
268 745 
268 745
604 682 103 564 324 283 787 705 482 10 152 
604 682
324 152
324 705
604 152
283 787
682 103
103 283
564 787
564 482
604 10
376 641 43 
641 43
376 43
198 
101 582 
101 582
96 315 548 487 
315 548
315 487
96 315
288 320 
288 320
175 
100 725 
100 725
160 
335 536 305 693 
305 693
536 693
335 536
669 774 26 636 713 221 735 712 549 
669 549
735 712
636 713
774 26
26 712
636 549
774 549
669 221
157 
141 
11 250 
11 250
37 149 260 231 628 603 374 411 39 757 102 691 455 341 303 785 200 447 585 763 108 
37 149
260 149
231 37
628 149
603 628
374 37
411 603
39 411
757 231
102 37
691 102
455 149
341 691
303 603
785 691
200 303
447 785
585 411
763 260
108 39
159 205 389 491 660 508 
389 660
159 205
159 491
491 508
159 389
408 599 167 387 734 
599 167
408 734
408 599
387 734
476 792 738 566 
792 566
476 738
476 792
22 575 163 362 686 214 33 57 602 
686 57
22 575
22 214
362 602
362 686
22 163
163 362
214 33
434 555 44 
434 555
555 44
526 750 
526 750
181 325 278 257 437 183 121 589 614 85 180 
181 257
181 325
183 589
181 437
278 257
614 85
589 180
121 614
325 183
437 614
74 672 237 414 172 
74 672
414 172
672 237
237 414
272 452 360 301 302 104 368 676 
272 302
272 452
368 676
104 368
360 302
360 104
301 302
207 588 38 322 
207 38
588 38
588 322
94 630 
94 630
574 662 
574 662
685 793 276 528 
793 528
685 276
685 528
352 357 176 543 518 642 
543 642
352 357
357 543
357 176
352 518
125 
155 576 390 527 177 1 732 759 
390 1
155 576
390 527
576 390
527 759
155 732
155 177
182 279 779 
182 779
182 279
130 539 65 
130 65
130 539
361 457 707 230 
361 457
361 230
457 707
76 
29 
154 533 84 678 136 742 174 710 354 714 
174 354
154 533
174 714
533 742
533 84
154 678
136 714
742 174
84 710
153 606 690 550 23 425 486 
23 425
425 486
153 606
153 486
690 486
606 550
608 652 371 773 
608 652
608 773
608 371
398 609 
398 609
