? 14 181 257 325 437 278 610 183 689 589 517 85 121 614 558 
? 14 191 417 770 795 583 394 111 448 444 236 49 622 222 694 
? 13 16 17 370 484 244 242 187 647 531 382 504 65 89 
? 13 82 762 612 28 63 211 129 68 8 145 213 126 476 
? 12 295 552 91 256 158 656 35 775 29 135 545 501 
? 12 369 492 512 551 791 120 539 451 31 79 379 164 
? 12 282 645 760 469 206 377 9 247 331 745 632 141 
? 11 103 682 604 564 324 190 705 534 787 10 482 
? 11 148 280 559 34 502 495 664 579 518 314 654 
? 11 239 240 712 14 461 735 373 15 308 64 26 
? 10 202 572 513 289 540 794 363 505 265 298 
? 10 453 708 274 401 54 595 769 553 344 670 
? 9 351 634 445 481 139 73 593 571 156 
? 9 116 421 727 225 142 317 173 76 666 
? 9 209 350 616 620 744 718 19 521 520 
? 9 334 617 255 460 764 188 223 567 32 
? 9 669 774 636 221 713 23 549 233 180 
? 8 52 440 415 57 503 643 723 299 
? 8 163 575 22 362 686 550 606 602 
? 8 241 498 721 107 75 291 367 738 
? 8 266 485 704 598 88 673 292 259 
? 8 272 452 360 302 301 104 214 368 
? 8 177 446 151 155 1 576 390 186 
? 8 318 527 759 732 751 391 168 101 
? 8 441 648 366 252 297 406 313 546 
? 8 405 658 776 345 771 375 323 388 
? 7 154 533 84 678 136 710 294 
? 7 509 699 697 137 184 246 51 
? 7 92 162 114 59 356 93 150 
? 7 99 500 494 127 428 798 119 
? 7 389 685 159 276 432 660 205 
? 7 400 709 123 403 568 749 693 
? 7 273 439 423 719 81 311 171 
? 7 352 357 176 642 431 228 348 
? 6 381 491 701 508 87 128 
? 6 407 733 680 748 728 665 
? 6 267 594 56 218 548 124 
? 6 601 758 140 284 466 570 
? 6 169 668 27 720 354 619 
? 6 24 683 330 410 41 216 
? 6 40 766 565 529 77 726 
? 6 61 765 747 386 332 783 
? 6 106 281 473 264 248 497 
? 6 110 684 86 355 587 336 
? 6 327 597 462 480 387 215 
? 6 72 217 60 715 358 398 
? 5 395 659 556 122 785 
? 5 615 743 397 429 38 
? 5 470 702 146 538 434 
? 5 83 227 590 138 523 
? 5 312 782 378 131 337 
? 5 224 340 47 681 262 
? 5 329 717 532 730 321 
? 5 649 742 342 113 174 
? 5 50 178 767 418 562 
? 5 456 761 722 739 353 
? 5 496 544 251 422 703 
? 5 167 599 408 0 734 
? 4 36 608 652 778 
? 4 147 573 489 750 
? 4 409 449 343 667 
? 4 161 365 561 627 
? 4 153 690 486 4 
? 4 130 467 189 204 
? 4 78 200 499 320 
? 4 300 635 385 493 
? 4 20 349 319 316 
? 4 172 672 74 414 
? 4 219 754 11 424 
? 4 443 736 322 296 
? 4 98 483 514 792 
? 4 361 457 507 210 
? 4 212 687 637 661 
? 4 288 396 165 676 
? 4 80 578 71 557 
? 4 459 784 371 621 
? 4 249 506 746 772 
? 4 442 511 105 458 
? 4 364 525 45 756 
? 4 675 753 372 25 
? 4 182 347 779 175 
? 4 196 566 535 586 
? 4 115 392 58 277 
? 4 55 399 326 95 
? 4 185 487 315 96 
? 3 359 560 555 
? 3 67 528 574 
? 3 207 688 201 
? 3 376 641 43 
? 3 454 630 530 
? 3 474 777 677 
? 3 193 464 243 
? 3 5 588 780 
? 3 591 707 234 
? 3 433 711 133 
? 3 208 333 6 
? 3 21 134 307 
? 3 48 768 674 
? 3 651 737 194 
? 3 536 724 179 
? 3 69 581 582 
? 3 346 425 33 
? 3 109 516 471 
? 3 198 472 650 
? 3 157 725 541 
? 3 197 304 465 
? 3 152 283 30 
? 3 170 384 755 
? 3 3 519 692 
!
799 
796 
167 599 408 0 734 
167 599
408 0
408 734
599 408
788 
185 487 315 96 
185 487
185 315
315 96
669 774 636 221 713 23 549 233 180 
669 549
636 233
636 713
549 233
23 180
669 23
774 549
221 23
496 544 251 422 703 
496 544
251 422
544 251
496 703
72 217 60 715 358 398 
72 217
217 358
72 60
60 715
72 398
781 
729 
352 357 176 642 431 228 348 
352 357
357 642
357 176
642 431
352 228
176 348
144 232 
144 232
698 
653 
166 235 
166 235
3 519 692 
3 519
3 692
191 417 770 795 583 394 111 448 444 236 49 622 222 694 
191 417
583 694
191 236
583 448
795 111
770 222
111 448
444 622
444 236
795 394
770 448
417 770
191 49
327 597 462 480 387 215 
327 215
597 462
327 597
597 387
480 215
456 761 722 739 353 
456 761
761 739
456 353
722 739
613 662 
613 662
646 
633 
55 399 326 95 
399 326
55 399
55 95
170 384 755 
170 384
170 755
273 439 423 719 81 311 171 
273 423
439 719
273 439
423 81
439 311
719 171
115 392 58 277 
115 392
115 58
58 277
623 
82 762 612 28 63 211 129 68 8 145 213 126 476 
612 8
762 28
612 28
68 145
63 211
211 213
211 8
82 762
762 129
68 476
612 68
63 126
412 797 
412 797
203 679 
203 679
196 566 535 586 
196 535
196 566
535 586
110 684 86 355 587 336 
110 684
86 587
110 336
110 86
355 336
618 
106 281 473 264 248 497 
106 497
264 248
281 497
473 264
106 248
450 537 
450 537
405 658 776 345 771 375 323 388 
658 345
776 771
323 388
375 323
658 388
405 771
405 345
152 283 30 
152 283
283 30
2 263 752 416 478 547 490 468 563 195 18 427 269 383 143 404 543 132 
2 263
752 263
416 752
478 752
547 478
490 263
468 2
563 478
195 547
18 752
427 490
269 195
383 195
143 490
404 383
543 269
132 18
605 663 
605 663
197 304 465 
197 465
197 304
182 347 779 175 
182 779
182 347
347 175
611 
696 741 
696 741
600 
42 577 
42 577
157 725 541 
157 725
725 541
596 
198 472 650 
198 472
472 650
50 178 767 418 562 
50 418
178 767
178 418
178 562
400 709 123 403 568 749 693 
400 123
709 123
709 403
749 693
403 568
400 749
293 638 
293 638
389 685 159 276 432 660 205 
389 660
159 205
685 432
685 276
432 660
389 159
99 500 494 127 428 798 119 
99 798
500 428
500 119
494 428
798 119
127 428
580 
526 
675 753 372 25 
675 753
753 25
675 372
477 592 
477 592
441 648 366 252 297 406 313 546 
406 313
252 297
648 252
441 648
366 546
441 313
441 546
16 17 370 484 244 242 187 647 531 382 504 65 89 
484 242
16 17
504 89
17 484
187 65
17 370
16 244
647 382
370 382
242 89
187 382
244 531
109 516 471 
109 471
109 516
524 
12 306 
12 306
649 742 342 113 174 
113 174
742 174
649 342
649 742
226 338 
226 338
364 525 45 756 
45 756
364 525
364 45
522 
463 740 
463 740
515 
61 765 747 386 332 783 
747 332
765 783
61 765
61 332
765 386
40 766 565 529 77 726 
766 529
565 726
529 726
529 77
40 766
488 
346 425 33 
346 33
346 425
253 625 790 640 46 789 97 254 339 192 419 270 245 13 117 786 
253 625
790 625
640 253
46 625
789 790
97 253
254 625
339 253
192 46
419 789
270 625
245 789
13 253
117 192
786 253
334 617 255 460 764 188 223 567 32 
188 567
617 460
764 223
334 223
617 255
255 32
334 32
617 567
261 435 
261 435
92 162 114 59 356 93 150 
59 93
162 356
114 59
92 114
92 356
59 150
479 
442 511 105 458 
511 458
105 458
442 511
24 683 330 410 41 216 
683 330
330 410
24 410
410 41
683 216
100 230 
100 230
69 581 582 
69 581
69 582
536 724 179 
536 724
724 179
305 335 
305 335
329 717 532 730 321 
329 730
329 532
717 321
717 532
475 
249 506 746 772 
249 506
249 772
506 746
459 784 371 621 
459 784
371 621
459 621
229 644 
229 644
224 340 47 681 262 
224 340
340 47
224 681
224 262
651 737 194 
737 194
651 194
436 
318 527 759 732 751 391 168 101 
318 101
318 527
527 759
732 168
751 168
527 732
391 101
80 578 71 557 
80 557
80 71
80 578
48 768 674 
48 768
768 674
288 396 165 676 
396 676
288 676
165 676
430 
21 134 307 
21 134
21 307
607 639 
607 639
169 668 27 720 354 619 
169 668
27 619
27 720
354 619
169 354
212 687 637 661 
687 661
212 687
212 637
312 782 378 131 337 
312 378
312 337
782 378
378 131
94 199 
94 199
177 446 151 155 1 576 390 186 
1 390
155 576
576 390
177 446
446 155
177 151
177 186
282 645 760 469 206 377 9 247 331 745 632 141 
760 331
645 760
282 760
247 745
469 9
282 469
645 206
9 141
745 632
247 331
206 377
208 333 6 
208 333
333 6
361 457 507 210 
361 210
361 457
457 507
98 483 514 792 
514 792
98 514
483 792
272 452 360 302 301 104 214 368 
272 302
272 452
104 368
360 302
360 104
302 301
272 214
433 711 133 
433 133
433 711
426 
655 716 
655 716
443 736 322 296 
736 322
443 296
443 322
609 793 
609 793
266 485 704 598 88 673 292 259 
704 598
88 673
673 259
266 88
485 88
266 704
598 292
369 492 512 551 791 120 539 451 31 79 379 164 
551 120
369 492
120 451
369 791
791 451
539 164
492 379
492 512
791 79
31 79
492 539
420 
295 552 91 256 158 656 35 775 29 135 545 501 
295 91
35 501
158 135
552 91
256 29
656 775
552 501
552 256
29 545
295 656
552 158
83 227 590 138 523 
227 523
590 523
83 227
138 523
413 
591 707 234 
591 707
707 234
380 
601 758 140 284 466 570 
140 284
140 466
601 758
758 140
758 570
5 588 780 
5 588
588 780
193 464 243 
193 464
193 243
328 
209 350 616 620 744 718 19 521 520 
19 520
209 350
620 520
209 616
616 521
616 718
350 520
744 521
241 498 721 107 75 291 367 738 
107 367
721 75
498 367
241 498
241 291
498 721
107 738
474 777 677 
474 777
777 677
219 754 11 424 
219 754
754 11
754 424
290 
220 569 
220 569
286 
279 
275 
271 
287 309 
287 309
453 708 274 401 54 595 769 553 344 670 
453 274
401 54
595 769
453 401
553 344
553 670
708 274
708 769
54 670
267 594 56 218 548 124 
594 56
594 124
267 56
548 124
56 218
172 672 74 414 
672 74
172 414
672 414
509 699 697 137 184 246 51 
137 51
184 246
697 184
699 697
509 137
509 699
258 
470 702 146 538 434 
470 702
470 146
702 538
146 434
20 349 319 316 
349 316
349 319
20 349
454 630 530 
454 630
454 530
310 542 
310 542
300 635 385 493 
300 493
635 385
635 493
554 671 
554 671
250 
584 657 
584 657
239 240 712 14 461 735 373 15 308 64 26 
240 14
712 735
712 14
735 373
239 240
373 64
712 26
239 461
15 308
461 308
181 257 325 437 278 610 183 689 589 517 85 121 614 558 
610 121
181 257
181 325
183 589
181 437
257 278
85 614
278 689
689 558
517 558
610 614
325 183
437 614
238 
700 714 
700 714
148 280 559 34 502 495 664 579 518 314 654 
148 495
148 280
280 559
502 654
559 314
518 654
34 495
502 495
664 518
559 579
376 641 43 
641 43
376 43
237 
510 773 
510 773
78 200 499 320 
78 499
78 320
78 200
44 160 
44 160
125 
268 393 
268 393
118 
130 467 189 204 
130 189
189 204
467 204
116 421 727 225 142 317 173 76 666 
727 317
142 317
142 173
225 173
116 421
727 76
116 173
76 666
90 
70 
402 438 
402 438
149 260 37 231 603 411 628 374 757 39 691 763 341 102 585 108 631 303 447 731 455 
149 260
37 149
231 149
603 231
411 603
628 603
374 603
757 260
39 411
691 37
763 149
341 691
102 691
585 411
108 411
631 603
303 603
447 691
731 628
455 374
407 733 680 748 728 665 
407 748
407 728
680 748
407 733
728 665
615 743 397 429 38 
397 429
615 743
743 397
743 38
153 690 486 4 
690 4
153 486
486 4
351 634 445 481 139 73 593 571 156 
481 139
351 634
481 593
634 156
73 593
73 156
634 445
73 571
207 688 201 
688 201
207 201
62 626 
62 626
103 682 604 564 324 190 705 534 787 10 482 
682 604
324 705
534 787
564 190
103 682
604 324
190 787
564 482
103 787
604 10
395 659 556 122 785 
395 659
659 785
556 785
122 785
163 575 22 362 686 550 606 602 
575 22
362 602
362 686
163 22
163 362
575 550
550 606
161 365 561 627 
365 561
561 627
161 561
112 629 
112 629
695 706 
695 706
409 449 343 667 
449 667
409 343
409 449
381 491 701 508 87 128 
491 128
701 128
381 491
381 87
381 508
66 
52 440 415 57 503 643 723 299 
415 503
440 299
52 723
440 415
52 440
52 57
52 643
67 528 574 
67 574
67 528
359 560 555 
560 555
359 555
147 573 489 750 
147 750
573 489
147 573
53 
7 
202 572 513 289 540 794 363 505 265 298 
202 794
202 572
202 513
202 289
289 265
794 363
540 265
513 298
505 265
154 533 84 678 136 710 294 
84 294
154 533
533 294
154 678
84 710
533 136
36 608 652 778 
608 652
36 608
36 778
285 624 
285 624
