? 14 257 325 181 437 278 85 610 689 121 183 589 558 614 412 
? 14 16 17 370 484 244 187 242 647 382 86 504 65 479 531 
? 13 255 617 460 188 555 615 764 32 567 223 429 560 631 
? 13 253 625 790 789 46 97 639 640 339 419 192 430 629 
? 12 282 645 760 469 206 9 377 247 687 745 331 212 
? 12 148 280 495 559 34 213 126 228 8 63 502 380 
? 12 612 762 82 28 211 483 68 129 145 433 115 98 
? 11 441 648 366 406 252 297 546 578 313 166 204 
? 11 492 512 369 791 551 120 539 451 189 379 364 
? 11 405 658 776 345 771 454 388 323 94 219 731 
? 10 169 668 136 332 342 354 27 154 619 113 
? 10 712 735 240 373 239 461 14 774 308 26 
? 9 351 634 481 593 445 139 73 571 696 
? 9 295 552 256 91 158 656 35 29 135 
? 9 241 498 721 75 107 291 579 367 392 
? 9 202 572 513 289 540 298 265 736 363 
? 9 99 494 500 798 127 428 147 119 573 
? 8 209 616 350 620 520 438 744 50 
? 8 155 576 390 527 177 732 751 333 
? 8 84 533 554 386 678 62 742 710 
? 8 103 682 604 564 182 283 482 324 
? 8 272 452 360 302 686 301 104 368 
? 8 636 669 713 23 549 221 486 797 
? 8 453 708 274 401 553 54 595 344 
? 8 22 575 163 362 214 550 796 602 
? 8 92 114 356 93 162 702 470 59 
? 7 24 683 330 746 41 216 249 
? 7 292 598 110 266 485 88 587 
? 7 389 685 697 184 205 793 276 
? 7 164 467 466 284 130 140 465 
? 7 491 508 381 128 701 679 87 
? 7 176 357 352 654 642 543 431 
? 7 40 766 545 565 529 77 726 
? 7 601 758 117 496 570 544 703 
? 6 318 759 69 769 581 261 
? 6 116 421 775 727 142 317 
? 6 273 423 719 439 81 311 
? 6 47 340 262 718 199 418 
? 6 15 700 517 20 503 440 
? 6 397 743 688 134 3 38 
? 6 532 717 329 706 25 730 
? 6 123 709 400 568 749 403 
? 6 509 699 137 594 51 246 
? 6 79 511 442 768 105 799 
? 6 456 761 722 353 785 739 
? 6 72 217 60 358 715 432 
? 5 83 590 227 259 157 
? 5 153 606 33 690 425 
? 5 74 672 172 414 237 
? 5 80 343 71 557 600 
? 5 178 767 19 521 398 
? 5 61 765 64 747 783 
? 5 407 680 733 118 649 
? 5 106 281 248 404 497 
? 5 151 446 6 168 474 
? 5 660 681 159 754 609 
? 5 312 378 131 782 251 
? 5 327 597 753 258 480 
? 4 518 664 569 314 
? 4 146 434 359 44 
? 4 52 415 299 399 
? 4 395 659 788 122 
? 4 385 635 650 109 
? 4 36 608 778 652 
? 4 506 515 410 457 
? 4 514 792 476 277 
? 4 408 599 167 387 
? 4 464 779 748 193 
? 4 207 588 5 322 
? 4 78 499 200 375 
? 4 365 794 161 627 
? 4 264 335 536 179 
? 4 56 267 218 185 
? 4 422 523 337 704 
? 4 319 349 326 290 
? 4 361 707 507 541 
? 4 409 449 667 477 
? 4 196 566 535 720 
? 4 96 750 67 548 
? 4 665 728 294 741 
? 4 201 519 226 692 
? 4 0 254 245 232 
? 4 336 355 673 138 
? 4 10 443 787 296 
? 4 194 651 756 661 
? 3 48 525 45 
? 3 150 307 21 
? 3 489 632 646 
? 3 516 670 101 
? 3 459 784 777 
? 3 487 542 315 
? 3 108 585 320 
? 3 66 171 376 
? 3 288 396 165 
? 3 173 225 698 
? 3 175 186 190 
? 3 238 675 695 
? 3 76 391 624 
? 3 458 674 268 
? 3 310 605 663 
? 3 156 584 534 
? 3 89 684 737 
? 3 293 371 621 
? 3 53 473 383 
? 3 306 666 561 
? 3 321 641 43 
? 3 224 630 250 
? 3 125 676 723 
? 3 230 772 210 
!
786 
780 
327 597 753 258 480 
597 258
327 258
753 258
327 480
773 
194 651 756 661 
194 651
194 756
651 661
99 494 500 798 127 428 147 119 573 
99 798
500 428
500 119
494 428
798 119
147 119
127 147
147 573
312 378 131 782 251 
312 378
378 251
378 782
378 131
72 217 60 358 715 432 
72 217
217 358
72 60
60 715
60 432
755 
734 
601 758 117 496 570 544 703 
570 544
496 544
601 758
758 117
117 703
117 496
328 618 
328 618
729 
725 
286 657 
286 657
230 772 210 
772 210
230 210
16 17 370 484 244 187 242 647 382 86 504 65 479 531 
484 242
16 17
17 484
370 479
187 65
17 370
16 244
86 531
647 382
370 382
242 504
244 86
187 382
456 761 722 353 785 739 
353 785
456 761
761 739
456 353
722 739
660 681 159 754 609 
660 159
660 681
681 754
660 609
215 472 
215 472
711 
623 
10 443 787 296 
10 443
443 296
443 787
125 676 723 
125 723
125 676
40 766 545 565 529 77 726 
766 529
565 726
40 545
529 726
529 77
40 766
336 355 673 138 
336 673
355 138
336 355
613 
253 625 790 789 46 97 639 640 339 419 192 430 629 
789 419
625 46
639 640
253 629
97 629
253 625
97 192
339 430
625 639
790 640
790 789
430 629
141 637 
141 637
305 693 
305 693
0 254 245 232 
254 245
0 254
0 232
79 511 442 768 105 799 
105 799
79 511
768 105
511 105
79 442
591 
509 699 137 594 51 246 
137 51
509 137
509 699
699 246
509 594
11 740 
11 740
92 114 356 93 162 702 470 59 
93 59
356 162
114 59
92 114
92 356
702 470
92 470
224 630 250 
224 250
224 630
191 417 770 795 444 394 583 448 694 111 222 622 49 236 300 493 462 524 
191 417
770 191
795 417
444 191
394 417
583 770
448 770
694 583
111 770
222 770
622 444
49 417
236 622
300 583
493 448
462 49
524 462
208 435 
208 435
321 641 43 
641 43
321 43
201 519 226 692 
519 226
201 226
201 692
582 
95 714 
95 714
577 
234 372 
234 372
306 666 561 
306 666
666 561
537 
53 473 383 
473 383
53 473
151 446 6 168 474 
151 474
151 446
446 168
446 6
176 357 352 654 642 543 431 
642 543
357 352
357 543
543 431
176 357
352 654
580 586 
580 586
491 508 381 128 701 679 87 
491 128
128 701
491 381
381 87
508 381
701 679
164 467 466 284 130 140 465 
164 467
284 140
466 140
164 465
164 466
466 130
528 
526 
665 728 294 741 
665 741
294 741
665 728
644 677 
644 677
22 575 163 362 214 550 796 602 
22 575
22 214
362 602
22 163
163 362
214 550
550 796
255 617 460 188 555 615 764 32 567 223 429 560 631 
615 560
188 567
255 555
617 460
764 223
255 617
255 32
555 560
615 429
32 223
429 631
617 567
293 371 621 
371 621
293 371
501 
170 607 
170 607
106 281 248 404 497 
106 497
281 497
106 248
281 404
716 781 
716 781
96 750 67 548 
96 67
67 548
96 750
488 
31 662 
31 662
475 
123 709 400 568 749 403 
123 400
123 709
709 403
568 403
400 749
532 717 329 706 25 730 
329 730
532 25
329 25
532 717
532 706
463 
89 684 737 
89 684
89 737
2 263 547 752 478 490 416 563 18 269 724 195 468 143 132 522 
2 263
547 263
752 263
478 752
490 547
416 752
563 752
18 416
269 18
724 490
195 547
468 269
143 724
132 478
522 547
202 572 513 289 540 298 265 736 363 
202 572
202 513
202 289
289 736
289 265
513 363
540 265
513 298
271 638 
271 638
389 685 697 184 205 793 276 
697 184
184 276
685 184
389 685
697 793
389 205
436 
196 566 535 720 
535 720
196 535
196 566
397 743 688 134 3 38 
397 134
743 688
397 688
743 3
3 38
233 643 
233 643
156 584 534 
584 534
156 584
310 605 663 
310 663
310 605
13 270 
13 270
407 680 733 118 649 
407 733
407 680
680 118
118 649
426 
409 449 667 477 
449 667
409 449
409 477
361 707 507 541 
507 541
707 507
361 707
124 574 
124 574
61 765 64 747 783 
765 783
61 765
61 747
61 64
458 674 268 
674 268
458 268
413 
453 708 274 401 553 54 595 344 
453 274
401 54
453 401
553 344
708 274
708 595
708 344
319 349 326 290 
319 349
319 326
319 290
76 391 624 
76 391
391 624
422 523 337 704 
422 523
422 337
422 704
384 
238 675 695 
238 675
675 695
420 427 
420 427
15 700 517 20 503 440 
15 700
517 440
700 20
517 503
700 517
56 267 218 185 
56 267
56 185
56 218
178 767 19 521 398 
178 767
178 19
19 521
767 398
275 510 
275 510
636 669 713 23 549 221 486 797 
669 549
23 486
636 713
636 549
669 23
23 221
549 797
612 762 82 28 211 483 68 129 145 433 115 98 
762 28
612 28
68 145
433 115
762 82
612 211
68 115
762 129
612 68
483 433
483 98
175 186 190 
175 186
186 190
264 335 536 179 
264 536
264 335
264 179
365 794 161 627 
794 161
365 627
365 161
272 452 360 302 686 301 104 368 
272 302
272 452
104 368
360 302
360 104
452 686
302 301
173 225 698 
173 225
225 698
316 
626 671 
626 671
78 499 200 375 
78 375
78 499
200 375
424 562 
424 562
103 682 604 564 182 283 482 324 
604 182
682 604
103 682
604 324
103 283
564 482
103 564
148 280 495 559 34 213 126 228 8 63 502 380 
34 126
148 495
148 280
63 380
280 559
8 380
495 126
280 213
495 502
213 380
228 502
309 
282 645 760 469 206 9 377 247 687 745 331 212 
760 331
645 760
282 760
247 745
469 9
282 469
645 206
687 212
247 331
206 377
9 212
80 343 71 557 600 
80 600
80 557
80 343
343 71
285 
288 396 165 
288 396
288 165
279 
47 340 262 718 199 418 
47 718
47 340
262 718
340 418
199 418
66 171 376 
66 171
66 376
108 585 320 
585 320
108 585
243 
241 498 721 75 107 291 579 367 392 
107 579
107 392
107 367
721 75
498 367
241 498
241 291
498 721
84 533 554 386 678 62 742 710 
386 742
62 742
533 62
84 62
533 678
84 710
554 710
487 542 315 
487 315
542 315
207 588 5 322 
588 5
207 5
588 322
235 
538 596 
538 596
229 
220 
203 
180 
347 705 
347 705
712 735 240 373 239 461 14 774 308 26 
240 14
712 735
712 14
735 373
774 26
240 239
712 26
239 461
461 308
273 423 719 439 81 311 
273 423
719 439
273 439
423 81
439 311
464 779 748 193 
748 193
464 779
464 193
292 598 110 266 485 88 587 
266 88
485 88
292 598
598 266
292 110
598 587
174 
74 672 172 414 237 
74 672
172 414
672 237
414 237
408 599 167 387 
599 167
408 599
599 387
459 784 777 
459 784
784 777
393 611 
393 611
514 792 476 277 
514 792
792 277
476 277
402 530 
402 530
160 
58 738 
58 738
405 658 776 345 771 454 388 323 94 219 731 
658 345
658 94
776 771
405 219
388 323
454 323
323 219
658 388
405 771
454 731
257 325 181 437 278 85 610 689 121 183 589 558 614 412 
610 121
257 181
325 181
183 589
181 437
257 278
85 614
278 689
689 558
610 614
325 183
437 614
589 412
144 
304 338 
304 338
492 512 369 791 551 120 539 451 189 379 364 
551 120
492 369
120 451
369 791
791 451
492 379
492 512
492 539
120 364
539 189
516 670 101 
516 101
516 670
133 
4 346 
4 346
506 515 410 457 
515 410
506 515
410 457
348 450 
348 450
112 
197 287 
197 287
100 
36 608 778 652 
608 652
36 608
36 778
295 552 256 91 158 656 35 29 135 
295 91
158 135
552 91
256 29
552 256
295 35
295 656
552 158
90 
70 
1 7 
1 7
37 149 260 231 757 374 628 603 411 455 691 39 102 447 341 303 763 633 55 556 334 
37 149
260 37
231 149
757 37
374 37
628 231
603 628
411 603
455 37
691 757
39 603
102 691
447 691
341 447
303 411
763 691
633 37
55 149
556 341
334 102
116 421 775 727 142 317 
421 775
727 317
142 317
116 421
116 142
153 606 33 690 425 
606 33
153 606
153 425
690 425
385 635 650 109 
385 650
385 109
635 109
351 634 481 593 445 139 73 571 696 
634 696
481 139
351 634
481 593
73 696
593 73
634 445
73 571
489 632 646 
489 646
632 646
198 471 
198 471
441 648 366 406 252 297 546 578 313 166 204 
648 204
252 204
406 313
252 297
441 648
366 546
441 313
546 578
441 546
366 166
83 590 227 259 157 
83 157
227 157
590 227
259 157
155 576 390 527 177 732 751 333 
155 576
390 527
576 390
177 333
155 732
732 751
155 177
395 659 788 122 
395 659
659 788
659 122
505 592 
505 592
30 152 
30 152
52 415 299 399 
415 299
52 299
415 399
318 759 69 769 581 261 
759 69
318 759
69 769
769 581
69 261
57 
209 616 350 620 520 438 744 50 
209 350
620 520
209 616
438 744
350 520
620 50
616 744
150 307 21 
307 21
150 307
48 525 45 
48 45
525 45
146 434 359 44 
359 44
146 359
146 434
42 
12 
169 668 136 332 342 354 27 154 619 113 
169 668
354 113
619 113
27 619
668 136
169 354
668 332
342 27
136 154
24 683 330 746 41 216 249 
683 330
41 249
746 216
24 330
24 249
24 746
518 664 569 314 
518 664
569 314
518 314
653 655 
653 655
