? 5 470 614 299 778 54 
? 5 9 588 621 491 97 
? 5 43 441 263 167 586 
? 4 100 681 499 219 
? 3 256 571 236 
!
43 441 263 167 586 
167 586
43 441
43 263
43 586
137 271 650 699 93 575 166 661 320 782 655 218 
137 271
650 137
699 650
93 271
575 699
166 575
661 575
320 93
782 320
655 661
218 782
4 83 336 249 139 284 339 667 343 709 414 545 222 606 289 18 193 444 184 
4 83
336 4
249 336
139 83
284 83
339 249
667 339
343 284
709 667
414 343
545 667
222 414
606 414
289 709
18 545
193 222
444 606
184 444
288 785 35 581 735 241 165 
288 785
35 288
581 785
735 581
241 735
165 241
42 362 211 94 153 509 410 664 311 286 710 484 599 717 358 181 504 648 426 572 672 605 598 60 13 366 398 419 215 38 467 159 170 542 600 534 293 237 589 340 608 378 558 597 759 579 108 255 280 315 797 515 432 45 174 460 
42 362
211 362
94 211
153 42
509 42
410 153
664 509
311 410
286 664
710 311
484 509
599 286
717 599
358 94
181 717
504 358
648 181
426 484
572 426
672 181
605 710
598 572
60 504
13 672
366 60
398 605
419 426
215 504
38 599
467 672
159 605
170 467
542 419
600 13
534 215
293 13
237 60
589 600
340 237
608 534
378 38
558 467
597 605
759 398
579 597
108 159
255 170
280 589
315 419
797 366
515 534
432 579
45 340
174 45
460 797
632 657 790 442 386 323 623 318 770 635 464 473 298 666 372 346 185 429 705 63 465 497 65 28 719 447 49 538 396 8 585 601 602 721 
632 657
790 657
442 632
386 657
323 442
623 442
318 790
770 386
635 323
464 635
473 635
298 770
666 623
372 298
346 666
185 298
429 770
705 473
63 623
465 429
497 705
65 623
28 497
719 63
447 28
49 464
538 346
396 318
8 49
585 8
601 429
602 396
721 497
281 700 392 312 244 409 79 440 389 468 277 425 481 356 395 443 72 216 15 547 715 142 596 722 435 747 37 223 506 555 384 122 677 
281 700
392 281
312 700
244 392
409 700
79 244
440 312
389 244
468 244
277 389
425 440
481 79
356 468
395 425
443 356
72 409
216 389
15 72
547 356
715 72
142 715
596 395
722 216
435 722
747 435
37 747
223 596
506 223
555 435
384 142
122 722
677 223
406 492 338 428 618 182 52 147 763 22 400 123 423 413 577 640 17 141 273 335 178 612 
406 492
338 492
428 406
618 338
182 406
52 618
147 428
763 52
22 147
400 492
123 182
423 400
413 763
577 22
640 52
17 577
141 413
273 17
335 763
178 577
612 763
334 399 417 540 416 143 694 75 738 
334 399
417 399
540 417
416 417
143 416
694 334
75 694
738 416
594 
71 131 21 687 459 47 792 308 725 529 408 36 479 743 149 675 708 693 332 111 754 799 755 99 477 461 736 676 
71 131
21 71
687 131
459 21
47 459
792 47
308 459
725 687
529 71
408 529
36 408
479 687
743 529
149 743
675 529
708 725
693 149
332 479
111 36
754 675
799 725
755 111
99 111
477 708
461 743
736 755
676 792
352 353 107 325 781 238 129 653 789 505 3 720 685 578 535 77 453 316 546 80 570 359 115 757 355 32 795 230 394 39 304 202 116 155 607 82 617 739 294 345 697 727 501 644 662 363 503 243 344 711 502 576 375 188 250 350 270 476 51 10 192 195 559 616 786 104 541 117 385 552 367 539 582 752 670 212 430 235 138 493 64 30 300 
352 353
107 352
325 107
781 352
238 325
129 238
653 107
789 653
505 781
3 325
720 653
685 789
578 685
535 238
77 685
453 505
316 77
546 453
80 453
570 535
359 578
115 546
757 80
355 757
32 115
795 359
230 115
394 757
39 316
304 355
202 304
116 230
155 39
607 230
82 394
617 570
739 607
294 32
345 739
697 82
727 697
501 617
644 535
662 617
363 345
503 294
243 363
344 82
711 727
502 644
576 202
375 711
188 502
250 576
350 502
270 39
476 711
51 711
10 662
192 501
195 188
559 195
616 502
786 476
104 250
541 195
117 344
385 117
552 350
367 541
539 616
582 786
752 385
670 10
212 104
430 582
235 552
138 541
493 235
64 670
30 367
300 430
221 462 169 402 322 724 158 210 380 234 275 779 490 455 452 357 
221 462
169 462
402 169
322 221
724 462
158 322
210 169
380 158
234 322
275 234
779 210
490 210
455 779
452 275
357 455
9 588 621 491 97 
621 491
588 621
9 588
491 97
92 232 285 126 34 269 369 151 788 189 2 305 407 624 209 27 379 556 259 291 637 702 480 433 246 373 448 773 253 769 643 128 478 750 152 14 649 517 66 89 573 62 712 522 23 175 730 53 771 191 682 610 136 412 794 684 780 587 651 283 347 148 564 691 321 403 723 595 633 696 29 307 78 508 261 729 519 713 377 25 266 768 446 220 
92 232
285 92
126 285
34 285
269 34
369 269
151 126
788 126
189 269
2 189
305 151
407 189
624 305
209 407
27 209
379 788
556 27
259 379
291 27
637 556
702 556
480 624
433 407
246 433
373 379
448 373
773 291
253 246
769 259
643 433
128 643
478 643
750 128
152 373
14 750
649 246
517 152
66 649
89 649
573 89
62 152
712 62
522 517
23 66
175 62
730 175
53 175
771 23
191 573
682 53
610 771
136 573
412 136
794 136
684 412
780 522
587 780
651 780
283 712
347 651
148 283
564 587
691 148
321 564
403 191
723 148
595 403
633 595
696 148
29 723
307 610
78 307
508 78
261 508
729 595
519 403
713 321
377 29
25 696
266 377
768 261
446 25
220 307
278 631 156 776 418 656 119 404 328 
278 631
156 631
776 156
418 278
656 418
119 156
404 418
328 418
100 681 499 219 
681 499
499 219
100 681
470 614 299 778 54 
470 299
470 614
470 778
614 54
74 118 663 127 415 533 301 296 427 569 488 401 91 361 70 636 203 434 331 224 466 326 95 251 765 774 387 
74 118
663 118
127 663
415 127
533 74
301 118
296 533
427 533
569 663
488 533
401 488
91 301
361 427
70 91
636 401
203 569
434 361
331 70
224 203
466 331
326 203
95 466
251 466
765 326
774 636
387 774
274 341 319 741 103 584 391 528 144 260 647 48 59 110 58 16 560 133 411 622 327 276 267 105 214 680 526 333 
274 341
319 274
741 319
103 319
584 103
391 341
528 391
144 741
260 391
647 584
48 144
59 260
110 528
58 647
16 528
560 647
133 560
411 16
622 110
327 411
276 622
267 16
105 411
214 59
680 560
526 59
333 276
511 
150 628 458 207 740 486 783 198 436 523 6 330 114 438 176 157 634 673 287 550 487 317 164 638 500 787 536 88 132 295 457 349 518 761 
150 628
458 150
207 458
740 628
486 207
783 628
198 783
436 486
523 150
6 436
330 740
114 6
438 114
176 438
157 198
634 157
673 436
287 176
550 330
487 176
317 550
164 550
638 487
500 157
787 634
536 157
88 500
132 638
295 673
457 550
349 88
518 88
761 317
337 659 475 96 390 208 669 
337 659
475 337
96 337
390 475
208 96
669 208
306 674 686 496 613 784 171 798 247 758 125 583 302 604 371 451 766 183 734 474 688 642 173 716 364 242 751 563 698 376 732 227 388 
306 674
686 306
496 674
613 496
784 686
171 686
798 171
247 798
758 496
125 171
583 758
302 125
604 758
371 798
451 302
766 371
183 604
734 183
474 766
688 451
642 451
173 474
716 173
364 716
242 364
751 734
563 751
698 302
376 642
732 376
227 751
388 227
532 549 264 516 548 102 668 551 
532 549
264 549
516 264
548 264
102 548
668 102
551 668
424 439 544 543 228 168 213 282 671 627 652 568 69 297 695 498 703 12 106 619 86 370 98 226 1 229 11 24 120 31 258 177 626 84 73 454 
424 439
544 439
543 424
228 544
168 543
213 228
282 213
671 168
627 213
652 543
568 168
69 671
297 69
695 568
498 652
703 498
12 69
106 627
619 703
86 498
370 695
98 297
226 498
1 568
229 226
11 98
24 370
120 370
31 229
258 11
177 31
626 24
84 626
73 106
454 229
654 756 113 689 450 240 574 
654 756
113 756
689 113
450 689
240 450
574 240
252 557 199 172 641 646 658 494 679 348 531 554 714 225 196 112 431 393 630 233 489 422 61 445 
252 557
199 557
172 199
641 199
646 641
658 646
494 172
679 658
348 252
531 658
554 531
714 348
225 348
196 554
112 494
431 112
393 196
630 393
233 630
489 112
422 431
61 431
445 225
590 753 737 592 5 537 245 777 381 706 704 382 265 748 764 180 726 609 611 678 
590 753
737 753
592 753
5 737
537 5
245 592
777 245
381 592
706 381
704 537
382 704
265 777
748 265
764 265
180 706
726 382
609 764
611 726
678 381
495 520 130 314 775 310 405 135 701 620 134 
495 520
130 495
314 130
775 520
310 314
405 130
135 775
701 405
620 135
134 701
20 374 46 206 513 593 745 368 290 
20 374
46 374
206 20
513 46
593 206
745 513
368 745
290 593
342 510 629 530 591 76 514 566 85 421 329 567 
342 510
629 342
530 342
591 629
76 510
514 76
566 514
85 76
421 530
329 591
567 566
254 524 303 217 200 471 309 145 154 639 746 767 383 279 
254 524
303 254
217 524
200 303
471 303
309 200
145 471
154 217
639 154
746 309
767 145
383 746
279 746
256 571 236 
256 571
571 236
146 625 50 55 483 81 707 772 645 463 580 692 749 140 313 231 397 565 268 731 718 7 449 437 354 525 
146 625
50 146
55 625
483 146
81 50
707 483
772 81
645 483
463 55
580 707
692 463
749 50
140 692
313 749
231 772
397 772
565 231
268 645
731 565
718 749
7 313
449 731
437 7
354 437
525 449
87 733 360 272 257 204 351 161 521 660 469 
87 733
360 87
272 733
257 87
204 272
351 257
161 733
521 161
660 161
469 161
19 197 791 33 239 40 603 160 553 56 
19 197
791 197
33 197
239 791
40 33
603 239
160 33
553 40
56 553
101 485 187 163 205 68 190 262 109 365 57 179 796 90 760 561 762 67 793 507 527 456 683 472 742 690 121 292 512 615 
101 485
187 101
163 485
205 101
68 163
190 163
262 68
109 187
365 109
57 205
179 262
796 57
90 57
760 109
561 760
762 796
67 179
793 67
507 262
527 561
456 57
683 561
472 365
742 527
690 456
121 527
292 121
512 472
615 456
44 124 728 420 665 482 26 562 744 41 0 162 194 186 201 324 248 
44 124
728 44
420 44
665 124
482 665
26 482
562 482
744 26
41 26
0 41
162 0
194 744
186 41
201 162
324 186
248 194
