? 5 186 785 288 162 562 
? 5 306 686 125 784 583 
? 5 75 694 76 566 514 
? 4 324 581 245 201 
? 3 62 730 29 
!
75 694 76 566 514 
75 694
566 514
76 566
75 76
68 262 190 67 793 507 179 205 527 57 427 683 
68 262
190 68
67 262
793 262
507 262
179 190
205 262
527 190
57 205
427 527
683 190
158 380 445 402 169 348 676 225 714 210 792 308 47 490 290 357 455 779 71 
158 380
445 158
402 158
169 402
348 445
676 348
225 676
714 348
210 169
792 676
308 792
47 308
490 210
290 490
357 290
455 357
779 455
71 308
675 754 408 529 456 615 399 
675 754
408 754
529 754
456 529
615 456
399 456
291 773 702 556 407 27 209 478 2 189 637 643 433 269 128 369 14 34 750 92 232 246 285 253 89 788 126 151 624 649 684 412 573 305 136 794 259 379 191 66 373 769 448 23 633 595 480 403 771 517 610 729 519 152 586 522 
291 773
702 291
556 291
407 291
27 556
209 702
478 291
2 407
189 2
637 556
643 478
433 209
269 407
128 478
369 269
14 128
34 269
750 14
92 269
232 92
246 433
285 92
253 14
89 14
788 34
126 92
151 92
624 151
649 89
684 750
412 684
573 649
305 151
136 684
794 136
259 788
379 259
191 649
66 649
373 379
769 66
448 379
23 66
633 412
595 136
480 373
403 794
771 23
517 373
610 23
729 136
519 191
152 373
586 595
522 517
103 319 274 584 58 741 59 560 647 144 133 48 214 102 680 96 551 659 327 668 105 669 337 475 134 208 43 167 390 263 509 347 362 153 
103 319
274 319
584 103
58 103
741 103
59 103
560 103
647 319
144 560
133 144
48 144
214 58
102 214
680 133
96 102
551 214
659 551
327 144
668 551
105 327
669 327
337 58
475 659
134 475
208 669
43 105
167 208
390 659
263 167
509 390
347 43
362 509
153 362
195 559 188 541 235 552 194 350 367 493 502 138 728 166 30 616 44 539 124 26 644 248 744 420 661 482 748 665 0 41 575 655 273 
195 559
188 559
541 195
235 559
552 559
194 235
350 188
367 541
493 235
502 350
138 235
728 235
166 367
30 166
616 502
44 235
539 44
124 44
26 124
644 350
248 166
744 26
420 124
661 166
482 124
748 248
665 124
0 482
41 0
575 661
655 661
273 655
313 749 50 7 437 384 397 146 81 524 55 354 254 718 463 796 154 140 692 217 690 303 
313 749
50 313
7 313
437 313
384 7
397 384
146 50
81 50
524 437
55 146
354 437
254 7
718 437
463 55
796 718
154 718
140 463
692 140
217 437
690 796
303 254
321 587 651 564 682 53 266 780 735 
321 587
651 587
564 321
682 321
53 321
266 321
780 651
735 266
678 
17 577 22 699 650 147 182 271 178 137 428 265 777 764 406 492 618 123 93 609 753 423 590 737 54 52 338 511 
17 577
22 577
699 17
650 699
147 17
182 577
271 650
178 147
137 271
428 650
265 17
777 265
764 265
406 182
492 428
618 492
123 182
93 271
609 265
753 123
423 123
590 423
737 423
54 93
52 618
338 618
511 93
298 372 185 602 770 465 119 318 429 396 601 239 790 603 656 156 19 8 351 197 776 585 631 278 791 49 331 418 404 95 499 257 636 774 387 469 378 466 681 219 467 100 38 251 170 33 255 558 70 160 328 91 574 401 40 648 161 717 733 599 461 272 181 488 434 240 293 264 743 672 516 296 286 332 280 479 660 553 664 159 693 301 56 
298 372
185 298
602 372
770 372
465 298
119 602
318 372
429 372
396 602
601 185
239 601
790 429
603 239
656 239
156 119
19 465
8 19
351 396
197 19
776 119
585 19
631 156
278 631
791 239
49 585
331 602
418 278
404 418
95 331
499 418
257 351
636 278
774 631
387 774
469 95
378 791
466 95
681 499
219 499
467 585
100 499
38 378
251 466
170 197
33 170
255 170
558 467
70 636
160 33
328 774
91 331
574 328
401 636
40 33
648 467
161 251
717 170
733 161
599 170
461 574
272 733
181 648
488 401
434 328
240 328
293 40
264 160
743 461
672 170
516 160
296 91
286 599
332 743
280 33
479 332
660 161
553 40
664 286
159 38
693 240
301 401
56 40
20 374 206 46 513 593 174 131 21 459 557 252 149 736 172 755 
20 374
206 20
46 20
513 374
593 206
174 513
131 174
21 131
459 21
557 459
252 557
149 21
736 252
172 736
755 736
306 686 125 784 583 
686 125
686 784
306 686
306 583
69 671 12 168 543 297 695 424 652 544 439 568 228 11 370 98 258 120 703 213 24 498 626 282 619 538 627 65 333 84 447 346 229 177 666 31 1 106 622 532 110 508 454 549 226 63 623 86 768 28 497 442 261 391 276 78 307 16 220 719 528 721 657 323 635 473 526 360 464 267 632 73 441 726 382 705 341 260 87 704 165 411 548 386 
69 671
12 69
168 671
543 168
297 69
695 671
424 543
652 543
544 543
439 543
568 168
228 543
11 12
370 695
98 652
258 11
120 69
703 652
213 424
24 695
498 703
626 24
282 213
619 703
538 11
627 213
65 98
333 626
84 626
447 11
346 98
229 498
177 65
666 258
31 177
1 568
106 627
622 120
532 447
110 622
508 1
454 229
549 532
226 703
63 31
623 65
86 498
768 1
28 532
497 549
442 666
261 1
391 622
276 622
78 261
307 78
16 626
220 84
719 31
528 110
721 28
657 442
323 442
635 323
473 635
526 622
360 31
464 323
267 528
632 65
73 106
441 267
726 86
382 726
705 549
341 528
260 526
87 360
704 726
165 73
411 16
548 526
386 323
141 204 413 400 611 612 763 537 335 
141 204
413 204
400 204
611 413
612 413
763 413
537 611
335 763
324 581 245 201 
581 245
324 201
324 245
186 785 288 162 562 
186 562
785 288
186 162
186 785
4 83 336 249 139 339 667 284 698 343 414 709 222 606 545 289 18 376 193 642 582 385 752 302 688 451 117 
4 83
336 83
249 336
139 83
339 4
667 339
284 83
698 139
343 339
414 339
709 667
222 414
606 222
545 343
289 709
18 709
376 343
193 222
642 376
582 289
385 193
752 193
302 642
688 642
451 302
117 385
311 710 410 605 398 108 597 579 594 759 432 366 477 452 708 460 799 237 275 797 234 724 725 221 462 322 45 687 
311 710
410 311
605 710
398 605
108 605
597 398
579 597
594 108
759 398
432 108
366 398
477 108
452 579
708 477
460 759
799 432
237 366
275 799
797 460
234 275
724 797
725 477
221 724
462 221
322 221
45 237
687 725
320 
242 364 474 716 173 563 371 580 645 761 734 483 613 751 227 766 707 317 798 731 523 621 625 496 388 247 268 183 758 674 772 171 449 565 
242 364
474 364
716 364
173 364
563 364
371 364
580 364
645 580
761 371
734 563
483 645
613 734
751 734
227 563
766 474
707 483
317 761
798 761
731 227
523 317
621 731
625 483
496 798
388 621
247 761
268 645
183 734
758 496
674 496
772 483
171 247
449 621
565 731
525 677 9 588 231 491 604 
525 677
9 525
588 9
231 677
491 9
604 491
345 607 739 243 363 115 230 662 503 32 116 294 617 546 570 501 453 192 535 202 10 304 670 80 576 757 250 355 212 64 353 505 394 
345 607
739 345
243 345
363 243
115 607
230 243
662 739
503 363
32 115
116 32
294 32
617 662
546 115
570 617
501 662
453 115
192 501
535 570
202 294
10 662
304 32
670 662
80 294
576 202
757 202
250 294
355 757
212 250
64 670
353 453
505 453
394 757
145 471 767 200 37 746 309 639 
145 471
767 145
200 471
37 471
746 200
309 746
639 746
135 515 620 534 608 775 542 598 571 572 520 495 215 315 426 256 314 419 236 310 368 745 358 130 484 504 600 60 405 211 94 340 13 701 42 589 
135 515
620 135
534 620
608 534
775 135
542 515
598 515
571 620
572 515
520 775
495 520
215 534
315 542
426 598
256 571
314 495
419 315
236 571
310 315
368 256
745 236
358 598
130 495
484 598
504 358
600 310
60 358
405 130
211 358
94 211
340 60
13 600
701 405
42 211
589 13
180 241 706 381 5 592 713 
180 241
706 241
381 706
5 381
592 381
713 180
316 578 685 789 359 795 781 39 155 77 653 352 107 720 727 270 82 3 375 711 238 697 325 129 
316 578
685 578
789 685
359 578
795 359
781 789
39 316
155 39
77 685
653 789
352 781
107 352
720 107
727 795
270 155
82 359
3 720
375 359
711 375
238 3
697 795
325 352
129 352
114 487 176 638 569 6 458 486 287 132 673 203 207 436 438 628 415 127 663 765 
114 487
176 487
638 487
569 487
6 114
458 114
486 458
287 176
132 569
673 6
203 487
207 486
436 673
438 176
628 458
415 132
127 132
663 569
765 203
143 417 416 540 787 334 738 326 224 640 85 
143 417
416 417
540 417
787 417
334 787
738 143
326 417
224 326
640 143
85 334
74 118 121 292 533 742 361 90 521 
74 118
121 74
292 74
533 121
742 533
361 533
90 361
521 118
472 512 109 365 295 187 762 101 163 485 760 561 
472 512
109 472
365 109
295 472
187 109
762 365
101 187
163 187
485 187
760 485
561 109
300 430 786 476 51 344 104 97 299 470 567 614 218 782 
300 430
786 430
476 786
51 430
344 476
104 344
97 104
299 97
470 299
567 470
614 470
218 299
782 299
62 730 29 
62 730
730 29
88 349 518 421 500 732 530 444 164 536 198 510 157 740 629 184 342 330 550 329 591 783 778 457 634 150 
88 349
518 88
421 518
500 421
732 349
530 518
444 732
164 349
536 530
198 88
510 530
157 198
740 198
629 510
184 444
342 510
330 740
550 330
329 629
591 629
783 157
778 329
457 550
634 157
150 740
283 723 148 446 696 25 35 691 175 712 377 
283 723
148 283
446 723
696 148
25 446
35 696
691 696
175 283
712 175
377 723
658 679 646 630 233 641 531 279 199 111 
658 679
646 679
630 679
233 679
641 679
531 658
279 233
199 641
111 658
356 547 443 468 312 277 281 440 700 244 389 79 392 216 481 409 425 395 72 722 596 715 15 142 435 747 122 555 506 223 
356 547
443 547
468 443
312 356
277 356
281 356
440 312
700 312
244 443
389 468
79 700
392 700
216 79
481 216
409 700
425 440
395 425
72 79
722 216
596 395
715 72
15 700
142 715
435 722
747 435
122 722
555 747
506 596
223 506
112 431 554 61 422 113 756 654 99 489 689 196 393 383 36 494 450 
112 431
554 431
61 431
422 431
113 112
756 431
654 756
99 112
489 112
689 113
196 422
393 554
383 393
36 99
494 99
450 689
