? 5 471 767 145 677 231 
? 5 265 777 764 748 590 
? 5 9 525 588 491 399 
? 4 266 735 678 29 
? 3 288 712 182 
!
9 525 588 491 399 
525 588
9 588
588 491
491 399
252 557 199 736 172 641 755 348 714 225 233 630 
252 557
199 557
736 557
172 736
641 557
755 736
348 252
714 348
225 714
233 641
630 233
313 749 437 7 50 354 146 397 55 692 217 718 463 154 254 140 772 796 762 
313 749
437 749
7 437
50 313
354 437
146 50
397 50
55 146
692 55
217 354
718 354
463 55
154 718
254 7
140 463
772 397
796 718
762 692
171 674 784 686 583 125 604 
171 674
784 674
686 171
583 674
125 686
604 583
534 608 620 515 135 571 256 572 215 426 598 542 775 358 368 504 236 60 419 315 237 340 745 495 520 484 174 94 211 509 310 513 42 362 779 314 153 45 46 130 374 13 600 648 405 664 455 589 410 797 20 593 672 390 366 293 
534 608
620 608
515 620
135 515
571 620
256 571
572 534
215 571
426 534
598 426
542 515
775 135
358 426
368 256
504 358
236 256
60 358
419 426
315 542
237 60
340 237
745 368
495 775
520 135
484 426
174 340
94 358
211 94
509 484
310 315
513 368
42 211
362 42
779 174
314 315
153 211
45 340
46 513
130 495
374 513
13 484
600 13
648 211
405 130
664 42
455 779
589 13
410 153
797 779
20 374
593 20
672 13
390 589
366 237
293 13
356 443 547 468 312 277 700 281 440 244 389 392 216 79 395 425 481 409 72 715 722 596 15 435 747 142 122 37 555 384 506 303 223 524 
356 443
547 356
468 443
312 356
277 312
700 312
281 312
440 312
244 700
389 277
392 700
216 389
79 216
395 440
425 395
481 216
409 395
72 481
715 72
722 481
596 425
15 72
435 722
747 435
142 715
122 747
37 747
555 722
384 715
506 596
303 747
223 506
524 303
195 559 188 350 235 541 367 493 502 138 552 194 616 30 728 166 644 26 124 744 539 44 248 535 178 482 17 420 661 655 162 0 699 
195 559
188 559
350 188
235 195
541 195
367 541
493 235
502 350
138 559
552 235
194 235
616 502
30 541
728 235
166 30
644 350
26 235
124 26
744 124
539 124
44 124
248 194
535 350
178 248
482 124
17 248
420 124
661 17
655 661
162 26
0 482
699 17
149 743 693 754 574 529 461 240 675 408 71 131 21 489 36 792 459 99 47 111 113 308 
149 743
693 149
754 149
574 149
529 754
461 149
240 574
675 754
408 675
71 408
131 71
21 71
489 754
36 408
792 71
459 36
99 36
47 792
111 36
113 489
308 459
41 186 562 324 665 201 785 609 581 
41 186
562 41
324 186
665 562
201 186
785 186
609 324
581 785
511 
88 349 518 421 530 444 732 500 688 157 164 184 740 330 342 629 591 198 510 376 536 329 550 778 634 783 642 628 
88 349
518 88
421 518
530 421
444 421
732 349
500 421
688 732
157 530
164 688
184 421
740 500
330 740
342 530
629 342
591 530
198 157
510 629
376 444
536 530
329 629
550 330
778 329
634 157
783 198
642 376
628 740
69 671 168 12 297 543 652 424 695 568 439 228 120 370 544 213 703 619 282 498 24 84 626 333 1 86 276 226 627 106 622 110 220 454 768 261 78 508 528 272 526 391 16 260 733 73 307 267 382 704 411 726 241 59 165 43 611 264 274 441 105 548 516 102 519 341 347 214 180 319 141 103 651 204 584 771 713 741 400 668 610 780 423 
69 671
168 671
12 69
297 69
543 168
652 69
424 543
695 671
568 695
439 543
228 424
120 69
370 695
544 543
213 439
703 652
619 703
282 228
498 703
24 370
84 24
626 84
333 84
1 695
86 544
276 333
226 498
627 424
106 213
622 276
110 622
220 1
454 226
768 106
261 768
78 261
508 78
528 110
272 454
526 622
391 528
16 528
260 110
733 272
73 106
307 78
267 16
382 73
704 382
411 16
726 382
241 73
59 391
165 73
43 267
611 726
264 526
274 391
441 43
105 267
548 526
516 548
102 526
519 78
341 274
347 261
214 526
180 241
319 274
141 611
103 319
651 347
204 141
584 103
771 347
713 73
741 274
400 726
668 516
610 261
780 651
423 400
112 431 61 422 554 196 654 658 494 531 393 646 639 383 679 746 
112 431
61 112
422 431
554 431
196 431
654 422
658 554
494 112
531 554
393 554
646 658
639 654
383 196
679 658
746 383
265 777 764 748 590 
777 748
265 764
265 777
748 590
298 372 185 602 601 119 396 318 386 770 239 429 790 465 442 656 657 632 323 635 404 19 156 631 791 603 719 278 351 585 464 473 705 63 331 8 197 776 623 418 499 257 65 49 497 251 346 28 95 666 721 378 469 538 219 636 466 177 774 681 532 447 387 100 38 31 255 33 717 98 549 467 170 87 70 558 91 11 328 360 160 258 434 229 
298 372
185 372
602 372
601 372
119 602
396 602
318 396
386 298
770 372
239 601
429 601
790 386
465 386
442 386
656 239
657 442
632 442
323 386
635 323
404 656
19 465
156 602
631 119
791 239
603 791
719 318
278 631
351 719
585 19
464 585
473 635
705 323
63 719
331 396
8 465
197 19
776 631
623 719
418 278
499 418
257 351
65 442
49 705
497 585
251 331
346 442
28 323
95 251
666 442
721 497
378 791
469 251
538 65
219 499
636 278
466 95
177 65
774 636
681 499
532 721
447 442
387 774
100 681
38 791
31 177
255 19
33 8
717 791
98 538
549 532
467 197
170 197
87 257
70 636
558 467
91 95
11 538
328 774
360 87
160 33
258 11
434 328
229 31
522 682 53 321 175 564 62 377 723 
522 682
53 682
321 522
175 522
564 321
62 175
377 564
723 377
266 735 678 29 
735 29
266 29
735 678
471 767 145 677 231 
767 145
677 231
471 767
471 677
458 486 6 114 673 207 150 436 287 487 176 295 132 438 638 127 569 415 787 118 512 472 203 765 334 74 540 
458 486
6 486
114 6
673 6
207 486
150 458
436 673
287 486
487 114
176 487
295 673
132 673
438 132
638 487
127 132
569 132
415 132
787 438
118 127
512 295
472 512
203 787
765 203
334 787
74 118
540 203
68 262 163 190 485 507 179 793 187 101 67 205 90 561 527 427 109 57 450 292 683 365 689 742 361 121 760 533 
68 262
163 68
190 163
485 262
507 262
179 262
793 262
187 485
101 187
67 190
205 187
90 187
561 190
527 561
427 527
109 187
57 205
450 507
292 427
683 561
365 109
689 450
742 527
361 427
121 427
760 527
533 427
129 
242 364 474 716 173 563 371 766 580 761 645 483 751 317 734 707 523 798 731 613 449 496 621 227 388 268 247 306 457 81 758 625 565 183 
242 364
474 364
716 364
173 242
563 474
371 242
766 474
580 716
761 371
645 580
483 645
751 474
317 761
734 563
707 483
523 317
798 761
731 707
613 371
449 731
496 798
621 731
227 563
388 621
268 645
247 761
306 496
457 761
81 731
758 496
625 483
565 731
183 734
476 786 117 344 300 394 97 
476 786
117 786
344 476
300 786
394 476
97 117
243 363 345 503 739 116 607 294 230 662 32 115 546 10 453 250 64 617 202 570 501 576 355 192 304 670 757 212 104 80 218 782 299 
243 363
345 243
503 363
739 345
116 363
607 345
294 503
230 345
662 739
32 294
115 32
546 32
10 243
453 115
250 503
64 243
617 662
202 294
570 617
501 570
576 294
355 453
192 662
304 294
670 64
757 202
212 64
104 576
80 757
218 64
782 64
299 64
76 566 470 85 614 514 694 567 
76 566
470 566
85 566
614 470
514 85
694 566
567 614
311 710 286 605 159 597 398 181 599 108 579 432 759 452 477 594 708 479 799 460 724 275 332 725 234 40 221 322 280 462 553 169 687 402 56 676 
311 710
286 311
605 311
159 605
597 605
398 605
181 286
599 286
108 159
579 108
432 605
759 398
452 108
477 108
594 477
708 477
479 477
799 477
460 759
724 460
275 799
332 452
725 477
234 275
40 181
221 724
322 221
280 40
462 221
553 40
169 221
687 725
402 169
56 40
676 234
25 696 691 148 446 283 35 
25 696
691 696
148 696
446 148
283 691
35 446
4 83 336 249 139 339 284 667 343 414 698 709 222 545 606 289 193 18 582 430 302 385 451 752 
4 83
336 83
249 83
139 83
339 4
284 83
667 339
343 83
414 339
698 139
709 667
222 414
545 339
606 414
289 709
193 222
18 222
582 18
430 582
302 698
385 222
451 302
752 385
34 92 232 369 285 151 788 126 305 379 624 259 769 637 448 373 480 152 517 730 
34 92
232 92
369 92
285 232
151 92
788 34
126 151
305 151
379 126
624 305
259 788
769 259
637 369
448 259
373 259
480 373
152 373
517 379
730 152
475 659 551 134 96 337 701 58 413 612 587 
475 659
551 659
134 475
96 475
337 475
701 134
58 551
413 551
612 413
587 413
5 737 123 537 753 592 381 245 706 
5 737
123 737
537 737
753 537
592 737
381 592
245 5
706 381
271 650 147 137 93 22 577 273 575 54 428 320 
271 650
147 650
137 271
93 271
22 147
577 22
273 147
575 577
54 93
428 147
320 93
167 586 208 263 669 403 327 48 144 23 133 680 560 647 
167 586
208 167
263 167
669 208
403 263
327 208
48 327
144 48
23 403
133 48
680 133
560 133
647 680
288 712 182 
288 712
288 182
316 578 685 39 781 789 155 727 77 359 795 505 352 653 720 82 270 107 697 325 353 375 3 711 238 51 
316 578
685 578
39 316
781 685
789 781
155 316
727 578
77 685
359 77
795 359
505 781
352 781
653 352
720 685
82 795
270 39
107 352
697 82
325 107
353 107
375 697
3 352
711 375
238 352
51 711
380 445 158 210 490 357 290 206 279 200 309 
380 445
158 380
210 380
490 210
357 490
290 490
206 290
279 445
200 279
309 200
52 763 338 618 640 492 335 75 143 406 
52 763
338 763
618 338
640 52
492 52
335 763
75 640
143 335
406 618
14 750 128 643 478 246 433 684 794 253 649 573 136 412 773 191 2 209 407 27 189 291 89 595 556 633 66 269 729 702 
14 750
128 750
643 128
478 643
246 750
433 643
684 14
794 684
253 246
649 246
573 649
136 794
412 794
773 478
191 649
2 246
209 2
407 2
27 773
189 2
291 773
89 246
595 794
556 291
633 794
66 649
269 407
729 794
702 291
401 488 296 301 663 161 224 326 660 738 521 690 417 756 456 416 615 
401 488
296 488
301 296
663 296
161 296
224 161
326 224
660 161
738 224
521 660
690 488
417 738
756 690
456 690
416 417
615 456
