? 5 145 471 309 639 397 
? 5 186 562 54 75 85 
? 5 488 533 296 760 472 
? 4 334 399 125 583 
? 3 144 327 47 
!
488 533 296 760 472 
488 533
488 296
488 760
760 472
107 352 789 720 129 325 353 3 653 155 270 137 
107 352
789 107
720 789
129 107
325 352
353 789
3 789
653 789
155 789
270 155
137 129
291 702 637 27 369 269 92 285 34 232 126 151 624 305 669 691 696 208 377 
291 702
637 702
27 291
369 702
269 369
92 269
285 92
34 92
232 92
126 92
151 92
624 92
305 151
669 291
691 624
696 691
208 669
377 696
25 446 35 288 785 266 735 
25 446
35 446
288 35
785 288
266 446
735 266
242 364 474 716 173 563 766 371 580 751 645 761 483 707 734 317 523 798 731 613 496 621 231 247 268 146 227 625 491 758 388 525 81 565 183 457 674 686 171 55 772 604 50 306 512 449 550 330 784 295 463 628 692 9 588 677 
242 364
474 364
716 364
173 474
563 716
766 242
371 474
580 242
751 563
645 580
761 766
483 645
707 580
734 751
317 761
523 317
798 761
731 563
613 798
496 798
621 731
231 731
247 798
268 645
146 483
227 621
625 146
491 621
758 496
388 621
525 621
81 146
565 731
183 734
457 247
674 496
686 674
171 247
55 146
772 81
604 183
50 146
306 674
512 268
449 565
550 317
330 550
784 247
295 268
463 55
628 330
692 483
9 491
588 525
677 565
135 515 620 775 520 571 495 315 256 745 236 130 314 368 310 405 174 701 589 134 45 475 513 293 390 374 779 46 337 96 553 56 40 280 
135 515
620 135
775 135
520 135
571 620
495 775
315 495
256 571
745 256
236 571
130 495
314 315
368 256
310 315
405 130
174 256
701 405
589 315
134 405
45 174
475 405
513 368
293 589
390 589
374 513
779 174
46 513
337 390
96 134
553 293
56 390
40 589
280 293
136 794 684 595 403 633 412 191 750 649 89 729 573 14 128 586 643 246 66 253 478 263 23 167 433 407 189 209 2 556 773 788 769 
136 794
684 136
595 794
403 595
633 595
412 684
191 794
750 136
649 191
89 649
729 595
573 649
14 750
128 750
586 633
643 750
246 128
66 649
253 750
478 643
263 595
23 66
167 586
433 478
407 433
189 407
209 407
2 407
556 209
773 209
788 2
769 788
517 522 152 175 373 587 682 321 564 780 53 712 730 259 62 379 448 480 283 148 723 29 
517 522
152 517
175 152
373 517
587 522
682 175
321 587
564 587
780 522
53 682
712 175
730 175
259 373
62 152
379 259
448 152
480 712
283 730
148 283
723 148
29 175
299 470 566 782 614 514 694 320 511 
299 470
566 470
782 470
614 566
514 566
694 566
320 782
511 694
489 
68 262 190 163 179 67 507 485 793 187 101 742 205 90 527 57 561 121 361 109 427 683 450 292 689 434 456 113 
68 262
190 262
163 190
179 262
67 262
507 262
485 163
793 179
187 485
101 190
742 179
205 485
90 507
527 163
57 187
561 190
121 527
361 527
109 187
427 527
683 121
450 507
292 121
689 450
434 361
456 57
113 689
69 671 12 168 543 695 297 424 439 568 652 11 228 370 703 213 544 282 627 120 498 24 84 276 626 226 1 229 333 106 110 86 508 622 220 454 261 768 16 78 528 307 526 267 411 73 260 43 391 59 726 516 272 341 105 165 241 102 382 519 704 548 611 347 214 441 319 103 647 264 651 180 771 274 706 610 204 713 141 584 741 668 5 
69 671
12 69
168 671
543 168
695 671
297 671
424 543
439 543
568 695
652 424
11 12
228 439
370 695
703 652
213 439
544 439
282 213
627 213
120 12
498 703
24 370
84 24
276 11
626 24
226 703
1 568
229 703
333 626
106 213
110 333
86 498
508 1
622 110
220 1
454 703
261 508
768 261
16 110
78 261
528 110
307 78
526 622
267 16
411 16
73 106
260 526
43 267
391 528
59 391
726 498
516 59
272 454
341 110
105 16
165 73
241 73
102 526
382 726
519 220
704 382
548 526
611 726
347 261
214 102
441 43
319 260
103 319
647 103
264 214
651 347
180 73
771 508
274 319
706 180
610 261
204 611
713 241
141 204
584 103
741 274
668 548
5 382
149 743 754 693 529 675 408 687 479 131 332 71 594 21 36 725 
149 743
754 149
693 754
529 149
675 754
408 754
687 743
479 743
131 687
332 687
71 687
594 332
21 71
36 408
725 687
186 562 54 75 85 
186 562
54 75
75 85
186 54
298 372 185 602 770 396 119 386 429 601 318 465 603 656 239 657 156 790 632 776 442 323 351 473 631 791 19 404 464 63 197 49 635 585 538 257 278 623 331 719 497 8 499 346 418 28 65 95 636 255 469 705 447 774 666 219 532 466 387 681 721 177 251 467 378 33 87 98 549 31 170 38 558 328 733 360 574 100 258 240 401 160 461 619 
298 372
185 372
602 372
770 372
396 372
119 602
386 298
429 386
601 185
318 396
465 185
603 298
656 602
239 601
657 386
156 119
790 386
632 386
776 119
442 386
323 386
351 396
473 386
631 119
791 603
19 465
404 656
464 323
63 351
197 19
49 19
635 323
585 19
538 635
257 351
278 631
623 635
331 278
719 318
497 323
8 585
499 404
346 497
418 499
28 497
65 346
95 331
636 631
255 19
469 95
705 497
447 635
774 278
666 346
219 499
532 497
466 95
387 774
681 499
721 497
177 65
251 466
467 197
378 791
33 467
87 257
98 65
549 721
31 177
170 33
38 791
558 33
328 774
733 87
360 87
574 328
100 681
258 447
240 328
401 636
160 33
461 681
619 31
265 777 609 764 201 41 581 678 324 
265 777
609 265
764 609
201 609
41 201
581 764
678 581
324 41
334 399 125 583 
334 399
125 583
399 125
145 471 309 639 397 
145 309
471 309
145 639
471 397
88 518 349 421 530 444 500 732 329 157 629 740 688 536 510 342 198 634 164 778 184 376 783 591 97 567 76 
88 518
349 88
421 518
530 518
444 421
500 421
732 444
329 421
157 530
629 530
740 157
688 732
536 157
510 629
342 629
198 157
634 157
164 349
778 329
184 444
376 732
783 198
591 629
97 329
567 591
76 342
375 711 476 727 786 359 795 51 582 430 697 344 300 117 385 394 18 578 316 289 752 685 77 545 709 104 781 39 
375 711
476 711
727 711
786 711
359 375
795 359
51 786
582 786
430 582
697 711
344 711
300 430
117 344
385 344
394 344
18 430
578 359
316 578
289 430
752 385
685 578
77 578
545 385
709 545
104 385
781 578
39 316
223 
345 739 607 243 363 32 662 116 115 503 230 294 617 570 546 453 304 501 202 10 192 576 80 250 212 64 355 535 505 670 757 238 218 82 
345 739
607 345
243 739
363 243
32 739
662 345
116 739
115 32
503 363
230 243
294 503
617 662
570 617
546 294
453 32
304 294
501 617
202 294
10 243
192 501
576 294
80 202
250 576
212 243
64 212
355 202
535 570
505 546
670 116
757 202
238 505
218 64
82 757
233 679 279 630 746 383 767 
233 679
279 233
630 233
746 279
383 746
767 279
195 559 188 350 235 541 552 194 502 138 493 367 166 616 728 30 744 124 644 44 26 539 248 162 482 420 655 665 661 0 699 748 178 
195 559
188 559
350 188
235 195
541 559
552 559
194 235
502 350
138 194
493 235
367 188
166 367
616 502
728 235
30 166
744 235
124 728
644 502
44 124
26 124
539 616
248 30
162 26
482 124
420 124
655 248
665 124
661 248
0 162
699 661
748 248
178 166
718 796 154 140 690 762 615 365 
718 796
154 718
140 796
690 796
762 140
615 796
365 762
94 211 42 153 362 410 664 358 311 286 710 181 484 504 509 599 366 426 717 60 672 340 572 237 605 398 598 215 648 13 534 542 608 797 600 419 
94 211
42 211
153 211
362 211
410 153
664 410
358 94
311 410
286 664
710 311
181 286
484 362
504 358
509 664
599 664
366 504
426 484
717 311
60 358
672 181
340 60
572 426
237 340
605 311
398 605
598 426
215 598
648 664
13 672
534 215
542 598
608 534
797 237
600 13
419 484
551 659 58 560 680 133 48 
551 659
58 551
560 58
680 58
133 560
48 133
169 221 402 462 322 724 158 210 380 460 759 445 234 275 225 490 432 799 579 714 676 597 290 348 
169 221
402 169
462 221
322 402
724 221
158 402
210 169
380 158
460 322
759 460
445 380
234 445
275 234
225 234
490 210
432 759
799 234
579 759
714 445
676 234
597 579
290 490
348 714
400 423 537 737 182 492 753 413 123 590 592 338 406 763 381 612 618 245 428 52 
400 423
537 423
737 537
182 423
492 400
753 737
413 400
123 753
590 737
592 737
338 492
406 338
763 338
381 592
612 763
618 338
245 381
428 492
52 763
254 524 303 7 437 384 354 217 313 749 200 
254 524
303 254
7 254
437 524
384 7
354 437
217 437
313 7
749 313
200 303
271 650 22 147 17 93 577 273 575 
271 650
22 650
147 650
17 650
93 271
577 17
273 650
575 17
521 660 738 161 224 335 416 143 417 91 640 70 
521 660
738 521
161 660
224 738
335 738
416 224
143 416
417 416
91 224
640 143
70 91
252 557 199 736 172 641 308 755 646 111 658 99 459 494 
252 557
199 252
736 252
172 736
641 172
308 736
755 736
646 641
111 736
658 646
99 736
459 308
494 172
144 327 47 
144 327
327 47
114 487 638 176 6 486 132 287 207 458 673 127 438 569 203 150 436 415 663 787 326 118 74 765 540 301 
114 487
638 487
176 114
6 114
486 6
132 487
287 176
207 486
458 486
673 6
127 132
438 176
569 638
203 638
150 458
436 6
415 132
663 127
787 203
326 203
118 415
74 118
765 326
540 203
301 74
20 206 593 357 455 159 108 452 477 708 792 
20 206
593 20
357 593
455 357
159 455
108 159
452 108
477 108
708 108
792 477
112 431 61 422 554 654 756 196 393 531 
112 431
61 112
422 431
554 431
654 61
756 654
196 554
393 554
531 554
356 443 547 312 468 244 281 392 277 700 440 389 216 79 425 409 481 395 72 15 596 715 722 142 435 122 747 37 506 555 
356 443
547 356
312 356
468 443
244 468
281 443
392 281
277 443
700 312
440 312
389 277
216 244
79 700
425 440
409 389
481 216
395 425
72 79
15 72
596 425
715 72
722 216
142 72
435 481
122 722
747 435
37 747
506 596
555 37
4 83 336 139 249 339 284 667 343 414 698 222 606 642 193 302 451 
4 83
336 83
139 83
249 83
339 83
284 339
667 339
343 339
414 339
698 139
222 414
606 222
642 139
193 222
302 642
451 302
