? 12 82 107 301 660 605 520 336 430 372 798 368 60 
? 11 153 702 28 23 366 217 784 253 479 580 235 
? 11 320 640 326 552 193 600 238 285 346 219 456 
? 11 454 503 737 700 778 448 206 279 772 526 192 
? 11 9 227 532 92 528 145 303 181 270 583 248 
? 11 194 592 741 655 338 321 574 80 75 504 654 
? 11 274 373 247 304 722 121 483 232 635 624 143 
? 10 541 704 265 751 639 748 42 774 37 567 
? 10 212 413 466 169 384 441 701 85 327 91 
? 10 282 378 19 137 84 123 351 412 389 352 
? 10 296 309 598 750 795 595 276 575 40 383 
? 10 186 429 641 753 221 67 38 555 61 708 
? 10 457 735 603 427 763 561 548 318 648 106 
? 9 498 692 636 523 546 746 793 545 460 
? 9 257 667 417 589 239 273 651 236 225 
? 9 110 390 356 418 540 758 407 695 770 
? 9 5 31 278 471 307 189 24 579 43 
? 9 249 619 719 108 387 18 527 685 788 
? 8 203 491 637 377 74 45 733 602 
? 8 128 481 727 243 104 599 52 538 
? 8 379 380 342 25 563 433 267 275 
? 8 565 739 724 437 286 65 661 585 
? 8 70 676 359 12 176 475 17 493 
? 8 163 674 411 93 69 58 566 333 
? 8 382 444 144 736 101 747 47 610 
? 7 220 375 742 129 97 606 497 
? 7 260 367 590 353 556 642 397 
? 7 228 653 102 723 587 231 586 
? 7 202 406 557 720 638 693 204 
? 6 6 134 166 446 131 494 
? 6 160 713 716 709 577 696 
? 6 15 339 791 224 627 512 
? 6 49 616 436 246 629 174 
? 6 450 576 473 280 646 381 
? 6 72 773 442 569 251 371 
? 6 89 216 622 434 214 705 
? 6 146 159 222 663 609 421 
? 6 313 529 677 717 14 200 
? 6 679 683 740 615 597 191 
? 5 680 785 73 245 544 
? 5 425 551 690 781 223 
? 5 604 744 678 535 237 
? 5 88 777 796 79 553 
? 5 360 488 509 347 316 
? 5 95 759 502 4 625 
? 5 188 201 179 105 29 
? 5 0 611 308 516 172 
? 5 242 630 439 461 571 
? 5 462 513 431 524 374 
? 5 341 749 686 782 266 
? 5 365 649 315 554 90 
? 5 261 358 111 405 726 
? 5 195 738 422 536 618 
? 5 183 517 289 453 115 
? 5 66 157 328 786 332 
? 5 699 757 76 244 325 
? 5 81 501 769 762 109 
? 5 666 797 506 521 771 
? 4 27 754 53 112 
? 4 756 768 268 36 
? 4 514 731 765 767 
? 4 288 632 259 658 
? 4 426 790 531 522 
? 4 419 443 496 487 
? 4 262 711 164 292 
? 4 331 428 230 20 
? 4 283 305 628 581 
? 4 449 584 77 250 
? 4 139 485 710 155 
? 4 344 578 424 468 
? 4 63 447 178 361 
? 4 281 560 317 542 
? 4 205 408 691 345 
? 3 669 703 234 
? 3 64 86 396 
? 3 404 519 783 
? 3 391 668 168 
? 3 306 438 550 
? 3 392 601 294 
? 3 114 697 208 
? 3 324 664 149 
? 3 269 432 135 
? 3 451 478 54 
? 3 470 732 518 
? 3 293 631 35 
? 3 16 71 334 
? 3 120 794 167 
? 3 263 570 623 
? 3 508 789 621 
? 3 633 662 673 
? 3 162 357 83 
? 3 3 337 256 
? 3 10 277 675 
? 3 458 689 46 
? 3 125 617 760 
!
205 408 691 345 
408 691
691 345
205 345
743 
734 
44 572 
44 572
299 755 48 714 537 594 455 96 30 394 122 792 386 130 355 127 226 499 614 626 510 209 171 
299 755
48 299
714 755
537 48
594 537
455 755
96 594
30 455
394 455
122 755
792 48
386 48
130 455
355 714
127 714
226 355
499 122
614 30
626 96
510 386
209 455
171 96
382 444 144 736 101 747 47 610 
382 101
444 736
144 747
382 444
736 47
382 747
47 610
249 619 719 108 387 18 527 685 788 
249 619
719 108
387 18
619 719
108 387
249 527
387 685
619 788
666 797 506 521 771 
666 797
666 506
506 521
506 771
125 617 760 
617 760
125 760
369 465 
369 465
5 31 278 471 307 189 24 579 43 
5 278
31 579
5 579
307 579
31 189
307 43
471 24
5 24
458 689 46 
689 46
458 689
252 435 
252 435
729 
163 674 411 93 69 58 566 333 
163 674
411 93
674 411
566 333
411 333
69 566
163 58
274 373 247 304 722 121 483 232 635 624 143 
304 635
483 232
373 247
274 247
247 232
121 624
624 143
304 121
247 635
722 143
725 
198 254 
198 254
287 400 
287 400
10 277 675 
10 675
277 675
116 218 
116 218
698 
3 337 256 
3 337
3 256
151 482 26 752 647 291 672 652 117 59 161 94 207 322 39 445 354 511 
151 482
26 482
752 26
647 752
291 151
672 26
652 151
117 151
59 672
161 59
94 161
207 752
322 672
39 322
445 672
354 94
511 161
162 357 83 
357 83
162 357
457 735 603 427 763 561 548 318 648 106 
763 106
603 318
457 648
457 561
457 735
735 318
648 106
603 427
561 548
679 683 740 615 597 191 
615 597
740 191
679 683
683 740
679 615
568 607 
568 607
110 390 356 418 540 758 407 695 770 
390 356
695 770
540 758
418 407
758 407
110 356
356 418
540 770
124 215 
124 215
688 
281 560 317 542 
281 317
281 542
560 542
41 596 
41 596
633 662 673 
662 673
633 662
684 
202 406 557 720 638 693 204 
202 693
406 693
406 557
406 720
406 204
638 204
508 789 621 
508 789
789 621
558 707 
558 707
186 429 641 753 221 67 38 555 61 708 
221 708
641 61
67 38
61 708
753 555
429 641
753 67
186 67
429 38
81 501 769 762 109 
762 109
81 501
501 109
501 769
657 
323 534 
323 534
313 529 677 717 14 200 
313 529
529 677
677 14
677 717
14 200
63 447 178 361 
447 178
63 447
63 361
344 578 424 468 
344 424
578 424
578 468
643 
146 159 222 663 609 421 
146 609
146 222
159 222
159 663
663 421
118 140 645 150 593 158 459 530 687 312 113 775 721 314 490 51 233 539 403 464 98 264 
118 140
645 118
150 118
593 150
158 140
459 118
530 118
687 118
312 118
113 459
775 140
721 312
314 118
490 721
51 459
233 51
539 593
403 490
464 593
98 490
264 150
296 309 598 750 795 595 276 575 40 383 
296 598
750 795
595 575
309 383
795 383
296 383
750 595
309 40
750 276
139 485 710 155 
139 485
139 710
139 155
620 
699 757 76 244 325 
757 76
699 325
699 757
699 244
194 592 741 655 338 321 574 80 75 504 654 
321 80
741 655
592 741
194 592
194 504
321 654
592 338
504 654
574 75
741 574
197 474 
197 474
613 
165 310 
165 310
173 650 
173 650
573 
228 653 102 723 587 231 586 
653 586
653 587
102 231
102 587
228 723
228 102
562 
66 157 328 786 332 
157 786
66 157
328 332
328 786
89 216 622 434 214 705 
89 214
216 622
622 705
89 216
216 434
72 773 442 569 251 371 
442 251
569 371
72 773
773 371
72 251
263 570 623 
263 570
570 623
9 227 532 92 528 145 303 181 270 583 248 
303 248
9 532
92 303
532 145
9 303
227 532
583 248
92 181
270 583
227 528
533 
99 706 671 398 87 393 761 712 302 764 330 319 180 591 
99 706
671 99
398 706
87 398
393 671
761 99
712 393
302 87
764 302
330 671
319 671
180 87
591 671
469 
449 584 77 250 
584 77
449 77
584 250
454 503 737 700 778 448 206 279 772 526 192 
503 526
454 526
737 778
503 737
700 279
503 700
503 206
778 772
737 192
454 448
183 517 289 453 115 
517 453
517 289
183 453
289 115
120 794 167 
120 794
120 167
440 
257 667 417 589 239 273 651 236 225 
257 667
651 236
417 239
273 225
667 651
257 589
417 589
273 236
423 
420 
195 738 422 536 618 
195 536
422 536
738 422
195 618
409 
415 476 
415 476
199 543 103 78 55 300 148 132 694 612 133 608 515 240 489 348 343 340 477 
199 543
103 199
78 543
55 543
300 543
148 55
132 199
694 199
612 78
133 612
608 148
515 199
240 543
489 612
348 515
343 78
340 55
477 148
16 71 334 
16 334
16 71
402 
261 358 111 405 726 
261 358
405 726
358 726
111 726
68 258 492 480 507 290 297 495 170 549 486 525 100 7 329 50 787 780 33 730 350 467 
68 258
492 258
480 492
507 480
290 480
297 480
495 68
170 258
549 170
486 480
525 495
100 480
7 525
329 549
50 480
787 525
780 50
33 50
730 100
350 329
467 33
450 576 473 280 646 381 
450 646
450 381
280 381
473 381
576 646
365 649 315 554 90 
365 649
315 554
649 90
365 554
665 728 
665 728
399 
34 177 
34 177
8 21 745 210 13 229 682 363 401 1 154 484 659 298 505 
8 21
745 21
210 8
13 8
229 210
682 229
363 745
401 8
1 401
154 745
484 1
659 401
298 1
505 484
385 
364 
283 305 628 581 
283 305
283 628
305 581
282 378 19 137 84 123 351 412 389 352 
19 351
378 19
282 19
84 351
378 412
137 389
378 137
412 352
84 123
49 616 436 246 629 174 
629 174
49 436
616 246
616 174
49 616
212 413 466 169 384 441 701 85 327 91 
212 466
169 85
441 91
169 91
413 384
212 413
466 701
212 91
441 327
255 
15 339 791 224 627 512 
15 339
791 627
339 224
791 512
15 791
541 704 265 751 639 748 42 774 37 567 
748 774
541 704
751 639
541 751
639 748
639 42
751 567
704 265
541 37
341 749 686 782 266 
341 266
749 266
341 782
686 782
70 676 359 12 176 475 17 493 
676 359
70 359
359 12
70 17
12 176
70 475
475 493
213 
565 739 724 437 286 65 661 585 
565 724
565 739
724 437
437 286
286 65
65 661
437 585
185 452 
185 452
196 
293 631 35 
631 35
293 35
184 
182 
331 428 230 20 
428 230
331 428
331 20
260 367 590 353 556 642 397 
260 397
642 397
367 556
367 590
367 642
590 353
498 692 636 523 546 746 793 545 460 
498 692
523 746
692 523
793 545
746 545
692 636
546 460
746 460
152 
156 634 547 175 335 644 370 416 119 670 272 295 472 776 588 500 388 
156 634
547 634
175 156
335 634
644 634
370 335
416 634
119 370
670 335
272 670
295 119
472 272
776 370
588 776
500 588
388 588
470 732 518 
732 518
470 732
462 513 431 524 374 
513 374
462 431
431 374
462 524
262 711 164 292 
711 292
262 164
262 711
242 630 439 461 571 
242 461
242 630
439 571
630 571
379 380 342 25 563 433 267 275 
379 25
342 25
380 25
342 563
379 433
433 267
563 275
0 611 308 516 172 
308 172
611 516
0 172
0 611
451 478 54 
451 478
478 54
419 443 496 487 
443 496
419 496
419 487
188 201 179 105 29 
188 201
188 29
201 179
188 105
95 759 502 4 625 
95 502
95 4
759 502
95 625
269 432 135 
269 432
432 135
56 582 
56 582
656 718 
656 718
187 564 
187 564
128 481 727 243 104 599 52 538 
128 52
727 243
481 104
481 52
243 52
104 538
128 599
426 790 531 522 
426 531
790 522
426 522
324 664 149 
664 149
324 149
320 640 326 552 193 600 238 285 346 219 456 
326 600
320 640
320 326
193 219
326 238
552 456
600 456
346 219
640 193
193 285
114 697 208 
114 697
114 208
360 488 509 347 316 
360 316
488 347
509 347
488 316
88 777 796 79 553 
777 553
796 553
88 777
796 79
62 414 
62 414
153 702 28 23 366 217 784 253 479 580 235 
23 366
702 235
153 702
153 23
784 253
23 580
253 235
28 217
153 28
702 479
392 601 294 
392 601
392 294
147 
211 559 
211 559
288 632 259 658 
632 658
632 259
288 658
126 141 
126 141
514 731 765 767 
514 731
514 767
514 765
604 744 678 535 237 
604 237
604 744
604 678
535 237
142 362 
142 362
463 799 
463 799
395 410 
395 410
138 
311 349 241 11 681 715 57 376 271 779 190 136 766 284 
311 349
241 349
11 311
681 311
715 311
57 311
376 715
271 311
779 311
190 311
136 349
766 11
284 57
82 107 301 660 605 520 336 430 372 798 368 60 
107 60
82 107
301 60
336 368
605 368
82 605
336 798
301 430
107 520
301 660
372 368
32 
425 551 690 781 223 
425 551
551 690
690 223
781 223
756 768 268 36 
756 768
756 268
756 36
160 713 716 709 577 696 
713 716
160 716
713 709
160 696
709 577
220 375 742 129 97 606 497 
742 129
220 742
129 606
375 497
375 742
220 97
22 
306 438 550 
438 550
306 438
391 668 168 
391 668
668 168
2 
404 519 783 
404 519
519 783
27 754 53 112 
754 112
27 112
27 53
203 491 637 377 74 45 733 602 
733 602
377 74
377 45
203 491
203 637
491 45
203 733
680 785 73 245 544 
680 785
680 245
73 544
785 544
64 86 396 
64 86
64 396
669 703 234 
703 234
669 703
6 134 166 446 131 494 
6 166
166 131
6 134
134 494
446 131
