? 12 454 503 700 737 279 772 448 778 425 206 187 609 
? 11 320 640 326 552 193 238 600 456 571 790 219 
? 11 541 704 265 751 42 639 534 37 567 748 669 
? 11 282 378 19 137 84 20 412 352 365 554 389 
? 11 194 592 338 321 574 655 741 504 80 75 508 
? 11 151 482 26 752 647 672 652 322 81 445 305 
? 11 227 532 92 9 145 583 636 51 546 248 181 
? 10 153 702 28 366 217 23 235 253 784 479 
? 10 163 674 661 65 493 761 475 319 411 671 
? 10 249 619 719 527 108 387 18 685 364 788 
? 10 274 373 483 304 121 247 635 624 494 124 
? 10 203 491 377 74 637 733 45 602 458 753 
? 10 5 31 471 278 307 24 43 189 331 211 
? 9 498 692 523 61 38 746 545 708 689 
? 9 82 107 301 605 711 798 430 660 648 
? 9 356 390 110 467 418 758 407 695 770 
? 9 204 514 202 406 731 580 638 765 77 
? 9 70 676 359 12 176 749 496 782 17 
? 8 565 739 724 437 286 795 591 40 
? 8 186 429 221 641 67 555 793 688 
? 8 342 379 563 380 25 433 126 275 
? 8 296 309 750 598 276 595 330 575 
? 8 169 441 679 85 683 91 701 327 
? 8 382 444 101 144 736 423 47 400 
? 8 102 587 653 723 228 697 231 586 
? 7 15 339 791 224 629 419 506 
? 7 457 735 603 427 561 106 548 
? 7 95 759 502 768 4 625 268 
? 7 604 744 678 535 763 293 447 
? 6 388 588 501 769 553 500 
? 6 242 630 439 461 64 86 
? 6 367 590 260 353 392 397 
? 6 146 159 222 663 642 650 
? 6 160 713 716 135 709 696 
? 6 436 512 49 616 3 60 
? 6 6 134 446 362 166 215 
? 6 143 288 317 560 632 658 
? 6 693 720 562 449 557 173 
? 6 450 473 280 381 646 576 
? 5 129 220 375 452 742 
? 5 216 622 89 434 705 
? 5 39 596 59 53 109 
? 5 262 497 164 521 292 
? 5 462 513 214 374 369 
? 5 666 797 627 606 520 
? 5 569 773 72 371 200 
? 5 63 178 361 35 649 
? 5 442 677 251 313 529 
? 5 345 680 544 66 157 
? 5 0 611 308 464 516 
? 5 94 354 161 79 415 
? 5 244 699 757 76 325 
? 5 344 424 318 578 468 
? 5 183 517 453 289 665 
? 5 722 729 281 259 542 
? 5 195 738 422 125 536 
? 5 581 777 796 283 643 
? 5 105 426 531 633 233 
? 4 174 246 341 684 
? 4 568 747 201 607 
? 4 27 754 347 207 
? 4 205 408 332 328 
? 4 111 726 2 405 
? 4 556 601 252 294 
? 4 139 485 710 559 
? 4 179 188 198 698 
? 4 138 391 168 83 
? 4 245 785 621 691 
? 4 717 786 191 14 
? 4 357 756 686 162 
? 4 470 732 337 256 
? 4 343 533 182 476 
? 4 316 383 488 376 
? 3 431 550 306 
? 3 120 396 460 
? 3 88 511 41 
? 3 597 740 615 
? 3 518 524 93 
? 3 165 368 44 
? 3 123 208 114 
? 3 551 690 564 
? 3 90 703 440 
? 3 230 428 579 
? 3 263 774 570 
? 3 526 781 223 
? 3 131 435 767 
? 3 152 287 29 
? 3 16 264 270 
? 3 142 558 707 
? 3 46 794 22 
? 3 104 538 54 
? 3 10 277 232 
? 3 58 585 438 
? 3 291 628 117 
? 3 451 478 566 
!
316 383 488 376 
316 376
316 488
316 383
762 
743 
167 218 
167 218
299 755 48 714 537 96 455 594 30 127 792 394 614 130 355 386 226 499 549 122 510 209 626 
299 755
48 299
714 755
537 48
96 537
455 755
594 537
30 455
127 714
792 755
394 455
614 755
130 394
355 714
386 537
226 714
499 30
549 226
122 30
510 386
209 30
626 549
102 587 653 723 228 697 231 586 
653 586
587 653
697 231
102 231
697 586
723 228
102 228
70 676 359 12 176 749 496 782 17 
176 749
676 359
70 359
12 496
176 782
359 12
70 17
12 749
105 426 531 633 233 
633 233
426 531
426 233
105 426
451 478 566 
451 478
478 566
141 237 
141 237
204 514 202 406 731 580 638 765 77 
731 638
204 514
638 77
202 406
204 731
204 406
580 638
514 765
291 628 117 
291 628
291 117
250 584 
250 584
734 
382 444 101 144 736 423 47 400 
382 101
444 736
382 444
47 400
444 423
736 47
144 423
227 532 92 9 145 583 636 51 546 248 181 
532 9
532 145
227 532
92 9
92 636
92 248
583 248
92 181
583 51
227 546
728 
155 385 
155 385
136 284 
136 284
58 585 438 
58 585
585 438
323 623 
323 623
725 
10 277 232 
10 277
277 232
302 764 128 413 87 481 727 180 466 243 52 99 384 393 706 599 212 398 
302 764
128 764
413 302
87 302
481 128
727 481
180 764
466 413
243 128
52 764
99 87
384 413
393 99
706 99
599 413
212 413
398 413
104 538 54 
104 538
104 54
5 31 471 278 307 24 43 189 331 211 
5 278
5 31
31 211
31 189
278 307
307 43
471 24
24 211
189 331
450 473 280 381 646 576 
450 646
450 381
280 381
473 381
646 576
116 346 
116 346
356 390 110 467 418 758 407 695 770 
356 390
695 770
418 407
758 407
356 110
390 467
467 407
758 695
69 409 
69 409
718 
343 533 182 476 
533 182
343 182
182 476
192 213 
192 213
46 794 22 
46 794
794 22
712 
604 744 678 535 763 293 447 
604 744
293 447
604 678
604 293
535 763
604 535
142 558 707 
142 558
558 707
420 656 
420 656
203 491 377 74 637 733 45 602 458 753 
733 602
377 74
377 45
203 491
733 458
733 753
203 458
637 458
491 45
581 777 796 283 643 
581 777
777 796
796 283
581 643
673 
255 469 
255 469
693 720 562 449 557 173 
693 557
693 720
557 173
693 562
449 557
470 732 337 256 
470 732
732 256
470 337
357 756 686 162 
756 686
357 686
357 162
662 
143 288 317 560 632 658 
288 317
632 658
143 658
143 560
143 288
118 140 150 645 459 593 530 158 312 687 721 314 490 113 196 539 98 395 334 620 267 528 
118 140
150 118
645 118
459 118
593 150
530 150
158 459
312 118
687 150
721 687
314 150
490 140
113 459
196 140
539 593
98 490
395 687
334 150
620 158
267 98
528 459
274 373 483 304 121 247 635 624 494 124 
304 635
373 494
373 247
274 247
121 624
483 247
304 121
624 494
624 124
717 786 191 14 
717 786
191 14
786 14
654 
195 738 422 125 536 
195 536
422 536
738 422
195 125
151 482 26 752 647 672 652 322 81 445 305 
652 305
482 26
151 482
322 445
482 752
672 322
26 672
482 647
81 305
672 652
147 358 
147 358
631 
32 197 
32 197
303 613 
303 613
618 
95 759 502 768 4 625 268 
95 502
95 4
625 268
759 502
502 268
759 768
582 
722 729 281 259 542 
722 729
281 542
729 542
259 542
6 134 446 362 166 215 
6 166
6 362
6 134
134 446
134 215
436 512 49 616 3 60 
436 512
512 49
616 3
49 616
512 60
16 264 270 
264 270
16 264
194 592 338 321 574 655 741 504 80 75 508 
321 80
655 741
592 741
194 592
194 504
592 338
574 75
574 741
321 504
504 508
577 
199 543 103 78 612 348 489 300 132 515 133 240 261 694 
199 543
103 199
78 543
612 543
348 199
489 543
300 78
132 543
515 348
133 348
240 300
261 515
694 78
487 
245 785 621 691 
245 785
245 691
785 621
282 378 19 137 84 20 412 352 365 554 389 
378 19
282 19
282 554
378 412
352 554
137 389
378 137
19 84
412 365
20 365
183 517 453 289 665 
517 453
517 289
183 453
289 665
152 287 29 
152 29
152 287
465 
82 107 301 605 711 798 430 660 648 
82 107
107 301
82 605
301 430
301 660
430 648
605 711
605 798
443 
421 
344 424 318 578 468 
344 424
424 578
344 318
578 468
410 
336 572 
336 572
156 634 547 175 644 335 370 416 119 477 295 272 148 340 472 608 55 776 670 
156 634
547 156
175 634
644 634
335 156
370 644
416 370
119 335
477 644
295 644
272 119
148 370
340 148
472 272
608 148
55 148
776 55
670 272
131 435 767 
131 435
131 767
403 
244 699 757 76 325 
757 76
699 325
699 757
244 699
68 258 492 507 480 171 495 780 290 170 297 100 486 50 7 525 787 730 33 350 329 540 
68 258
492 258
507 68
480 507
171 68
495 68
780 480
290 480
170 68
297 492
100 507
486 258
50 100
7 492
525 492
787 525
730 50
33 730
350 170
329 350
540 33
160 713 716 135 709 696 
713 716
160 716
135 709
713 709
160 696
94 354 161 79 415 
94 354
94 161
94 415
79 415
97 771 
97 771
402 
474 789 
474 789
8 21 745 210 229 1 363 682 484 13 154 675 659 401 505 
8 21
745 8
210 8
229 210
1 8
363 745
682 229
484 1
13 210
154 363
675 484
659 1
401 1
505 484
399 
372 
138 391 168 83 
391 83
138 391
168 83
249 619 719 527 108 387 18 685 364 788 
249 619
719 108
387 18
619 719
108 387
685 364
18 364
249 527
619 788
146 159 222 663 642 650 
146 222
159 222
159 663
642 650
663 650
163 674 661 65 493 761 475 319 411 671 
661 761
163 761
674 475
163 674
65 761
65 319
319 671
475 411
163 493
333 
367 590 260 353 392 397 
260 397
367 590
590 392
590 353
367 397
153 702 28 366 217 23 235 253 784 479 
366 23
702 235
153 702
153 23
253 784
235 253
28 217
153 28
702 479
0 611 308 464 516 
611 516
0 308
611 464
0 611
169 441 679 85 683 91 701 327 
169 85
441 679
679 91
169 91
441 327
85 701
441 683
324 
296 309 750 598 276 595 330 575 
296 598
595 575
750 598
296 309
750 595
309 330
750 276
269 432 
269 432
310 
526 781 223 
781 223
526 781
298 
266 
179 188 198 698 
188 198
179 188
198 698
457 735 603 427 561 106 548 
457 561
457 735
735 603
603 427
561 548
561 106
498 692 523 61 38 746 545 708 689 
61 708
545 689
498 692
523 746
692 523
708 689
746 545
61 38
254 
257 667 239 417 273 651 589 236 404 225 519 664 610 783 34 149 177 
257 667
239 667
417 667
273 667
651 667
589 257
236 651
404 273
225 273
519 236
664 225
610 664
783 651
34 664
149 225
177 783
263 774 570 
263 570
263 774
345 680 544 66 157 
345 680
66 157
345 66
680 544
139 485 710 559 
139 485
139 710
710 559
442 677 251 313 529 
677 251
677 529
313 529
442 251
342 379 563 380 25 433 126 275 
379 25
342 25
380 25
342 563
379 433
380 126
563 275
63 178 361 35 649 
361 649
63 178
63 361
63 35
230 428 579 
230 428
230 579
556 601 252 294 
601 252
556 601
556 294
569 773 72 371 200 
569 371
773 72
773 371
371 200
666 797 627 606 520 
666 797
797 627
666 520
666 606
90 703 440 
703 440
90 703
234 315 
234 315
112 799 
112 799
172 657 
172 657
186 429 221 641 67 555 793 688 
221 641
641 793
429 641
186 67
429 67
67 555
793 688
111 726 2 405 
726 405
111 2
726 2
551 690 564 
551 690
690 564
541 704 265 751 42 639 534 37 567 748 669 
541 704
751 639
42 669
541 751
639 748
42 639
751 567
704 534
704 265
534 37
123 208 114 
123 114
208 114
462 513 214 374 369 
462 214
513 374
374 369
214 374
262 497 164 521 292 
262 497
262 521
497 164
521 292
617 760 
617 760
320 640 326 552 193 238 600 456 571 790 219 
326 600
320 640
320 326
193 219
326 238
552 456
790 219
600 456
640 193
238 571
165 368 44 
368 44
165 44
185 
73 668 
73 668
205 408 332 328 
408 332
408 328
205 328
351 573 
351 573
27 754 347 207 
754 347
27 754
27 207
39 596 59 53 109 
59 109
596 59
39 53
39 59
62 414 
62 414
71 775 
71 775
285 522 
285 522
184 
311 349 11 463 681 57 766 271 190 779 715 360 241 509 
311 349
11 349
463 311
681 11
57 311
766 11
271 311
190 311
779 349
715 190
360 715
241 766
509 463
454 503 700 737 279 772 448 778 425 206 187 609 
454 503
737 778
503 737
700 279
503 700
503 206
279 187
425 187
772 778
448 425
206 609
115 
216 622 89 434 705 
216 622
622 705
216 89
216 434
568 747 201 607 
747 201
568 747
568 607
242 630 439 461 64 86 
242 86
461 64
461 86
439 64
242 630
15 339 791 224 629 419 506 
15 339
339 419
339 224
15 791
629 419
15 506
56 
518 524 93 
524 93
518 93
597 740 615 
597 615
740 615
36 
88 511 41 
511 41
88 511
174 246 341 684 
341 684
174 341
174 246
565 739 724 437 286 795 591 40 
565 724
565 739
724 437
437 286
591 40
739 591
739 795
129 220 375 452 742 
129 742
220 742
375 742
129 452
120 396 460 
396 460
120 396
431 550 306 
431 306
431 550
388 588 501 769 553 500 
388 769
553 500
501 769
388 588
588 553
