? 12 99 706 671 393 87 398 180 302 330 761 319 764 
? 11 194 592 574 338 80 741 655 504 508 197 391 
? 11 482 752 26 151 672 647 53 291 59 161 322 
? 11 282 378 19 137 554 123 352 365 412 389 84 
? 11 82 107 301 605 660 336 430 648 797 521 711 
? 11 457 735 603 427 548 561 318 697 106 763 293 
? 11 257 667 417 239 273 236 651 225 519 589 404 
? 10 9 227 532 92 528 145 775 583 270 181 
? 10 153 702 366 28 217 23 253 784 479 235 
? 10 541 704 265 751 748 42 639 37 534 656 
? 10 212 413 466 169 384 441 85 701 683 327 
? 10 65 661 163 674 739 724 591 437 58 712 
? 10 498 692 636 746 523 61 708 38 546 641 
? 9 379 380 342 25 433 563 275 368 310 
? 9 274 373 121 304 483 247 624 635 494 
? 9 436 512 49 616 629 791 60 725 15 
? 9 5 31 278 471 579 307 24 43 428 
? 9 203 491 602 74 637 733 377 45 458 
? 8 249 619 719 108 387 18 527 364 
? 8 262 497 375 742 164 421 220 222 
? 8 356 390 110 467 418 540 758 407 
? 8 81 94 354 501 628 79 652 305 
? 8 70 676 475 176 359 12 493 333 
? 8 160 713 716 709 135 774 577 432 
? 8 388 588 500 553 643 777 581 769 
? 7 204 514 638 202 584 765 406 
? 7 72 773 569 371 442 251 200 
? 7 102 653 587 228 231 586 723 
? 7 450 576 473 381 280 770 646 
? 6 598 750 296 795 309 575 
? 6 382 444 610 144 101 736 
? 6 186 429 221 67 555 753 
? 6 95 502 224 759 625 4 
? 6 6 134 166 362 446 124 
? 6 260 367 353 590 397 556 
? 6 214 216 622 434 89 438 
? 6 93 411 705 462 524 518 
? 6 66 157 408 332 191 345 
? 6 128 243 481 727 104 54 
? 5 347 488 509 754 316 
? 5 693 720 580 562 449 
? 5 111 726 623 405 147 
? 5 615 679 740 91 597 
? 5 288 658 143 142 317 
? 5 242 461 439 64 86 
? 5 680 785 245 544 668 
? 5 47 664 690 324 400 
? 5 129 606 97 699 452 
? 5 604 678 744 535 178 
? 5 313 529 717 786 14 
? 5 422 738 195 536 323 
? 5 174 266 246 749 341 
? 5 183 517 453 289 665 
? 5 685 729 722 281 560 
? 5 401 505 675 232 250 
? 5 283 796 511 109 88 
? 5 545 794 120 396 46 
? 5 0 611 172 308 516 
? 4 39 445 596 799 
? 4 188 201 747 179 
? 4 76 757 558 244 
? 4 139 485 559 117 
? 4 252 392 601 642 
? 4 617 760 125 476 
? 4 468 470 337 578 
? 4 756 788 357 686 
? 4 269 689 793 16 
? 4 159 663 213 435 
? 4 334 657 464 90 
? 4 177 783 781 34 
? 4 306 431 374 550 
? 4 205 328 691 789 
? 4 208 447 35 582 
? 3 83 168 75 
? 3 369 710 136 
? 3 105 522 198 
? 3 585 779 565 
? 3 230 331 234 
? 3 627 666 506 
? 3 731 767 77 
? 3 63 361 649 
? 3 261 358 2 
? 3 344 424 469 
? 3 339 419 185 
? 3 567 570 263 
? 3 568 607 346 
? 3 27 112 463 
? 3 131 277 294 
? 3 155 465 385 
? 3 451 478 538 
? 3 215 632 259 
? 3 460 613 167 
? 3 40 383 595 
? 3 520 798 126 
? 3 17 32 782 
!
208 447 35 582 
208 582
35 582
447 35
743 
734 
56 573 
56 573
299 755 48 537 714 455 594 792 30 394 96 130 127 122 499 226 386 355 209 510 549 626 614 
299 755
48 299
537 48
714 299
455 755
594 537
792 755
30 455
394 455
96 594
130 394
127 594
122 30
499 30
226 714
386 537
355 226
209 499
510 386
549 226
626 537
614 30
388 588 500 553 643 777 581 769 
553 777
388 769
777 581
500 553
388 588
588 581
588 643
203 491 602 74 637 733 377 45 458 
602 733
74 377
377 45
203 491
733 458
203 458
637 458
491 45
0 611 172 308 516 
172 308
611 516
0 172
0 611
17 32 782 
17 32
32 782
707 771 
707 771
5 31 278 471 579 307 24 43 428 
5 278
31 579
5 579
579 307
307 43
471 24
5 24
31 428
520 798 126 
798 126
520 126
287 564 
287 564
728 
160 713 716 709 135 774 577 432 
713 716
160 432
716 432
709 774
713 774
135 774
135 577
257 667 417 239 273 236 651 225 519 589 404 
257 667
236 651
519 404
417 239
273 225
667 651
257 589
417 519
417 589
273 236
696 
474 566 
474 566
114 399 
114 399
40 383 595 
40 383
383 595
41 762 
41 762
695 
460 613 167 
460 613
460 167
320 640 326 193 600 552 238 219 790 456 116 571 303 531 285 630 426 233 
320 640
326 640
193 320
600 193
552 326
238 326
219 193
790 219
456 326
116 320
571 238
303 456
531 193
285 600
630 238
426 219
233 326
215 632 259 
632 259
215 259
498 692 636 746 523 61 708 38 546 641 
61 641
61 708
498 692
746 523
692 523
692 636
38 641
523 61
746 546
128 243 481 727 104 54 
243 727
481 104
128 243
128 481
104 54
138 321 
138 321
436 512 49 616 629 791 60 725 15 
629 725
436 512
512 49
512 791
791 15
616 629
49 616
791 60
196 410 
196 410
688 
205 328 691 789 
691 789
328 691
205 328
3 684 
3 684
451 478 538 
451 478
451 538
677 
450 576 473 381 280 770 646 
450 646
450 381
381 280
576 770
473 381
770 646
155 465 385 
155 385
155 465
141 237 
141 237
65 661 163 674 739 724 591 437 58 712 
724 58
661 163
724 437
163 674
739 58
739 591
65 661
661 591
591 712
545 794 120 396 46 
396 46
120 396
794 46
545 120
673 
223 551 
223 551
66 157 408 332 191 345 
408 332
66 157
66 345
66 332
157 191
306 431 374 550 
306 431
431 550
431 374
177 783 781 34 
781 34
177 34
177 783
654 
93 411 705 462 524 518 
93 524
705 462
93 411
93 705
705 518
118 140 645 459 150 593 113 530 314 721 158 539 687 403 254 662 312 490 51 395 98 267 
118 140
645 140
459 118
150 645
593 150
113 459
530 140
314 150
721 645
158 459
539 593
687 593
403 721
254 118
662 113
312 721
490 721
51 459
395 539
98 490
267 98
212 413 466 169 384 441 85 701 683 327 
384 683
212 466
169 85
413 683
212 413
466 701
169 441
212 441
441 327
334 657 464 90 
657 90
334 90
464 90
650 
283 796 511 109 88 
796 511
796 109
796 88
283 511
457 735 603 427 548 561 318 697 106 763 293 
106 763
603 318
427 697
457 561
457 735
735 318
603 427
548 561
561 106
548 293
115 165 
115 165
633 
325 414 
325 414
29 698 
29 698
631 
102 653 587 228 231 586 723 
653 586
653 587
102 231
102 587
228 723
102 228
620 
401 505 675 232 250 
401 250
505 250
505 675
505 232
214 216 622 434 89 438 
214 89
216 622
216 89
216 434
434 438
260 367 353 590 397 556 
260 397
367 556
367 590
353 590
367 397
131 277 294 
131 277
131 294
82 107 301 605 660 336 430 648 797 521 711 
660 797
82 107
107 301
605 336
82 605
301 430
301 660
430 648
605 711
521 711
618 
156 634 547 175 335 644 370 477 272 119 295 670 472 776 
156 634
547 634
175 547
335 547
644 634
370 156
477 175
272 370
119 272
295 335
670 272
472 272
776 472
599 
159 663 213 435 
213 435
159 663
663 435
282 378 19 137 554 123 352 365 412 389 84 
378 19
282 19
282 554
378 412
554 352
137 389
378 137
19 84
365 412
123 84
685 729 722 281 560 
685 722
729 722
729 560
729 281
27 112 463 
112 463
27 112
572 
274 373 121 304 483 247 624 635 494 
304 635
373 494
373 247
274 247
121 624
483 247
121 304
624 494
533 
487 
183 517 453 289 665 
517 453
517 289
183 453
289 665
443 
69 409 
69 409
199 543 103 55 240 612 78 148 340 300 489 608 348 133 515 694 132 343 416 
199 543
103 543
55 199
240 199
612 199
78 543
148 55
340 148
300 199
489 543
608 103
348 199
133 612
515 348
694 612
132 78
343 78
416 148
568 607 346 
568 346
568 607
423 
174 266 246 749 341 
266 341
174 266
266 749
174 246
68 258 492 171 480 290 507 495 525 100 780 50 486 297 7 170 329 730 33 350 22 787 
68 258
492 258
171 68
480 492
290 480
507 480
495 171
525 492
100 480
780 507
50 100
486 492
297 480
7 525
170 525
329 525
730 100
33 730
350 329
22 525
787 329
6 134 166 362 446 124 
6 166
6 362
6 134
362 124
134 446
422 738 195 536 323 
195 536
422 536
422 738
738 323
149 152 
149 152
420 
36 542 
36 542
311 349 241 11 57 681 376 715 286 766 513 190 360 271 284 
311 349
241 349
11 241
57 311
681 349
376 311
715 349
286 57
766 11
513 57
190 715
360 715
271 311
284 311
415 
402 
269 689 793 16 
689 793
269 16
793 16
541 704 265 751 748 42 639 37 534 656 
639 656
541 704
751 656
541 751
748 656
42 639
704 534
704 265
37 534
95 502 224 759 625 4 
95 502
95 224
95 4
502 759
95 625
153 702 366 28 217 23 253 784 479 235 
366 23
702 235
153 702
153 23
253 784
253 235
28 217
153 28
702 479
372 
186 429 221 67 555 753 
555 753
67 753
429 221
186 67
429 67
9 227 532 92 528 145 775 583 270 181 
9 532
532 145
227 532
9 92
92 181
9 583
775 270
775 583
227 528
313 529 717 786 14 
717 786
313 529
529 14
313 786
70 676 475 176 359 12 493 333 
70 333
676 359
70 359
359 12
176 12
475 333
475 493
351 
81 94 354 501 628 79 652 305 
652 305
94 354
81 501
79 305
81 94
94 305
94 628
255 732 
255 732
276 
567 570 263 
570 263
567 570
248 
218 
756 788 357 686 
788 357
756 686
357 686
72 773 569 371 442 251 200 
442 251
569 371
72 773
773 371
72 251
371 200
379 380 342 25 433 563 275 368 310 
379 25
342 25
380 25
342 563
433 310
379 433
563 275
380 368
207 
454 503 737 700 448 206 772 279 778 184 425 609 557 192 187 146 526 
454 503
737 503
700 503
448 454
206 454
772 737
279 503
778 737
184 503
425 279
609 700
557 778
192 772
187 425
146 700
526 557
339 419 185 
339 419
339 185
604 678 744 535 178 
604 744
604 678
604 535
678 178
468 470 337 578 
468 578
468 470
470 337
129 606 97 699 452 
129 606
699 452
606 452
97 452
356 390 110 467 418 540 758 407 
356 390
540 758
418 407
758 407
356 110
390 467
467 407
47 664 690 324 400 
664 400
47 664
690 400
664 324
344 424 469 
344 424
424 469
617 760 125 476 
617 760
760 125
760 476
680 785 245 544 668 
680 785
680 245
785 544
544 668
242 461 439 64 86 
242 86
461 64
461 86
439 64
261 358 2 
261 358
358 2
20 703 
20 703
189 211 
189 211
71 264 
71 264
262 497 375 742 164 421 220 222 
262 497
375 164
742 220
497 375
375 742
421 222
262 222
252 392 601 642 
392 601
252 601
392 642
63 361 649 
361 649
63 361
482 752 26 151 672 647 53 291 59 161 322 
482 291
26 291
151 291
752 53
482 752
672 322
672 53
151 161
482 647
59 161
731 767 77 
731 77
767 77
288 658 143 142 317 
288 317
658 143
288 143
658 142
615 679 740 91 597 
679 91
615 597
679 740
615 679
315 669 
315 669
194 592 574 338 80 741 655 504 508 197 391 
741 655
504 391
592 741
194 592
194 391
592 338
574 741
80 391
504 508
655 197
627 666 506 
666 506
627 666
182 
256 496 
256 496
139 485 559 117 
139 485
559 117
139 117
268 768 
268 768
76 757 558 244 
76 757
558 244
757 558
111 726 623 405 147 
726 405
623 147
111 623
623 405
440 718 
440 718
73 621 
73 621
44 292 
44 292
173 
8 21 745 210 229 1 682 363 154 298 484 13 10 659 
8 21
745 8
210 8
229 21
1 8
682 229
363 745
154 363
298 1
484 363
13 1
10 484
659 682
99 706 671 393 87 398 180 302 330 761 319 764 
99 706
180 764
180 302
671 330
393 302
393 87
706 87
87 398
99 671
330 319
761 319
162 
693 720 580 562 449 
693 720
693 562
720 580
720 449
188 201 747 179 
201 747
188 201
201 179
382 444 610 144 101 736 
382 101
444 736
382 444
382 144
610 101
204 514 638 202 584 765 406 
204 514
202 406
204 406
204 638
638 584
514 765
62 
230 331 234 
331 234
230 331
585 779 565 
585 565
585 779
52 
105 522 198 
105 198
105 522
39 445 596 799 
39 445
445 799
39 596
249 619 719 108 387 18 527 364 
249 619
719 108
387 18
619 719
108 387
18 364
249 527
347 488 509 754 316 
347 488
509 754
347 509
488 316
369 710 136 
369 136
369 710
83 168 75 
83 168
168 75
598 750 296 795 309 575 
598 296
750 795
598 795
296 309
750 575
