? 12 193 790 346 219 285 320 600 201 640 116 198 218 
? 11 449 580 784 253 23 366 584 702 217 77 731 
? 11 506 666 627 797 771 185 521 375 520 452 129 
? 11 258 495 68 492 290 480 507 171 297 780 170 
? 11 186 429 67 641 221 689 555 753 38 61 458 
? 11 90 649 196 389 420 365 516 412 361 657 352 
? 11 545 794 46 120 523 793 746 381 473 280 708 
? 10 73 621 544 680 785 668 245 391 654 80 
? 10 385 485 139 117 710 207 241 369 799 465 
? 10 541 704 42 265 656 751 323 534 748 37 
? 10 616 725 49 436 255 512 256 3 629 246 
? 10 64 743 86 329 439 787 461 525 460 396 
? 10 172 611 0 308 464 410 395 334 539 593 
? 9 162 364 788 756 18 357 387 108 527 
? 9 251 677 442 313 72 529 717 191 371 
? 9 82 107 372 301 605 660 336 798 402 
? 9 31 579 5 189 278 471 24 307 211 
? 9 326 552 456 238 303 571 673 233 613 
? 8 78 132 300 543 489 199 133 103 
? 8 220 606 97 414 742 556 590 707 
? 8 39 322 596 672 445 511 26 53 
? 8 328 408 789 205 332 157 508 691 
? 8 393 712 99 52 706 671 330 761 
? 8 106 648 430 60 457 735 469 791 
? 8 454 503 650 206 192 448 700 737 
? 7 89 216 622 434 214 438 705 
? 7 351 718 554 19 703 20 440 
? 7 22 646 576 695 770 450 407 
? 7 587 653 102 723 228 231 586 
? 6 204 213 514 765 202 638 
? 6 8 210 21 745 229 682 
? 6 62 292 44 262 497 711 
? 6 118 140 530 314 645 662 
? 6 11 766 136 284 779 513 
? 6 260 435 397 642 353 367 
? 6 123 208 84 582 137 399 
? 6 268 625 502 95 768 759 
? 6 124 635 215 304 494 121 
? 6 417 667 257 519 404 589 
? 5 50 100 730 33 390 
? 5 167 546 583 145 688 
? 5 28 235 659 153 479 
? 5 276 575 40 795 598 
? 5 47 400 736 152 690 
? 5 259 624 632 288 560 
? 5 505 675 484 277 10 
? 5 528 775 270 248 9 
? 5 274 373 483 247 722 
? 5 311 349 271 681 715 
? 5 316 383 360 376 595 
? 5 29 698 115 179 289 
? 5 128 481 727 243 764 
? 5 254 531 426 113 105 
? 5 27 112 754 463 752 
? 5 58 437 286 585 565 
? 5 111 726 147 405 2 
? 5 425 551 187 223 279 
? 5 468 732 470 318 518 
? 4 344 424 578 603 
? 4 347 509 190 488 
? 4 56 331 428 573 
? 4 287 564 423 609 
? 4 65 661 319 163 
? 4 143 281 658 317 
? 4 242 350 630 7 
? 4 250 767 131 446 
? 4 149 324 610 607 
? 4 76 757 699 558 
? 4 581 777 553 643 
? 4 296 750 309 724 
? 4 101 144 188 382 
? 4 475 493 674 676 
? 4 282 378 669 43 
? 3 173 557 778 
? 3 109 796 283 
? 3 392 601 252 
? 3 154 363 13 
? 3 388 588 500 
? 3 184 526 781 
? 3 540 758 418 
? 3 236 651 783 
? 3 1 401 298 
? 3 174 496 684 
? 3 227 532 92 
? 3 419 443 339 
? 3 356 467 110 
? 3 6 134 232 
? 3 93 411 524 
? 3 249 619 719 
? 3 36 542 142 
? 3 203 491 733 
? 3 453 517 183 
? 3 261 358 515 
? 3 451 478 569 
? 3 222 421 159 
!
282 378 669 43 
282 378
282 43
378 669
773 
772 
12 359 
12 359
299 755 792 48 714 537 455 594 127 30 96 394 130 614 355 226 386 122 209 626 499 510 549 
299 755
792 299
48 792
714 48
537 48
455 755
594 537
127 714
30 455
96 594
394 455
130 394
614 30
355 127
226 355
386 537
122 30
209 30
626 96
499 122
510 386
549 226
454 503 650 206 192 448 700 737 
454 503
503 737
503 700
503 206
192 737
454 448
650 192
326 552 456 238 303 571 673 233 613 
456 233
326 238
552 456
303 673
326 456
238 571
552 673
571 613
468 732 470 318 518 
732 518
732 470
468 518
468 318
222 421 159 
222 159
222 421
591 739 
591 739
31 579 5 189 278 471 24 307 211 
5 278
31 579
579 5
579 307
31 211
31 189
471 24
24 211
451 478 569 
451 478
451 569
34 664 
34 664
686 
106 648 430 60 457 735 469 791 
648 457
457 735
106 648
430 60
430 791
106 430
735 469
545 794 46 120 523 793 746 381 473 280 708 
381 280
523 746
120 746
381 473
545 793
793 708
794 473
545 746
46 746
794 46
665 
51 459 
51 459
66 786 
66 786
261 358 515 
261 358
261 515
685 729 
685 729
663 
453 517 183 
453 517
453 183
94 628 354 81 415 161 305 291 652 647 501 59 151 762 482 769 79 41 
94 628
354 628
81 354
415 628
161 81
305 161
291 305
652 291
647 652
501 81
59 305
151 647
762 501
482 647
769 501
79 161
41 762
203 491 733 
203 491
203 733
172 611 0 308 464 410 395 334 539 593 
395 539
539 593
611 539
172 308
172 0
0 395
611 464
308 334
172 410
417 667 257 519 404 589 
667 257
519 404
257 589
417 519
417 589
269 432 
269 432
82 107 372 301 605 660 336 798 402 
82 107
82 402
107 301
605 402
605 336
336 798
301 660
372 336
620 687 
620 687
633 
475 493 674 676 
475 674
475 676
493 674
166 362 
166 362
36 542 142 
36 542
542 142
623 
587 653 102 723 228 231 586 
653 586
587 653
102 231
587 102
723 228
102 228
249 619 719 
249 619
619 719
158 264 
158 264
64 743 86 329 439 787 461 525 460 396 
329 461
460 396
86 329
64 461
439 460
787 460
64 439
743 396
787 525
425 551 187 223 279 
187 279
425 187
425 551
551 223
597 
83 338 
83 338
124 635 215 304 494 121 
635 304
304 121
635 494
124 121
635 215
101 144 188 382 
101 382
144 188
144 382
296 750 309 724 
296 750
296 309
750 724
538 
268 625 502 95 768 759 
502 95
268 625
502 759
268 502
768 759
604 631 744 35 678 293 548 763 447 535 433 427 178 237 561 697 141 63 267 721 312 114 
604 631
744 631
35 604
678 744
293 35
548 293
763 548
447 678
535 293
433 535
427 763
178 447
237 535
561 763
697 678
141 433
63 447
267 141
721 178
312 721
114 697
616 725 49 436 255 512 256 3 629 246 
3 246
725 629
436 512
49 512
616 246
616 629
616 49
256 246
255 512
581 777 553 643 
777 553
581 777
581 643
522 
111 726 147 405 2 
726 405
111 2
726 2
147 405
90 649 196 389 420 365 516 412 361 657 352 
389 657
649 420
196 516
90 196
420 361
389 361
412 352
365 412
365 361
90 657
181 636 
181 636
486 
374 431 
374 431
225 273 
225 273
474 
22 646 576 695 770 450 407 
646 450
695 770
22 407
576 695
646 695
22 576
462 
58 437 286 585 565 
437 286
437 565
58 565
437 585
123 208 84 582 137 399 
84 137
208 582
208 84
123 582
582 399
260 435 397 642 353 367 
260 397
397 642
642 367
260 435
353 367
93 411 524 
93 524
93 411
186 429 67 641 221 689 555 753 38 61 458 
641 61
67 38
221 61
555 458
555 753
429 641
67 753
221 689
186 67
429 38
444 
310 380 342 379 25 563 572 275 98 126 490 165 403 368 
310 380
342 310
379 380
25 342
563 342
572 379
275 563
98 379
126 572
490 98
165 25
403 98
368 165
377 
76 757 699 558 
76 757
699 558
757 699
258 495 68 492 290 480 507 171 297 780 170 
480 297
258 68
507 171
492 297
68 171
480 507
68 170
290 507
495 492
290 780
27 112 754 463 752 
112 754
754 463
27 112
27 752
6 134 232 
6 134
134 232
348 
251 677 442 313 72 529 717 191 371 
251 677
677 529
313 529
251 442
529 191
251 72
72 371
442 717
345 
341 
254 531 426 113 105 
426 113
531 426
113 105
254 426
337 
4 487 
4 487
370 644 416 477 547 335 175 634 156 119 272 670 148 472 295 340 608 55 776 
370 644
416 370
477 416
547 644
335 644
175 547
634 547
156 634
119 335
272 119
670 272
148 477
472 272
295 119
340 148
608 148
55 608
776 472
356 467 110 
356 110
356 467
315 
128 481 727 243 764 
128 764
727 243
128 243
481 764
91 169 441 683 212 85 701 679 466 599 413 615 327 409 384 566 740 398 87 200 14 302 
91 169
441 91
683 441
212 441
85 91
701 85
679 169
466 212
599 466
413 466
615 679
327 599
409 615
384 327
566 409
740 615
398 413
87 398
200 384
14 740
302 87
11 766 136 284 779 513 
136 513
11 513
766 513
766 779
766 284
29 698 115 179 289 
698 289
115 179
29 115
115 289
54 104 
54 104
294 
568 747 
568 747
476 760 617 182 195 533 125 343 422 618 738 694 536 234 612 
476 760
617 476
182 760
195 182
533 182
125 617
343 533
422 182
618 195
738 422
694 343
536 738
234 125
612 694
244 
240 
149 324 610 607 
324 610
149 610
149 607
541 704 42 265 656 751 323 534 748 37 
541 704
656 751
541 751
656 748
42 656
704 534
323 37
704 265
534 37
118 140 530 314 645 662 
118 140
140 645
140 662
118 530
530 314
385 485 139 117 710 207 241 369 799 465 
139 241
485 139
485 799
241 369
139 710
139 117
385 799
710 465
117 207
239 
62 292 44 262 497 711 
292 44
262 497
44 711
497 711
62 711
73 621 544 680 785 668 245 391 654 80 
680 785
73 654
680 245
544 80
73 391
544 654
668 80
621 544
785 654
316 383 360 376 595 
316 360
316 595
360 376
383 360
393 712 99 52 706 671 330 761 
99 706
671 330
393 712
99 671
393 52
393 706
330 761
230 
328 408 789 205 332 157 508 691 
408 332
328 408
508 691
789 691
332 508
205 157
157 508
164 728 
164 728
224 
419 443 339 
419 339
419 443
180 
177 
250 767 131 446 
767 446
767 131
250 446
351 718 554 19 703 20 440 
351 19
703 440
703 20
554 19
351 718
718 20
162 364 788 756 18 357 387 108 527 
18 387
387 108
162 788
788 357
364 18
162 527
788 756
162 108
150 
32 655 197 574 17 75 176 749 592 782 741 194 70 321 266 333 504 
32 655
197 32
574 197
17 655
75 574
176 655
749 574
592 75
782 749
741 592
194 741
70 176
321 194
266 782
333 17
504 75
227 532 92 
227 532
532 92
311 349 271 681 715 
311 349
349 271
311 681
311 715
242 350 630 7 
242 350
242 630
350 7
274 373 483 247 722 
373 247
274 247
483 247
274 722
39 322 596 672 445 511 26 53 
322 445
322 672
672 53
672 26
39 322
596 511
39 511
528 775 270 248 9 
775 248
248 9
775 270
528 9
174 496 684 
174 496
174 684
143 281 658 317 
281 317
143 658
143 281
505 675 484 277 10 
675 10
505 484
505 10
675 277
259 624 632 288 560 
624 632
259 560
632 560
624 288
1 401 298 
1 401
1 298
693 720 
693 720
325 734 
325 734
406 562 
406 562
220 606 97 414 742 556 590 707 
220 742
606 742
220 556
97 556
556 590
414 590
606 707
65 661 319 163 
661 163
65 319
661 319
236 651 783 
236 651
651 783
506 666 627 797 771 185 521 375 520 452 129 
666 185
506 375
666 375
771 452
797 185
506 129
185 520
771 129
627 797
506 521
540 758 418 
540 758
540 418
47 400 736 152 690 
400 690
47 400
47 736
736 152
276 575 40 795 598 
795 598
276 795
575 795
40 795
155 559 
155 559
449 580 784 253 23 366 584 702 217 77 731 
784 77
23 366
253 77
23 702
580 23
253 584
253 702
784 731
449 784
702 217
184 526 781 
184 781
184 526
146 
45 74 
45 74
287 564 423 609 
287 609
564 423
287 423
16 71 
16 71
56 331 428 573 
331 428
331 573
56 573
28 235 659 153 479 
28 659
235 153
28 153
235 479
306 550 
306 550
138 168 
138 168
498 692 
498 692
88 
713 716 160 577 263 135 709 637 570 774 567 696 602 639 
713 716
160 713
577 716
263 577
135 160
709 135
637 160
570 577
774 570
567 570
696 135
602 637
639 774
193 790 346 219 285 320 600 201 640 116 198 218 
320 640
193 219
193 218
320 600
346 201
790 219
640 218
219 201
201 198
285 218
346 116
69 
167 546 583 145 688 
145 688
546 688
167 546
583 145
347 509 190 488 
347 488
347 509
509 190
8 210 21 745 229 682 
8 21
21 745
210 745
229 682
8 682
89 216 622 434 214 438 705 
89 214
216 622
622 705
89 216
216 434
434 438
57 
388 588 500 
388 588
588 500
154 363 13 
363 13
154 363
15 
392 601 252 
392 601
601 252
344 424 578 603 
344 424
424 578
344 603
78 132 300 543 489 199 133 103 
132 103
543 199
199 103
489 103
78 543
78 133
300 133
50 100 730 33 390 
33 390
50 100
730 33
50 730
109 796 283 
109 796
796 283
173 557 778 
173 778
557 778
204 213 514 765 202 638 
204 514
213 514
204 638
213 765
204 202
