? 3 364 554 456 
? 3 147 423 734 
? 3 403 646 266 
? 3 140 599 450 
? 3 271 530 227 
? 3 650 730 110 
? 3 95 255 10 
? 3 369 457 28 
? 3 380 534 652 
? 3 18 432 736 
? 3 361 608 289 
!
173 359 448 129 791 750 526 164 455 34 159 575 204 
173 359
448 359
129 448
791 129
750 173
526 750
164 750
455 448
34 164
159 791
575 455
204 455
45 135 165 82 90 704 
45 135
165 45
82 45
90 45
704 90
141 662 439 497 60 427 2 311 196 640 344 268 765 14 489 20 372 387 72 69 537 399 136 117 509 
141 662
439 141
497 662
60 662
427 439
2 662
311 662
196 311
640 497
344 427
268 311
765 196
14 268
489 427
20 497
372 311
387 427
72 640
69 14
537 387
399 537
136 640
117 69
509 399
361 608 289 
608 289
361 289
256 275 657 284 
256 275
657 275
284 275
558 676 349 799 685 163 
558 676
349 558
799 349
685 799
163 676
67 424 19 293 210 155 348 658 264 674 586 690 53 695 96 74 460 746 696 124 741 595 
67 424
19 67
293 424
210 19
155 67
348 67
658 210
264 424
674 293
586 210
690 674
53 348
695 424
96 658
74 293
460 348
746 348
696 293
124 746
741 155
595 124
341 471 669 322 47 576 151 442 
341 471
669 341
322 341
47 471
576 471
151 341
442 47
546 574 623 144 502 270 778 671 
546 574
623 574
144 574
502 546
270 144
778 623
671 778
259 529 458 327 352 
259 529
458 529
327 458
352 327
244 381 
244 381
605 
30 310 653 547 
30 310
653 310
547 30
80 773 50 603 732 400 792 798 
80 773
50 80
603 80
732 50
400 773
792 80
798 50
170 582 749 593 55 309 542 755 492 208 719 644 282 435 
170 582
749 170
593 170
55 170
309 170
542 55
755 542
492 542
208 492
719 593
644 749
282 55
435 208
525 770 351 174 7 63 23 
525 770
351 770
174 770
7 770
63 525
23 770
578 
313 434 297 431 243 745 
313 434
297 313
431 297
243 434
745 434
18 432 736 
18 432
18 736
36 328 549 373 368 
36 328
549 36
373 328
368 36
241 513 589 781 120 767 280 
241 513
589 241
781 241
120 241
767 241
280 589
486 622 412 454 184 533 308 99 677 
486 622
412 486
454 412
184 622
533 622
308 412
99 533
677 308
430 536 712 191 377 684 102 
430 536
712 430
191 430
377 712
684 536
102 430
380 534 652 
380 652
534 652
108 610 784 709 83 
108 610
784 108
709 108
83 108
571 693 777 356 409 723 553 153 715 
571 693
777 571
356 777
409 356
723 409
553 409
153 553
715 356
78 145 769 143 540 
78 145
769 78
143 78
540 145
298 573 194 683 443 506 272 87 539 
298 573
194 573
683 573
443 573
506 573
272 573
87 683
539 194
337 393 336 218 185 304 747 128 678 
337 393
336 393
218 336
185 337
304 336
747 304
128 218
678 128
229 339 
229 339
97 628 133 29 790 453 688 178 13 187 565 428 
97 628
133 628
29 133
790 29
453 133
688 628
178 790
13 29
187 628
565 13
428 13
215 698 626 588 705 468 787 
215 698
626 698
588 215
705 626
468 705
787 468
277 407 33 354 324 71 793 203 
277 407
33 407
354 277
324 277
71 324
793 277
203 324
538 620 
538 620
394 440 312 598 64 342 490 
394 440
312 440
598 394
64 312
342 312
490 598
447 
236 408 519 446 645 31 584 411 562 
236 408
519 236
446 519
645 446
31 645
584 446
411 31
562 31
176 274 
176 274
402 
146 314 624 221 320 
146 314
624 314
221 314
320 624
21 725 
21 725
369 457 28 
457 28
369 28
105 316 796 710 775 303 113 763 637 681 601 175 326 665 
105 316
796 105
710 796
775 796
303 316
113 316
763 105
637 710
681 303
601 763
175 105
326 113
665 326
11 376 752 422 
11 376
752 376
422 376
482 522 635 641 195 642 251 738 333 1 25 291 722 92 689 686 449 550 
482 522
635 522
641 635
195 482
642 195
251 522
738 635
333 482
1 642
25 522
291 642
722 635
92 642
689 333
686 25
449 251
550 641
202 295 621 491 374 433 91 371 566 697 761 507 32 673 437 41 465 692 
202 295
621 295
491 295
374 621
433 621
91 202
371 91
566 202
697 374
761 433
507 202
32 433
673 32
437 32
41 32
465 673
692 371
24 386 395 307 577 527 737 3 383 606 614 43 168 478 651 355 321 390 401 226 273 
24 386
395 24
307 395
577 386
527 577
737 527
3 577
383 24
606 307
614 737
43 614
168 383
478 614
651 606
355 168
321 614
390 651
401 168
226 651
273 321
346 
95 255 10 
95 10
255 10
57 332 470 587 331 260 619 59 660 42 22 484 305 523 240 125 254 742 345 532 122 257 26 441 
57 332
470 332
587 57
331 57
260 332
619 587
59 470
660 331
42 470
22 331
484 59
305 260
523 619
240 305
125 22
254 484
742 240
345 484
532 305
122 742
257 532
26 523
441 125
54 485 12 76 583 285 797 510 740 728 466 661 520 318 518 721 0 668 760 436 771 101 503 552 
54 485
12 485
76 54
583 12
285 583
797 54
510 54
740 485
728 54
466 76
661 76
520 485
318 485
518 76
721 54
0 721
668 54
760 318
436 466
771 518
101 771
503 760
552 760
404 780 213 207 106 385 130 633 79 
404 780
213 404
207 404
106 404
385 780
130 404
633 385
79 780
631 656 340 659 795 604 627 287 230 98 225 139 643 65 570 
631 656
340 656
659 631
795 631
604 631
627 631
287 340
230 659
98 604
225 631
139 656
643 287
65 287
570 65
638 751 
638 751
650 730 110 
650 730
730 110
9 363 596 477 
9 363
596 9
477 596
564 727 563 764 718 317 783 602 495 
564 727
563 727
764 727
718 564
317 564
783 764
602 564
495 563
223 569 691 172 
223 569
691 223
172 223
171 235 232 459 142 38 629 62 
171 235
232 235
459 235
142 459
38 459
629 235
62 629
475 581 444 183 711 766 252 51 417 463 
475 581
444 475
183 475
711 183
766 475
252 581
51 711
417 711
463 581
281 753 231 594 109 789 505 111 6 250 
281 753
231 753
594 231
109 594
789 281
505 281
111 789
6 109
250 6
271 530 227 
271 530
530 227
212 214 452 556 224 501 625 413 73 375 405 535 44 508 149 
212 214
452 214
556 214
224 212
501 556
625 556
413 556
73 214
375 212
405 501
535 73
44 501
508 375
149 375
137 
157 611 544 729 237 483 706 
157 611
544 611
729 611
237 157
483 611
706 611
396 474 703 557 200 512 329 479 701 48 366 88 222 179 
396 474
703 396
557 703
200 703
512 557
329 200
479 512
701 329
48 512
366 512
88 48
222 329
179 329
548 666 786 300 258 233 75 579 8 762 663 744 391 521 613 17 
548 666
786 548
300 548
258 300
233 300
75 786
579 666
8 233
762 233
663 548
744 300
391 75
521 579
613 786
17 663
140 599 450 
140 599
599 450
472 748 85 639 713 514 35 568 325 517 726 16 679 198 
472 748
85 472
639 748
713 639
514 472
35 472
568 472
325 472
517 639
726 568
16 85
679 517
198 16
234 560 
234 560
86 
425 672 134 68 758 585 609 717 181 127 649 343 350 
425 672
134 425
68 672
758 425
585 134
609 585
717 672
181 425
127 68
649 181
343 134
350 585
148 253 
148 253
531 720 707 131 283 205 288 
531 720
707 531
131 720
283 720
205 531
288 531
220 630 739 238 
220 630
739 630
238 220
58 398 
58 398
403 646 266 
403 646
403 266
169 429 132 186 199 378 265 276 714 56 617 
169 429
132 169
186 429
199 186
378 169
265 199
276 265
714 199
56 714
617 56
114 788 545 279 319 180 46 759 158 286 84 419 5 358 634 
114 788
545 114
279 788
319 788
180 545
46 545
759 46
158 46
286 46
84 759
419 158
5 46
358 419
634 180
664 768 648 290 118 66 426 115 77 261 754 410 156 511 
664 768
648 664
290 768
118 290
66 664
426 664
115 648
77 115
261 290
754 648
410 115
156 410
511 156
15 
193 384 
193 384
70 248 515 757 541 121 516 561 182 52 
70 248
515 70
757 70
541 248
121 248
516 70
561 515
182 248
52 182
498 782 
498 782
249 488 278 733 335 632 107 370 138 152 772 
249 488
278 249
733 249
335 488
632 335
107 488
370 632
138 107
152 278
772 138
40 504 262 785 590 647 555 451 
40 504
262 504
785 504
590 40
647 504
555 647
451 590
147 423 734 
147 734
423 734
364 554 456 
364 554
364 456
334 694 347 365 528 700 
334 694
347 334
365 694
528 694
700 365
177 209 416 776 724 
177 209
416 177
776 177
724 416
302 338 
302 338
154 462 670 499 636 654 716 103 27 469 39 330 
154 462
670 462
499 462
636 462
654 154
716 462
103 154
27 670
469 636
39 462
330 670
487 774 189 500 150 392 301 
487 774
189 774
500 487
150 487
392 150
301 392
93 360 476 680 572 600 112 353 494 524 667 
93 360
476 93
680 476
572 93
600 572
112 680
353 600
494 680
524 494
667 494
216 618 192 94 616 731 461 357 190 388 592 543 794 382 559 81 89 167 292 306 597 464 123 299 607 367 687 166 414 699 
216 618
192 216
94 216
616 618
731 94
461 216
357 216
190 731
388 618
592 731
543 592
794 618
382 192
559 461
81 592
89 81
167 794
292 731
306 543
597 731
464 461
123 559
299 89
607 167
367 559
687 81
166 306
414 167
699 306
188 708 735 104 473 615 406 247 655 201 242 421 415 100 682 126 675 493 323 445 397 551 
188 708
735 708
104 188
473 708
615 473
406 708
247 188
655 406
201 708
242 104
421 708
415 406
100 615
682 242
126 473
675 615
493 406
323 247
445 242
397 406
551 682
219 591 567 263 
219 591
567 219
263 219
418 702 
418 702
362 438 
362 438
246 379 580 296 
246 379
580 246
296 379
116 420 245 612 467 217 162 267 269 
116 420
245 420
612 245
467 420
217 420
162 420
267 420
269 162
37 315 779 211 389 480 119 61 161 49 481 294 4 206 756 160 743 228 197 496 239 
37 315
779 37
211 37
389 37
480 37
119 389
61 315
161 119
49 389
481 211
294 481
4 211
206 211
756 389
160 294
743 160
228 37
197 481
496 756
239 160
