? 3 403 646 266 
? 3 161 480 784 
? 3 146 457 221 
? 3 649 717 134 
? 3 114 503 180 
? 3 428 565 752 
? 3 36 549 560 
? 3 263 745 339 
? 3 147 736 398 
? 3 530 634 271 
? 3 362 578 438 
!
122 742 532 240 62 629 257 756 563 49 767 120 496 
122 742
532 122
240 742
62 532
629 62
257 532
756 742
563 62
49 756
767 532
120 563
496 49
116 420 612 117 509 69 
116 420
612 420
117 612
509 612
69 117
141 662 439 60 497 427 311 20 344 640 196 372 72 268 14 489 765 387 136 352 2 218 399 537 336 
141 662
439 141
60 141
497 60
427 439
311 141
20 497
344 439
640 497
196 311
372 311
72 640
268 372
14 268
489 344
765 372
387 427
136 497
352 14
2 372
218 427
399 387
537 399
336 20
362 578 438 
362 578
578 438
9 363 477 617 
9 363
477 363
617 363
219 704 567 591 751 418 
219 704
567 704
591 219
751 704
418 704
24 386 307 395 3 577 737 527 383 478 606 614 43 65 226 390 580 643 321 651 273 570 
24 386
307 386
395 24
3 386
577 3
737 386
527 737
383 24
478 24
606 478
614 737
43 614
65 737
226 478
390 606
580 737
643 65
321 580
651 390
273 321
570 643
249 488 107 335 733 632 370 138 
249 488
107 488
335 488
733 488
632 488
370 632
138 107
365 700 342 739 694 528 538 630 
365 700
342 700
739 700
694 700
528 700
538 365
630 700
27 499 78 555 500 
27 499
78 27
555 27
500 78
58 684 
58 684
702 
118 290 261 360 
118 290
261 118
360 118
486 622 184 454 533 377 608 782 
486 622
184 622
454 622
533 184
377 486
608 533
782 377
631 656 340 659 795 287 604 230 98 139 627 225 246 379 
631 656
340 631
659 631
795 656
287 631
604 795
230 656
98 659
139 656
627 604
225 656
246 225
379 246
774 792 487 80 150 189 773 
774 792
487 774
80 792
150 774
189 774
773 80
590 
274 345 108 254 223 320 
274 345
108 274
254 345
223 274
320 345
530 634 271 
530 271
530 634
41 244 376 422 11 
41 244
376 41
422 41
11 376
64 312 440 598 490 394 685 
64 312
440 312
598 312
490 440
394 440
685 394
409 553 373 328 110 730 650 153 715 
409 553
373 553
328 373
110 553
730 409
650 553
153 650
715 409
571 693 777 723 356 389 709 
571 693
777 571
723 571
356 777
389 693
709 356
147 736 398 
147 398
736 398
23 607 174 351 119 
23 607
174 23
351 23
119 23
262 504 785 40 330 39 647 154 670 
262 504
785 504
40 504
330 262
39 262
647 40
154 262
670 154
127 526 750 343 181 
127 526
750 127
343 127
181 343
73 535 66 754 44 405 664 426 224 
73 535
66 535
754 535
44 73
405 44
664 66
426 664
224 44
298 573 272 683 194 87 243 506 550 
298 573
272 573
683 298
194 573
87 683
243 194
506 194
550 298
366 787 
366 787
5 628 97 286 46 133 759 453 790 29 84 13 
5 628
97 628
286 5
46 286
133 97
759 286
453 286
790 133
29 133
84 29
13 84
531 720 131 707 283 657 143 
531 720
131 720
707 531
283 131
657 531
143 707
277 324 407 354 33 793 203 368 
277 324
407 277
354 277
33 407
793 354
203 407
368 407
302 610 
302 610
517 679 713 725 229 21 772 
517 679
713 517
725 679
229 679
21 725
772 725
547 
404 780 106 385 633 130 213 79 207 
404 780
106 404
385 780
633 780
130 404
213 385
79 780
207 106
483 729 
483 729
450 
400 554 798 364 603 
400 554
798 400
364 400
603 400
347 391 
347 391
263 745 339 
745 339
263 339
156 235 410 317 602 667 727 564 353 232 495 768 648 783 
156 235
410 156
317 235
602 235
667 156
727 667
564 727
353 667
232 667
495 564
768 410
648 768
783 727
50 732 556 625 
50 732
556 50
625 556
548 666 786 300 75 233 258 579 762 227 663 613 8 521 744 381 334 17 
548 666
786 666
300 548
75 548
233 300
258 300
579 666
762 300
227 666
663 666
613 75
8 233
521 579
744 75
381 762
334 233
17 334
482 522 195 641 635 738 251 642 449 291 686 1 722 92 310 25 333 443 
482 522
195 482
641 482
635 641
738 482
251 522
642 195
449 251
291 642
686 195
1 642
722 635
92 642
310 522
25 738
333 635
443 251
19 67 424 210 586 293 658 155 348 264 53 595 96 674 690 74 746 695 113 128 460 
19 67
424 67
210 19
586 210
293 424
658 210
155 424
348 19
264 19
53 348
595 19
96 658
674 155
690 674
74 293
746 424
695 155
113 658
128 264
460 128
296 
36 549 560 
36 549
549 560
188 708 735 104 615 406 100 415 242 473 421 397 655 201 247 682 551 137 253 314 126 493 624 323 
188 708
735 188
104 188
615 708
406 735
100 615
415 406
242 104
473 615
421 735
397 242
655 735
201 655
247 104
682 242
551 682
137 551
253 406
314 406
126 615
493 415
624 314
323 473
54 485 12 76 583 285 740 466 661 797 728 510 318 520 518 436 721 552 760 176 788 0 771 668 
54 485
12 485
76 54
583 12
285 12
740 54
466 76
661 76
797 583
728 485
510 54
318 485
520 740
518 76
436 285
721 510
552 318
760 318
176 436
788 661
0 788
771 518
668 583
158 419 688 358 187 675 545 279 319 
158 419
688 419
358 158
187 158
675 358
545 419
279 545
319 158
458 724 267 327 51 259 525 416 529 245 678 217 63 444 770 
458 724
267 458
327 458
51 458
259 267
525 724
416 259
529 327
245 327
678 327
217 245
63 525
444 51
770 525
539 605 
539 605
428 565 752 
428 565
428 752
34 164 30 653 
34 164
30 34
653 34
6 250 18 442 322 341 432 47 599 
6 250
18 6
442 6
322 442
341 442
432 18
47 341
599 47
157 611 544 237 
157 611
544 611
237 157
179 215 588 626 698 705 468 451 
179 215
588 215
626 179
698 215
705 626
468 626
451 588
70 248 515 541 561 95 52 10 255 516 
70 248
515 70
541 70
561 70
95 70
52 248
10 70
255 515
516 255
236 408 519 584 152 645 31 446 411 278 
236 408
519 236
584 408
152 408
645 519
31 645
446 584
411 519
278 152
114 503 180 
503 180
114 503
105 796 637 303 710 316 775 681 763 304 680 601 175 741 747 
105 796
637 796
303 105
710 637
316 303
775 710
681 303
763 316
304 796
680 775
601 763
175 316
741 775
747 175
163 
297 313 455 434 204 431 706 
297 313
455 297
434 313
204 455
431 313
706 313
281 753 726 594 231 109 568 748 111 472 505 639 789 35 
281 753
726 753
594 753
231 594
109 594
568 726
748 568
111 748
472 748
505 726
639 748
789 748
35 472
57 332 470 587 331 260 660 42 619 59 441 305 523 484 26 22 
57 332
470 332
587 57
331 57
260 332
660 332
42 332
619 587
59 470
441 59
305 260
523 619
484 59
26 523
22 441
649 717 134 
649 134
649 717
170 749 593 582 55 542 309 208 492 644 755 282 719 435 
170 749
593 170
582 170
55 170
542 55
309 593
208 309
492 542
644 593
755 55
282 582
719 593
435 208
256 369 
256 369
142 
16 129 85 448 791 325 359 173 198 68 159 182 514 
16 129
85 16
448 129
791 16
325 16
359 448
173 359
198 16
68 359
159 791
182 159
514 198
28 125 
28 125
326 665 393 337 124 280 185 
326 665
393 665
337 665
124 326
280 124
185 337
346 392 145 769 
346 392
145 392
769 392
620 689 
620 689
146 457 221 
146 221
146 457
430 536 289 191 712 734 102 361 423 498 99 
430 536
289 536
191 430
712 536
734 430
102 536
361 536
423 536
498 430
99 712
149 375 38 212 15 452 459 508 214 115 413 77 501 171 456 
149 375
38 149
212 375
15 375
452 212
459 375
508 212
214 212
115 459
413 212
77 115
501 452
171 508
456 15
396 474 703 200 557 479 329 512 701 88 301 540 48 222 
396 474
703 396
200 396
557 703
479 557
329 200
512 557
701 512
88 512
301 88
540 512
48 301
222 329
101 
86 575 
86 575
546 574 623 144 502 270 778 671 757 121 
546 574
623 574
144 574
502 574
270 144
778 574
671 778
757 502
121 502
148 338 
148 338
524 718 494 764 112 572 511 696 600 476 93 
524 718
494 524
764 718
112 718
572 718
511 112
696 718
600 572
476 572
93 476
350 585 609 234 672 425 758 71 
350 585
609 585
234 350
672 585
425 672
758 425
71 585
161 480 784 
161 480
480 784
403 646 266 
403 646
403 266
558 676 799 349 652 534 
558 676
799 676
349 799
652 558
534 652
162 269 193 384 7 
162 269
193 269
384 269
7 162
220 238 
220 238
183 711 475 417 581 766 677 252 308 412 467 463 
183 711
475 711
417 183
581 475
766 581
677 581
252 581
308 677
412 252
467 252
463 252
45 165 135 82 562 90 638 
45 165
135 45
82 45
562 165
90 45
638 45
169 429 186 199 132 378 265 276 714 596 56 
169 429
186 429
199 429
132 169
378 132
265 199
276 265
714 199
596 714
56 714
216 618 192 94 357 731 382 461 794 292 592 543 388 616 190 81 89 167 597 299 306 123 367 559 464 414 166 699 687 447 
216 618
192 216
94 192
357 216
731 94
382 216
461 216
794 216
292 94
592 731
543 731
388 461
616 94
190 731
81 94
89 388
167 461
597 731
299 89
306 543
123 461
367 167
559 461
464 461
414 367
166 543
699 597
687 81
447 367
202 295 621 374 371 91 566 491 433 697 761 32 507 673 692 168 437 380 355 401 465 178 
202 295
621 295
374 621
371 202
91 202
566 371
491 621
433 621
697 374
761 433
32 433
507 32
673 32
692 371
168 507
437 32
380 697
355 168
401 437
465 761
178 437
172 569 691 83 
172 569
691 569
83 172
140 402 
140 402
103 445 
103 445
471 576 669 151 
471 576
669 471
151 471
275 636 469 654 716 205 462 288 284 
275 636
469 275
654 636
716 636
205 469
462 654
288 275
284 716
160 239 589 743 294 241 513 4 776 779 481 781 177 206 211 315 197 209 37 228 61 
160 239
589 160
743 160
294 160
241 160
513 589
4 294
776 294
779 241
481 294
781 241
177 481
206 481
211 206
315 779
197 481
209 776
37 315
228 211
61 779
