? 3 178 437 401 
? 3 707 720 531 
? 3 32 673 465 
? 3 487 774 346 
? 3 231 594 52 
? 3 48 512 479 
? 3 312 490 694 
? 3 433 761 697 
? 3 486 622 454 
? 3 574 623 109 
? 3 91 371 692 
!
506 573 298 443 272 87 194 683 243 550 547 539 431 
506 573
298 573
443 573
272 443
87 298
194 506
683 87
243 194
550 443
547 272
539 194
431 272
266 350 585 793 354 71 
266 350
585 266
793 350
354 793
71 793
556 625 224 501 452 214 212 413 44 364 405 554 798 400 283 73 535 456 131 77 15 375 50 459 508 
556 625
224 625
501 556
452 501
214 452
212 214
413 212
44 625
364 224
405 501
554 364
798 364
400 798
283 364
73 405
535 73
456 413
131 456
77 405
15 456
375 15
50 798
459 375
508 77
91 371 692 
91 371
371 692
414 447 167 724 
414 447
167 414
724 414
132 378 276 440 598 64 
132 378
276 378
440 132
598 440
64 440
240 257 122 742 532 305 62 767 629 260 783 563 57 660 587 781 779 120 332 756 331 49 
240 257
122 257
742 122
532 122
305 240
62 532
767 62
629 767
260 257
783 629
563 783
57 260
660 57
587 57
781 767
779 781
120 781
332 57
756 779
331 332
49 756
235 317 171 149 38 22 241 161 
235 317
171 235
149 171
38 149
22 38
241 317
161 241
95 541 255 70 248 515 561 182 
95 541
255 95
70 95
248 70
515 95
561 515
182 541
491 566 374 621 295 
491 566
374 491
621 491
295 566
202 355 
202 355
709 
36 549 328 203 
36 549
328 36
203 549
63 351 525 607 770 174 7 209 
63 351
525 351
607 63
770 607
174 607
7 770
209 351
183 711 444 417 475 51 766 581 412 252 467 463 217 245 
183 711
444 183
417 711
475 444
51 444
766 475
581 475
412 417
252 412
467 252
463 467
217 766
245 217
558 685 676 163 652 534 394 
558 685
676 558
163 558
652 163
534 163
394 685
605 
538 700 528 342 739 365 
538 700
528 538
342 528
739 700
365 739
574 623 109 
623 109
574 623
121 757 502 10 546 
121 757
502 757
10 757
546 502
173 359 68 127 750 164 526 
173 359
68 173
127 173
750 127
164 750
526 750
86 204 575 455 297 483 653 313 448 
86 204
575 204
455 204
297 575
483 297
653 455
313 483
448 455
362 477 438 363 617 56 578 
362 477
438 477
363 438
617 477
56 617
578 363
486 622 454 
486 622
622 454
597 699 306 543 389 
597 699
306 699
543 306
389 597
105 796 637 741 524 696 513 156 589 
105 796
637 796
741 105
524 741
696 524
513 696
156 524
589 513
356 777 26 715 571 
356 777
26 777
715 356
571 777
158 419 358 545 114 0 788 279 101 
158 419
358 158
545 419
114 545
0 114
788 0
279 114
101 114
141 662 60 497 2 640 765 72 136 
141 662
60 662
497 60
2 60
640 497
765 2
72 640
136 640
334 663 
334 663
93 476 360 572 680 112 494 175 304 775 710 747 
93 476
360 93
572 93
680 476
112 572
494 112
175 680
304 175
775 304
710 775
747 494
215 698 626 705 179 588 468 
215 698
626 698
705 626
179 698
588 179
468 705
464 559 123 270 299 144 89 367 
464 559
123 464
270 464
299 270
144 270
89 299
367 123
516 717 
516 717
85 198 16 325 791 129 159 
85 198
16 85
325 16
791 16
129 791
159 325
496 
1 642 291 92 195 686 646 482 522 
1 642
291 1
92 291
195 642
686 642
646 92
482 195
522 482
307 383 
307 383
416 
396 474 703 200 557 
396 474
703 396
200 703
557 703
222 451 
222 451
433 761 697 
761 697
433 761
96 210 586 658 19 113 424 67 155 690 124 695 316 595 
96 210
586 96
658 586
19 210
113 658
424 19
67 424
155 424
690 155
124 210
695 690
316 113
595 124
30 34 310 339 
30 34
310 30
339 34
4 197 481 294 228 211 206 776 315 37 177 239 160 61 743 23 480 119 
4 197
481 4
294 4
228 197
211 228
206 481
776 294
315 228
37 315
177 776
239 776
160 239
61 315
743 160
23 206
480 37
119 480
69 193 269 352 117 162 268 14 311 384 509 612 372 439 489 344 420 196 
69 193
269 69
352 193
117 352
162 269
268 193
14 268
311 14
384 268
509 117
612 509
372 311
439 311
489 439
344 489
420 612
196 372
583 797 285 12 54 510 485 728 740 76 466 520 368 661 560 668 318 436 721 518 552 
583 797
285 797
12 285
54 285
510 12
485 54
728 485
740 728
76 54
466 76
520 740
368 583
661 740
560 368
668 368
318 520
436 466
721 520
518 466
552 318
380 
312 490 694 
312 694
312 490
421 708 188 735 104 201 655 615 473 247 100 242 406 415 126 397 682 445 314 675 148 551 323 137 
421 708
188 708
735 421
104 188
201 421
655 201
615 735
473 615
247 104
100 615
242 104
406 201
415 406
126 615
397 242
682 242
445 397
314 406
675 100
148 406
551 682
323 675
137 551
31 645 584 519 446 411 562 702 236 418 408 638 165 152 751 567 704 45 278 219 82 249 135 90 
31 645
584 31
519 584
446 584
411 645
562 411
702 562
236 519
418 702
408 236
638 418
165 418
152 408
751 638
567 751
704 567
45 751
278 152
219 704
82 45
249 278
135 82
90 567
227 391 75 752 613 11 349 799 271 
227 391
75 391
752 227
613 75
11 752
349 752
799 349
271 613
340 656 631 659 795 230 604 627 139 98 225 287 570 273 65 
340 656
631 340
659 656
795 656
230 631
604 659
627 795
139 795
98 627
225 230
287 230
570 287
273 287
65 287
478 606 
478 606
48 512 479 
48 479
512 479
27 499 469 462 
27 499
469 499
462 27
727 764 495 564 602 511 232 667 718 
727 764
495 727
564 495
602 495
511 564
232 602
667 511
718 564
33 324 407 277 
33 324
407 324
277 324
641 738 635 238 722 449 333 251 
641 738
635 641
238 738
722 738
449 722
333 238
251 449
264 348 746 53 460 128 293 280 674 74 
264 348
746 348
53 264
460 348
128 460
293 53
280 128
674 293
74 293
107 733 335 488 138 772 21 229 157 591 
107 733
335 733
488 335
138 107
772 138
21 772
229 138
157 229
591 229
231 594 52 
594 52
231 594
254 484 345 59 28 441 302 42 470 83 274 320 619 125 691 
254 484
345 254
59 484
28 254
441 59
302 28
42 59
470 42
83 345
274 83
320 302
619 42
125 441
691 83
205 
603 732 773 80 792 189 150 
603 732
773 603
80 732
792 80
189 792
150 189
426 664 768 648 754 261 118 290 66 115 410 142 353 600 
426 664
768 664
648 426
754 648
261 426
118 261
290 118
66 754
115 754
410 648
142 115
353 768
600 353
639 679 517 111 789 713 748 726 725 568 472 237 514 35 281 753 
639 679
517 679
111 517
789 639
713 679
748 789
726 111
725 111
568 748
472 568
237 713
514 472
35 472
281 726
753 281
487 774 346 
487 774
487 346
216 618 192 94 382 357 292 616 731 794 388 190 461 592 
216 618
192 618
94 192
382 216
357 192
292 357
616 357
731 357
794 618
388 382
190 616
461 382
592 731
523 693 
523 693
185 
246 580 379 321 296 187 614 737 643 527 43 688 395 
246 580
379 246
321 580
296 379
187 379
614 187
737 321
643 321
527 737
43 614
688 187
395 737
220 630 
220 630
134 425 758 672 181 649 609 
134 425
758 134
672 425
181 758
649 672
609 649
25 620 689 17 
25 620
689 620
17 689
503 760 
503 760
32 673 465 
32 673
32 465
258 300 744 233 762 548 8 381 786 666 347 
258 300
744 300
233 300
762 744
548 258
8 233
381 762
786 548
666 786
347 8
288 369 633 213 657 207 385 256 780 404 79 106 130 275 636 
288 369
633 369
213 288
657 633
207 213
385 207
256 657
780 213
404 780
79 780
106 404
130 780
275 256
636 275
102 377 99 536 782 712 430 498 533 684 308 608 184 677 
102 377
99 102
536 377
782 99
712 536
430 536
498 782
533 99
684 712
308 498
608 533
184 533
677 308
110 
329 701 
329 701
393 665 601 763 681 326 337 303 336 20 
393 665
601 665
763 601
681 601
326 763
337 393
303 681
336 326
20 336
166 723 
166 723
253 493 716 338 103 146 457 221 654 284 624 
253 493
716 493
338 253
103 716
146 338
457 338
221 146
654 103
284 654
624 221
186 199 265 714 429 596 169 9 
186 199
265 199
714 199
429 186
596 265
169 429
9 714
707 720 531 
720 531
707 720
178 437 401 
178 437
437 401
373 553 730 153 650 409 
373 553
730 553
153 553
650 373
409 553
540 769 301 88 366 
540 769
301 540
88 540
366 88
168 507 
168 507
399 537 327 678 387 529 427 267 259 458 116 218 
399 537
327 399
678 327
387 678
529 678
427 387
267 529
259 529
458 267
116 327
218 427
611 729 544 706 745 263 434 
611 729
544 611
706 544
745 706
263 544
434 706
504 785 40 262 39 330 590 647 555 154 670 
504 785
40 785
262 504
39 262
330 39
590 40
647 330
555 647
154 39
670 154
341 669 471 322 47 576 151 442 250 450 599 140 736 423 398 58 6 289 734 147 361 18 432 370 505 402 191 632 778 671 
341 669
471 341
322 471
47 669
576 471
151 669
442 322
250 442
450 151
599 47
140 599
736 322
423 736
398 423
58 576
6 250
289 736
734 398
147 734
361 147
18 6
432 18
370 450
505 599
402 370
191 432
632 402
778 18
671 778
29 453 13 84 133 790 759 286 5 565 428 628 422 97 180 390 376 651 46 226 244 41 
29 453
13 29
84 13
133 453
790 133
759 84
286 759
5 286
565 13
428 565
628 5
422 428
97 628
180 84
390 790
376 422
651 390
46 286
226 97
244 651
41 376
3 577 386 24 
3 577
386 3
24 386
78 787 
78 787
81 687 
81 687
392 500 145 143 
392 500
145 500
143 500
223 569 172 610 176 108 784 319 771 
223 569
172 569
610 569
176 172
108 610
784 108
319 172
771 319
309 582 749 170 593 55 282 542 644 492 755 208 719 634 435 403 343 530 579 521 234 
309 582
749 582
170 309
593 170
55 170
282 593
542 55
644 593
492 542
755 55
208 492
719 644
634 542
435 208
403 435
343 644
530 634
579 208
521 579
234 719
