? 14 291 625 376 619 114 255 202 778 690 16 187 455 49 108 
? 13 429 751 624 560 603 791 673 195 321 684 584 789 361 
? 13 141 768 39 334 470 279 544 355 573 581 623 182 644 
? 13 281 489 60 509 236 369 118 645 759 430 38 431 350 
? 12 289 641 688 508 669 564 701 676 654 720 172 411 
? 12 44 418 614 3 571 592 109 419 238 1 413 714 
? 12 316 335 324 538 215 310 601 251 754 535 171 664 
? 11 200 294 252 78 558 730 221 102 157 95 76 
? 11 341 442 440 360 237 389 130 747 181 574 779 
? 10 227 292 709 630 248 59 197 82 155 282 
? 10 266 705 428 539 471 474 184 331 609 738 
? 10 119 704 311 657 258 740 190 790 764 577 
? 10 11 337 123 320 20 582 426 28 381 192 
? 9 41 50 415 193 777 729 518 555 554 
? 9 147 239 403 216 424 420 280 188 532 
? 9 260 505 301 205 498 208 75 72 640 
? 8 660 692 214 589 529 404 752 373 
? 8 366 447 185 40 588 396 559 21 
? 8 7 671 530 220 168 388 332 707 
? 8 116 713 572 433 149 284 635 680 
? 8 464 512 793 35 724 138 274 300 
? 8 64 67 649 668 342 663 788 511 
? 8 87 244 152 566 104 552 444 169 
? 7 93 473 726 401 179 528 727 
? 7 354 753 370 492 268 772 223 
? 7 48 710 496 213 723 94 61 
? 7 290 435 359 233 143 567 691 
? 7 495 520 53 163 317 209 458 
? 6 475 782 275 277 590 607 
? 6 206 700 636 278 178 478 
? 6 29 616 796 309 629 457 
? 6 79 604 526 5 285 725 
? 6 460 479 461 392 153 706 
? 6 229 608 534 13 127 347 
? 5 263 638 46 454 693 
? 5 199 662 318 618 43 
? 5 86 483 734 667 698 
? 5 4 132 746 417 758 
? 4 245 549 656 551 
? 4 405 439 343 784 
? 4 594 728 441 786 
? 4 476 598 385 328 
? 3 112 250 434 
? 3 408 743 368 
? 3 24 485 409 
? 3 235 765 339 
? 3 27 702 794 
? 3 34 105 562 
? 3 312 639 716 
!
316 335 324 538 215 310 601 251 754 535 171 664 
316 324
316 335
251 664
601 754
324 310
324 538
335 251
538 754
324 215
310 171
310 535
761 
615 763 51 484 307 122 177 617 596 211 286 437 647 160 628 329 703 144 261 766 128 183 563 612 106 
615 763
51 763
484 763
307 484
122 51
177 51
617 484
596 122
211 307
286 484
437 177
647 596
160 286
628 437
329 160
703 286
144 160
261 160
766 144
128 617
183 128
563 703
612 628
106 563
675 
11 337 123 320 20 582 426 28 381 192 
11 381
320 582
337 582
320 426
337 192
20 582
28 381
123 20
11 123
312 639 716 
312 639
312 716
495 520 53 163 317 209 458 
520 163
520 317
209 458
53 209
495 53
520 53
119 704 311 657 258 740 190 790 764 577 
740 577
119 311
119 190
657 577
119 657
740 764
311 258
704 577
790 764
44 418 614 3 571 592 109 419 238 1 413 714 
44 614
44 109
592 238
419 413
419 1
418 592
614 1
44 418
413 714
571 413
3 109
289 641 688 508 669 564 701 676 654 720 172 411 
289 508
669 564
688 676
669 701
172 411
720 172
289 676
564 720
641 676
289 564
688 654
341 442 440 360 237 389 130 747 181 574 779 
341 442
237 574
341 360
389 130
389 181
237 389
360 181
341 440
130 779
747 181
290 435 359 233 143 567 691 
290 691
435 233
143 567
233 143
359 233
567 691
145 665 164 760 54 296 120 207 225 173 659 0 697 319 600 249 634 547 469 305 542 637 191 270 677 217 69 672 
145 665
164 665
760 145
54 145
296 760
120 665
207 120
225 296
173 54
659 207
0 659
697 0
319 697
600 319
249 600
634 600
547 600
469 600
305 225
542 469
637 305
191 542
270 659
677 270
217 637
69 191
672 217
34 105 562 
34 105
105 562
476 598 385 328 
385 328
598 385
476 328
142 242 468 166 372 377 416 531 497 606 393 749 269 170 272 
142 242
468 142
166 468
372 166
377 372
416 468
531 372
497 242
606 531
393 497
749 393
269 416
170 377
272 393
32 259 
32 259
117 287 90 55 12 253 735 297 642 298 374 37 718 363 449 176 26 543 556 
117 287
90 287
55 117
12 55
253 90
735 55
297 253
642 55
298 642
374 298
37 374
718 298
363 642
449 363
176 449
26 176
543 297
556 449
97 513 783 550 695 741 407 80 646 699 322 781 722 133 333 412 362 230 553 56 633 521 150 367 
97 513
783 513
550 783
695 513
741 513
407 695
80 695
646 407
699 80
322 741
781 80
722 550
133 322
333 550
412 781
362 646
230 722
553 333
56 722
633 230
521 322
150 553
367 230
358 462 8 73 410 466 58 2 780 687 438 795 165 516 313 
358 462
8 358
73 462
410 73
466 358
58 8
2 8
780 410
687 780
438 410
795 2
165 795
516 2
313 438
27 702 794 
27 702
27 794
456 
17 593 453 717 232 762 755 797 77 522 231 101 57 243 303 655 399 686 346 92 648 557 288 585 
17 593
453 17
717 593
232 453
762 717
755 762
797 762
77 797
522 453
231 755
101 522
57 717
243 101
303 57
655 77
399 231
686 655
346 399
92 522
648 243
557 655
288 648
585 346
48 710 496 213 723 94 61 
213 723
496 94
48 213
48 496
710 723
723 61
281 489 60 509 236 369 118 645 759 430 38 431 350 
489 118
60 236
236 118
509 369
489 430
509 236
281 759
759 38
281 489
369 431
38 350
369 645
107 500 
107 500
229 608 534 13 127 347 
229 347
534 13
229 13
534 127
608 13
87 244 152 566 104 552 444 169 
87 244
87 152
566 104
152 552
152 104
104 169
552 444
460 479 461 392 153 706 
153 706
460 479
392 706
479 461
479 153
4 132 746 417 758 
4 132
4 746
417 758
4 417
79 604 526 5 285 725 
526 725
5 285
79 604
79 5
604 526
586 627 115 135 148 246 19 83 611 267 325 739 10 9 493 18 515 414 
586 627
115 627
135 586
148 586
246 135
19 148
83 19
611 19
267 83
325 115
739 325
10 83
9 611
493 739
18 246
515 10
414 9
29 616 796 309 629 457 
309 457
29 796
29 457
616 457
616 629
86 483 734 667 698 
86 734
734 698
483 667
483 734
22 378 84 380 124 42 421 597 524 443 595 510 271 561 661 247 486 578 154 398 682 23 326 137 212 721 
22 378
84 22
380 22
124 84
42 378
421 42
597 42
524 380
443 597
595 84
510 124
271 124
561 524
661 561
247 597
486 247
578 486
154 561
398 524
682 661
23 398
326 595
137 510
212 421
721 247
89 382 327 348 537 323 773 448 463 136 91 583 226 256 295 425 264 506 757 88 241 
89 382
327 89
348 327
537 382
323 382
773 323
448 537
463 537
136 327
91 323
583 773
226 463
256 463
295 91
425 448
264 226
506 425
757 264
88 264
241 757
354 753 370 492 268 772 223 
354 223
753 370
753 268
370 772
492 268
753 223
64 67 649 668 342 663 788 511 
663 511
67 342
67 668
342 511
663 788
649 668
64 511
304 
464 512 793 35 724 138 274 300 
512 35
512 138
35 724
35 274
464 138
274 300
793 724
570 683 523 565 68 110 63 257 632 487 218 390 674 775 353 384 340 330 643 219 406 736 383 66 103 620 395 575 14 81 194 85 480 591 427 113 541 121 
570 683
523 683
565 570
68 683
110 683
63 565
257 523
632 257
487 257
218 632
390 218
674 390
775 63
353 487
384 674
340 63
330 775
643 340
219 330
406 674
736 330
383 219
66 340
103 353
620 643
395 487
575 103
14 674
81 736
194 620
85 406
480 85
591 194
427 81
113 395
541 113
121 383
45 517 65 599 140 774 151 769 402 25 733 74 62 371 423 349 580 422 533 499 52 33 527 650 375 631 196 201 
45 517
65 517
599 45
140 599
774 65
151 65
769 517
402 769
25 769
733 25
74 140
62 74
371 74
423 371
349 62
580 733
422 151
533 349
499 422
52 349
33 499
527 52
650 371
375 774
631 650
196 422
201 375
159 481 787 622 265 708 344 465 525 131 240 767 452 770 501 737 744 494 490 504 156 36 299 
159 481
787 481
622 481
265 622
708 787
344 708
465 265
525 344
131 708
240 525
767 525
452 767
770 265
501 159
737 465
744 452
494 770
490 737
504 490
156 131
36 240
299 494
199 662 318 618 43 
662 618
318 43
199 43
199 618
291 625 376 619 114 255 202 778 690 16 187 455 49 108 
625 114
114 108
255 187
291 455
619 455
255 49
376 108
291 625
690 455
619 187
202 778
291 778
690 16
594 728 441 786 
594 728
728 441
594 786
260 505 301 205 498 208 75 72 640 
260 505
208 75
505 301
301 205
75 640
498 75
208 72
205 498
200 294 252 78 558 730 221 102 157 95 76 
730 102
78 76
294 78
221 157
157 95
221 102
200 78
78 730
252 221
558 76
224 
141 768 39 334 470 279 544 355 573 581 623 182 644 
39 334
334 581
470 581
279 623
768 334
623 644
141 39
573 182
470 279
39 544
544 182
355 623
116 713 572 433 149 284 635 680 
713 284
433 284
149 635
713 572
116 284
433 149
635 680
405 439 343 784 
405 439
439 343
405 784
568 771 70 610 602 174 451 283 548 47 711 254 338 293 400 450 432 
568 771
70 771
610 70
602 771
174 610
451 610
283 602
548 568
47 451
711 70
254 602
338 548
293 254
400 283
450 451
432 400
719 745 536 756 146 262 446 750 306 351 519 651 732 134 658 234 158 
719 745
536 719
756 745
146 536
262 536
446 756
750 446
306 756
351 306
519 351
651 519
732 146
134 651
658 519
234 306
158 146
235 765 339 
235 765
235 339
147 239 403 216 424 420 280 188 532 
147 188
239 424
424 532
239 216
188 532
403 280
216 420
403 424
15 379 161 576 273 175 488 545 653 694 621 776 514 365 742 204 666 167 748 111 162 540 99 799 569 139 30 
15 379
161 15
576 161
273 576
175 379
488 273
545 576
653 488
694 488
621 379
776 175
514 161
365 694
742 694
204 545
666 514
167 776
748 621
111 204
162 666
540 111
99 204
799 742
569 111
139 666
30 799
198 579 696 386 100 126 679 276 503 477 731 356 502 352 482 689 31 315 186 445 
198 579
696 579
386 579
100 386
126 198
679 696
276 679
503 100
477 198
731 126
356 276
502 503
352 477
482 352
689 356
31 689
315 31
186 482
445 186
266 705 428 539 471 474 184 331 609 738 
266 471
705 474
539 609
184 609
266 184
428 471
474 184
428 331
539 738
71 180 712 364 613 507 605 302 798 546 357 387 308 314 336 96 670 715 491 
71 180
712 180
364 71
613 71
507 613
605 712
302 507
798 605
546 302
357 613
387 712
308 357
314 364
336 314
96 546
670 308
715 605
491 314
24 485 409 
485 409
24 485
98 394 
98 394
7 671 530 220 168 388 332 707 
168 388
671 707
530 220
530 168
7 220
671 220
332 707
93 473 726 401 179 528 727 
93 726
726 179
473 528
179 727
93 401
93 528
429 751 624 560 603 791 673 195 321 684 584 789 361 
789 361
791 673
791 195
429 361
624 603
560 673
624 560
429 584
195 584
751 673
751 321
791 684
587 785 
587 785
41 50 415 193 777 729 518 555 554 
41 50
415 729
50 555
41 415
415 777
193 555
729 554
193 518
206 700 636 278 178 478 
206 700
206 278
178 478
206 178
700 636
227 292 709 630 248 59 197 82 155 282 
709 197
227 630
227 292
197 155
709 248
292 155
197 82
709 282
292 59
366 447 185 40 588 396 559 21 
185 559
366 21
366 447
396 559
185 21
447 40
185 588
203 459 129 792 626 222 472 685 436 125 652 228 6 210 681 391 345 467 
203 459
129 459
792 129
626 129
222 203
472 792
685 472
436 626
125 626
652 222
228 125
6 652
210 436
681 652
391 6
345 681
467 391
397 678 
397 678
245 549 656 551 
245 551
656 551
549 551
475 782 275 277 590 607 
475 782
475 275
277 607
275 590
782 607
189 
263 638 46 454 693 
638 46
263 454
263 46
46 693
408 743 368 
408 368
743 368
660 692 214 589 529 404 752 373 
529 373
660 692
660 589
529 404
214 589
214 404
752 373
112 250 434 
250 434
112 434
