? 14 174 610 385 427 485 711 24 328 47 81 70 598 736 480 
? 13 265 465 787 622 481 159 494 782 770 475 275 540 525 
? 13 157 618 680 102 94 294 221 200 199 635 61 730 176 
? 13 273 576 379 545 653 514 694 204 139 162 161 111 666 
? 12 291 376 255 625 778 114 619 202 187 109 238 108 
? 12 250 434 112 649 32 739 10 31 493 67 689 64 
? 12 483 734 86 567 601 538 233 143 698 667 295 91 
? 11 425 448 537 773 640 463 256 583 382 323 212 
? 11 486 578 247 13 608 264 88 57 229 721 534 
? 10 216 239 424 188 543 532 495 147 280 420 
? 10 41 50 518 415 193 729 426 555 777 554 
? 10 364 712 71 314 336 715 180 638 387 432 
? 10 25 580 769 733 48 33 723 499 45 213 
? 9 100 502 579 503 115 477 386 325 135 
? 9 203 792 129 222 125 472 626 459 748 
? 9 431 765 235 725 785 587 20 526 400 
? 8 374 718 572 55 642 449 735 37 
? 8 105 158 34 262 557 732 786 293 
? 8 230 722 367 26 457 741 12 633 
? 8 217 637 92 189 522 305 101 648 
? 8 18 724 35 793 352 414 19 9 
? 8 151 716 375 196 422 201 517 65 
? 8 54 173 296 225 243 326 562 303 
? 7 106 563 46 761 381 28 263 
? 7 27 740 311 501 190 258 790 
? 7 116 713 78 149 556 558 252 
? 7 107 223 500 268 345 290 687 
? 7 650 693 631 599 423 402 454 
? 6 43 318 662 496 541 704 
? 6 253 297 521 90 287 520 
? 6 241 728 441 127 757 594 
? 6 515 706 267 611 153 83 
? 6 254 602 604 283 79 5 
? 6 531 606 372 170 73 410 
? 5 3 455 392 445 148 
? 5 210 228 654 436 685 
? 5 655 686 347 450 451 
? 5 89 327 348 226 476 
? 4 240 461 36 186 
? 4 123 320 192 11 
? 4 668 788 163 315 
? 4 586 627 246 482 
? 3 117 298 363 
? 3 4 746 349 
? 3 237 629 95 
? 3 99 277 569 
? 3 337 491 582 
? 3 85 330 406 
? 3 15 621 435 
!
483 734 86 567 601 538 233 143 698 667 295 91 
734 86
86 601
295 91
143 698
734 698
567 143
233 667
601 538
483 667
483 601
567 91
780 
366 447 185 588 40 21 671 559 396 530 7 168 220 675 471 705 331 266 428 474 388 707 332 758 417 
366 447
185 366
588 366
40 185
21 40
671 447
559 185
396 185
530 21
7 447
168 588
220 530
675 559
471 530
705 471
331 530
266 705
428 471
474 428
388 474
707 474
332 474
758 675
417 758
779 
25 580 769 733 48 33 723 499 45 213 
723 213
580 499
769 499
25 769
48 213
48 33
580 723
733 33
25 45
15 621 435 
15 621
15 435
650 693 631 599 423 402 454 
650 631
650 693
599 402
631 599
423 402
693 454
364 712 71 314 336 715 180 638 387 432 
364 314
715 432
71 180
712 180
712 715
712 387
364 180
638 387
336 638
250 434 112 649 32 739 10 31 493 67 689 64 
493 689
250 434
649 31
31 689
434 67
739 10
434 112
649 10
67 689
32 10
112 64
291 376 255 625 778 114 619 202 187 109 238 108 
625 114
114 108
255 187
376 108
291 625
619 187
291 619
202 109
778 202
291 238
291 778
486 578 247 13 608 264 88 57 229 721 534 
486 247
486 578
264 534
57 229
264 88
247 13
13 264
247 229
229 721
608 88
107 223 500 268 345 290 687 
107 500
223 500
223 345
268 345
500 687
107 290
361 789 584 429 603 560 405 751 549 321 624 195 791 784 673 439 245 224 373 656 343 684 506 359 72 752 691 404 
361 789
584 361
429 361
603 789
560 603
405 789
751 560
549 584
321 429
624 560
195 560
791 603
784 405
673 560
439 405
245 560
224 784
373 673
656 549
343 405
684 673
506 405
359 784
72 656
752 603
691 359
404 195
85 330 406 
85 406
85 330
586 627 246 482 
627 246
586 627
586 482
261 527 329 766 144 62 286 160 52 183 703 371 140 533 128 
261 527
329 527
766 261
144 261
62 527
286 766
160 286
52 527
183 527
703 286
371 62
140 371
533 527
128 261
403 679 
403 679
660 692 214 269 516 589 416 2 58 795 529 462 358 142 8 468 242 377 166 
660 692
214 692
269 660
516 692
589 214
416 660
2 269
58 214
795 2
529 589
462 2
358 462
142 795
8 358
468 795
242 468
377 468
166 377
80 781 362 699 695 513 97 412 407 550 783 126 646 133 276 731 198 322 341 356 440 442 333 696 
80 781
362 80
699 781
695 80
513 695
97 513
412 781
407 695
550 513
783 513
126 362
646 513
133 513
276 781
731 699
198 276
322 133
341 362
356 198
440 362
442 341
333 550
696 198
206 458 700 317 278 209 342 259 478 456 178 511 636 663 53 
206 458
700 206
317 458
278 700
209 278
342 317
259 342
478 700
456 278
178 456
511 317
636 700
663 511
53 317
337 491 582 
491 582
337 582
710 
171 179 310 727 726 93 607 535 473 251 737 794 490 664 215 316 401 409 324 504 754 528 335 702 
171 179
310 171
727 179
726 171
93 179
607 310
535 179
473 171
251 93
737 607
794 727
490 737
664 251
215 310
316 310
401 93
409 727
324 316
504 490
754 607
528 93
335 316
702 490
116 713 78 149 556 558 252 
149 556
78 556
116 713
78 558
713 78
149 252
273 576 379 545 653 514 694 204 139 162 161 111 666 
379 545
576 379
204 161
273 576
139 666
273 111
514 161
653 111
653 204
379 694
514 139
162 666
285 536 
285 536
531 606 372 170 73 410 
531 372
531 606
372 170
73 410
606 410
54 173 296 225 243 326 562 303 
326 303
54 173
54 225
296 225
243 326
296 243
562 303
254 602 604 283 79 5 
602 79
254 602
283 79
602 604
283 5
89 327 348 226 476 
327 226
89 476
348 226
348 476
515 706 267 611 153 83 
706 153
706 267
515 83
515 267
611 83
669 701 564 289 676 167 508 776 365 49 690 641 571 175 742 16 688 488 
669 701
564 701
289 669
676 669
167 564
508 669
776 564
365 776
49 289
690 49
641 289
571 701
175 365
742 365
16 49
688 289
488 776
241 728 441 127 757 594 
241 127
241 757
241 441
728 594
728 441
655 686 347 450 451 
655 686
686 347
450 451
655 450
69 191 755 600 547 634 542 762 319 17 399 593 697 231 585 249 77 469 346 453 38 797 717 232 672 0 
69 191
755 69
600 191
547 600
634 600
542 69
762 755
319 600
17 755
399 755
593 17
697 600
231 762
585 399
249 547
77 762
469 634
346 755
453 17
38 585
797 755
717 77
232 453
672 453
0 319
270 677 759 207 659 118 509 430 281 645 120 489 350 236 60 164 369 339 665 760 145 
270 677
759 677
207 677
659 207
118 759
509 118
430 759
281 509
645 509
120 659
489 509
350 118
236 645
60 118
164 659
369 60
339 430
665 164
760 164
145 760
27 740 311 501 190 258 790 
27 740
311 258
27 790
311 190
27 190
27 501
151 716 375 196 422 201 517 65 
151 422
716 196
201 65
517 65
375 201
196 201
151 517
551 
18 724 35 793 352 414 19 9 
35 352
793 9
724 352
19 9
724 414
414 19
18 352
260 505 23 301 282 398 205 524 561 154 248 82 709 271 378 197 380 22 292 682 227 124 84 661 59 498 510 630 155 443 421 595 75 208 137 42 597 288 
260 505
23 260
301 505
282 260
398 23
205 260
524 260
561 23
154 561
248 282
82 561
709 248
271 398
378 561
197 82
380 561
22 378
292 248
682 561
227 292
124 378
84 22
661 561
59 197
498 197
510 271
630 227
155 197
443 378
421 22
595 378
75 155
208 155
137 271
42 421
597 42
288 137
87 244 152 544 39 279 566 581 104 141 768 623 334 184 738 470 609 552 644 573 355 182 539 284 76 444 169 433 
87 244
152 87
544 87
39 544
279 39
566 152
581 566
104 566
141 279
768 141
623 104
334 141
184 566
738 184
470 141
609 566
552 623
644 623
573 334
355 644
182 573
539 184
284 573
76 284
444 581
169 444
433 284
620 643 194 670 591 340 110 546 338 308 63 548 66 507 613 96 568 357 98 302 775 394 683 
620 643
194 620
670 620
591 620
340 643
110 340
546 670
338 194
308 670
63 110
548 546
66 643
507 620
613 308
96 194
568 613
357 613
98 546
302 613
775 63
394 98
683 110
210 228 654 436 685 
210 654
228 685
654 436
210 228
174 610 385 427 485 711 24 328 47 81 70 598 736 480 
385 328
174 70
24 328
24 598
174 711
485 736
427 81
174 610
385 70
736 480
610 427
427 485
610 47
668 788 163 315 
788 163
668 788
668 315
431 765 235 725 785 587 20 526 400 
725 526
587 20
765 235
431 785
431 765
725 20
526 400
431 725
425 448 537 773 640 463 256 583 382 323 212 
448 537
773 583
425 640
537 382
425 448
448 583
256 212
425 256
773 323
463 212
136 
157 618 680 102 94 294 221 200 199 635 61 730 176 
102 730
618 221
157 680
618 635
157 221
102 221
680 94
200 730
294 730
680 176
94 199
199 61
217 637 92 189 522 305 101 648 
217 92
637 305
92 522
101 648
92 648
217 189
637 189
123 320 192 11 
320 192
123 11
123 320
368 408 743 596 647 51 122 437 211 615 628 177 307 763 132 304 484 
368 408
743 368
596 408
647 596
51 647
122 647
437 122
211 647
615 122
628 437
177 615
307 211
763 307
132 307
304 628
484 307
181 796 360 312 29 389 150 764 639 574 553 130 747 56 577 616 309 
181 796
360 181
312 181
29 796
389 29
150 360
764 312
639 312
574 312
553 150
130 312
747 150
56 29
577 312
616 29
309 29
99 277 569 
99 569
277 569
203 792 129 222 125 472 626 459 748 
203 129
459 748
203 626
203 792
222 748
626 748
129 472
792 125
460 479 413 156 419 274 411 1 131 744 172 590 44 418 30 344 708 720 592 614 299 300 138 512 799 464 714 
460 479
413 479
156 460
419 479
274 413
411 419
1 479
131 156
744 274
172 411
590 156
44 419
418 44
30 172
344 479
708 131
720 172
592 44
614 592
299 156
300 744
138 274
512 274
799 299
464 512
714 512
272 393 749 370 497 6 467 753 772 438 652 678 313 492 165 681 391 466 397 354 
272 393
749 393
370 272
497 272
6 393
467 370
753 370
772 393
438 393
652 370
678 467
313 438
492 370
165 497
681 652
391 467
466 497
397 467
354 370
41 50 518 415 193 729 426 555 777 554 
41 50
415 729
426 777
50 555
41 415
415 426
193 555
729 554
518 193
234 771 351 756 306 121 750 798 745 651 134 519 605 219 658 719 146 383 446 
234 771
351 234
756 234
306 234
121 771
750 756
798 750
745 234
651 351
134 121
519 351
605 798
219 121
658 351
719 745
146 651
383 219
446 750
237 629 95 
629 95
237 95
612 617 
612 617
230 722 367 26 457 741 12 633 
230 722
741 12
367 12
367 457
26 457
230 367
230 633
106 563 46 761 381 28 263 
106 381
106 46
46 263
563 761
563 28
46 761
265 465 787 622 481 159 494 782 770 475 275 540 525 
782 475
494 770
782 770
475 275
622 481
265 465
787 481
275 540
465 787
159 525
265 159
159 494
452 767 
452 767
100 502 579 503 115 477 386 325 135 
100 503
579 503
386 325
502 477
503 386
502 386
115 477
115 135
253 297 521 90 287 520 
297 287
253 287
90 287
253 521
521 520
216 239 424 188 543 532 495 147 280 420 
188 495
188 147
239 424
424 532
216 239
532 495
543 280
216 420
239 280
105 158 34 262 557 732 786 293 
158 34
105 34
557 786
262 293
732 293
105 293
34 557
218 390 68 384 523 257 487 113 632 674 657 14 395 570 103 575 565 353 
218 390
68 390
384 390
523 218
257 68
487 218
113 257
632 390
674 384
657 390
14 390
395 218
570 68
103 257
575 103
565 523
353 113
74 774 
74 774
240 461 36 186 
461 36
240 36
461 186
43 318 662 496 541 704 
541 704
43 541
43 318
662 496
496 704
119 
3 455 392 445 148 
392 148
3 392
3 455
445 148
4 746 349 
746 349
4 349
374 718 572 55 642 449 735 37 
374 735
718 642
374 642
718 572
374 55
642 449
572 37
117 298 363 
117 298
117 363
