? 14 270 677 759 659 118 207 509 430 489 281 236 120 60 164 
? 13 157 618 221 680 102 199 94 294 309 635 629 449 95 
? 13 216 239 424 403 280 420 188 147 163 532 495 668 788 
? 13 265 465 770 622 159 481 494 782 299 275 240 475 525 
? 12 368 408 743 417 647 122 437 596 628 211 763 177 
? 12 103 575 769 580 733 395 402 25 45 353 523 113 
? 12 218 390 68 384 674 257 487 657 570 683 14 632 
? 11 26 367 230 722 12 176 642 363 718 556 298 
? 11 174 610 385 711 485 427 24 70 81 658 736 
? 10 100 503 502 477 386 31 689 352 135 115 
? 10 273 576 379 545 161 204 694 514 15 621 
? 10 370 753 467 681 345 268 6 652 391 222 
? 10 48 496 33 723 196 213 499 61 710 558 
? 9 71 712 364 387 314 432 605 715 11 
? 9 41 50 415 193 729 518 555 777 320 
? 9 105 158 34 146 293 557 732 450 786 
? 8 18 724 714 19 793 464 9 627 
? 8 203 792 129 685 125 748 472 436 
? 8 572 713 374 37 116 252 55 735 
? 8 243 522 648 288 92 637 510 137 
? 8 54 145 173 225 760 296 665 305 
? 8 117 287 521 297 633 253 90 149 
? 8 10 515 267 611 83 739 32 148 
? 7 431 765 235 339 369 725 785 
? 7 304 612 761 51 615 106 426 
? 7 400 526 604 602 254 582 5 
? 7 86 139 233 666 162 667 754 
? 7 223 500 107 354 780 698 459 
? 6 210 654 228 626 111 569 
? 6 140 517 599 151 423 65 
? 6 375 716 169 746 533 201 
? 6 46 98 28 638 381 336 
? 6 78 730 662 422 774 541 
? 6 655 686 127 562 303 728 
? 5 554 587 20 192 123 
? 5 186 461 445 779 36 
? 5 189 217 326 42 264 
? 5 241 441 757 47 594 
? 4 454 491 337 263 
? 4 119 311 704 27 
? 4 212 256 463 226 
? 4 330 383 480 565 
? 3 315 493 325 
? 3 650 693 338 
? 3 67 250 649 
? 3 132 707 52 
? 3 99 540 452 
? 3 64 520 586 
? 3 85 406 598 
!
218 390 68 384 674 257 487 657 570 683 14 632 
657 14
218 390
68 683
487 683
390 68
674 14
68 257
218 384
384 674
257 570
218 632
630 
460 479 419 413 156 274 411 590 131 172 44 1 300 614 418 592 571 512 787 720 744 344 799 708 138 
460 479
419 479
413 479
156 460
274 413
411 419
590 156
131 156
172 411
44 419
1 411
300 274
614 44
418 44
592 44
571 418
512 274
787 131
720 172
744 274
344 274
799 156
708 131
138 274
507 
48 496 33 723 196 213 499 61 710 558 
723 213
48 213
48 33
499 710
33 196
48 496
723 499
196 558
723 61
85 406 598 
85 406
85 598
223 500 107 354 780 698 459 
223 354
500 354
107 354
223 459
107 780
107 698
370 753 467 681 345 268 6 652 391 222 
467 652
753 345
370 652
6 222
681 6
370 753
6 652
753 268
467 391
103 575 769 580 733 395 402 25 45 353 523 113 
769 25
103 575
402 45
575 25
769 580
395 113
103 353
580 733
575 45
580 395
353 523
368 408 743 417 647 122 437 596 628 211 763 177 
368 408
122 437
211 177
596 763
743 437
368 647
368 743
437 177
417 647
596 177
122 628
174 610 385 711 485 427 24 70 81 658 736 
174 70
174 711
385 24
485 736
427 81
174 610
385 70
610 658
610 427
485 427
86 139 233 666 162 667 754 
139 754
233 162
86 666
162 667
139 666
666 667
69 191 755 547 762 319 634 600 593 346 469 17 399 77 542 249 231 585 453 717 672 797 697 232 350 0 38 101 
69 191
755 69
547 191
762 755
319 547
634 69
600 319
593 69
346 69
469 547
17 593
399 755
77 762
542 547
249 319
231 399
585 346
453 17
717 762
672 453
797 755
697 469
232 593
350 399
0 634
38 350
101 453
64 520 586 
64 520
520 586
330 383 480 565 
383 480
330 383
480 565
286 766 144 261 703 563 329 371 484 527 307 160 617 62 183 
286 766
144 766
261 766
703 766
563 286
329 261
371 144
484 144
527 261
307 484
160 261
617 329
62 527
183 766
74 349 
74 349
91 295 773 583 323 567 324 382 476 143 734 537 89 601 328 483 327 538 348 
91 295
773 91
583 91
323 583
567 91
324 295
382 323
476 91
143 567
734 567
537 382
89 537
601 734
328 476
483 734
327 382
538 601
348 382
171 179 310 727 726 607 93 794 215 535 473 409 251 316 490 664 504 737 335 401 277 528 702 190 
171 179
310 171
727 179
726 171
607 171
93 727
794 727
215 179
535 171
473 179
409 726
251 93
316 310
490 727
664 251
504 490
737 490
335 316
401 726
277 179
528 409
702 409
190 727
486 578 247 534 597 421 229 88 595 13 347 57 608 721 443 
486 578
247 486
534 578
597 486
421 578
229 486
88 486
595 486
13 88
347 13
57 595
608 247
721 595
443 486
99 540 452 
99 540
540 452
246 
366 447 185 588 40 559 530 220 21 671 168 396 7 471 428 705 675 388 266 4 474 758 332 331 
366 447
185 366
588 185
40 447
559 588
530 40
220 530
21 559
671 530
168 588
396 588
7 530
471 530
428 220
705 471
675 559
388 559
266 471
4 388
474 705
758 675
332 474
331 474
400 526 604 602 254 582 5 
602 254
400 526
604 602
400 604
400 582
602 5
265 465 770 622 159 481 494 782 299 275 240 475 525 
782 475
770 494
770 782
494 299
275 475
622 481
265 465
240 525
159 525
265 159
465 622
159 299
440 767 
440 767
655 686 127 562 303 728 
655 686
303 728
127 728
655 562
655 303
10 515 267 611 83 739 32 148 
10 83
739 148
515 32
83 739
515 83
611 739
515 267
78 730 662 422 774 541 
78 730
730 662
422 774
78 774
422 541
241 441 757 47 594 
241 757
241 441
241 47
441 594
46 98 28 638 381 336 
46 638
98 381
46 381
28 381
638 336
114 376 625 778 291 619 202 153 109 3 187 108 238 392 455 706 414 35 
114 376
625 376
778 376
291 625
619 291
202 376
153 778
109 778
3 109
187 619
108 625
238 109
392 153
455 291
706 392
414 706
35 109
375 716 169 746 533 201 
375 169
169 746
169 201
716 201
533 201
189 217 326 42 264 
326 264
189 217
326 42
217 42
260 505 23 282 398 205 301 561 82 524 248 124 154 380 197 292 84 378 227 22 709 271 59 682 498 661 
260 505
23 260
282 260
398 260
205 505
301 505
561 23
82 282
524 398
248 282
124 260
154 524
380 561
197 561
292 248
84 124
378 84
227 292
22 378
709 227
271 378
59 292
682 197
498 197
661 197
620 643 194 670 546 591 308 110 548 66 340 302 63 568 394 96 775 613 357 631 180 
620 643
194 620
670 620
546 670
591 643
308 670
110 643
548 546
66 643
340 643
302 620
63 110
568 308
394 194
96 546
775 63
613 308
357 613
631 394
180 546
304 612 761 51 615 106 426 
612 761
304 612
761 106
761 426
304 51
761 615
117 287 521 297 633 253 90 149 
117 287
117 253
287 297
287 90
521 253
521 633
90 149
136 
54 145 173 225 760 296 665 305 
54 173
296 305
145 665
54 225
225 296
760 296
145 760
361 789 584 603 405 751 560 624 673 321 195 429 549 791 656 684 224 784 343 439 752 691 245 404 373 640 359 687 506 425 208 435 290 551 75 72 155 448 
361 789
584 361
603 789
405 361
751 789
560 603
624 560
673 560
321 584
195 673
429 560
549 195
791 673
656 549
684 673
224 624
784 405
343 405
439 405
752 603
691 405
245 195
404 195
373 195
640 343
359 784
687 603
506 405
425 506
208 640
435 359
290 435
551 404
75 208
72 656
155 208
448 425
87 244 279 152 581 544 768 39 566 104 141 470 334 623 609 738 552 184 355 182 573 284 539 644 76 200 433 444 
87 244
279 87
152 244
581 87
544 279
768 279
39 581
566 152
104 152
141 39
470 544
334 581
623 279
609 566
738 609
552 104
184 566
355 141
182 141
573 355
284 573
539 184
644 623
76 284
200 573
433 284
444 644
181 796 29 312 639 360 764 616 389 150 237 747 790 56 130 501 574 43 577 457 258 740 318 
181 796
29 796
312 796
639 181
360 181
764 312
616 181
389 181
150 360
237 360
747 360
790 312
56 150
130 312
501 312
574 130
43 29
577 790
457 29
258 764
740 764
318 43
186 461 445 779 36 
461 36
186 445
779 36
461 445
270 677 759 659 118 207 509 430 489 281 236 120 60 164 
270 677
118 489
270 281
236 60
118 236
207 164
677 759
430 489
509 236
489 281
659 120
659 164
677 120
212 256 463 226 
212 256
463 226
212 463
105 158 34 146 293 557 732 450 786 
158 34
105 34
146 732
557 786
146 293
105 293
34 557
158 450
26 367 230 722 12 176 642 363 718 556 298 
230 722
367 12
722 363
642 718
26 176
718 298
12 642
367 230
26 367
556 298
128 
216 239 424 403 280 420 188 147 163 532 495 668 788 
188 495
188 147
239 424
424 532
216 239
420 788
163 788
532 495
147 163
420 668
403 280
424 403
243 522 648 288 92 637 510 137 
243 648
288 92
522 92
243 92
648 510
510 137
288 637
119 311 704 27 
119 311
119 27
311 704
278 456 700 478 206 178 458 317 209 636 342 511 259 112 663 434 53 
278 456
700 278
478 456
206 700
178 478
458 700
317 458
209 206
636 700
342 317
511 317
259 342
112 259
663 700
434 112
53 511
234 771 351 756 798 750 121 306 651 745 519 446 134 219 536 262 283 
234 771
351 771
756 771
798 771
750 798
121 771
306 756
651 351
745 234
519 651
446 750
134 351
219 121
536 756
262 651
283 750
132 707 52 
132 707
132 52
41 50 415 193 729 518 555 777 320 
777 320
41 50
415 729
50 555
41 415
415 777
193 555
193 518
80 781 699 695 513 412 731 407 362 550 646 133 97 696 356 276 322 783 126 198 579 333 543 553 442 741 341 
80 781
699 781
695 80
513 695
412 781
731 781
407 80
362 80
550 513
646 781
133 781
97 699
696 781
356 696
276 356
322 133
783 513
126 696
198 276
579 198
333 550
543 699
553 646
442 333
741 513
341 442
669 701 564 289 776 365 676 30 167 690 49 508 16 688 742 641 488 653 175 255 
669 701
564 669
289 669
776 564
365 776
676 669
30 776
167 776
690 676
49 690
508 690
16 508
688 508
742 365
641 49
488 776
653 488
175 776
255 690
273 576 379 545 161 204 694 514 15 621 
379 545
576 379
273 15
161 204
273 576
204 15
694 621
161 514
379 694
660 692 214 516 269 589 2 416 58 795 8 462 529 358 73 165 242 466 468 
660 692
214 660
516 692
269 692
589 214
2 692
416 2
58 692
795 516
8 795
462 8
529 58
358 462
73 358
165 795
242 795
466 462
468 795
67 250 649 
67 250
67 649
451 719 
451 719
572 713 374 37 116 252 55 735 
374 735
713 37
374 55
572 713
37 116
572 735
572 252
431 765 235 339 369 725 785 
765 235
431 785
369 785
339 785
431 765
431 725
157 618 221 680 102 199 94 294 309 635 629 449 95 
680 95
94 629
618 221
157 680
618 635
157 221
680 629
221 102
309 449
102 294
199 95
635 449
482 679 
482 679
71 712 364 387 314 432 605 715 11 
712 605
364 314
432 715
387 605
712 715
314 11
71 364
712 314
140 517 599 151 423 65 
140 599
140 517
517 65
517 423
599 151
100 503 502 477 386 31 689 352 135 115 
100 503
502 477
503 386
502 31
502 386
477 115
31 689
135 115
352 135
203 792 129 685 125 748 472 436 
203 129
203 792
792 685
472 436
203 748
685 125
129 472
372 377 531 166 170 606 142 497 313 393 410 438 749 272 492 397 678 772 
372 377
531 372
166 377
170 377
606 531
142 377
497 142
313 497
393 497
410 497
438 393
749 393
272 393
492 272
397 749
678 397
772 393
285 645 
285 645
454 491 337 263 
454 263
491 263
491 337
210 654 228 626 111 569 
210 654
210 228
111 569
210 626
228 111
79 
554 587 20 192 123 
587 20
587 192
20 123
554 192
650 693 338 
650 338
650 693
18 724 714 19 793 464 9 627 
18 627
793 9
19 9
724 714
18 793
18 724
464 627
315 493 325 
315 325
493 325
