? 10 131 169 489 727 578 313 287 673 588 111 
? 10 39 165 186 322 788 384 766 60 622 661 
? 10 249 254 229 712 66 129 388 471 732 350 
? 9 528 734 704 261 575 241 366 422 284 
? 9 101 138 133 376 81 409 2 237 127 
? 9 251 468 142 521 214 566 277 220 715 
? 9 683 728 80 323 654 758 37 503 342 
? 8 304 695 294 630 134 106 130 744 
? 8 582 627 35 571 259 538 183 200 
? 8 359 411 238 299 327 147 522 157 
? 8 41 750 235 699 570 660 32 195 
? 8 54 587 12 121 539 731 665 331 
? 8 0 771 713 495 23 125 666 620 
? 8 278 486 285 290 790 646 180 298 
? 7 112 181 781 233 84 308 55 
? 7 431 545 671 615 464 664 62 
? 7 274 344 796 692 269 791 194 
? 7 273 430 164 358 123 644 720 
? 7 70 253 463 479 719 364 519 
? 7 100 268 145 315 374 770 92 
? 7 347 536 696 20 385 616 718 
? 7 163 357 297 682 65 289 421 
? 7 485 776 67 502 676 584 236 
? 6 57 681 301 226 721 457 
? 6 221 534 589 316 565 205 
? 6 532 736 348 561 390 280 
? 6 240 792 365 605 13 116 
? 6 508 787 783 586 263 168 
? 6 572 592 401 507 593 443 
? 6 160 375 295 554 188 325 
? 6 476 579 514 684 437 172 
? 6 232 349 549 399 363 647 
? 6 189 373 599 171 128 114 
? 6 141 275 115 118 148 124 
? 6 383 493 231 336 256 595 
? 6 33 559 228 396 762 686 
? 5 46 557 541 136 59 
? 5 184 339 743 288 234 
? 5 455 772 6 262 103 
? 5 551 573 677 517 209 
? 5 319 619 447 491 326 
? 5 618 678 439 76 340 
? 5 714 723 264 260 42 
? 5 343 406 462 407 648 
? 5 61 379 265 477 95 
? 5 438 531 601 152 700 
? 5 9 321 222 608 302 
? 5 11 330 756 206 433 
? 5 416 488 691 174 305 
? 5 74 467 223 475 137 
? 5 166 218 369 655 99 
? 4 351 526 451 144 
? 4 632 775 51 423 
? 4 242 799 425 631 
? 4 8 151 706 448 
? 4 14 656 449 515 
? 4 47 356 513 49 
? 4 19 58 1 311 
? 4 613 645 525 555 
? 4 697 785 456 454 
? 4 52 643 73 78 
? 4 397 768 473 747 
? 4 629 769 317 208 
? 4 107 243 560 461 
? 4 143 328 516 690 
? 4 153 170 585 556 
? 4 77 567 689 404 
? 4 154 543 120 398 
? 4 212 596 117 337 
? 4 97 597 204 79 
? 4 403 765 725 499 
? 4 48 687 324 179 
? 4 85 444 735 329 
? 4 139 419 72 553 
? 4 156 201 203 213 
? 3 354 739 784 
? 3 271 767 257 
? 3 71 193 176 
? 3 417 512 764 
? 3 98 334 250 
? 3 217 292 694 
? 3 215 224 738 
? 3 7 698 544 
? 3 155 611 104 
? 3 602 626 435 
? 3 436 542 362 
? 3 15 440 659 
? 3 458 466 27 
? 3 548 782 415 
? 3 529 777 252 
? 3 303 380 126 
? 3 246 540 310 
? 3 429 558 483 
? 3 10 202 335 
? 3 652 662 197 
? 3 679 760 746 
? 3 270 576 638 
? 3 43 50 332 
? 3 192 609 93 
? 3 18 381 635 
? 3 604 675 279 
? 3 26 382 469 
? 3 487 653 378 
? 3 149 745 87 
? 3 89 480 779 
!
166 218 369 655 99 
166 218
369 99
166 369
218 655
74 467 223 475 137 
467 223
74 475
74 223
74 137
797 
793 
89 480 779 
480 779
89 480
156 201 203 213 
156 201
201 213
203 213
683 728 80 323 654 758 37 503 342 
683 728
654 342
728 323
80 342
80 323
683 503
683 758
758 37
530 795 
530 795
416 488 691 174 305 
416 305
488 174
416 174
691 305
149 745 87 
149 87
745 87
755 763 428 510 110 600 412 798 612 535 737 3 501 693 650 527 182 392 789 338 674 
755 763
428 763
510 763
110 428
600 510
412 510
798 412
612 110
535 110
737 428
3 110
501 535
693 600
650 600
527 535
182 650
392 798
789 763
338 612
674 650
33 559 228 396 762 686 
33 762
559 228
33 559
762 686
396 762
487 653 378 
487 378
653 378
108 361 283 360 610 716 150 636 405 637 740 460 
108 361
283 108
360 108
610 361
716 361
150 361
636 283
405 610
637 636
740 283
460 740
86 296 
86 296
139 419 72 553 
72 553
419 72
139 553
267 591 
267 591
400 452 
400 452
85 444 735 329 
444 735
85 329
85 444
178 757 
178 757
780 
345 408 
345 408
26 382 469 
26 382
26 469
773 
48 687 324 179 
48 324
48 179
687 179
432 733 
432 733
11 330 756 206 433 
330 433
330 756
11 330
330 206
403 765 725 499 
403 499
765 725
403 725
604 675 279 
604 675
604 279
752 
751 
22 28 
22 28
97 597 204 79 
97 597
597 79
204 79
383 493 231 336 256 595 
493 595
336 595
383 493
383 256
493 231
717 
393 434 639 628 550 680 312 497 34 511 44 
393 434
639 434
628 434
550 639
680 393
312 434
497 628
34 680
511 497
44 550
485 776 67 502 676 584 236 
67 502
776 502
584 236
776 584
676 236
485 67
212 596 117 337 
596 117
212 596
212 337
621 701 
621 701
163 357 297 682 65 289 421 
297 65
65 421
163 357
357 682
163 297
682 289
347 536 696 20 385 616 718 
536 696
696 20
347 718
20 616
347 20
696 385
141 275 115 118 148 124 
141 115
141 275
275 148
115 118
141 124
711 
18 381 635 
381 635
18 635
25 102 
25 102
192 609 93 
192 609
609 93
282 729 496 709 387 113 105 708 276 227 472 53 291 
282 729
496 282
709 282
387 282
113 729
105 282
708 282
276 729
227 105
472 729
53 472
291 53
707 
244 446 
244 446
459 617 
459 617
189 373 599 171 128 114 
171 128
599 171
373 128
189 599
189 114
63 594 547 441 225 320 657 506 207 642 546 518 
63 594
547 594
441 547
225 594
320 594
657 63
506 547
207 506
642 506
546 441
518 320
232 349 549 399 363 647 
232 349
232 549
549 399
363 647
399 647
685 742 395 353 75 161 702 722 623 191 574 
685 742
395 742
353 742
75 685
161 685
702 353
722 685
623 685
191 702
574 623
278 486 285 290 790 646 180 298 
278 486
790 646
278 290
486 285
290 298
290 790
290 180
703 
100 268 145 315 374 770 92 
268 770
268 145
145 315
100 92
374 770
100 315
318 371 
318 371
154 543 120 398 
120 398
543 120
154 543
281 309 
281 309
688 
670 
669 
9 321 222 608 302 
321 302
321 608
9 321
222 302
668 
43 50 332 
43 50
50 332
40 293 
40 293
307 649 
307 649
270 576 638 
270 576
270 638
185 794 
185 794
77 567 689 404 
567 404
689 404
77 404
153 170 585 556 
153 556
153 170
170 585
667 
143 328 516 690 
143 328
143 516
328 690
679 760 746 
679 760
679 746
641 
652 662 197 
662 197
652 662
438 531 601 152 700 
531 601
438 601
152 700
601 152
107 243 560 461 
243 461
107 461
107 560
634 
4 482 
4 482
5 413 
5 413
10 202 335 
10 202
10 335
251 468 142 521 214 566 277 220 715 
251 468
277 715
214 715
468 214
142 214
521 566
251 521
220 715
625 
607 
90 754 
90 754
581 624 
581 624
580 
429 558 483 
558 483
429 558
564 
562 
246 540 310 
246 540
246 310
552 
629 769 317 208 
769 317
629 769
317 208
16 386 
16 386
537 
0 771 713 495 23 125 666 620 
713 495
771 23
0 23
0 666
713 666
771 620
125 666
303 380 126 
380 126
303 126
70 253 463 479 719 364 519 
253 463
70 719
70 519
253 519
719 364
479 519
346 569 
346 569
54 587 12 121 539 731 665 331 
54 587
587 12
54 665
731 665
12 331
121 665
539 331
533 
524 
249 254 229 712 66 129 388 471 732 350 
712 471
66 732
712 129
229 66
254 471
249 732
249 129
229 388
229 350
397 768 473 747 
768 747
397 768
473 747
520 
748 759 
748 759
509 
500 
498 
494 
476 579 514 684 437 172 
514 437
476 172
579 172
579 437
514 684
190 427 
190 427
529 777 252 
777 252
529 252
548 782 415 
782 415
548 415
458 466 27 
458 27
458 466
30 658 
30 658
52 643 73 78 
643 73
52 78
52 643
490 
15 440 659 
440 659
15 440
697 785 456 454 
697 785
785 456
456 454
481 
613 645 525 555 
613 645
645 555
613 525
445 
162 774 
162 774
442 
17 198 
17 198
160 375 295 554 188 325 
295 188
160 188
160 375
554 325
375 554
402 761 
402 761
465 640 
465 640
426 
436 542 362 
542 362
436 542
420 
19 58 1 311 
1 311
58 1
19 58
583 724 
583 724
96 453 
96 453
414 
391 
370 
352 
47 356 513 49 
356 49
47 513
47 356
572 592 401 507 593 443 
592 507
572 592
572 443
572 401
401 593
266 
199 470 
199 470
258 
255 
245 
602 626 435 
602 626
626 435
41 750 235 699 570 660 32 195 
32 195
41 195
235 699
570 32
750 235
41 750
750 660
286 492 568 68 484 175 306 590 778 367 410 786 24 651 
286 492
568 286
68 492
484 492
175 484
306 492
590 175
778 286
367 286
410 484
786 367
24 590
651 492
239 
167 196 
167 196
230 
155 611 104 
155 611
611 104
508 787 783 586 263 168 
783 168
508 783
508 787
783 586
508 263
39 165 186 322 788 384 766 60 622 661 
39 322
165 788
186 788
766 60
322 788
39 384
384 60
186 622
384 661
359 411 238 299 327 147 522 157 
238 327
299 522
522 157
359 411
359 147
411 238
327 157
273 430 164 358 123 644 720 
358 123
273 430
273 164
430 644
164 720
164 123
61 379 265 477 95 
379 477
265 95
477 95
61 477
219 
343 406 462 407 648 
407 648
406 648
343 407
406 462
216 
177 
714 723 264 260 42 
723 264
714 723
264 42
723 260
372 523 
372 523
618 678 439 76 340 
678 439
76 340
678 76
618 678
240 792 365 605 13 116 
240 792
365 13
792 605
240 365
240 116
173 300 314 663 614 672 377 741 563 424 753 
173 300
314 300
663 314
614 300
672 314
377 173
741 173
563 300
424 300
753 300
319 619 447 491 326 
319 619
619 491
319 447
447 326
45 730 
45 730
551 573 677 517 209 
551 209
551 517
551 573
677 209
7 698 544 
7 698
7 544
159 
248 478 
248 478
101 138 133 376 81 409 2 237 127 
101 138
376 409
138 376
133 2
409 237
101 133
237 127
138 81
158 
215 224 738 
224 738
215 224
598 749 
598 749
146 
217 292 694 
217 694
292 694
140 
135 
455 772 6 262 103 
455 772
772 6
772 103
455 262
132 
109 
14 656 449 515 
14 515
14 656
14 449
94 
532 736 348 561 390 280 
532 736
561 280
348 561
532 348
348 390
705 726 
705 726
98 334 250 
98 334
334 250
582 627 35 571 259 538 183 200 
582 538
627 183
582 35
571 183
627 538
35 200
571 259
88 
83 
82 
304 695 294 630 134 106 130 744 
304 695
630 744
304 630
304 134
294 630
695 106
294 130
210 355 
210 355
417 512 764 
417 512
417 764
8 151 706 448 
151 448
151 706
8 448
71 193 176 
71 193
71 176
271 767 257 
271 767
271 257
354 739 784 
354 784
739 784
122 418 
122 418
333 577 
333 577
242 799 425 631 
242 631
242 799
242 425
69 
184 339 743 288 234 
339 743
184 743
184 288
184 234
64 
504 606 
504 606
56 
187 341 
187 341
528 734 704 261 575 241 366 422 284 
734 575
704 575
528 734
528 261
528 422
366 284
261 284
704 241
389 450 
389 450
91 211 
91 211
38 
632 775 51 423 
632 775
632 51
775 423
36 
119 474 
119 474
274 344 796 692 269 791 194 
692 269
274 796
796 692
692 194
274 344
274 791
368 603 
368 603
46 557 541 136 59 
46 541
557 136
557 541
557 59
221 534 589 316 565 205 
589 565
316 205
221 534
565 205
534 565
31 
431 545 671 615 464 664 62 
431 671
431 545
545 464
671 615
431 664
664 62
247 394 
247 394
112 181 781 233 84 308 55 
112 781
112 55
781 233
84 55
181 781
181 308
29 
351 526 451 144 
451 144
351 526
526 144
131 169 489 727 578 313 287 673 588 111 
489 727
131 489
489 111
131 673
578 673
169 111
727 313
727 588
287 588
505 710 
505 710
57 681 301 226 721 457 
57 301
226 721
57 681
681 226
57 457
272 633 
272 633
21 
