? 10 582 627 35 183 538 259 571 537 200 72 
? 10 528 734 704 261 575 366 241 284 16 717 
? 10 393 434 639 680 34 497 312 628 550 44 
? 9 101 138 133 376 2 732 127 409 81 
? 9 274 344 796 791 692 269 43 736 422 
? 9 131 169 489 313 111 588 287 578 727 
? 9 350 373 66 471 171 128 189 473 599 
? 8 0 771 731 12 539 54 587 495 
? 8 238 327 299 411 157 522 359 147 
? 8 39 165 186 322 788 384 679 60 
? 8 304 695 630 294 134 407 343 744 
? 8 235 699 750 41 560 660 32 555 
? 8 163 357 297 682 364 65 421 463 
? 8 57 301 681 226 457 303 554 97 
? 7 278 486 285 290 476 162 790 
? 7 112 181 781 520 233 308 84 
? 7 406 646 462 648 684 761 30 
? 7 129 712 254 229 249 747 733 
? 7 437 514 449 247 172 579 651 
? 7 508 787 586 783 246 498 310 
? 7 145 268 100 374 315 92 576 
? 7 347 536 696 20 616 385 103 
? 7 232 349 399 549 271 647 42 
? 6 615 671 545 431 740 224 
? 6 164 273 430 358 123 644 
? 6 339 743 184 288 82 543 
? 6 240 792 365 438 605 13 
? 6 383 493 336 67 485 595 
? 6 143 328 47 191 690 516 
? 6 9 321 608 675 604 420 
? 6 70 253 479 719 698 190 
? 6 61 379 477 265 619 326 
? 6 141 275 118 124 148 115 
? 6 330 756 433 119 11 206 
? 6 354 739 214 142 784 277 
? 6 541 557 46 59 49 356 
? 5 686 762 396 559 697 
? 5 182 251 566 521 220 
? 5 264 714 723 260 341 
? 5 160 375 31 295 188 
? 5 6 455 772 262 718 
? 5 205 316 565 589 534 
? 5 166 218 369 79 99 
? 5 204 474 597 674 325 
? 5 401 548 572 782 443 
? 5 592 676 193 507 176 
? 5 144 631 799 351 451 
? 5 58 209 677 551 201 
? 5 149 418 73 643 52 
? 5 151 448 156 8 311 
? 5 502 611 776 155 584 
? 4 231 256 440 415 
? 4 137 499 467 368 
? 4 319 447 491 317 
? 4 585 602 192 170 
? 4 74 223 475 292 
? 4 405 766 667 760 
? 4 203 706 98 250 
? 4 153 450 329 245 
? 4 14 515 168 394 
? 4 243 613 645 107 
? 4 678 701 439 618 
? 4 632 775 51 77 
? 4 90 517 573 1 
? 4 487 529 130 252 
? 4 48 179 335 380 
? 4 215 738 187 102 
? 4 526 546 242 425 
? 4 196 694 291 258 
? 4 638 764 512 417 
? 4 85 741 444 36 
? 4 466 767 606 458 
? 4 139 280 419 348 
? 4 511 640 465 270 
? 4 174 305 272 45 
? 3 567 689 558 
? 3 725 765 403 
? 3 50 453 87 
? 3 178 525 483 
? 3 15 726 711 
? 3 71 593 362 
? 3 152 601 531 
? 3 237 388 480 
? 3 120 154 577 
? 3 114 212 700 
? 3 416 488 665 
? 3 279 621 222 
? 3 553 561 532 
? 3 76 340 64 
? 3 17 198 598 
? 3 33 228 436 
? 3 461 591 435 
? 3 146 263 653 
? 3 180 785 298 
? 3 338 392 737 
? 3 7 389 481 
? 3 104 564 456 
? 3 382 635 381 
? 3 445 794 703 
? 3 505 509 95 
? 3 210 355 404 
? 3 121 331 620 
? 3 96 122 745 
? 3 581 603 624 
? 3 197 768 397 
!
502 611 776 155 584 
502 611
502 776
611 155
776 584
151 448 156 8 311 
151 448
448 156
448 8
156 311
797 
793 
197 768 397 
197 397
768 397
174 305 272 45 
174 272
174 305
174 45
350 373 66 471 171 128 189 473 599 
350 373
350 128
171 128
128 473
171 599
66 471
189 599
373 66
230 748 
230 748
149 418 73 643 52 
73 643
418 52
149 73
643 52
581 603 624 
581 603
581 624
755 763 428 510 110 600 412 612 693 535 650 789 527 798 759 3 22 501 28 715 468 
755 763
428 763
510 755
110 428
600 510
412 510
612 110
693 755
535 110
650 600
789 763
527 535
798 412
759 650
3 510
22 510
501 527
28 110
715 789
468 650
541 557 46 59 49 356 
541 46
557 49
557 356
541 356
557 59
96 122 745 
96 122
122 745
685 742 395 702 353 161 136 318 75 623 661 574 
685 742
395 742
702 742
353 742
161 685
136 685
318 353
75 742
623 136
661 395
574 623
213 641 
213 641
511 640 465 270 
640 270
511 640
640 465
202 773 
202 773
257 751 
257 751
139 280 419 348 
139 348
280 419
139 280
199 470 
199 470
780 
208 523 
208 523
121 331 620 
331 620
121 331
778 
466 767 606 458 
466 606
606 458
466 767
88 370 
88 370
58 209 677 551 201 
551 201
209 551
58 209
58 677
85 741 444 36 
741 36
85 741
741 444
210 355 404 
355 404
210 355
777 
770 
293 513 
293 513
638 764 512 417 
638 764
512 417
638 417
354 739 214 142 784 277 
142 784
354 784
739 142
739 214
214 277
754 
173 300 663 314 563 377 424 735 614 132 672 
173 300
663 300
314 173
563 173
377 300
424 300
735 173
614 314
132 300
672 314
232 349 399 549 271 647 42 
232 349
232 549
399 549
399 647
349 271
647 42
196 694 291 258 
291 258
694 258
196 694
89 779 
89 779
347 536 696 20 616 385 103 
536 696
696 20
20 616
347 20
616 103
696 385
145 268 100 374 315 92 576 
145 268
145 315
100 92
100 315
268 374
315 576
330 756 433 119 11 206 
330 119
433 119
330 756
330 11
119 206
753 
505 509 95 
505 95
509 95
117 494 
117 494
445 794 703 
794 703
445 703
282 729 105 709 387 472 708 217 53 276 496 113 227 
282 729
105 282
709 282
387 729
472 729
708 729
217 282
53 472
276 729
496 53
113 105
227 496
722 
691 730 
691 730
267 446 
267 446
141 275 118 124 148 115 
141 115
141 275
275 148
118 115
141 124
108 361 283 610 360 636 716 664 150 637 460 622 
108 361
283 108
610 361
360 361
636 108
716 361
664 108
150 360
637 636
460 716
622 361
61 379 477 265 619 326 
379 477
61 477
477 265
379 619
619 326
63 594 441 547 320 518 506 225 642 207 657 
63 594
441 594
547 594
320 63
518 594
506 441
225 506
642 594
207 506
657 225
57 301 681 226 457 303 554 97 
57 97
57 301
681 97
681 226
457 97
681 554
303 554
720 
508 787 586 783 246 498 310 
508 783
508 787
586 498
586 783
787 310
508 246
177 219 
177 219
526 546 242 425 
546 425
546 242
526 242
442 749 
442 749
713 
670 
669 
144 631 799 351 451 
799 451
144 631
144 799
631 351
668 
382 635 381 
382 635
635 381
86 296 
86 296
91 580 
91 580
104 564 456 
104 564
564 456
423 752 
423 752
215 738 187 102 
215 187
187 102
738 102
48 179 335 380 
48 179
48 335
48 380
662 
487 529 130 252 
529 130
130 252
487 529
7 389 481 
7 481
389 481
658 
338 392 737 
338 392
338 737
592 676 193 507 176 
592 507
676 176
193 507
592 676
90 517 573 1 
90 1
90 517
90 573
655 
556 609 
556 609
78 109 
78 109
180 785 298 
785 298
180 298
131 169 489 313 111 588 287 578 727 
489 727
131 489
489 111
169 111
131 578
313 727
588 727
588 287
652 
629 
23 666 
23 666
159 687 
159 687
626 
146 263 653 
146 653
146 263
607 
583 
461 591 435 
591 435
461 435
569 
632 775 51 77 
632 775
632 51
775 77
540 688 
540 688
562 
163 357 297 682 364 65 421 463 
297 65
65 421
163 357
357 682
163 297
364 463
357 364
33 228 436 
33 228
33 436
437 514 449 247 172 579 651 
247 172
437 514
247 579
437 579
449 651
449 579
659 705 
659 705
235 699 750 41 560 660 32 555 
41 32
235 699
235 750
750 41
750 660
32 555
235 560
552 
533 
393 434 639 680 34 497 312 628 550 44 
393 434
434 639
680 44
393 680
312 628
34 497
639 312
639 550
497 628
678 701 439 618 
678 439
701 439
678 618
530 
332 524 
332 524
490 
482 
469 
452 
70 253 479 719 698 190 
253 190
70 719
479 698
70 253
698 190
40 125 
40 125
17 198 598 
17 198
17 598
76 340 64 
76 340
340 64
553 561 532 
553 561
553 532
625 724 
625 724
243 613 645 107 
613 645
645 107
243 107
432 
279 621 222 
279 222
279 621
14 515 168 394 
14 515
515 168
168 394
429 
153 450 329 245 
153 329
153 450
153 245
427 
281 633 
281 633
426 
236 542 
236 542
9 321 608 675 604 420 
608 675
321 675
608 420
9 675
604 420
106 774 
106 774
211 757 
211 757
414 
416 488 665 
416 665
416 488
413 
203 706 98 250 
203 98
706 250
706 98
459 617 
459 617
255 544 
255 544
408 
400 
386 
378 
405 766 667 760 
405 766
405 760
667 760
143 328 47 191 690 516 
143 47
143 328
47 516
143 191
328 690
371 
302 596 
302 596
363 
352 
346 
114 212 700 
114 700
114 212
304 695 630 294 134 407 343 744 
304 695
630 744
407 343
304 630
304 134
695 343
630 294
286 492 175 24 68 590 568 484 306 367 391 786 410 656 
286 492
175 492
24 286
68 286
590 175
568 175
484 175
306 68
367 492
391 286
786 367
410 175
656 68
345 
10 721 
10 721
337 
120 154 577 
120 577
154 577
383 493 336 67 485 595 
493 595
336 595
383 493
336 485
67 485
528 734 704 261 575 366 241 284 16 717 
734 575
704 575
528 734
528 261
366 284
261 284
241 16
528 717
704 241
39 165 186 322 788 384 679 60 
39 322
165 788
186 788
679 60
322 788
39 384
384 60
129 712 254 229 249 747 733 
249 747
129 712
129 747
712 254
254 229
254 733
401 548 572 782 443 
572 443
401 548
548 572
401 782
309 
204 474 597 674 325 
204 474
597 674
597 325
474 597
307 
244 
166 218 369 79 99 
166 218
166 79
369 99
166 369
126 324 
126 324
205 316 565 589 534 
565 589
205 316
205 565
565 534
240 792 365 438 605 13 
240 792
365 13
792 605
240 365
792 438
683 728 80 323 372 758 654 37 342 710 503 
683 728
80 728
323 683
372 683
758 683
654 728
37 728
342 654
710 80
503 683
6 455 772 262 718 
455 772
6 772
455 262
6 718
402 454 
402 454
160 375 31 295 188 
295 188
160 188
160 375
375 31
237 388 480 
237 388
237 480
239 
333 398 
333 398
274 344 796 791 692 269 43 736 422 
692 269
274 796
796 692
274 344
269 736
274 791
274 422
692 43
234 
152 601 531 
601 531
152 601
248 478 
248 478
221 
71 593 362 
71 362
71 593
216 
185 
264 714 723 260 341 
264 723
714 723
714 341
723 260
167 
158 
74 223 475 292 
74 475
74 223
223 292
140 
339 743 184 288 82 543 
184 82
339 743
743 184
82 543
184 288
69 673 
69 673
15 726 711 
15 711
726 711
238 327 299 411 157 522 359 147 
238 327
299 522
157 522
411 359
359 147
238 411
327 157
135 
94 
93 
0 771 731 12 539 54 587 495 
54 587
12 587
0 771
771 54
0 495
731 587
0 539
266 334 
266 334
178 525 483 
178 483
178 525
585 602 192 170 
602 170
585 602
192 170
50 453 87 
50 87
453 87
725 765 403 
725 765
725 403
567 689 558 
567 689
567 558
195 570 
195 570
27 504 
27 504
319 447 491 317 
447 317
319 447
319 491
83 
182 251 566 521 220 
182 220
566 521
182 251
251 521
62 
194 390 
194 390
56 
18 26 
18 26
101 138 133 376 2 732 127 409 81 
101 138
376 409
138 376
133 2
101 133
732 127
732 409
138 81
746 769 
746 769
29 519 
29 519
55 
137 499 467 368 
137 368
137 467
137 499
38 
500 634 
500 634
406 646 462 648 684 761 30 
406 646
646 648
406 684
648 30
648 761
462 30
25 707 
25 707
686 762 396 559 697 
686 697
396 697
686 762
762 559
164 273 430 358 123 644 
358 123
273 430
164 273
430 644
164 123
21 
112 181 781 520 233 308 84 
112 781
181 520
112 520
781 233
233 84
181 308
464 795 
464 795
278 486 285 290 476 162 790 
278 486
278 290
486 285
285 162
290 476
290 790
19 
231 256 440 415 
440 415
256 415
231 440
582 627 35 183 538 259 571 537 200 72 
582 538
627 183
582 35
183 571
627 538
259 537
538 537
35 200
183 72
116 649 
116 649
615 671 545 431 740 224 
671 431
545 431
431 740
615 671
615 224
5 289 
5 289
4 
