? 10 528 734 704 261 575 366 717 16 241 769 
? 10 683 728 758 80 505 710 654 323 372 37 
? 10 685 742 395 353 702 75 161 623 136 191 
? 9 393 434 680 628 639 511 312 497 550 
? 9 131 169 489 578 673 111 588 727 287 
? 9 173 300 663 314 377 248 672 132 614 
? 9 235 750 699 41 660 32 4 403 570 
? 8 39 165 186 322 384 788 661 405 
? 8 304 695 294 630 723 134 406 106 
? 8 238 327 299 411 157 522 359 147 
? 8 251 468 142 214 784 220 277 566 
? 8 35 582 627 259 538 571 200 72 
? 8 783 787 586 508 310 168 498 263 
? 8 347 536 696 20 616 103 293 718 
? 7 240 792 605 365 13 116 152 
? 7 339 743 184 288 234 633 82 
? 7 112 781 181 233 613 308 645 
? 7 145 268 100 374 315 576 92 
? 7 278 486 290 285 646 298 490 
? 7 57 301 681 226 457 97 31 
? 7 163 357 297 682 569 65 289 
? 7 58 209 677 201 19 156 151 
? 7 532 736 692 344 274 139 348 
? 6 232 349 549 399 42 239 
? 6 437 514 449 247 172 579 
? 6 164 273 358 430 123 190 
? 6 545 671 431 615 464 551 
? 6 466 574 767 257 458 27 
? 6 11 756 433 119 474 295 
? 6 401 572 782 443 548 256 
? 6 686 697 396 762 559 456 
? 6 160 375 188 554 325 597 
? 6 383 493 336 67 595 440 
? 6 9 321 608 675 302 604 
? 6 6 772 455 794 703 262 
? 6 74 113 475 467 223 624 
? 5 541 557 46 356 47 
? 5 334 791 250 98 269 
? 5 61 379 477 95 265 
? 5 90 517 8 213 573 
? 5 148 421 275 141 382 
? 5 264 714 260 341 25 
? 5 343 684 476 180 462 
? 5 491 619 447 319 523 
? 5 14 515 656 634 394 
? 5 129 712 249 747 473 
? 5 221 534 205 589 316 
? 5 632 775 85 51 423 
? 5 253 463 70 479 364 
? 5 618 678 439 701 76 
? 5 679 766 60 637 622 
? 4 354 739 17 368 
? 4 143 328 690 516 
? 4 218 369 166 504 
? 4 153 329 741 170 
? 4 193 676 592 776 
? 4 448 706 203 311 
? 4 107 555 560 452 
? 4 224 738 647 215 
? 4 52 73 577 149 
? 4 44 270 34 770 
? 4 114 700 212 596 
? 4 33 228 611 436 
? 4 196 694 59 118 
? 4 236 485 502 176 
? 4 398 543 154 120 
? 4 155 507 584 542 
? 4 585 719 192 602 
? 4 687 724 48 15 
? 4 144 451 351 425 
? 4 130 529 252 487 
? 4 77 689 567 404 
? 4 725 765 137 84 
? 4 544 698 735 389 
? 4 631 799 219 526 
? 3 417 512 764 
? 3 83 495 416 
? 3 231 415 362 
? 3 71 593 711 
? 3 49 292 217 
? 3 30 407 774 
? 3 115 258 124 
? 3 43 796 553 
? 3 127 480 779 
? 3 280 561 419 
? 3 565 753 478 
? 3 56 648 179 
? 3 380 744 216 
? 3 245 450 36 
? 3 556 558 178 
? 3 317 326 208 
? 3 435 461 267 
? 3 206 330 177 
? 3 598 674 79 
? 3 272 305 45 
? 3 625 659 705 
? 3 266 284 194 
? 3 424 563 519 
? 3 22 338 204 
? 3 438 601 668 
? 3 162 797 104 
? 3 503 643 87 
? 3 340 621 279 
? 3 86 453 50 
? 3 91 525 243 
!
679 766 60 637 622 
766 637
679 60
766 60
637 622
618 678 439 701 76 
678 439
439 701
701 76
618 678
795 
793 
91 525 243 
91 243
91 525
631 799 219 526 
631 219
799 219
631 526
235 750 699 41 660 32 4 403 570 
41 4
41 32
235 699
32 570
660 4
235 750
750 41
235 403
199 470 
199 470
253 463 70 479 364 
253 463
253 70
70 364
70 479
86 453 50 
86 453
86 50
755 763 428 510 110 600 412 789 798 612 535 737 3 650 392 521 527 182 28 501 242 
755 763
428 763
510 763
110 428
600 510
412 600
789 763
798 412
612 110
535 110
737 535
3 763
650 600
392 755
521 789
527 535
182 521
28 535
501 535
242 737
74 113 475 467 223 624 
467 223
74 475
113 475
74 223
74 624
340 621 279 
340 621
340 279
108 361 283 360 610 716 636 664 150 740 460 62 
108 361
283 108
360 361
610 361
716 283
636 360
664 361
150 283
740 283
460 740
62 361
117 494 
117 494
544 698 735 389 
698 389
544 698
698 735
88 482 
88 482
10 324 
10 324
725 765 137 84 
765 84
725 765
725 137
140 773 
140 773
778 
513 780 
513 780
503 643 87 
643 87
503 87
777 
77 689 567 404 
567 404
689 404
77 404
198 499 
198 499
632 775 85 51 423 
632 775
632 51
632 85
775 423
130 529 252 487 
130 529
130 252
529 487
162 797 104 
162 104
162 797
760 
754 
109 390 
109 390
144 451 351 425 
451 425
144 451
144 351
6 772 455 794 703 262 
772 455
794 703
6 772
455 262
455 703
751 
350 373 66 471 171 189 128 733 599 254 229 
350 373
66 350
471 350
171 373
189 373
128 171
733 350
599 189
254 66
229 254
532 736 692 344 274 139 348 
692 348
532 736
139 348
344 274
532 139
692 274
687 724 48 15 
687 724
687 48
724 15
281 730 
281 730
58 209 677 201 19 156 151 
209 156
19 151
209 201
58 209
19 156
58 677
163 357 297 682 569 65 289 
297 65
163 357
357 682
163 297
682 289
682 569
9 321 608 675 302 604 
608 675
321 675
321 302
9 675
608 604
746 
438 601 668 
438 601
601 668
276 381 
276 381
22 338 204 
22 338
338 204
282 729 105 387 709 472 635 603 708 291 53 496 26 
282 729
105 729
387 282
709 282
472 729
635 282
603 282
708 387
291 472
53 472
496 53
26 729
745 
135 332 
135 332
562 752 
562 752
383 493 336 67 595 440 
493 595
336 595
383 493
383 440
493 67
63 594 547 441 320 657 225 506 642 207 518 546 
63 594
547 594
441 547
320 63
657 594
225 594
506 225
642 657
207 225
518 441
546 518
160 375 188 554 325 597 
160 188
160 375
554 325
375 554
375 597
54 587 12 731 771 539 665 0 331 121 385 
54 587
12 54
731 54
771 731
539 771
665 731
0 771
331 539
121 0
385 54
347 536 696 20 616 103 293 718 
536 696
20 293
696 20
347 293
347 718
20 616
616 103
721 
57 301 681 226 457 97 31 
57 97
57 301
681 97
681 226
301 31
457 97
564 785 
564 785
585 719 192 602 
585 602
585 719
192 602
210 626 
210 626
720 
713 
707 
221 534 205 589 316 
205 316
221 534
205 589
534 589
691 
424 563 519 
424 563
424 519
355 429 
355 429
638 640 
638 640
266 284 194 
266 284
284 194
652 662 
652 662
155 507 584 542 
507 584
155 507
507 542
398 543 154 120 
398 120
543 120
543 154
670 
236 485 502 176 
236 502
485 502
236 176
625 659 705 
625 659
659 705
655 
272 305 45 
272 305
272 45
129 712 249 747 473 
249 747
129 712
129 747
712 473
196 694 59 118 
694 59
694 118
196 118
620 
222 420 
222 420
540 688 
540 688
598 674 79 
598 79
674 79
173 300 663 314 377 248 672 132 614 
314 377
173 300
300 614
663 614
377 614
248 132
377 672
173 132
617 
607 
146 352 
146 352
342 422 
342 422
606 
206 330 177 
206 330
206 177
591 
583 
435 461 267 
435 267
435 461
581 
33 228 611 436 
33 228
33 436
228 611
122 524 
122 524
552 
783 787 586 508 310 168 498 263 
783 168
783 508
787 508
586 498
310 263
783 586
787 310
317 326 208 
317 326
317 208
278 486 290 285 646 298 490 
278 486
278 290
486 285
290 298
290 646
298 490
102 414 
102 414
35 582 627 259 538 571 200 72 
582 538
35 582
627 538
627 571
35 200
259 571
200 72
537 
533 
685 742 395 353 702 75 161 623 136 191 
395 353
75 161
353 75
702 623
742 353
685 742
161 191
742 702
685 136
114 700 212 596 
114 700
114 212
212 596
530 
1 641 
1 641
520 
488 
481 
469 
686 697 396 762 559 456 
686 697
697 396
686 762
762 559
697 456
246 653 
246 653
556 558 178 
556 178
556 558
245 450 36 
450 36
245 450
380 744 216 
380 216
744 216
335 726 
335 726
44 270 34 770 
270 770
44 270
34 770
454 
56 648 179 
56 179
56 648
52 73 577 149 
73 149
52 73
73 577
446 
224 738 647 215 
224 738
224 647
224 215
445 
195 580 
195 580
444 
187 271 
187 271
401 572 782 443 548 256 
782 256
572 443
401 548
572 548
401 256
715 759 
715 759
761 790 
761 790
432 
565 753 478 
565 478
753 478
427 
107 555 560 452 
107 555
555 452
107 560
667 722 
667 722
64 649 
64 649
408 
400 
386 
378 
448 706 203 311 
448 706
706 203
448 311
11 756 433 119 474 295 
433 119
756 119
756 474
11 119
11 295
371 
21 418 
21 418
370 
363 
346 
280 561 419 
280 561
280 419
251 468 142 214 784 220 277 566 
251 468
142 784
468 214
214 277
142 214
220 277
251 566
286 492 306 68 568 484 175 590 24 367 651 786 391 410 
286 492
306 286
68 286
568 492
484 492
175 484
590 175
24 568
367 286
651 286
786 367
391 492
410 175
345 
465 757 
465 757
337 
127 480 779 
127 480
480 779
466 574 767 257 458 27 
458 27
466 574
574 767
466 458
257 458
683 728 758 80 505 710 654 323 372 37 
710 323
683 728
683 505
728 323
758 505
505 654
80 323
758 372
758 37
238 327 299 411 157 522 359 147 
238 327
299 522
157 522
411 359
359 147
238 411
327 157
145 268 100 374 315 576 92 
145 268
145 315
100 92
100 315
268 374
315 576
14 515 656 634 394 
14 515
14 656
634 394
14 634
333 
491 619 447 319 523 
319 523
619 319
447 523
491 619
318 
313 
343 684 476 180 462 
343 684
476 180
343 180
684 462
23 666 
23 666
264 714 260 341 25 
264 714
714 341
260 25
264 25
545 671 431 615 464 551 
671 431
545 431
545 464
671 615
671 551
101 138 376 133 81 2 409 237 732 388 531 
101 138
376 138
133 101
81 138
2 101
409 101
237 2
732 409
388 409
531 81
148 421 275 141 382 
148 382
275 141
148 275
148 421
402 426 
402 426
90 517 8 213 573 
90 517
517 8
90 573
8 213
43 796 553 
43 553
796 553
307 
748 749 
748 749
131 169 489 578 673 111 588 727 287 
489 727
131 489
489 111
131 673
578 673
169 111
588 727
588 287
255 
115 258 124 
115 258
115 124
500 658 
500 658
244 
30 407 774 
407 774
30 407
230 
202 
61 379 477 95 265 
379 477
95 265
477 95
61 477
185 
167 
193 676 592 776 
193 776
592 776
676 592
159 
164 273 358 430 123 190 
358 123
273 430
164 273
164 123
123 190
96 296 
96 296
49 292 217 
49 217
49 292
304 695 294 630 723 134 406 106 
304 695
304 630
304 134
406 106
294 723
630 723
695 106
158 
125 
99 
39 165 186 322 384 788 661 405 
39 322
165 788
186 788
322 788
39 384
384 405
384 661
197 459 
197 459
71 593 711 
593 711
71 593
153 329 741 170 
153 170
329 741
153 329
231 415 362 
231 362
231 415
83 495 416 
83 416
83 495
417 512 764 
417 512
417 764
126 303 
126 303
174 309 
174 309
218 369 166 504 
369 504
218 504
166 504
94 
334 791 250 98 269 
334 98
791 98
334 250
791 269
89 
397 768 
397 768
69 
93 609 
93 609
393 434 680 628 639 511 312 497 550 
393 434
434 639
393 680
628 312
639 312
639 550
628 497
511 497
18 227 
18 227
509 629 
509 629
55 
143 328 690 516 
143 328
143 516
328 690
38 
78 183 
78 183
112 781 181 233 613 308 645 
112 781
613 645
781 233
781 181
181 308
233 613
211 483 
211 483
541 557 46 356 47 
541 46
557 356
541 356
356 47
437 514 449 247 172 579 
247 172
437 514
247 579
437 579
449 579
29 
339 743 184 288 234 633 82 
184 82
339 743
743 184
184 288
234 82
339 633
40 413 
40 413
240 792 605 365 13 116 152 
365 152
13 152
240 792
792 605
792 152
240 116
7 
354 739 17 368 
354 739
354 17
354 368
528 734 704 261 575 366 717 16 241 769 
734 575
704 575
528 734
528 261
241 769
16 769
704 769
261 366
528 717
442 693 
442 693
232 349 549 399 42 239 
232 349
232 549
549 399
232 239
549 42
644 669 
644 669
5 
