? 10 246 653 310 146 263 540 508 378 783 787 
? 10 462 646 761 406 790 426 343 402 56 774 
? 10 607 756 206 330 583 119 177 11 474 433 
? 9 120 577 543 21 154 73 398 333 52 
? 9 370 628 308 640 312 497 393 511 465 
? 9 625 659 15 256 440 548 782 401 687 
? 9 54 587 665 12 731 331 552 666 620 
? 8 90 517 201 460 156 352 641 8 
? 8 541 557 46 136 513 356 59 49 
? 8 144 451 526 351 425 711 631 799 
? 8 163 346 357 5 297 569 413 65 
? 8 445 455 262 185 281 6 772 794 
? 8 755 763 428 3 510 110 600 22 
? 8 282 708 729 709 276 227 496 105 
? 7 671 754 545 431 740 213 573 
? 7 538 582 627 35 200 259 183 
? 7 66 471 779 373 89 350 254 
? 7 80 96 296 43 453 332 323 
? 7 514 658 247 172 437 500 579 
? 7 7 329 450 255 389 36 481 
? 7 169 673 131 111 578 588 489 
? 7 622 746 326 208 317 186 788 
? 7 4 235 699 750 195 41 570 
? 6 129 473 712 747 733 229 
? 6 121 539 771 495 0 23 
? 6 377 663 300 173 314 424 
? 6 28 527 501 535 737 506 
? 6 115 124 141 275 469 118 
? 6 147 359 411 649 64 116 
? 6 342 654 524 319 629 37 
? 6 353 702 742 685 75 161 
? 6 394 688 449 14 656 778 
? 6 39 165 384 322 679 766 
? 6 266 366 250 284 98 38 
? 6 29 463 253 70 427 682 
? 6 87 109 745 78 643 418 
? 5 304 695 630 294 134 
? 5 190 519 164 713 83 
? 5 9 321 432 604 608 
? 5 167 196 293 694 47 
? 5 210 429 355 558 483 
? 5 139 280 561 419 348 
? 5 274 344 269 796 390 
? 5 467 475 603 74 113 
? 5 127 409 388 480 732 
? 5 714 723 341 264 260 
? 5 168 498 515 586 94 
? 5 44 638 680 639 550 
? 5 77 567 689 423 404 
? 5 71 572 592 593 507 
? 5 101 133 138 237 376 
? 4 272 305 730 45 
? 4 212 596 700 365 
? 4 30 407 106 684 
? 4 316 565 589 205 
? 4 367 786 69 697 
? 4 650 693 220 598 
? 4 521 652 715 789 
? 4 291 472 258 382 
? 4 270 770 34 374 
? 4 518 546 441 547 
? 4 63 594 320 225 
? 4 132 248 614 753 
? 4 278 454 486 298 
? 4 53 635 148 26 
? 4 466 574 27 767 
? 4 32 555 452 107 
? 4 33 228 436 762 
? 4 287 313 727 410 
? 4 57 301 140 681 
? 4 152 601 792 13 
? 4 339 743 82 184 
? 4 613 645 580 233 
? 4 207 470 199 642 
? 4 725 765 403 499 
? 3 180 476 651 
? 3 143 780 516 
? 3 399 760 637 
? 3 31 457 97 
? 3 257 707 458 
? 3 20 103 616 
? 3 252 777 130 
? 3 459 617 197 
? 3 683 728 758 
? 3 92 576 100 
? 3 420 675 302 
? 3 159 336 48 
? 3 581 624 223 
? 3 91 211 757 
? 3 238 327 299 
? 3 226 721 751 
? 3 245 562 444 
? 3 324 375 724 
? 3 123 430 273 
? 3 145 268 315 
? 3 162 797 648 
? 3 386 619 491 
? 3 536 696 347 
? 3 532 736 692 
? 3 632 775 51 
? 3 112 181 781 
? 3 61 265 379 
? 3 191 722 661 
? 3 461 591 267 
? 3 232 363 349 
!
101 133 138 237 376 
101 138
138 376
101 133
237 376
71 572 592 593 507 
592 507
572 592
71 507
572 593
793 
768 
232 363 349 
232 349
232 363
725 765 403 499 
403 499
725 765
725 403
54 587 665 12 731 331 552 666 620 
54 587
587 12
12 620
331 620
54 665
665 731
552 666
54 666
174 309 
174 309
77 567 689 423 404 
567 404
77 423
689 423
423 404
461 591 267 
591 267
461 591
236 362 485 584 67 502 705 595 176 776 193 443 415 493 676 155 542 726 231 383 335 
236 362
485 362
584 485
67 236
502 485
705 485
595 67
176 584
776 584
193 176
443 595
415 595
493 705
676 176
155 776
542 502
726 493
231 415
383 493
335 383
87 109 745 78 643 418 
87 109
109 78
643 418
78 418
109 745
191 722 661 
191 661
722 661
215 738 224 530 647 345 795 408 615 187 464 414 
215 738
224 215
530 738
647 215
345 530
795 647
408 530
615 345
187 224
464 795
414 187
76 701 
76 701
207 470 199 642 
207 642
470 642
199 642
149 537 
149 537
86 553 
86 553
613 645 580 233 
613 645
613 580
580 233
644 669 
644 669
764 
285 490 
285 490
61 265 379 
61 379
265 379
744 
339 743 82 184 
82 184
339 743
743 184
338 612 
338 612
44 638 680 639 550 
638 550
44 680
639 550
680 639
152 601 792 13 
152 13
152 792
601 13
112 181 781 
112 781
181 781
741 
720 
221 534 
221 534
57 301 140 681 
57 301
57 681
140 681
29 463 253 70 427 682 
463 253
253 70
29 463
463 682
427 682
672 
108 283 361 150 62 360 664 636 610 716 405 
108 283
361 283
150 283
62 361
360 150
664 62
636 360
610 361
716 62
405 636
4 235 699 750 195 41 570 
4 41
195 41
235 699
195 570
235 750
750 41
287 313 727 410 
313 727
727 410
287 313
81 668 
81 668
622 746 326 208 317 186 788 
186 788
622 317
746 186
622 746
622 326
208 317
169 673 131 111 578 588 489 
131 489
111 489
673 131
673 578
169 111
111 588
266 366 250 284 98 38 
284 98
366 98
250 284
266 38
266 284
670 
632 775 51 
632 775
632 51
114 599 
114 599
532 736 692 
532 736
532 692
192 609 585 602 435 556 170 719 752 93 626 364 153 
192 609
585 192
602 585
435 602
556 609
170 556
719 192
752 556
93 435
626 602
364 719
153 752
667 
372 523 
372 523
371 623 
371 623
39 165 384 322 679 766 
39 322
165 322
39 384
679 766
384 679
286 492 568 24 306 590 68 175 484 391 158 634 
286 492
568 286
24 492
306 492
590 306
68 306
175 590
484 175
391 568
158 24
634 391
394 688 449 14 656 778 
688 656
688 449
688 14
656 778
394 449
10 554 216 773 126 188 202 303 160 325 179 
10 554
216 554
773 10
126 216
188 216
202 188
303 10
160 773
325 773
179 126
282 708 729 709 276 227 496 105 
282 708
708 729
729 709
729 227
276 496
282 105
282 496
662 
7 329 450 255 389 36 481 
329 389
7 481
450 255
329 36
329 481
450 389
157 522 
157 522
33 228 436 762 
33 762
436 762
33 228
438 531 
438 531
660 
657 
655 
168 498 515 586 94 
498 515
515 586
168 586
586 94
611 
536 696 347 
536 696
696 347
340 621 
340 621
217 387 
217 387
386 619 491 
619 491
386 491
487 529 
487 529
32 555 452 107 
32 107
555 107
555 452
466 574 27 767 
466 574
574 767
466 27
605 
53 635 148 26 
53 635
53 148
53 26
162 797 648 
162 797
162 648
597 
145 268 315 
145 268
145 315
714 723 341 264 260 
723 264
714 723
714 341
723 260
278 454 486 298 
278 486
278 298
454 298
571 
151 311 
151 311
396 559 
396 559
123 430 273 
430 273
123 273
625 659 15 256 440 548 782 401 687 
256 782
548 401
256 440
659 687
256 401
15 782
659 440
625 782
563 
560 
381 421 
381 421
503 710 
503 710
549 
324 375 724 
375 724
324 375
525 
509 
245 562 444 
245 562
245 444
482 
132 248 614 753 
132 248
132 753
132 614
334 791 
334 791
479 
755 763 428 3 510 110 600 22 
755 763
763 428
763 110
3 110
755 600
510 110
3 22
226 721 751 
226 721
721 751
514 658 247 172 437 500 579 
247 172
514 437
247 579
437 579
514 500
658 500
40 125 
40 125
445 455 262 185 281 6 772 794 
455 772
6 772
185 794
262 185
455 185
262 281
445 185
478 
456 
607 756 206 330 583 119 177 11 474 433 
330 119
119 433
756 330
206 583
330 11
756 474
583 11
583 177
607 474
63 594 320 225 
63 594
594 320
594 225
446 
128 494 
128 494
442 
439 
434 
416 
353 702 742 685 75 161 
75 161
353 75
353 742
742 685
702 742
85 735 
85 735
238 327 299 
238 327
327 299
91 211 757 
91 757
91 211
581 624 223 
581 223
624 223
477 505 
477 505
518 546 441 547 
546 441
518 546
441 547
397 
159 336 48 
159 336
336 48
270 770 34 374 
270 770
270 374
34 374
385 
291 472 258 382 
258 382
291 382
291 472
380 
240 307 
240 307
369 
290 785 
290 785
342 654 524 319 629 37 
629 37
342 654
319 37
654 319
654 524
448 706 
448 706
288 633 
288 633
358 
420 675 302 
675 302
420 675
337 
521 652 715 789 
652 789
521 652
521 715
58 677 
58 677
618 678 
618 678
295 
292 
289 
279 
650 693 220 598 
650 693
650 220
220 598
147 359 411 649 64 116 
147 116
359 411
359 116
649 116
359 64
271 
117 171 
117 171
249 
244 
242 
92 576 100 
92 100
576 100
163 346 357 5 297 569 413 65 
297 65
5 297
163 357
5 413
163 5
346 65
357 569
142 214 277 784 739 354 748 230 749 251 17 468 759 566 
142 214
277 214
784 277
739 142
354 739
748 739
230 784
749 748
251 784
17 739
468 251
759 230
566 251
234 
564 686 
564 686
222 
683 728 758 
683 728
683 758
115 124 141 275 469 118 
115 141
115 469
141 275
115 118
124 141
462 646 761 406 790 426 343 402 56 774 
646 406
646 790
402 774
761 402
343 774
406 343
761 426
406 56
462 646
144 451 526 351 425 711 631 799 
451 799
144 631
144 799
451 425
526 711
526 351
711 631
80 96 296 43 453 332 323 
80 296
43 323
80 323
96 323
43 453
296 332
127 409 388 480 732 
480 732
409 388
127 480
127 388
218 
467 475 603 74 113 
475 74
475 113
467 603
467 74
203 
198 
274 344 269 796 390 
274 390
274 796
274 344
269 796
84 520 
84 520
139 280 561 419 348 
139 348
280 561
280 419
139 561
28 527 501 535 737 506 
527 535
527 506
28 737
501 506
28 535
241 717 575 528 704 16 734 447 261 422 769 
241 717
575 241
528 575
704 528
16 717
734 704
447 717
261 528
422 261
769 447
210 429 355 558 483 
210 429
558 483
429 355
355 483
318 395 
318 395
167 196 293 694 47 
167 47
196 293
167 196
167 694
459 617 197 
459 617
617 197
194 
243 400 
243 400
370 628 308 640 312 497 393 511 465 
308 465
308 312
628 465
640 511
628 393
628 497
640 393
370 628
189 
252 777 130 
252 777
252 130
1 551 
1 551
182 
20 103 616 
20 616
103 616
178 
166 
9 321 432 604 608 
321 608
9 321
604 608
321 432
122 
104 
367 786 69 697 
367 786
786 697
367 69
102 
377 663 300 173 314 424 
377 314
300 173
663 300
377 663
173 424
50 135 
50 135
257 707 458 
707 458
257 707
541 557 46 136 513 356 59 49 
541 46
557 49
557 356
136 49
541 356
557 59
541 513
99 
95 
88 
90 517 201 460 156 352 641 8 
90 156
460 352
90 201
517 201
517 460
201 641
352 8
488 691 
488 691
31 457 97 
457 97
31 97
316 565 589 205 
565 589
316 205
565 205
399 760 637 
399 637
760 637
143 780 516 
780 516
143 516
180 476 651 
180 476
180 651
219 392 
219 392
544 698 
544 698
30 407 106 684 
106 684
407 106
30 407
79 
190 519 164 713 83 
190 519
190 713
164 83
164 713
72 
417 512 
417 512
60 
412 798 
412 798
120 577 543 21 154 73 398 333 52 
154 73
120 398
577 543
333 52
120 543
154 52
577 333
21 52
328 690 
328 690
204 674 
204 674
55 
212 596 700 365 
212 365
700 365
212 596
42 
19 209 
19 209
66 471 779 373 89 350 254 
373 350
471 254
66 779
66 254
471 89
350 254
137 368 
137 368
304 695 630 294 134 
304 695
304 630
304 134
630 294
121 539 771 495 0 23 
121 0
771 23
121 23
495 0
539 23
25 
538 582 627 35 200 259 183 
538 582
627 183
582 35
538 627
35 200
538 259
703 718 
703 718
671 754 545 431 740 213 573 
671 431
545 431
431 740
754 545
740 213
671 573
18 
272 305 730 45 
730 45
272 305
272 45
246 653 310 146 263 540 508 378 783 787 
146 783
246 540
146 378
508 783
508 787
310 263
653 378
310 787
246 263
504 606 
504 606
129 473 712 747 733 229 
129 712
129 747
473 733
747 229
733 229
239 533 
239 533
2 
