? 4 156 544 659 259 
? 4 104 626 294 645 
? 4 267 496 492 323 
? 4 40 341 224 410 
? 4 132 749 679 340 
? 4 441 628 229 433 
? 4 268 635 533 420 
? 4 479 589 756 237 
? 3 112 336 550 
? 3 103 322 138 
? 3 136 354 24 
? 3 397 695 463 
? 3 13 561 453 
? 3 240 266 575 
? 3 133 633 377 
? 3 537 734 389 
? 3 191 246 0 
? 3 170 239 456 
? 3 539 587 658 
? 3 30 309 654 
? 3 38 146 758 
? 3 455 516 462 
? 3 222 343 366 
? 3 33 73 101 
? 3 151 760 275 
? 3 169 629 370 
? 3 500 763 274 
? 3 293 532 419 
? 3 577 737 114 
!
781 
39 269 
39 269
378 478 424 511 209 
378 478
424 378
511 478
209 511
772 
244 538 751 542 31 99 188 702 744 522 53 721 459 789 161 677 701 179 
244 538
751 538
542 751
31 542
99 244
188 751
702 244
744 702
522 542
53 522
721 188
459 744
789 721
161 99
677 522
701 702
179 99
577 737 114 
577 114
577 737
211 748 
211 748
212 733 
212 733
746 
726 
293 532 419 
293 532
293 419
263 327 108 126 15 177 213 774 
263 327
108 327
126 263
15 327
177 263
213 263
774 327
367 555 512 612 586 247 
367 555
512 367
612 512
586 367
247 586
724 
319 706 145 454 525 771 
319 706
145 319
454 706
525 145
771 319
200 675 562 353 42 243 
200 675
562 200
353 200
42 562
243 675
500 763 274 
500 763
500 274
332 349 303 285 399 35 375 
332 349
303 349
285 332
399 349
35 332
375 399
197 638 255 447 591 
197 638
255 638
447 638
591 447
616 680 
616 680
697 
479 589 756 237 
479 237
589 756
479 589
169 629 370 
169 629
629 370
151 760 275 
151 760
760 275
610 777 315 640 128 779 618 2 715 102 672 
610 777
315 610
640 315
128 610
779 315
618 315
2 128
715 618
102 128
672 315
348 505 
348 505
268 635 533 420 
533 420
268 635
635 533
498 735 
498 735
129 707 337 282 486 125 799 58 502 155 77 290 359 16 
129 707
337 129
282 707
486 707
125 707
799 486
58 486
502 799
155 486
77 125
290 337
359 502
16 125
140 568 558 470 218 407 204 7 
140 568
558 568
470 568
218 558
407 218
204 407
7 140
260 564 608 326 698 117 509 474 594 742 202 32 311 745 657 662 
260 564
608 564
326 564
698 260
117 698
509 608
474 509
594 509
742 117
202 698
32 474
311 202
745 32
657 742
662 745
187 762 754 590 291 150 
187 762
754 762
590 754
291 762
150 291
686 
33 73 101 
73 101
33 101
534 717 787 385 168 588 
534 717
787 717
385 717
168 787
588 787
192 394 261 785 17 110 491 355 
192 394
261 394
785 261
17 261
110 261
491 394
355 17
622 
358 601 
358 601
286 427 60 461 27 372 198 651 506 764 
286 427
60 286
461 427
27 286
372 286
198 427
651 427
506 286
764 27
615 
571 712 668 374 331 10 36 182 207 
571 712
668 571
374 571
331 571
10 571
36 571
182 571
207 10
165 524 159 666 72 
165 524
159 524
666 159
72 666
574 788 20 124 740 557 14 
574 788
20 788
124 574
740 574
557 124
14 574
545 767 46 76 279 476 81 
545 767
46 767
76 545
279 46
476 76
81 476
609 
423 563 189 773 94 225 696 395 518 786 
423 563
189 423
773 563
94 423
225 94
696 773
395 773
518 696
786 423
248 527 127 120 51 
248 527
127 527
120 248
51 127
510 731 297 115 47 276 162 
510 731
297 510
115 510
47 510
276 47
162 47
9 685 401 265 216 559 
9 685
401 9
265 9
216 685
559 685
567 
484 569 48 347 791 329 134 643 371 284 469 
484 569
48 569
347 484
791 347
329 569
134 569
643 791
371 791
284 134
469 284
118 180 
118 180
711 716 63 578 171 648 636 25 226 181 345 464 166 467 100 139 131 634 203 
711 716
63 711
578 711
171 63
648 63
636 716
25 636
226 648
181 636
345 25
464 226
166 464
467 578
100 25
139 345
131 467
634 578
203 467
487 650 153 580 3 402 750 283 233 
487 650
153 487
580 487
3 153
402 487
750 580
283 750
233 283
95 741 220 530 88 
95 741
220 95
530 95
88 220
520 
441 628 229 433 
441 628
229 433
441 433
254 655 660 164 320 68 238 90 481 795 217 157 653 
254 655
660 655
164 655
320 254
68 655
238 655
90 660
481 254
795 254
217 660
157 320
653 660
360 782 757 709 415 644 50 69 221 611 387 458 565 477 65 543 703 193 624 708 6 472 223 
360 782
757 360
709 782
415 782
644 709
50 415
69 415
221 69
611 709
387 611
458 644
565 360
477 458
65 565
543 69
703 543
193 415
624 543
708 565
6 458
472 6
223 624
222 343 366 
222 343
222 366
406 435 206 631 379 776 720 82 67 421 234 384 196 605 147 623 
406 435
206 406
631 435
379 435
776 631
720 631
82 379
67 206
421 82
234 720
384 82
196 67
605 234
147 82
623 720
298 671 362 759 692 
298 671
362 671
759 362
692 298
455 516 462 
516 462
455 516
178 369 111 566 619 
178 369
111 369
566 369
619 369
97 346 736 121 743 167 231 334 
97 346
736 97
121 346
743 121
167 97
231 743
334 231
507 599 227 548 57 579 794 280 
507 599
227 507
548 227
57 599
579 599
794 227
280 579
430 739 
430 739
23 718 
23 718
302 426 448 28 330 499 694 289 
302 426
448 302
28 426
330 28
499 330
694 499
289 28
38 146 758 
38 146
38 758
490 
364 678 381 12 665 
364 678
381 364
12 364
665 678
598 641 690 451 175 106 
598 641
690 598
451 641
175 690
106 175
388 683 
388 683
272 405 277 163 503 96 357 515 663 116 
272 405
277 405
163 277
503 272
96 272
357 272
515 277
663 405
116 96
273 600 335 722 417 775 80 107 
273 600
335 273
722 273
417 722
775 273
80 600
107 80
552 582 556 18 547 691 270 797 513 
552 582
556 552
18 552
547 582
691 556
270 18
797 556
513 18
350 620 342 253 584 
350 620
342 350
253 620
584 350
49 137 
49 137
416 596 105 383 699 436 228 
416 596
105 596
383 416
699 416
436 596
228 436
132 749 679 340 
132 340
749 679
132 749
488 
30 309 654 
30 654
309 654
271 780 
271 780
676 798 637 393 523 597 
676 798
637 798
393 798
523 798
597 637
460 
439 
437 
414 
40 341 224 410 
341 224
341 410
40 410
305 450 531 4 504 400 376 122 
305 450
531 305
4 450
504 305
400 531
376 400
122 4
539 587 658 
539 587
539 658
210 689 
210 689
540 681 391 673 769 19 242 572 656 468 768 684 300 344 83 783 312 489 554 
540 681
391 540
673 391
769 681
19 673
242 769
572 769
656 540
468 572
768 242
684 572
300 468
344 19
83 656
783 344
312 344
489 83
554 468
318 604 
318 604
508 761 205 363 603 52 
508 761
205 761
363 508
603 508
52 761
404 
429 693 792 465 29 
429 693
792 429
465 429
29 429
333 
170 239 456 
239 456
170 456
55 325 667 34 86 
55 325
667 325
34 667
86 55
517 755 78 483 592 485 241 64 431 215 449 
517 755
78 517
483 517
592 78
485 517
241 592
64 485
431 592
215 241
449 431
314 
184 606 
184 606
183 390 784 93 670 135 595 299 22 687 230 519 185 497 473 
183 390
784 390
93 784
670 93
135 390
595 93
299 390
22 183
687 22
230 93
519 22
185 135
497 185
473 497
307 
201 382 639 553 602 493 452 581 
201 382
639 382
553 639
602 201
493 382
452 639
581 602
191 246 0 
191 246
246 0
296 
295 
514 710 
514 710
537 734 389 
734 389
537 734
45 386 
45 386
190 408 444 1 245 301 
190 408
444 190
1 444
245 1
301 444
267 496 492 323 
267 496
267 323
496 492
109 351 310 396 646 482 398 292 339 
109 351
310 109
396 109
646 109
482 310
398 351
292 646
339 398
219 705 
219 705
119 573 495 278 793 208 727 
119 573
495 119
278 119
793 278
208 793
727 573
649 747 85 328 250 143 607 
649 747
85 747
328 649
250 649
143 250
607 143
287 
133 633 377 
133 633
133 377
240 266 575 
240 266
240 575
92 642 621 41 152 412 356 753 
92 642
621 92
41 92
152 621
412 621
356 642
753 152
585 766 
585 766
13 561 453 
13 453
561 453
281 
236 704 
236 704
397 695 463 
397 695
695 463
313 409 44 541 443 471 79 173 321 56 560 338 
313 409
44 313
541 44
443 541
471 313
79 471
173 471
321 471
56 471
560 443
338 560
136 354 24 
354 24
136 354
264 
104 626 294 645 
626 645
104 645
104 294
103 322 138 
103 322
103 138
252 
195 
214 249 
214 249
304 432 37 411 144 790 158 714 380 84 141 235 66 288 729 
304 432
37 432
411 432
144 37
790 411
158 790
714 144
380 411
84 790
141 714
235 37
66 235
288 158
729 380
174 324 445 446 113 551 583 176 466 632 257 258 
174 324
445 324
446 445
113 324
551 113
583 113
176 445
466 113
632 446
257 466
258 176
156 544 659 259 
156 544
544 659
659 259
316 647 
316 647
186 
112 336 550 
112 336
112 550
535 669 
535 669
11 70 
11 70
308 570 123 614 529 154 730 796 434 778 630 627 
308 570
123 570
614 308
529 308
154 123
730 123
796 123
434 614
778 154
630 796
627 529
172 
425 700 26 728 765 199 251 
425 700
26 700
728 425
765 700
199 700
251 728
89 
501 652 480 418 130 306 
501 652
480 652
418 480
130 418
306 130
87 
440 725 
440 725
61 160 457 54 682 664 770 262 74 674 688 
61 160
457 160
54 61
682 54
664 682
770 682
262 682
74 664
674 54
688 74
75 521 
75 521
352 752 98 256 413 21 59 194 373 
352 752
98 752
256 352
413 256
21 98
59 256
194 413
373 194
428 526 142 661 536 361 
428 526
142 428
661 526
536 526
361 142
317 392 149 403 91 148 475 
317 392
149 392
403 317
91 317
148 317
475 392
546 549 625 576 422 719 593 738 
546 549
625 546
576 549
422 625
719 549
593 625
738 719
71 
62 
43 
365 732 
365 732
8 
528 713 723 617 368 494 613 232 
528 713
723 713
617 713
368 617
494 713
613 528
232 528
438 442 
438 442
5 
