? 4 132 746 340 749 
? 4 534 787 717 233 
? 4 225 423 94 561 
? 4 248 527 120 686 
? 4 364 678 38 381 
? 4 104 294 645 626 
? 4 641 690 598 101 
? 4 676 798 637 393 
? 3 177 211 13 
? 3 414 612 520 
? 3 447 638 255 
? 3 205 508 761 
? 3 52 366 222 
? 3 133 633 5 
? 3 479 589 237 
? 3 343 710 514 
? 3 348 588 505 
? 3 96 781 459 
? 3 111 159 369 
? 3 203 634 287 
? 3 40 410 341 
? 3 513 760 151 
? 3 208 212 334 
? 3 375 604 318 
? 3 301 733 307 
? 3 297 731 115 
? 3 323 496 250 
? 3 191 246 39 
? 3 146 665 559 
!
738 
281 616 
281 616
240 285 575 399 303 
240 285
575 240
399 575
303 285
719 
390 784 183 670 93 135 595 299 22 687 230 519 293 532 473 497 185 601 
390 784
183 784
670 784
93 670
135 390
595 93
299 390
22 183
687 22
230 93
519 22
293 299
532 293
473 687
497 473
185 497
601 497
146 665 559 
665 559
146 665
62 365 
62 365
8 275 
8 275
697 
669 
191 246 39 
191 39
191 246
239 590 118 754 170 762 180 291 
239 590
118 239
754 590
170 239
762 754
180 118
291 762
95 741 220 162 276 88 
95 741
220 95
162 220
276 162
88 162
666 
33 73 175 451 106 453 
33 73
175 73
451 175
106 175
453 33
190 408 786 518 1 444 
190 408
786 190
518 408
1 190
444 190
323 496 250 
323 496
496 250
501 652 480 418 130 306 43 
501 652
480 501
418 480
130 418
306 130
43 501
112 336 550 689 210 
112 336
550 112
689 550
210 112
363 603 
363 603
651 
676 798 637 393 
676 798
798 637
676 393
297 731 115 
297 115
297 731
301 733 307 
301 733
733 307
571 712 374 668 331 683 36 10 207 388 680 
571 712
374 712
668 571
331 571
683 712
36 712
10 668
207 10
388 36
680 331
184 488 
184 488
641 690 598 101 
690 598
641 598
598 101
156 554 
156 554
313 409 44 173 471 79 443 541 56 321 560 338 413 256 
313 409
44 409
173 313
471 173
79 471
443 44
541 443
56 471
321 471
560 409
338 560
413 338
256 413
649 747 85 4 122 328 143 376 
649 747
85 747
4 85
122 4
328 649
143 649
376 328
406 435 631 206 720 776 147 82 379 234 67 384 421 605 196 623 
406 435
631 435
206 406
720 631
776 720
147 435
82 147
379 82
234 720
67 406
384 82
421 82
605 234
196 147
623 631
429 693 792 29 465 187 
429 693
792 429
29 429
465 693
187 693
609 
375 604 318 
604 318
375 604
524 701 165 702 744 566 
524 701
165 524
702 701
744 702
566 165
35 586 367 332 512 247 555 349 
35 586
367 586
332 35
512 35
247 586
555 367
349 332
607 
312 373 
312 373
425 700 26 765 251 728 544 199 116 163 
425 700
26 700
765 425
251 425
728 425
544 425
199 26
116 700
163 700
597 
528 713 723 494 613 615 229 361 232 
528 713
723 713
494 713
613 528
615 613
229 723
361 613
232 723
30 309 654 264 537 
30 309
654 30
264 30
537 264
487 650 153 3 283 580 750 
487 650
153 487
3 487
283 487
580 487
750 283
227 507 57 72 269 178 354 
227 507
57 507
72 57
269 72
178 57
354 507
530 
517 755 78 592 483 485 241 64 449 726 
517 755
78 755
592 755
483 517
485 483
241 755
64 755
449 592
726 483
200 562 42 157 353 
200 562
42 562
157 42
353 200
352 752 98 102 59 21 194 
352 752
98 352
102 98
59 352
21 98
194 59
58 521 155 359 53 704 
58 521
155 58
359 521
53 521
704 58
511 
119 573 579 280 495 736 548 599 278 793 794 
119 573
579 573
280 119
495 280
736 280
548 280
599 579
278 119
793 278
794 599
463 724 
463 724
260 564 608 326 117 188 721 698 789 509 244 538 202 742 657 542 32 594 751 
260 564
608 564
326 564
117 326
188 326
721 188
698 117
789 721
509 608
244 188
538 244
202 698
742 789
657 721
542 188
32 608
594 509
751 542
273 600 335 722 775 80 417 107 732 
273 600
335 600
722 273
775 335
80 722
417 722
107 80
732 335
298 771 671 692 759 
298 771
671 298
692 671
759 692
493 
104 294 645 626 
645 626
104 645
104 294
92 642 773 696 41 412 356 621 563 152 753 395 189 
92 642
773 92
696 773
41 92
412 92
356 642
621 92
563 773
152 621
753 152
395 41
189 563
360 782 757 50 644 709 69 387 415 611 477 221 65 458 565 193 543 703 16 141 708 472 6 
360 782
757 782
50 782
644 782
709 644
69 782
387 360
415 69
611 387
477 709
221 69
65 387
458 709
565 65
193 415
543 69
703 543
16 543
141 65
708 65
472 477
6 472
208 212 334 
212 334
208 334
308 570 123 434 529 614 730 154 796 296 725 627 778 630 617 368 
308 570
123 570
434 570
529 308
614 434
730 123
154 123
796 123
296 529
725 123
627 529
778 725
630 796
617 796
368 796
51 718 23 737 127 
51 718
23 718
737 23
127 51
513 760 151 
513 760
513 151
662 745 474 619 727 
662 745
474 745
619 745
727 619
263 327 108 213 679 126 774 15 
263 327
108 263
213 327
679 263
126 108
774 327
15 108
268 635 533 420 506 286 60 461 
268 635
533 635
420 533
506 533
286 268
60 286
461 286
182 729 
182 729
279 767 
279 767
138 715 672 145 525 706 322 103 
138 715
672 715
145 138
525 145
706 525
322 145
103 525
40 410 341 
410 341
40 410
467 
325 667 311 34 55 
325 667
311 325
34 667
55 325
574 788 20 14 121 557 
574 788
20 788
14 574
121 788
557 20
87 231 
87 231
484 569 48 791 347 591 469 139 643 371 
484 569
48 569
791 484
347 791
591 484
469 569
139 347
643 347
371 643
109 351 310 482 398 646 339 396 
109 351
310 351
482 109
398 351
646 310
339 646
396 109
302 426 448 28 330 499 289 694 492 
302 426
448 302
28 426
330 28
499 302
289 28
694 499
492 499
500 763 274 11 748 
500 763
274 763
11 500
748 763
214 249 
214 249
416 596 105 383 699 436 124 
416 596
105 416
383 416
699 105
436 596
124 436
364 678 38 381 
364 38
678 38
364 381
460 
203 634 287 
203 287
634 287
397 695 
397 695
441 628 629 433 169 370 
441 628
629 628
433 629
169 629
370 169
456 
440 
437 
430 
248 527 120 686 
527 120
248 120
527 686
271 764 27 740 198 780 372 252 
271 764
27 764
740 764
198 740
780 271
372 764
252 27
111 159 369 
111 369
111 159
259 314 
259 314
540 681 391 769 673 242 768 19 572 329 344 659 656 300 684 83 468 489 783 
540 681
391 681
769 540
673 391
242 681
768 242
19 673
572 769
329 673
344 673
659 572
656 768
300 572
684 242
83 656
468 572
489 83
783 329
114 577 
114 577
76 476 772 545 46 81 
76 476
772 476
545 76
46 545
81 545
419 
455 516 756 462 172 
455 516
756 516
462 516
172 756
404 
96 781 459 
96 781
96 459
167 622 427 136 97 
167 622
427 167
136 622
97 622
192 394 261 17 785 110 266 491 355 70 490 
192 394
261 394
17 261
785 261
110 785
266 261
491 192
355 266
70 355
490 491
402 
333 515 
333 515
254 655 660 164 320 90 68 238 217 653 481 739 134 675 284 
254 655
660 655
164 254
320 254
90 660
68 655
238 655
217 254
653 660
481 320
739 320
134 254
675 653
284 134
389 
317 392 149 403 91 148 523 475 
317 392
149 392
403 317
91 317
148 317
523 91
475 392
348 588 505 
348 588
588 505
385 
377 
45 386 
45 386
343 710 514 
343 710
710 514
498 735 
498 735
539 658 587 253 442 438 
539 658
587 539
253 539
442 539
438 442
225 423 94 561 
225 94
94 561
423 561
201 382 639 553 602 452 581 150 358 
201 382
639 382
553 382
602 382
452 639
581 602
150 452
358 581
219 705 
219 705
272 405 357 277 503 137 663 
272 405
357 272
277 405
503 272
137 405
663 137
9 685 186 216 401 265 209 
9 685
186 685
216 685
401 9
265 685
209 401
245 
479 589 237 
479 237
479 589
133 633 5 
133 633
633 5
610 777 640 315 128 2 618 779 
610 777
640 610
315 777
128 610
2 610
618 315
779 128
243 795 
243 795
52 366 222 
52 366
52 222
236 
346 743 
346 743
205 508 761 
508 761
205 761
711 716 63 578 171 636 648 25 226 181 464 345 
711 716
63 711
578 711
171 716
636 716
648 171
25 636
226 648
181 636
464 226
345 636
447 638 255 
447 638
638 255
228 
534 787 717 233 
787 717
534 233
534 717
414 612 520 
414 612
612 520
197 
168 
316 647 
316 647
174 324 445 113 446 551 583 176 632 466 257 267 258 510 47 
174 324
445 174
113 174
446 445
551 445
583 113
176 174
632 446
466 113
257 466
267 632
258 551
510 258
47 551
129 337 707 624 282 223 486 502 290 125 66 799 
129 337
707 129
624 337
282 129
223 337
486 707
502 282
290 337
125 502
66 223
799 502
132 746 340 749 
746 340
132 746
132 749
131 567 
131 567
166 
177 211 13 
177 211
211 13
378 424 
378 424
292 758 
292 758
304 432 37 144 84 790 411 714 158 380 235 288 
304 432
37 432
144 37
84 304
790 84
411 790
714 144
158 84
380 411
235 37
288 158
100 
546 625 549 576 422 593 478 
546 625
549 546
576 549
422 625
593 625
478 422
89 
428 526 536 142 661 195 
428 526
536 428
142 526
661 526
195 142
86 
319 454 
319 454
61 160 457 682 54 664 770 74 262 674 688 
61 160
457 61
682 457
54 682
664 682
770 682
74 664
262 682
674 54
688 74
12 734 
12 734
431 584 439 350 204 295 342 362 620 
431 584
439 584
350 584
204 431
295 204
342 350
362 439
620 342
305 450 531 504 400 535 
305 450
531 305
504 450
400 531
535 450
140 568 558 470 215 218 407 
140 568
558 140
470 568
215 140
218 558
407 218
552 582 18 547 556 691 270 797 
552 582
18 582
547 582
556 547
691 556
270 18
797 547
77 
71 
24 
585 766 
585 766
7 
522 677 31 161 49 75 99 179 
522 677
31 522
161 522
49 677
75 522
99 161
179 161
224 606 
224 606
0 
