? 4 416 596 383 105 
? 4 676 798 637 207 
? 4 34 667 325 55 
? 4 197 638 634 287 
? 4 23 107 114 737 
? 4 259 658 587 314 
? 4 104 645 404 705 
? 4 411 790 380 729 
? 3 513 760 151 
? 3 297 731 289 
? 3 301 749 733 
? 3 240 285 399 
? 3 479 589 172 
? 3 211 453 13 
? 3 500 763 274 
? 3 400 456 89 
? 3 559 665 758 
? 3 133 633 5 
? 3 1 307 444 
? 3 348 588 243 
? 3 191 666 246 
? 3 455 516 462 
? 3 663 704 236 
? 3 229 433 169 
? 3 143 250 492 
? 3 156 544 199 
? 3 131 203 567 
? 3 498 735 253 
? 3 598 641 690 
!
748 
535 669 
535 669
33 73 451 175 106 
33 73
451 73
175 451
106 73
718 
174 324 445 113 446 583 551 632 176 466 257 626 267 294 258 510 115 47 
174 324
445 174
113 324
446 445
583 174
551 113
632 446
176 551
466 113
257 466
626 583
267 626
294 267
258 445
510 258
115 510
47 176
598 641 690 
598 690
598 641
585 766 
585 766
0 39 
0 39
694 
657 
498 735 253 
498 735
498 253
552 582 18 556 691 547 797 270 
552 582
18 582
556 582
691 582
547 556
797 547
270 18
95 741 162 220 276 88 
95 741
162 95
220 162
276 162
88 162
647 
30 309 654 537 609 52 
30 309
654 30
537 309
609 654
52 654
24 354 136 269 507 227 
24 354
136 24
269 24
507 354
227 507
131 203 567 
131 203
203 567
298 771 671 692 706 362 319 
298 771
671 298
692 671
706 771
362 671
319 706
138 715 672 322 145 
138 715
672 715
322 138
145 322
7 695 
7 695
629 
411 790 380 729 
411 380
380 729
411 790
156 544 199 
156 199
156 544
143 250 492 
143 250
143 492
111 369 159 178 745 727 566 619 662 57 196 
111 369
159 111
178 369
745 369
727 369
566 159
619 745
662 727
57 178
196 159
437 620 
437 620
104 645 404 705 
104 645
104 404
645 705
436 786 
436 786
406 435 631 206 379 720 776 421 67 82 234 147 384 505 
406 435
631 406
206 435
379 435
720 631
776 720
421 379
67 406
82 421
234 720
147 82
384 421
505 720
97 346 743 167 622 278 548 231 
97 346
743 346
167 97
622 167
278 743
548 97
231 278
484 569 48 347 791 284 469 134 591 371 643 373 312 59 481 447 
484 569
48 569
347 569
791 347
284 569
469 484
134 284
591 791
371 791
643 371
373 371
312 371
59 373
481 284
447 591
429 693 792 187 195 142 
429 693
792 429
187 693
195 187
142 187
627 
229 433 169 
229 169
433 169
239 590 754 170 762 180 
239 590
754 590
170 239
762 754
180 239
423 563 189 225 518 94 408 190 
423 563
189 423
225 423
518 563
94 225
408 423
190 408
623 
228 699 
228 699
192 394 261 17 785 110 491 266 355 490 
192 394
261 394
17 394
785 261
110 261
491 192
266 17
355 266
490 491
597 
9 685 511 216 186 209 265 401 264 
9 685
511 9
216 685
186 685
209 511
265 685
401 9
264 216
545 767 46 476 772 
545 767
46 545
476 545
772 545
364 678 381 38 734 12 146 
364 678
381 364
38 364
734 381
12 381
146 364
546 549 576 625 422 103 738 
546 549
576 549
625 549
422 549
103 546
738 103
592 
109 351 292 310 646 339 396 482 398 397 
109 351
292 109
310 351
646 109
339 646
396 351
482 310
398 310
397 351
378 593 478 424 214 
378 593
478 378
424 378
214 478
431 584 439 350 295 342 204 
431 584
439 584
350 431
295 431
342 350
204 295
140 568 558 470 218 407 
140 568
558 140
470 568
218 558
407 218
577 
92 642 773 41 696 621 412 356 395 152 753 
92 642
773 92
41 92
696 773
621 92
412 642
356 642
395 696
152 621
753 152
118 291 
118 291
260 564 608 326 698 188 117 721 474 789 509 594 244 202 542 742 751 31 32 
260 564
608 564
326 564
698 260
188 326
117 698
721 188
474 564
789 721
509 474
594 509
244 188
202 698
542 188
742 789
751 542
31 542
32 608
610 777 128 315 618 779 640 2 102 
610 777
128 610
315 610
618 315
779 315
640 610
2 779
102 128
428 526 661 536 615 
428 526
661 526
536 428
615 428
538 
259 658 587 314 
259 314
658 314
658 587
308 570 123 529 614 434 796 154 778 377 730 725 318 
308 570
123 570
529 308
614 570
434 614
796 123
154 123
778 154
377 614
730 123
725 730
318 529
360 782 757 709 50 387 415 69 611 644 458 221 477 565 65 16 543 703 708 223 624 193 472 
360 782
757 782
709 782
50 782
387 782
415 50
69 415
611 387
644 709
458 644
221 69
477 458
565 221
65 565
16 69
543 69
703 543
708 65
223 565
624 223
193 415
472 477
663 704 236 
663 236
663 704
711 716 63 578 171 636 25 648 226 181 464 345 467 166 139 100 
711 716
63 716
578 711
171 63
636 716
25 636
648 636
226 648
181 25
464 226
345 636
467 711
166 226
139 464
100 578
305 450 531 376 504 
305 450
531 305
376 305
504 531
455 516 462 
516 462
455 516
268 635 420 533 252 
268 635
420 268
533 268
252 268
286 427 60 461 651 27 506 764 
286 427
60 427
461 286
651 427
27 286
506 286
764 27
263 327 108 15 126 213 177 679 
263 327
108 327
15 327
126 327
213 327
177 263
679 327
101 561 
101 561
64 249 
64 249
272 405 137 277 357 163 503 515 
272 405
137 405
277 405
357 272
163 405
503 357
515 277
191 666 246 
191 666
666 246
530 
205 508 761 366 603 
205 508
761 205
366 205
603 205
302 426 448 28 330 499 
302 426
448 426
28 426
330 28
499 302
87 208 
87 208
201 382 639 602 452 553 581 493 150 8 
201 382
639 382
602 382
452 382
553 639
581 602
493 452
150 452
8 553
425 700 26 765 116 251 96 781 
425 700
26 700
765 425
116 425
251 700
96 116
781 116
35 586 367 6 555 247 332 512 349 
35 586
367 35
6 586
555 367
247 6
332 35
512 367
349 332
112 336 550 210 689 
112 336
550 112
210 112
689 550
296 370 
296 370
338 413 256 194 352 752 98 
338 413
256 413
194 413
352 256
752 352
98 352
23 107 114 737 
23 107
23 114
114 737
524 
348 588 243 
348 588
588 243
323 496 
323 496
497 601 473 29 465 358 
497 601
473 601
29 497
465 29
358 29
520 
463 
460 
454 
197 638 634 287 
197 638
634 287
638 634
487 650 153 3 605 580 283 750 
487 650
153 487
3 650
605 153
580 605
283 580
750 283
1 307 444 
1 307
307 444
616 680 
616 680
540 681 391 673 769 19 572 242 329 684 300 656 768 344 468 489 783 659 83 
540 681
391 540
673 540
769 540
19 673
572 769
242 681
329 673
684 572
300 572
656 242
768 242
344 19
468 572
489 242
783 344
659 468
83 489
388 683 
388 683
71 438 759 442 554 539 
71 438
759 71
442 71
554 442
539 442
440 
746 774 132 86 340 
746 774
132 746
86 746
340 132
419 
133 633 5 
133 633
633 5
701 702 744 165 459 
701 702
744 701
165 701
459 744
313 409 44 443 471 321 79 541 173 56 560 
313 409
44 313
443 44
471 313
321 313
79 471
541 44
173 471
56 471
560 313
402 
11 70 
11 70
141 714 144 628 441 37 432 66 304 232 723 235 288 84 158 
141 714
144 141
628 141
441 628
37 144
432 37
66 37
304 432
232 441
723 441
235 66
288 232
84 288
158 84
393 
119 573 579 495 280 736 599 794 
119 573
579 119
495 579
280 579
736 280
599 579
794 599
559 665 758 
559 665
665 758
389 
372 
303 375 
303 375
400 456 89 
400 456
400 89
212 793 
212 793
40 341 224 410 606 724 
40 341
224 40
410 341
606 224
724 410
34 667 325 55 
34 325
34 667
34 55
517 755 78 483 726 485 241 215 449 
517 755
78 755
483 517
726 483
485 483
241 517
215 241
449 241
62 365 
62 365
248 527 127 686 81 51 76 
248 527
127 527
686 127
81 127
51 686
76 127
571 712 331 374 668 36 10 
571 712
331 712
374 712
668 571
36 712
10 571
363 
500 763 274 
500 763
500 274
211 453 13 
453 13
211 453
42 562 200 157 430 675 728 353 
42 562
200 562
157 562
430 42
675 200
728 200
353 200
361 613 
361 613
479 589 172 
479 589
479 172
334 
43 45 
43 45
240 285 399 
240 285
240 399
664 682 74 770 262 688 457 255 61 54 160 674 
664 682
74 664
770 682
262 664
688 74
457 664
255 688
61 457
54 770
160 61
674 54
301 749 733 
301 749
301 733
333 
676 798 637 207 
798 207
676 207
798 637
297 731 289 
297 731
297 289
311 
279 
525 719 
525 719
390 784 183 93 595 670 135 299 22 185 230 687 519 532 293 
390 784
183 784
93 784
595 93
670 93
135 390
299 390
22 183
185 390
230 93
687 22
519 22
532 670
293 532
254 655 660 320 164 68 90 238 739 217 795 653 
254 655
660 655
320 254
164 655
68 655
90 660
238 68
739 320
217 660
795 655
653 660
416 596 383 105 
416 105
416 596
383 105
514 710 
514 710
275 
513 760 151 
513 760
513 151
414 612 
414 612
316 732 
316 732
522 677 161 49 53 179 521 75 799 99 155 58 
522 677
161 677
49 677
53 677
179 677
521 677
75 521
799 49
99 161
155 799
58 799
271 
649 747 85 122 4 607 328 
649 747
85 747
122 85
4 122
607 649
328 649
245 
717 787 534 233 385 168 
717 787
534 717
233 717
385 717
168 787
237 
386 488 
386 488
129 337 707 282 486 502 125 290 77 359 281 
129 337
707 129
282 129
486 707
502 707
125 502
290 486
77 125
359 125
281 290
756 780 
756 780
574 788 20 740 198 124 557 14 121 
574 788
20 788
740 788
198 740
124 574
557 124
14 788
121 198
501 652 480 418 130 306 
501 652
480 652
418 480
130 418
306 130
368 617 713 630 494 697 528 
368 617
713 368
630 617
494 368
697 617
528 713
273 600 722 335 417 80 775 120 
273 600
722 273
335 600
417 273
80 722
775 600
120 273
219 
184 
182 
222 343 
222 343
72 
317 392 149 148 403 523 91 475 
317 392
149 392
148 317
403 317
523 403
91 523
475 392
575 604 
575 604
21 
