? 4 447 638 197 560 
? 4 7 798 637 676 
? 4 539 658 442 587 
? 4 205 761 603 508 
? 4 397 695 482 724 
? 4 40 224 341 606 
? 4 156 199 544 554 
? 4 454 689 112 550 
? 3 663 704 99 
? 3 11 490 491 
? 3 342 350 620 
? 3 133 633 575 
? 3 191 246 666 
? 3 194 373 413 
? 3 203 287 634 
? 3 71 438 362 
? 3 500 763 451 
? 3 64 214 511 
? 3 316 647 732 
? 3 96 728 42 
? 3 222 343 710 
? 3 240 266 355 
? 3 146 665 758 
? 3 281 290 616 
? 3 293 532 419 
? 3 314 735 253 
? 3 132 340 86 
? 3 492 694 499 
? 3 52 366 363 
!
778 
100 674 
100 674
152 753 621 41 436 
152 753
621 152
41 621
436 152
748 
260 564 608 326 188 117 721 698 789 509 594 474 53 751 742 542 202 538 
260 564
608 564
326 608
188 564
117 326
721 188
698 117
789 721
509 564
594 509
474 608
53 721
751 188
742 789
542 751
202 117
538 751
52 366 363 
52 366
366 363
12 398 
12 398
204 437 
204 437
680 
597 
492 694 499 
492 694
694 499
9 685 186 216 265 401 559 209 
9 685
186 685
216 685
265 9
401 685
559 265
209 401
95 741 220 162 276 88 
95 741
220 95
162 220
276 162
88 162
520 
55 325 311 667 34 746 
55 325
311 325
667 325
34 667
746 55
303 349 332 318 285 399 
303 349
332 349
318 303
285 332
399 303
132 340 86 
132 340
340 86
200 675 562 653 157 353 243 
200 675
562 200
653 675
157 562
353 200
243 653
479 589 756 228 412 
479 589
756 479
228 589
412 228
505 795 
505 795
498 
454 689 112 550 
454 689
689 550
689 112
314 735 253 
314 253
314 735
293 532 419 
293 532
293 419
322 738 103 145 525 138 576 719 715 549 546 
322 738
103 738
145 103
525 322
138 738
576 738
719 145
715 138
549 576
546 549
514 772 
514 772
156 199 544 554 
156 199
156 544
199 554
323 496 
323 496
711 716 63 171 578 648 636 25 181 226 464 345 139 166 
711 716
63 711
171 716
578 711
648 716
636 716
25 636
181 25
226 648
464 226
345 25
139 648
166 171
545 767 46 76 686 279 476 81 
545 767
46 545
76 545
686 545
279 767
476 76
81 76
189 423 563 518 94 225 190 773 408 696 444 642 395 786 213 92 
189 423
563 423
518 189
94 423
225 94
190 189
773 563
408 190
696 773
444 190
642 773
395 696
786 408
213 225
92 642
248 527 127 120 51 23 
248 527
127 248
120 248
51 127
23 120
493 
281 290 616 
281 290
290 616
367 555 512 35 586 247 
367 555
512 555
35 367
586 35
247 367
98 352 752 102 256 2 21 59 
98 352
752 352
102 352
256 352
2 98
21 98
59 352
488 
62 365 
62 365
111 369 159 727 178 619 662 745 566 57 
111 369
159 111
727 111
178 111
619 111
662 369
745 662
566 159
57 178
472 
571 712 331 374 668 683 10 36 182 
571 712
331 571
374 571
668 571
683 712
10 571
36 571
182 331
211 561 453 101 13 
211 561
453 211
101 211
13 101
187 762 590 754 291 239 142 
187 762
590 762
754 762
291 762
239 590
142 187
501 652 480 130 306 43 463 
501 652
480 652
130 652
306 130
43 501
463 43
467 
153 487 650 750 3 233 534 402 580 283 
153 487
650 487
750 153
3 650
233 3
534 233
402 153
580 750
283 233
462 516 455 172 237 
462 516
455 516
172 516
237 172
192 394 17 261 785 110 530 
192 394
17 394
261 17
785 261
110 785
530 785
140 568 470 558 218 407 
140 568
470 568
558 568
218 558
407 218
461 
48 569 484 347 469 284 791 371 643 591 312 
48 569
484 569
347 484
469 48
284 48
791 347
371 791
643 371
591 347
312 371
236 585 
236 585
174 324 445 446 113 551 583 176 632 267 257 466 258 47 626 510 297 294 104 
174 324
445 174
446 445
113 324
551 113
583 113
176 174
632 446
267 324
257 113
466 257
258 176
47 551
626 267
510 258
297 510
294 626
104 626
129 707 337 282 486 125 521 502 799 
129 707
337 129
282 129
486 707
125 707
521 707
502 125
799 502
577 797 737 114 718 
577 797
737 797
114 577
718 737
460 
40 224 341 606 
40 606
224 341
224 606
141 714 144 628 441 37 304 432 66 232 723 235 661 
141 714
144 141
628 141
441 628
37 144
304 37
432 304
66 37
232 441
723 441
235 66
661 232
360 782 757 709 50 611 69 644 458 415 387 477 565 221 65 543 193 703 624 708 223 16 6 
360 782
757 782
709 782
50 782
611 709
69 782
644 709
458 644
415 69
387 611
477 458
565 757
221 69
65 565
543 69
193 415
703 543
624 543
708 65
223 624
16 703
6 458
146 665 758 
146 665
665 758
406 435 631 206 776 421 720 379 234 82 67 196 147 384 605 623 
406 435
631 435
206 406
776 435
421 435
720 631
379 421
234 720
82 421
67 435
196 67
147 82
384 379
605 234
623 720
268 635 420 533 506 
268 635
420 635
533 420
506 420
240 266 355 
240 266
266 355
381 678 364 734 38 
381 678
364 678
734 381
38 678
717 787 385 168 588 567 131 348 
717 787
385 717
168 717
588 717
567 385
131 567
348 588
84 790 158 411 380 536 418 428 
84 790
158 84
411 84
380 411
536 790
418 84
428 536
245 307 
245 307
210 439 
210 439
271 764 372 27 252 780 286 427 
271 764
372 764
27 764
252 271
780 271
286 27
427 286
222 343 710 
222 710
343 710
459 
26 425 765 781 251 
26 425
765 26
781 26
251 765
701 702 744 524 32 165 
701 702
744 702
524 701
32 524
165 32
8 669 
8 669
119 573 579 495 280 736 794 278 599 548 
119 573
579 573
495 119
280 579
736 280
794 280
278 573
599 579
548 579
610 777 315 672 779 618 128 640 
610 777
315 610
672 777
779 315
618 315
128 779
640 610
263 327 108 15 126 177 749 679 774 
263 327
108 327
15 327
126 263
177 263
749 15
679 126
774 15
497 601 473 185 275 
497 601
473 497
185 497
275 601
5 604 
5 604
109 351 310 339 292 646 396 
109 351
310 351
339 109
292 351
646 109
396 351
397 695 482 724 
695 482
397 482
482 724
430 
96 728 42 
96 728
728 42
169 629 
169 629
30 309 264 654 609 537 
30 309
264 309
654 30
609 30
537 264
389 
370 
356 
319 
205 761 603 508 
761 508
205 761
761 603
24 354 136 39 269 622 507 0 
24 354
136 24
39 24
269 39
622 354
507 269
0 39
316 647 732 
316 647
316 732
414 612 
414 612
540 681 391 769 673 19 572 242 768 300 684 329 344 468 656 783 659 489 83 
540 681
391 681
769 540
673 681
19 673
572 769
242 681
768 242
300 572
684 572
329 673
344 19
468 572
656 19
783 329
659 468
489 768
83 489
388 766 
388 766
175 690 641 106 73 598 
175 690
641 690
106 175
73 175
598 641
302 
416 596 105 383 699 
416 596
105 596
383 416
699 416
274 
64 214 511 
64 214
214 511
429 693 792 465 29 
429 693
792 429
465 429
29 429
664 682 770 74 688 262 54 61 255 160 457 
664 682
770 682
74 664
688 74
262 74
54 770
61 682
255 688
160 61
457 160
270 
386 410 
386 410
308 570 123 154 529 614 296 796 730 377 434 627 617 375 630 
308 570
123 570
154 123
529 308
614 308
296 529
796 123
730 123
377 308
434 614
627 529
617 796
375 627
630 617
259 
574 788 124 20 740 198 557 121 
574 788
124 574
20 574
740 574
198 740
557 124
121 198
500 763 451 
500 763
500 451
250 
244 
72 227 
72 227
71 438 362 
71 438
71 362
170 456 
170 456
552 582 18 691 556 547 
552 582
18 582
691 582
556 691
547 556
539 658 442 587 
539 587
539 442
539 658
317 392 149 91 148 523 403 729 475 
317 392
149 392
91 317
148 317
523 91
403 392
729 149
475 729
404 645 
404 645
335 600 273 80 722 775 417 
335 600
273 600
80 600
722 273
775 600
417 722
649 747 85 328 122 143 607 
649 747
85 747
328 649
122 85
143 328
607 143
212 
203 287 634 
203 287
287 634
194 373 413 
194 413
194 373
522 677 31 75 49 161 137 155 
522 677
31 677
75 677
49 677
161 49
137 677
155 49
359 657 
359 657
191 246 666 
191 666
246 666
208 
207 393 
207 393
133 633 575 
133 633
633 575
528 713 494 368 613 615 361 288 229 697 433 526 
528 713
494 713
368 713
613 528
615 613
361 613
288 528
229 494
697 368
433 229
526 288
342 350 620 
342 350
350 620
195 
7 798 637 676 
7 637
798 676
7 798
11 490 491 
11 490
490 491
184 
179 
301 733 
301 733
517 755 78 592 485 483 726 241 431 215 336 449 295 249 584 
517 755
78 755
592 755
485 78
483 485
726 485
241 755
431 241
215 241
336 78
449 431
295 449
249 485
584 431
254 655 660 320 164 68 90 481 217 238 134 739 
254 655
660 655
320 254
164 660
68 655
90 655
481 254
217 655
238 68
134 655
739 320
447 638 197 560 
447 638
638 197
447 560
334 793 
334 793
151 
663 704 99 
704 99
663 704
118 180 
118 180
513 760 
513 760
183 784 390 93 595 670 135 22 299 230 687 519 
183 784
390 784
93 784
595 93
670 595
135 390
22 183
299 390
230 93
687 22
519 22
107 
97 346 743 651 167 231 60 
97 346
743 346
651 346
167 97
231 743
60 167
89 
378 593 478 424 422 625 
378 593
478 378
424 593
422 478
625 593
87 
219 705 
219 705
313 409 44 471 541 443 79 321 173 56 338 
313 409
44 409
471 313
541 44
443 44
79 471
321 471
173 79
56 471
338 56
440 725 
440 725
305 450 531 4 504 400 376 553 535 
305 450
531 305
4 450
504 531
400 531
376 400
553 305
535 4
298 771 671 692 706 759 
298 771
671 298
692 298
706 771
759 671
115 289 28 731 426 330 448 
115 289
28 115
731 115
426 28
330 28
448 426
272 405 277 163 357 116 700 503 
272 405
277 405
163 272
357 272
116 163
700 116
503 357
77 
70 
58 
1 14 
1 14
45 
382 639 201 452 602 581 150 358 
382 639
201 639
452 382
602 382
581 602
150 452
358 581
333 515 
333 515
33 
