? 8 340 766 348 32 709 120 77 156 
? 8 602 751 525 514 88 227 337 237 
? 8 98 414 82 674 464 38 639 616 
? 8 177 441 663 251 742 245 565 189 
? 8 401 781 132 421 160 184 451 647 
? 8 221 314 446 283 309 498 542 617 
? 8 628 743 300 260 234 275 659 544 
? 7 42 472 567 471 583 296 677 
? 7 695 773 491 424 134 727 48 
? 7 288 541 687 191 327 515 614 
? 7 366 371 302 512 475 339 768 
? 7 50 635 317 511 796 263 605 
? 7 395 456 726 15 208 74 229 
? 6 524 784 696 70 489 438 
? 6 294 634 447 633 437 223 
? 6 21 33 724 289 466 657 
? 6 700 758 557 367 193 150 
? 6 11 477 118 791 474 313 
? 6 358 627 353 581 347 785 
? 6 360 763 372 272 56 526 
? 6 55 83 261 110 268 670 
? 5 265 694 621 232 244 
? 5 198 435 249 373 17 
? 5 186 404 12 528 194 
? 5 563 779 705 669 564 
? 5 99 571 8 703 136 
? 5 355 764 596 629 675 
? 5 285 770 591 711 151 
? 5 107 539 732 688 217 
? 5 142 533 113 486 41 
? 4 262 679 649 80 
? 4 26 61 480 168 
? 4 199 306 570 391 
? 4 49 457 693 286 
? 4 411 645 72 623 
? 4 357 765 170 738 
? 4 53 556 219 71 
? 4 385 548 84 733 
? 4 416 739 433 295 
? 4 599 778 130 745 
? 4 4 413 164 138 
? 4 389 737 613 611 
? 4 482 756 749 78 
? 3 46 216 155 
? 3 325 772 146 
? 3 579 686 495 
? 3 443 535 257 
? 3 397 552 494 
? 3 392 465 409 
? 3 123 279 664 
? 3 93 224 432 
? 3 537 710 632 
? 3 90 506 215 
? 3 112 604 266 
? 3 171 436 321 
? 3 6 569 753 
? 3 22 658 135 
? 3 178 214 499 
? 3 105 344 39 
!
740 
666 
105 344 39 
344 39
105 344
178 214 499 
214 499
178 214
394 762 
394 762
622 
463 582 
463 582
47 561 562 496 308 206 124 558 145 
47 561
562 47
496 47
308 47
206 496
124 562
558 206
145 561
513 
255 719 
255 719
455 586 176 67 197 660 672 368 16 114 
455 586
176 455
67 455
197 67
660 197
672 67
368 67
16 176
114 660
453 757 665 281 431 330 233 182 311 
453 757
665 757
281 453
431 665
330 431
233 330
182 330
311 757
211 577 94 239 554 241 545 76 18 701 698 143 650 202 180 534 
211 577
94 577
239 211
554 239
241 554
545 241
76 211
18 76
701 76
698 545
143 76
650 241
202 143
180 143
534 650
628 743 300 260 234 275 659 544 
300 544
260 544
743 234
234 659
260 275
234 275
628 300
482 756 749 78 
482 756
482 749
749 78
55 83 261 110 268 670 
83 261
55 261
110 670
261 268
55 110
389 737 613 611 
389 737
737 613
389 611
142 533 113 486 41 
142 533
486 41
142 486
142 113
427 
395 456 726 15 208 74 229 
395 726
395 208
15 208
208 74
456 726
15 229
410 
546 673 536 378 521 470 550 2 736 
546 673
536 546
378 536
521 378
470 536
550 378
2 470
736 470
365 
52 420 336 212 167 81 655 356 85 492 
52 420
336 52
212 336
167 52
81 212
655 81
356 167
85 81
492 655
290 723 
290 723
100 493 92 641 626 625 399 405 97 331 731 
100 493
92 100
641 493
626 493
625 626
399 92
405 641
97 405
331 405
731 399
50 635 317 511 796 263 605 
50 635
635 317
317 511
511 796
50 263
317 605
338 504 387 379 398 95 575 417 69 444 
338 504
387 338
379 387
398 338
95 398
575 504
417 575
69 398
444 379
292 361 540 648 551 24 653 549 654 481 13 406 
292 361
540 361
648 540
551 540
24 540
653 292
549 653
654 653
481 24
13 481
406 549
22 658 135 
22 135
22 658
282 402 140 324 721 278 459 111 580 
282 402
140 282
324 140
721 282
278 324
459 324
111 402
580 111
349 543 
349 543
107 539 732 688 217 
539 732
107 688
107 539
688 217
393 624 795 256 707 139 794 203 271 637 210 488 780 27 137 445 400 323 253 750 131 783 258 407 346 
393 624
795 393
256 393
707 393
139 393
794 624
203 794
271 707
637 256
210 256
488 794
780 203
27 780
137 780
445 271
400 27
323 137
253 637
750 210
131 445
783 750
258 253
407 27
346 750
0 218 254 200 487 671 230 473 460 448 523 
0 218
254 218
200 218
487 200
671 0
230 254
473 230
460 671
448 473
523 473
6 569 753 
6 569
6 753
360 763 372 272 56 526 
272 526
360 763
763 372
763 526
372 56
89 318 87 228 172 277 403 643 363 478 799 572 
89 318
87 318
228 318
172 228
277 87
403 89
643 89
363 403
478 363
799 172
572 478
149 154 
149 154
174 426 782 792 479 375 490 425 322 439 
174 426
782 426
792 426
479 792
375 174
490 375
425 782
322 425
439 792
315 
388 568 
388 568
285 770 591 711 151 
591 711
285 770
770 591
285 151
171 436 321 
436 321
171 436
4 413 164 138 
413 164
164 138
4 413
267 789 304 250 66 728 676 458 36 129 730 117 28 788 685 91 25 
267 789
304 267
250 789
66 789
728 267
676 66
458 728
36 458
129 36
730 129
117 66
28 458
788 117
685 66
91 728
25 28
30 532 588 509 573 761 476 1 483 708 161 58 484 592 452 303 236 351 196 793 642 384 713 662 668 704 454 127 122 609 517 115 298 600 106 
30 532
588 30
509 532
573 588
761 588
476 509
1 761
483 509
708 476
161 761
58 483
484 708
592 161
452 161
303 592
236 484
351 484
196 303
793 303
642 793
384 592
713 452
662 642
668 713
704 642
454 704
127 668
122 303
609 704
517 662
115 517
298 384
600 122
106 115
287 
428 578 691 418 205 332 714 162 396 369 798 501 109 712 776 559 
428 578
691 578
418 691
205 418
332 691
714 691
162 332
396 205
369 714
798 369
501 798
109 396
712 109
776 501
559 369
366 371 302 512 475 339 768 
302 339
512 768
366 371
366 475
366 302
371 768
104 173 
104 173
112 604 266 
112 604
604 266
599 778 130 745 
599 130
599 745
599 778
90 506 215 
90 506
90 215
9 297 
9 297
416 739 433 295 
416 739
416 433
739 295
133 636 386 767 192 618 63 73 259 354 43 326 408 746 
133 636
386 636
767 133
192 386
618 386
63 618
73 618
259 73
354 259
43 192
326 43
408 63
746 408
385 548 84 733 
385 84
84 733
385 548
225 
537 710 632 
710 632
537 710
53 556 219 71 
53 556
556 71
556 219
221 314 446 283 309 498 542 617 
314 446
309 542
221 283
221 314
446 542
283 498
283 617
355 764 596 629 675 
355 764
764 596
355 629
764 675
62 468 
62 468
93 224 432 
93 224
93 432
101 638 500 269 248 527 462 54 576 86 508 606 381 771 
101 638
500 101
269 638
248 269
527 248
462 269
54 462
576 248
86 54
508 576
606 500
381 527
771 269
99 571 8 703 136 
99 571
571 703
99 8
99 136
401 781 132 421 160 184 451 647 
401 132
781 132
421 160
421 184
132 421
160 647
184 451
204 
187 380 
187 380
333 518 359 376 529 697 345 689 608 312 734 57 293 243 96 505 729 20 619 121 35 
333 518
359 518
376 359
529 376
697 529
345 359
689 333
608 689
312 359
734 608
57 312
293 312
243 734
96 345
505 243
729 345
20 505
619 20
121 293
35 734
10 715 
10 715
157 646 126 680 760 631 220 382 291 510 594 754 34 
157 646
126 646
680 157
760 126
631 680
220 631
382 126
291 760
510 220
594 291
754 291
34 510
201 
343 607 103 270 690 516 716 574 377 725 587 280 68 364 274 598 722 449 717 329 319 434 774 108 692 45 748 706 469 144 
343 607
103 607
270 103
690 270
516 690
716 690
574 690
377 690
725 103
587 103
280 377
68 725
364 574
274 68
598 725
722 598
449 377
717 722
329 574
319 587
434 329
774 717
108 449
692 364
45 280
748 329
706 692
469 319
144 108
357 765 170 738 
357 765
170 738
765 170
195 
123 279 664 
123 279
279 664
392 465 409 
392 465
392 409
419 553 775 163 226 615 209 341 79 362 747 183 175 305 166 787 19 620 31 790 246 37 769 786 718 7 
419 553
775 419
163 775
226 553
615 553
209 775
341 775
79 341
362 615
747 362
183 79
175 79
305 209
166 226
787 79
19 747
620 19
31 305
790 787
246 305
37 787
769 31
786 166
718 769
7 786
190 
411 645 72 623 
411 645
411 72
411 623
397 552 494 
397 494
397 552
147 
116 
443 535 257 
443 257
535 257
177 441 663 251 742 245 565 189 
177 441
742 245
663 189
251 742
177 742
177 663
251 565
423 656 352 240 741 264 595 584 383 238 651 678 179 530 415 
423 656
352 656
240 656
741 656
264 352
595 240
584 352
383 741
238 584
651 595
678 264
179 238
530 352
415 530
563 779 705 669 564 
563 779
705 669
563 705
779 564
358 627 353 581 347 785 
358 347
358 627
358 581
627 353
347 785
579 686 495 
579 686
686 495
11 477 118 791 474 313 
11 477
11 474
118 474
477 791
11 313
207 442 429 683 503 590 612 235 630 159 531 242 320 222 702 59 102 148 519 652 752 334 119 644 284 777 276 247 440 23 485 141 735 661 152 158 597 759 507 640 
207 442
429 442
683 429
503 442
590 429
612 503
235 429
630 683
159 503
531 630
242 159
320 531
222 235
702 242
59 222
102 702
148 531
519 59
652 519
752 159
334 320
119 652
644 148
284 242
777 652
276 334
247 644
440 102
23 247
485 276
141 119
735 23
661 59
152 23
158 485
597 440
759 158
507 777
640 507
64 
288 541 687 191 327 515 614 
288 541
687 191
191 614
541 687
288 327
687 515
186 404 12 528 194 
186 194
186 404
404 528
404 12
49 457 693 286 
49 457
457 693
49 286
316 566 
316 566
199 306 570 391 
199 306
306 391
199 570
700 758 557 367 193 150 
700 758
367 150
758 557
193 150
758 367
26 61 480 168 
26 168
26 480
26 61
328 538 299 310 342 502 51 40 75 497 430 181 128 231 681 
328 538
299 328
310 538
342 299
502 342
51 299
40 342
75 502
497 40
430 51
181 497
128 75
231 128
681 181
21 33 724 289 466 657 
21 724
33 289
21 657
33 724
289 466
198 435 249 373 17 
198 435
249 17
198 249
198 373
153 301 
153 301
547 667 
547 667
273 610 422 335 370 720 682 589 412 169 5 
273 610
422 273
335 273
370 610
720 422
682 335
589 720
412 335
169 610
5 589
294 634 447 633 437 223 
294 634
633 437
634 633
294 223
294 447
98 414 82 674 464 38 639 616 
98 414
414 82
82 674
674 616
464 38
98 464
674 639
585 797 
585 797
602 751 525 514 88 227 337 237 
602 751
337 237
602 514
227 337
514 88
751 227
525 227
695 773 491 424 134 727 48 
695 491
695 773
727 48
134 727
773 424
424 727
325 772 146 
325 146
325 772
42 472 567 471 583 296 677 
472 296
42 472
583 296
567 677
583 677
42 471
524 784 696 70 489 438 
524 784
696 70
70 489
696 438
524 696
262 679 649 80 
649 80
262 649
262 679
252 699 
252 699
44 
265 694 621 232 244 
265 694
694 232
621 232
265 244
185 188 125 165 3 560 350 390 744 213 555 601 520 14 374 593 684 461 522 60 755 603 450 65 467 307 29 
185 188
125 188
165 185
3 165
560 188
350 560
390 560
744 125
213 560
555 125
601 555
520 601
14 744
374 601
593 3
684 593
461 593
522 374
60 522
755 60
603 60
450 684
65 601
467 213
307 593
29 450
340 766 348 32 709 120 77 156 
340 348
120 77
766 348
77 156
766 32
32 120
340 709
46 216 155 
46 216
216 155
