? 8 423 656 240 352 741 264 584 238 
? 8 750 783 210 637 256 795 323 393 
? 8 419 553 775 163 226 615 341 79 
? 8 98 414 82 674 231 38 464 616 
? 8 148 644 334 23 152 102 645 519 
? 8 328 538 299 310 502 342 40 497 
? 8 47 562 561 496 124 206 558 308 
? 7 380 530 415 187 80 26 61 
? 7 217 258 253 107 688 271 139 
? 7 55 261 83 268 110 4 670 
? 7 455 586 67 197 660 672 368 
? 7 420 444 52 336 167 212 81 
? 7 512 768 225 301 371 611 302 
? 6 642 793 704 662 303 723 
? 6 283 446 314 221 309 580 
? 6 711 770 591 179 486 35 
? 6 362 747 19 620 64 166 
? 6 507 640 46 216 777 155 
? 6 563 647 779 669 184 421 
? 6 131 445 539 732 488 794 
? 6 36 728 458 129 730 28 
? 5 145 465 392 37 790 
? 5 534 650 545 698 435 
? 5 89 318 87 228 277 
? 5 492 655 112 604 85 
? 5 290 733 385 182 330 
? 5 543 564 349 9 381 
? 5 50 635 137 796 263 
? 5 267 789 304 250 66 
? 5 498 533 776 142 501 
? 4 599 778 130 437 
? 4 360 763 372 56 
? 4 294 633 634 447 
? 4 123 279 606 664 
? 4 161 592 452 384 
? 4 473 523 448 671 
? 4 624 707 203 400 
? 4 667 788 117 547 
? 4 628 743 411 72 
? 4 639 762 394 128 
? 4 700 758 557 367 
? 4 20 505 243 675 
? 4 49 457 693 685 
? 3 403 572 431 
? 3 573 761 483 
? 3 198 249 17 
? 3 84 548 71 
? 3 482 749 756 
? 3 6 569 425 
? 3 224 432 62 
? 3 232 621 91 
? 3 114 150 193 
? 3 527 576 297 
? 3 311 397 494 
? 3 175 787 183 
? 3 223 745 752 
? 3 164 413 138 
? 3 427 661 652 
? 3 10 715 463 
!
799 
740 
10 715 463 
10 715
715 463
427 661 652 
427 661
427 652
201 676 
201 676
684 
542 585 
542 585
281 600 122 453 757 609 665 196 454 
281 600
122 600
453 281
757 453
609 122
665 757
196 122
454 609
649 
298 643 
298 643
469 510 319 220 706 151 34 383 285 41 
469 510
319 469
220 469
706 510
151 706
34 151
383 220
285 34
41 151
428 578 307 418 332 691 593 461 162 
428 578
307 578
418 428
332 418
691 418
593 307
461 593
162 332
540 648 551 361 24 292 481 653 549 363 388 93 478 654 13 172 
540 648
551 648
361 540
24 540
292 361
481 24
653 292
549 653
363 292
388 481
93 388
478 363
654 653
13 481
172 363
47 562 561 496 124 206 558 308 
562 561
496 206
47 561
47 206
47 124
206 558
496 308
49 457 693 685 
457 685
49 457
457 693
36 728 458 129 730 28 
728 730
728 129
36 28
36 458
36 728
20 505 243 675 
505 675
20 505
505 243
498 533 776 142 501 
498 776
776 501
776 142
533 776
517 
512 768 225 301 371 611 302 
512 768
512 301
611 302
768 225
371 302
512 611
513 
282 402 140 324 721 278 459 111 113 
282 402
140 282
324 140
721 282
278 324
459 324
111 402
113 278
468 
157 646 651 126 598 680 595 631 722 717 
157 646
651 157
126 646
598 646
680 651
595 651
631 680
722 598
717 722
204 568 
204 568
537 710 623 275 632 260 219 234 659 556 53 
537 710
623 537
275 623
632 537
260 275
219 537
234 275
659 234
556 219
53 556
420 444 52 336 167 212 81 
336 212
52 167
420 52
167 212
444 52
212 81
718 769 31 78 246 499 178 305 209 214 
718 769
31 769
78 718
246 31
499 246
178 718
305 246
209 305
214 178
357 765 407 170 772 738 325 780 27 526 272 146 
357 765
407 765
170 357
772 170
738 170
325 772
780 407
27 780
526 738
272 738
146 325
164 413 138 
164 413
164 138
73 259 618 354 63 168 480 386 636 
73 259
618 259
354 259
63 73
168 73
480 354
386 63
636 386
514 753 
514 753
267 789 304 250 66 
789 250
267 789
267 66
267 304
340 766 43 32 348 326 594 709 158 291 746 120 759 408 192 485 767 133 754 77 247 774 760 735 276 
340 766
43 340
32 766
348 32
326 43
594 348
709 326
158 709
291 594
746 594
120 348
759 326
408 746
192 43
485 158
767 759
133 192
754 120
77 120
247 759
774 754
760 746
735 767
276 485
375 490 401 781 132 174 782 426 160 705 322 
375 490
401 490
781 401
132 781
174 375
782 174
426 174
160 132
705 132
322 782
223 745 752 
223 745
745 752
131 445 539 732 488 794 
131 539
539 732
131 445
445 794
488 794
236 484 708 351 476 532 1 588 30 115 509 106 
236 484
708 484
351 236
476 708
532 476
1 532
588 532
30 532
115 236
509 532
106 115
233 406 
233 406
86 462 54 269 771 248 638 508 101 500 
86 462
54 86
269 462
771 462
248 269
638 269
508 248
101 638
500 101
460 
373 409 
373 409
50 635 137 796 263 
50 635
635 137
50 796
50 263
175 787 183 
175 787
787 183
700 758 557 367 
700 758
758 557
758 367
331 405 641 97 118 44 493 100 666 625 544 477 791 11 474 300 626 
331 405
641 405
97 641
118 331
44 118
493 641
100 493
666 118
625 44
544 625
477 118
791 477
11 477
474 666
300 625
626 300
60 755 522 603 374 520 601 555 629 65 697 529 376 125 390 350 518 333 359 188 213 560 96 744 185 14 345 764 355 165 467 3 312 608 689 
60 755
522 60
603 60
374 603
520 522
601 520
555 601
629 603
65 520
697 65
529 697
376 529
125 601
390 555
350 390
518 376
333 518
359 376
188 125
213 350
560 213
96 529
744 125
185 188
14 744
345 359
764 96
355 764
165 185
467 213
3 165
312 345
608 467
689 608
436 
404 528 186 433 12 194 391 199 416 306 479 792 365 739 295 570 
404 528
186 528
433 404
12 433
194 186
391 12
199 186
416 12
306 199
479 391
792 416
365 194
739 416
295 365
570 306
455 586 67 197 660 672 368 
455 586
197 660
67 197
67 368
586 660
455 672
582 658 
582 658
311 397 494 
311 397
397 494
639 762 394 128 
394 128
639 762
639 394
527 576 297 
576 297
527 576
382 678 
382 678
628 743 411 72 
628 743
743 411
411 72
207 442 429 683 503 235 612 630 590 159 531 222 320 59 
207 442
429 207
683 207
503 442
235 429
612 503
630 683
590 235
159 503
531 630
222 235
320 630
59 222
667 788 117 547 
667 788
117 547
667 117
410 
114 150 193 
114 150
150 193
624 707 203 400 
624 707
707 203
203 400
328 538 299 310 502 342 40 497 
342 40
328 538
502 342
328 342
538 310
40 497
328 299
543 564 349 9 381 
543 564
9 381
543 349
349 9
491 734 
491 734
232 621 91 
621 91
232 621
15 208 726 456 395 74 287 229 713 719 668 127 552 58 
15 208
726 208
456 726
395 456
74 208
287 74
229 456
713 229
719 229
668 713
127 668
552 719
58 713
290 733 385 182 330 
290 733
182 330
733 182
733 385
148 644 334 23 152 102 645 519 
148 334
148 644
152 645
23 152
644 23
645 519
334 102
313 
366 451 
366 451
536 546 673 378 521 470 284 597 736 154 2 176 550 315 440 242 16 321 149 702 316 
536 546
673 546
378 546
521 378
470 536
284 673
597 521
736 470
154 736
2 470
176 597
550 378
315 2
440 597
242 284
16 550
321 736
149 550
702 242
316 2
119 141 
119 141
353 581 627 358 347 785 622 566 156 274 68 725 171 
353 581
627 353
358 627
347 358
785 347
622 581
566 622
156 622
274 622
68 274
725 68
171 566
286 
136 344 105 571 39 99 8 195 703 613 487 200 289 724 244 430 265 21 466 33 254 737 218 230 181 694 51 0 681 389 
136 344
105 344
571 136
39 344
99 571
8 99
195 8
703 571
613 703
487 105
200 487
289 703
724 289
244 39
430 195
265 244
21 724
466 21
33 466
254 487
737 289
218 254
230 254
181 430
694 265
51 430
0 218
681 181
389 737
473 523 448 671 
473 448
473 523
473 671
255 
224 432 62 
432 62
224 432
6 569 425 
569 425
6 569
273 422 610 370 335 720 589 682 412 5 169 215 699 506 495 90 317 252 356 686 605 511 346 579 266 95 
273 422
610 273
370 610
335 273
720 370
589 720
682 335
412 335
5 589
169 370
215 682
699 215
506 169
495 412
90 506
317 506
252 699
356 5
686 495
605 90
511 317
346 605
579 686
266 579
95 511
190 
161 592 452 384 
161 592
592 384
452 384
482 749 756 
482 756
482 749
153 
147 
84 548 71 
84 548
548 71
98 414 82 674 231 38 464 616 
98 414
414 82
82 674
674 616
674 231
38 464
98 464
690 716 516 574 270 329 364 343 607 434 103 748 692 797 587 
690 716
516 716
574 516
270 516
329 574
364 574
343 270
607 343
434 329
103 270
748 329
692 364
797 748
587 103
492 655 112 604 85 
112 604
492 112
492 655
655 85
563 647 779 669 184 421 
647 779
563 647
184 421
563 421
647 669
198 249 17 
249 17
198 249
507 640 46 216 777 155 
46 216
640 46
216 155
507 216
640 777
42 472 677 567 296 471 583 189 438 116 614 515 191 687 663 245 489 288 177 541 441 742 696 70 121 399 251 596 327 731 729 565 293 262 92 784 524 679 57 619 
42 472
677 472
567 677
296 472
471 42
583 296
189 296
438 583
116 189
614 189
515 567
191 471
687 471
663 116
245 663
489 245
288 687
177 663
541 288
441 177
742 245
696 489
70 696
121 541
399 70
251 441
596 515
327 288
731 696
729 596
565 251
293 121
262 327
92 742
784 731
524 784
679 262
57 293
619 57
75 
55 261 83 268 110 4 670 
261 83
55 261
110 670
83 4
261 268
55 110
89 318 87 228 277 
89 87
318 87
318 277
318 228
123 279 606 664 
123 279
123 606
279 664
104 173 
104 173
294 633 634 447 
294 634
633 634
294 447
362 747 19 620 64 166 
362 747
620 166
747 19
19 620
747 64
360 763 372 56 
360 763
763 372
372 56
109 712 727 396 559 424 48 450 205 369 29 695 134 714 773 
109 712
727 712
396 109
559 712
424 727
48 727
450 396
205 396
369 559
29 450
695 424
134 48
714 205
773 695
711 770 591 179 486 35 
711 591
770 591
591 179
179 35
770 486
534 650 545 698 435 
534 650
545 698
650 545
698 435
617 798 
617 798
25 339 
25 339
237 337 439 227 751 602 525 443 257 535 88 
237 337
439 337
227 237
751 227
602 751
525 227
443 227
257 443
535 443
88 602
283 446 314 221 309 580 
446 314
283 221
314 221
446 309
283 580
419 553 775 163 226 615 341 79 
226 615
419 553
341 79
419 775
419 163
775 341
553 226
22 135 
22 135
750 783 210 637 256 795 323 393 
750 783
783 210
795 393
256 795
637 256
210 256
795 323
217 258 253 107 688 271 139 
107 688
217 258
258 107
217 253
253 139
271 139
573 761 483 
573 761
573 483
380 530 415 187 80 26 61 
380 415
530 415
26 61
80 61
530 187
380 61
642 793 704 662 303 723 
642 793
642 303
704 723
793 704
793 662
599 778 130 437 
130 437
599 437
599 778
475 657 
475 657
69 
145 465 392 37 790 
145 465
145 392
145 790
465 37
143 180 202 504 338 18 387 76 108 379 211 280 239 554 7 577 94 45 575 144 417 449 786 701 398 377 241 
143 180
202 143
504 202
338 202
18 180
387 338
76 18
108 504
379 108
211 76
280 108
239 211
554 239
7 211
577 211
94 577
45 280
575 45
144 379
417 575
449 144
786 7
701 7
398 387
377 280
241 554
423 656 240 352 741 264 584 238 
423 656
352 584
423 352
264 584
741 238
423 741
656 240
403 572 431 
403 572
572 431
