? 8 42 472 677 296 567 438 583 189 
? 8 453 757 665 281 600 431 298 330 
? 8 360 763 372 272 56 738 526 756 
? 8 21 33 289 466 724 657 703 475 
? 8 181 681 543 497 564 8 349 342 
? 8 273 422 610 370 335 589 682 412 
? 8 718 769 31 246 178 305 499 78 
? 7 52 420 444 336 167 212 144 
? 7 358 627 353 581 347 785 417 
? 7 88 514 149 550 525 6 154 
? 7 667 788 547 117 153 301 28 
? 7 326 709 158 32 767 77 315 
? 7 395 456 726 208 15 229 287 
? 6 418 691 714 205 332 369 
? 6 546 673 536 470 2 736 
? 6 623 710 275 537 260 632 
? 6 143 180 338 202 504 387 
? 6 787 790 465 147 392 409 
? 6 294 634 437 633 447 130 
? 6 11 477 791 118 474 313 
? 6 49 457 693 685 286 201 
? 5 265 694 232 621 91 
? 5 109 712 727 559 48 
? 5 84 548 53 385 71 
? 5 198 249 435 17 373 
? 5 123 279 664 425 513 
? 5 366 371 302 339 512 
? 5 55 83 261 110 670 
? 5 150 367 193 700 204 
? 5 262 679 649 80 675 
? 4 324 459 278 402 
? 4 225 768 570 611 
? 4 411 659 234 72 
? 4 492 655 81 266 
? 4 99 571 613 737 
? 4 41 151 486 748 
? 4 156 622 754 566 
? 4 501 798 162 578 
? 4 534 650 575 535 
? 4 311 397 552 494 
? 4 96 764 355 729 
? 4 106 115 219 556 
? 4 482 749 64 170 
? 3 345 359 312 
? 3 215 699 252 
? 3 85 585 797 
? 3 107 688 732 
? 3 155 406 46 
? 3 182 290 733 
? 3 639 762 394 
? 3 138 164 4 
? 3 257 436 443 
? 3 579 686 112 
? 3 13 568 388 
? 3 216 507 233 
? 3 93 224 432 
? 3 113 740 721 
? 3 557 758 413 
? 3 116 663 614 
!
676 
666 
116 663 614 
116 663
663 614
557 758 413 
557 758
557 413
244 410 
244 410
596 
57 243 
57 243
563 647 779 669 381 184 421 9 451 
563 647
779 563
669 647
381 647
184 779
421 184
9 381
451 184
591 
25 728 
25 728
98 414 82 674 231 38 616 40 464 128 
98 414
82 98
674 82
231 674
38 98
616 674
40 414
464 38
128 231
695 773 491 424 35 734 608 689 134 
695 773
491 773
424 695
35 491
734 491
608 734
689 734
134 424
455 586 67 176 197 660 672 368 16 521 778 753 114 599 378 223 
455 586
67 455
176 455
197 67
660 197
672 67
368 660
16 176
521 176
778 672
753 16
114 368
599 778
378 521
223 599
718 769 31 246 178 305 499 78 
718 769
31 246
769 31
31 305
178 78
31 499
718 78
482 749 64 170 
482 749
64 170
749 64
49 457 693 685 286 201 
457 685
49 457
457 693
693 201
49 286
106 115 219 556 
106 115
219 556
115 219
262 679 649 80 675 
649 80
262 649
262 679
262 675
569 
395 456 726 208 15 229 287 
395 726
395 208
208 15
208 287
456 726
15 229
468 
267 304 789 250 66 458 730 36 129 
267 304
789 267
250 789
66 789
458 250
730 304
36 458
129 730
463 
126 760 291 774 594 348 340 766 120 43 
126 760
291 760
774 291
594 291
348 594
340 348
766 340
120 348
43 340
255 719 
255 719
89 318 87 228 172 277 403 643 572 799 478 
89 318
87 318
228 318
172 228
277 87
403 89
643 89
572 403
799 228
478 572
326 709 158 32 767 77 315 
326 709
709 158
32 77
709 32
326 767
77 315
288 541 687 121 327 191 619 471 293 515 
288 541
687 541
121 541
327 288
191 687
619 327
471 191
293 121
515 687
237 337 739 439 416 227 602 12 792 751 433 295 
237 337
739 337
439 739
416 739
227 237
602 227
12 416
792 739
751 602
433 12
295 433
113 740 721 
113 740
113 721
186 404 528 194 199 391 306 479 365 
186 404
528 186
194 186
199 404
391 528
306 199
479 306
365 194
5 356 
5 356
150 367 193 700 204 
150 367
150 193
367 700
367 204
100 493 92 641 626 625 97 399 405 44 731 742 331 544 70 628 300 524 696 245 743 784 489 177 251 
100 493
92 100
641 493
626 493
625 626
97 641
399 92
405 641
44 625
731 399
742 399
331 405
544 625
70 399
628 626
300 628
524 731
696 399
245 742
743 628
784 524
489 696
177 245
251 177
361 540 292 648 551 24 653 363 481 549 654 
361 540
292 361
648 540
551 361
24 540
653 292
363 292
481 24
549 653
654 653
93 224 432 
93 224
93 432
11 477 791 118 474 313 
11 477
11 474
118 474
477 791
11 313
419 553 775 163 615 226 341 209 79 362 175 183 
419 553
775 553
163 775
615 553
226 553
341 775
209 163
79 341
362 615
175 79
183 79
582 658 
582 658
47 561 496 562 206 124 558 37 145 308 
47 561
496 47
562 47
206 496
124 562
558 206
37 561
145 37
308 206
441 
104 565 
104 565
55 83 261 110 670 
83 261
55 261
110 670
55 110
216 507 233 
507 233
216 507
96 764 355 729 
96 764
764 729
96 355
50 635 317 511 796 605 263 398 69 506 95 765 90 357 720 325 169 
50 635
317 635
511 50
796 511
605 317
263 50
398 796
69 398
506 605
95 796
765 263
90 506
357 765
720 317
325 765
169 90
185 188 125 3 165 390 560 350 213 744 601 555 520 14 374 684 461 755 522 60 593 603 65 467 450 29 333 307 697 518 529 376 629 428 396 
185 188
125 188
3 185
165 3
390 188
560 390
350 560
213 390
744 125
601 390
555 601
520 601
14 744
374 555
684 213
461 684
755 374
522 520
60 522
593 461
603 60
65 522
467 213
450 684
29 450
333 65
307 593
697 65
518 333
529 697
376 697
629 603
428 307
396 450
427 
264 352 415 656 584 678 380 530 423 26 238 187 240 61 179 168 
264 352
415 264
656 352
584 352
678 264
380 415
530 380
423 656
26 415
238 584
187 584
240 423
61 26
179 238
168 26
667 788 547 117 153 301 28 
667 788
788 153
547 117
667 117
153 301
788 28
517 723 
517 723
13 568 388 
13 568
568 388
311 397 552 494 
311 397
397 494
397 552
579 686 112 
579 686
579 112
495 604 
495 604
534 650 575 535 
534 650
534 575
534 535
631 680 220 383 651 595 157 510 646 741 711 285 34 770 
631 680
220 631
383 631
651 680
595 651
157 651
510 220
646 157
741 383
711 383
285 711
34 285
770 285
501 798 162 578 
501 798
162 578
798 162
389 
257 436 443 
257 443
436 443
156 622 754 566 
156 622
622 754
156 566
273 422 610 370 335 589 682 412 
273 610
422 335
422 610
335 682
422 370
273 589
335 412
366 371 302 339 512 
302 339
366 371
366 302
302 512
75 502 
75 502
138 164 4 
138 164
164 4
73 259 618 354 63 480 386 636 173 382 133 192 408 746 
73 259
618 259
354 259
63 73
480 354
386 63
636 386
173 354
382 63
133 636
192 636
408 382
746 408
123 279 664 425 513 
123 279
123 513
279 664
664 425
181 681 543 497 564 8 349 342 
181 681
543 564
681 564
181 497
543 349
497 342
681 8
379 
20 505 
20 505
0 218 254 487 200 671 230 473 460 448 523 105 344 136 538 310 328 195 51 430 39 
0 218
254 218
487 254
200 487
671 0
230 254
473 230
460 671
448 473
523 473
105 200
344 105
136 344
538 200
310 538
328 538
195 105
51 328
430 51
39 344
62 268 
62 268
101 638 500 269 248 527 606 86 576 54 508 462 771 
101 638
500 101
269 638
248 269
527 248
606 101
86 269
576 527
54 86
508 576
462 54
771 86
299 
30 532 588 509 573 761 476 1 708 483 161 58 452 484 592 236 303 351 196 642 384 793 713 662 668 454 704 127 122 609 
30 532
588 30
509 30
573 588
761 573
476 509
1 761
708 1
483 573
161 761
58 483
452 161
484 708
592 161
236 484
303 592
351 236
196 303
642 303
384 452
793 642
713 483
662 642
668 713
454 642
704 454
127 668
122 196
609 454
41 151 486 748 
41 151
41 486
41 748
297 
639 762 394 
639 762
639 394
182 290 733 
290 733
182 733
393 624 795 707 256 139 203 794 271 210 637 488 780 253 27 445 400 323 137 131 783 750 258 346 407 539 
393 624
795 393
707 393
256 795
139 707
203 624
794 203
271 139
210 256
637 210
488 794
780 203
253 637
27 780
445 271
400 27
323 795
137 323
131 445
783 210
750 783
258 253
346 323
407 27
539 445
217 
99 571 613 737 
99 571
571 613
613 737
155 406 46 
155 406
155 46
214 
190 
107 688 732 
107 688
107 732
21 33 289 466 724 657 703 475 
21 724
33 289
466 703
21 657
33 724
724 475
289 466
221 314 446 580 283 111 309 542 498 776 533 617 142 140 282 
221 314
446 221
580 314
283 446
111 314
309 283
542 283
498 580
776 498
533 498
617 309
142 498
140 111
282 140
198 249 435 17 373 
198 435
249 17
198 249
198 373
294 634 437 633 447 130 
437 130
294 634
437 633
634 437
294 447
85 585 797 
85 585
585 797
787 790 465 147 392 409 
787 465
465 392
787 790
790 147
392 409
207 442 429 683 235 612 630 503 590 159 531 242 702 222 102 519 59 148 652 334 320 644 752 119 284 440 777 276 247 485 23 735 141 661 597 152 759 640 645 745 
207 442
429 207
683 429
235 429
612 442
630 683
503 612
590 429
159 503
531 630
242 159
702 242
222 590
102 702
519 235
59 519
148 531
652 519
334 630
320 148
644 320
752 159
119 652
284 242
440 102
777 652
276 334
247 148
485 276
23 247
735 23
141 119
661 59
597 440
152 23
759 247
640 777
645 152
745 141
171 
88 514 149 550 525 6 154 
149 6
88 514
88 149
88 550
514 525
514 154
84 548 53 385 71 
84 385
548 53
548 385
53 71
492 655 81 266 
655 266
81 266
492 655
10 715 
10 715
411 659 234 72 
411 659
659 234
411 72
143 180 338 202 504 387 
143 202
202 504
143 180
338 504
338 387
225 768 570 611 
225 768
225 570
768 611
211 577 94 239 786 7 554 241 76 545 166 620 18 701 698 
211 577
94 577
239 211
786 577
7 786
554 239
241 554
76 7
545 241
166 786
620 166
18 76
701 620
698 545
623 710 275 537 260 632 
275 537
623 537
275 260
623 710
710 632
109 712 727 559 48 
727 48
712 559
109 712
109 48
146 772 
146 772
19 747 
19 747
375 490 401 781 132 174 782 426 160 322 705 
375 490
401 490
781 401
132 401
174 375
782 174
426 174
160 132
322 782
705 132
546 673 536 470 2 736 
546 673
470 736
546 470
546 536
470 2
360 763 372 272 56 738 526 756 
272 526
360 763
763 372
763 526
372 56
360 756
272 738
316 321 
316 321
453 757 665 281 600 431 298 330 
757 665
453 281
453 665
281 600
453 431
431 330
600 298
358 627 353 581 347 785 417 
358 347
358 627
358 581
627 353
347 785
785 417
215 699 252 
215 252
215 699
52 420 444 336 167 212 144 
336 212
52 167
52 420
167 212
52 444
420 144
418 691 714 205 332 369 
418 691
714 205
691 714
205 369
691 332
324 459 278 402 
324 402
459 278
324 459
22 135 
22 135
74 
265 694 232 621 91 
621 91
265 694
694 232
232 621
343 607 516 716 270 103 690 377 574 725 280 587 68 274 364 598 449 717 722 329 319 108 434 692 45 469 706 
343 607
516 343
716 516
270 516
103 270
690 716
377 690
574 690
725 103
280 377
587 103
68 725
274 68
364 574
598 68
449 377
717 68
722 717
329 574
319 587
108 449
434 329
692 364
45 280
469 319
706 692
42 472 677 296 567 438 583 189 
472 296
42 472
296 583
677 567
677 583
472 189
438 583
345 359 312 
345 359
359 312
