? 8 47 561 562 496 206 124 308 558 
? 8 288 541 191 687 121 327 471 619 
? 8 267 789 250 66 676 117 788 28 
? 8 264 352 380 656 530 584 415 26 
? 8 395 726 456 208 15 74 287 229 
? 8 21 33 466 724 289 657 703 737 
? 8 695 773 491 424 35 134 109 179 
? 7 52 420 336 444 167 212 81 
? 7 181 681 543 430 497 564 51 
? 7 700 758 557 193 367 54 150 
? 7 325 772 146 64 357 765 263 
? 7 366 371 302 475 339 451 768 
? 7 750 783 346 90 605 506 323 
? 6 358 627 581 347 785 417 
? 6 12 391 433 479 528 404 
? 6 294 634 633 437 223 447 
? 6 145 465 392 37 409 17 
? 6 136 344 105 39 99 571 
? 6 328 538 299 310 75 195 
? 6 156 622 77 566 32 316 
? 6 546 673 536 378 521 470 
? 5 411 659 234 275 72 
? 5 50 635 137 317 796 
? 5 232 694 265 389 244 
? 5 186 194 199 365 306 
? 5 217 258 253 107 688 
? 5 198 435 249 373 535 
? 5 355 764 596 729 629 
? 5 144 379 387 356 797 
? 5 182 330 290 733 233 
? 4 599 778 130 745 
? 4 262 679 649 80 
? 4 116 663 189 296 
? 4 49 457 685 246 
? 4 154 736 321 171 
? 4 85 585 748 655 
? 4 93 224 432 62 
? 4 2 315 709 436 
? 4 11 477 474 791 
? 4 591 770 238 48 
? 4 311 397 552 255 
? 4 472 677 42 567 
? 4 131 445 732 539 
? 3 623 710 260 
? 3 514 550 149 
? 3 438 583 614 
? 3 381 576 9 
? 3 257 443 525 
? 3 112 266 495 
? 3 22 135 178 
? 3 46 216 507 
? 3 41 151 486 
? 3 201 693 214 
? 3 25 611 301 
? 3 533 776 617 
? 3 61 480 168 
? 3 215 699 252 
? 3 13 568 204 
? 3 10 715 407 
!
719 
686 
10 715 407 
10 715
10 407
13 568 204 
13 568
13 204
286 499 
286 499
678 
69 511 
69 511
455 586 176 67 197 672 660 368 16 
455 586
176 455
67 455
197 67
672 586
660 197
368 660
16 176
675 
8 613 
8 613
375 490 401 174 782 426 322 664 425 570 
375 490
401 375
174 375
782 174
426 174
322 782
664 322
425 322
570 174
237 337 739 416 439 751 227 792 602 
237 337
739 337
416 739
439 739
751 337
227 751
792 416
602 751
98 414 82 674 231 464 38 40 616 349 639 762 128 342 394 502 
98 414
82 414
674 82
231 674
464 98
38 464
40 414
616 674
349 464
639 674
762 639
128 231
342 40
394 616
502 342
695 773 491 424 35 134 109 179 
695 491
695 773
773 424
134 179
424 134
491 35
424 109
131 445 732 539 
131 539
732 539
131 445
546 673 536 378 521 470 
546 673
536 378
546 470
673 378
536 521
472 677 42 567 
472 42
677 567
677 42
182 330 290 733 233 
290 733
182 330
182 733
290 233
666 
750 783 346 90 605 506 323 
90 506
750 783
346 605
605 506
783 605
346 323
658 
129 730 728 36 410 91 458 621 304 
129 730
728 129
36 728
410 730
91 730
458 36
621 91
304 728
559 
563 647 779 705 160 132 184 669 421 781 
563 647
779 563
705 647
160 647
132 160
184 160
669 705
421 184
781 132
281 431 
281 431
53 556 219 84 548 71 632 427 385 537 723 
53 556
219 556
84 53
548 84
71 53
632 53
427 632
385 548
537 632
723 71
366 371 302 475 339 451 768 
302 339
366 451
371 451
475 451
366 302
371 768
0 218 254 200 671 487 230 473 448 460 
0 218
254 218
200 0
671 0
487 200
230 254
473 230
448 473
460 671
126 760 746 408 291 594 382 766 340 348 120 754 
126 760
746 760
408 746
291 408
594 291
382 408
766 594
340 766
348 766
120 348
754 120
215 699 252 
215 252
215 699
55 83 110 261 268 670 4 138 164 
55 83
110 83
261 83
268 83
670 83
4 261
138 261
164 4
88 753 
88 753
144 379 387 356 797 
144 379
379 387
379 356
144 797
185 188 125 3 165 350 390 560 213 744 601 555 520 14 374 522 461 684 593 60 603 755 467 65 450 
185 188
125 188
3 185
165 3
350 188
390 350
560 390
213 560
744 125
601 125
555 601
520 601
14 744
374 555
522 555
461 3
684 461
593 461
60 522
603 374
755 603
467 213
65 520
450 684
273 422 610 335 720 370 682 589 412 5 169 
273 422
610 273
335 273
720 422
370 610
682 335
589 720
412 335
5 589
169 610
61 480 168 
61 480
480 168
156 622 77 566 32 316 
156 622
156 77
566 316
77 32
156 566
89 318 87 228 277 403 643 799 494 665 757 453 
89 318
87 89
228 318
277 87
403 89
643 89
799 277
494 643
665 403
757 665
453 757
190 413 
190 413
101 638 500 269 248 527 86 462 606 508 
101 638
500 638
269 638
248 269
527 248
86 269
462 269
606 101
508 248
523 
712 727 
712 727
355 764 596 729 629 
764 729
355 764
764 596
355 629
533 776 617 
533 776
776 617
311 397 552 255 
311 397
397 552
552 255
333 518 359 376 529 697 689 608 312 345 734 293 57 243 20 505 96 
333 518
359 518
376 359
529 376
697 529
689 333
608 689
312 359
345 359
734 689
293 312
57 293
243 734
20 57
505 20
96 376
30 532 588 509 573 476 761 1 708 483 161 452 58 484 592 303 236 351 793 196 384 642 713 662 454 668 704 122 127 609 115 517 298 106 600 
30 532
588 30
509 532
573 588
476 509
761 588
1 588
708 1
483 509
161 573
452 161
58 483
484 708
592 161
303 592
236 484
351 236
793 1
196 592
384 452
642 793
713 452
662 793
454 642
668 713
704 642
122 196
127 668
609 704
115 662
517 662
298 384
106 115
600 122
515 
419 553 163 775 615 209 341 362 79 175 747 787 305 31 790 769 
419 553
163 553
775 553
615 553
209 775
341 775
362 615
79 341
175 79
747 362
787 79
305 209
31 305
790 787
769 31
325 772 146 64 357 765 263 
325 146
325 772
357 765
772 64
357 263
146 263
441 565 
441 565
25 611 301 
25 611
611 301
591 770 238 48 
591 238
591 770
591 48
201 693 214 
201 693
201 214
297 771 
297 771
11 477 474 791 
11 477
11 474
477 791
631 680 220 383 651 157 595 646 741 285 711 34 423 240 
631 680
220 631
383 631
651 680
157 651
595 651
646 157
741 383
285 220
711 285
34 285
423 595
240 595
2 315 709 436 
2 315
2 436
315 709
513 
41 151 486 
41 151
41 486
93 224 432 62 
432 62
93 224
93 432
21 33 466 724 289 657 703 737 
21 724
33 289
466 703
21 657
33 724
289 737
466 289
198 435 249 373 535 
198 435
198 249
198 373
373 535
123 279 
123 279
46 216 507 
46 216
216 507
428 578 307 332 418 205 691 714 29 162 396 369 798 501 
428 578
307 428
332 428
418 332
205 418
691 418
714 691
29 205
162 332
396 29
369 714
798 369
501 798
217 258 253 107 688 
107 688
217 258
258 107
217 253
395 726 456 208 15 74 287 229 
395 726
395 208
74 287
208 15
208 287
726 456
15 229
468 
104 173 
104 173
282 402 140 324 721 278 459 111 113 314 580 446 221 542 283 740 142 604 498 579 492 
282 402
140 282
324 140
721 282
278 324
459 324
111 282
113 278
314 111
580 314
446 314
221 314
542 446
283 446
740 113
142 111
604 459
498 142
579 604
492 604
225 512 
225 512
360 763 372 272 56 526 738 756 482 582 463 170 749 
360 763
372 763
272 360
56 372
526 360
738 272
756 360
482 756
582 372
463 526
170 738
749 482
354 
343 607 690 103 270 716 516 377 574 725 587 280 68 274 364 598 329 449 722 717 434 319 353 108 692 774 469 706 45 510 
343 607
690 343
103 343
270 690
716 690
516 690
377 343
574 716
725 103
587 103
280 377
68 725
274 725
364 270
598 725
329 574
449 377
722 598
717 722
434 329
319 587
353 274
108 449
692 364
774 717
469 319
706 692
45 280
510 469
85 585 748 655 
585 748
85 585
85 655
313 
22 135 178 
22 135
135 178
112 266 495 
112 266
112 495
100 493 92 641 626 44 399 625 97 405 742 331 300 731 70 628 524 544 245 743 489 696 784 177 251 118 
100 493
92 100
641 493
626 493
44 641
399 100
625 44
97 641
405 641
742 399
331 405
300 625
731 399
70 731
628 300
524 731
544 625
245 742
743 300
489 70
696 489
784 524
177 742
251 177
118 44
309 
154 736 321 171 
736 321
154 321
321 171
257 443 525 
257 525
443 525
295 
187 
381 576 9 
381 576
381 9
264 352 380 656 530 584 415 26 
530 584
264 415
264 380
352 530
584 415
352 656
264 26
393 624 795 707 256 139 794 203 271 210 637 488 780 27 400 
393 624
795 393
707 624
256 795
139 707
794 707
203 624
271 794
210 256
637 210
488 794
780 203
27 780
400 27
186 194 199 365 306 
186 194
199 306
194 365
186 199
328 538 299 310 75 195 
328 538
538 310
328 299
328 75
299 195
438 583 614 
438 583
583 614
136 344 105 39 99 571 
99 571
136 344
344 39
136 99
136 105
207 442 429 683 612 503 590 630 235 159 531 222 242 702 102 59 652 320 519 148 334 644 119 752 284 777 440 247 276 23 735 485 141 661 597 152 759 640 158 645 
207 442
429 442
683 207
612 442
503 612
590 429
630 683
235 429
159 503
531 630
222 235
242 159
702 242
102 702
59 222
652 612
320 531
519 59
148 531
334 320
644 320
119 652
752 159
284 242
777 652
440 102
247 148
276 334
23 247
735 23
485 276
141 119
661 59
597 440
152 23
759 247
640 777
158 759
645 152
153 
700 758 557 193 367 54 150 
700 758
367 150
758 557
193 150
700 54
758 367
232 694 265 389 244 
694 265
232 694
265 244
694 389
49 457 685 246 
49 246
457 685
49 457
547 667 
547 667
116 663 189 296 
663 189
116 663
116 296
145 465 392 37 409 17 
145 465
145 392
465 37
409 17
392 409
262 679 649 80 
649 80
262 649
262 679
361 540 648 292 24 551 549 653 481 363 654 478 388 172 572 
361 540
648 540
292 361
24 540
551 648
549 292
653 549
481 24
363 292
654 653
478 363
388 481
172 363
572 478
294 634 633 437 223 447 
294 634
633 437
634 633
294 223
294 447
50 635 137 317 796 
50 635
635 317
635 137
50 796
95 398 
95 398
78 718 
78 718
386 636 133 192 618 73 63 767 259 43 326 
386 636
133 636
192 133
618 386
73 618
63 73
767 133
259 73
43 192
326 43
12 391 433 479 528 404 
433 404
528 404
12 391
12 404
391 479
267 789 250 66 676 117 788 28 
789 250
267 789
267 66
66 676
66 117
117 788
250 28
155 406 
155 406
288 541 191 687 121 327 471 619 
288 541
191 687
191 471
541 687
288 327
288 121
288 619
181 681 543 430 497 564 51 
181 681
430 51
543 564
681 564
181 497
181 430
514 550 149 
550 149
514 149
52 420 336 444 167 212 81 
336 212
52 167
52 420
167 212
52 444
212 81
358 627 581 347 785 417 
358 347
358 627
358 581
347 785
785 417
599 778 130 745 
599 130
599 745
599 778
6 569 
6 569
114 
411 659 234 275 72 
411 659
659 234
234 275
411 72
211 577 94 239 554 786 7 241 545 166 76 18 620 701 698 143 180 19 650 534 202 504 183 338 147 226 575 
211 577
94 577
239 211
554 239
786 577
7 786
241 554
545 241
166 786
76 7
18 76
620 166
701 620
698 545
143 18
180 143
19 701
650 241
534 650
202 143
504 143
183 698
338 202
147 698
226 620
575 534
47 561 562 496 206 124 308 558 
561 562
496 206
47 561
47 206
47 124
206 558
496 308
623 710 260 
623 710
623 260
