!
0 1 2 3 
0 1
1 2
2 3
4 
5 6 7 8 9 10 
5 6
6 7
7 8
8 9
9 10
11 12 
11 12
13 
14 15 16 17 
14 15
15 16
16 17
18 19 
18 19
20 21 22 
20 21
21 22
23 24 25 26 
23 24
24 25
25 26
27 28 29 
27 28
28 29
30 31 32 33 34 
30 31
31 32
32 33
33 34
35 36 
35 36
37 38 39 40 
37 38
38 39
39 40
41 
42 43 44 45 46 
42 43
43 44
44 45
45 46
47 
48 49 50 
48 49
49 50
51 
52 53 54 55 56 57 
52 53
53 54
54 55
55 56
56 57
58 59 
58 59
60 
61 62 63 64 65 66 
61 62
62 63
63 64
64 65
65 66
67 68 
67 68
69 70 71 72 73 74 75 
69 70
70 71
71 72
72 73
73 74
74 75
76 77 
76 77
78 79 80 81 
78 79
79 80
80 81
82 83 84 
82 83
83 84
85 86 87 88 89 90 91 92 93 94 95 96 
85 86
86 87
87 88
88 89
89 90
90 91
91 92
92 93
93 94
94 95
95 96
97 
98 99 
98 99
100 
101 102 
101 102
103 104 105 
103 104
104 105
106 
107 
108 
109 110 111 112 113 114 115 116 117 
109 110
110 111
111 112
112 113
113 114
114 115
115 116
116 117
118 119 120 
118 119
119 120
121 122 123 
121 122
122 123
124 125 126 127 
124 125
125 126
126 127
128 129 130 131 
128 129
129 130
130 131
132 133 
132 133
134 
135 136 137 138 139 140 141 142 143 144 145 
135 136
136 137
137 138
138 139
139 140
140 141
141 142
142 143
143 144
144 145
146 147 148 
146 147
147 148
149 150 151 152 153 
149 150
150 151
151 152
152 153
154 155 156 
154 155
155 156
157 158 159 160 
157 158
158 159
159 160
161 
162 
163 164 
163 164
165 166 167 168 169 170 171 172 
165 166
166 167
167 168
168 169
169 170
170 171
171 172
173 
174 175 176 
174 175
175 176
177 178 179 180 
177 178
178 179
179 180
181 182 183 184 185 
181 182
182 183
183 184
184 185
186 187 
186 187
188 189 190 191 192 193 194 195 196 197 198 
188 189
189 190
190 191
191 192
192 193
193 194
194 195
195 196
196 197
197 198
199 200 
199 200
201 
202 203 204 205 206 207 
202 203
203 204
204 205
205 206
206 207
208 209 210 211 212 213 214 
208 209
209 210
210 211
211 212
212 213
213 214
215 216 
215 216
217 
218 219 220 221 
218 219
219 220
220 221
222 223 
222 223
224 
225 226 227 228 
225 226
226 227
227 228
229 
230 
231 
232 233 234 235 236 
232 233
233 234
234 235
235 236
237 238 239 240 241 
237 238
238 239
239 240
240 241
242 243 244 245 
242 243
243 244
244 245
246 
247 
248 249 250 251 
248 249
249 250
250 251
252 253 254 255 256 257 258 259 
252 253
253 254
254 255
255 256
256 257
257 258
258 259
260 261 262 263 
260 261
261 262
262 263
264 
265 266 
265 266
267 
268 269 270 271 272 273 274 275 276 277 278 279 
268 269
269 270
270 271
271 272
272 273
273 274
274 275
275 276
276 277
277 278
278 279
280 281 282 283 284 285 286 
280 281
281 282
282 283
283 284
284 285
285 286
287 288 289 290 291 292 293 294 295 296 297 298 
287 288
288 289
289 290
290 291
291 292
292 293
293 294
294 295
295 296
296 297
297 298
299 300 301 302 303 304 
299 300
300 301
301 302
302 303
303 304
305 
306 
307 308 309 310 
307 308
308 309
309 310
311 312 313 314 315 316 317 318 319 320 321 322 323 324 325 
311 312
312 313
313 314
314 315
315 316
316 317
317 318
318 319
319 320
320 321
321 322
322 323
323 324
324 325
326 327 328 329 330 331 332 333 
326 327
327 328
328 329
329 330
330 331
331 332
332 333
334 335 
334 335
336 337 338 
336 337
337 338
339 340 341 
339 340
340 341
342 343 
342 343
344 345 346 
344 345
345 346
347 348 
347 348
349 
350 
351 
352 353 354 
352 353
353 354
355 356 357 358 359 
355 356
356 357
357 358
358 359
360 361 362 
360 361
361 362
363 
364 365 366 367 
364 365
365 366
366 367
368 
369 370 371 
369 370
370 371
372 
373 
374 
375 376 377 378 379 380 381 382 
375 376
376 377
377 378
378 379
379 380
380 381
381 382
383 384 385 
383 384
384 385
386 387 
386 387
388 389 390 391 392 393 394 
388 389
389 390
390 391
391 392
392 393
393 394
395 396 397 398 399 
395 396
396 397
397 398
398 399
400 401 
400 401
402 403 404 405 
402 403
403 404
404 405
406 407 408 409 410 411 412 413 414 415 
406 407
407 408
408 409
409 410
410 411
411 412
412 413
413 414
414 415
416 417 418 419 
416 417
417 418
418 419
420 421 422 423 
420 421
421 422
422 423
424 
425 
426 
427 428 429 430 
427 428
428 429
429 430
431 432 433 434 
431 432
432 433
433 434
435 
436 
437 438 439 
437 438
438 439
440 441 442 
440 441
441 442
443 444 
443 444
445 446 447 
445 446
446 447
448 449 450 451 452 453 454 455 456 457 
448 449
449 450
450 451
451 452
452 453
453 454
454 455
455 456
456 457
458 459 460 461 462 463 464 
458 459
459 460
460 461
461 462
462 463
463 464
465 466 
465 466
467 468 469 
467 468
468 469
470 471 472 473 474 475 476 477 478 479 480 481 482 483 484 485 486 
470 471
471 472
472 473
473 474
474 475
475 476
476 477
477 478
478 479
479 480
480 481
481 482
482 483
483 484
484 485
485 486
487 488 489 490 491 
487 488
488 489
489 490
490 491
492 493 494 495 
492 493
493 494
494 495
496 497 498 499 500 501 502 503 
496 497
497 498
498 499
499 500
500 501
501 502
502 503
504 505 
504 505
506 507 508 509 510 511 512 513 
506 507
507 508
508 509
509 510
510 511
511 512
512 513
514 515 516 517 518 519 520 521 
514 515
515 516
516 517
517 518
518 519
519 520
520 521
522 523 
522 523
524 
525 
526 527 528 529 530 
526 527
527 528
528 529
529 530
531 532 533 534 
531 532
532 533
533 534
535 536 537 
535 536
536 537
538 539 
538 539
540 
541 542 543 
541 542
542 543
544 545 546 547 
544 545
545 546
546 547
548 
549 550 
549 550
551 
552 553 554 555 556 557 558 559 560 561 562 
552 553
553 554
554 555
555 556
556 557
557 558
558 559
559 560
560 561
561 562
563 
564 565 566 567 568 569 570 571 572 573 574 
564 565
565 566
566 567
567 568
568 569
569 570
570 571
571 572
572 573
573 574
575 576 
575 576
577 578 579 580 581 582 583 584 585 586 
577 578
578 579
579 580
580 581
581 582
582 583
583 584
584 585
585 586
587 588 589 590 591 592 593 594 595 596 597 
587 588
588 589
589 590
590 591
591 592
592 593
593 594
594 595
595 596
596 597
598 599 600 601 602 603 604 605 606 607 608 609 610 611 
598 599
599 600
600 601
601 602
602 603
603 604
604 605
605 606
606 607
607 608
608 609
609 610
610 611
612 613 614 615 616 617 
612 613
613 614
614 615
615 616
616 617
618 619 620 621 
618 619
619 620
620 621
622 623 
622 623
624 
625 
626 
627 
628 
629 
630 631 632 633 
630 631
631 632
632 633
634 635 
634 635
636 637 638 639 
636 637
637 638
638 639
640 641 642 643 
640 641
641 642
642 643
644 645 
644 645
646 647 648 649 650 
646 647
647 648
648 649
649 650
651 652 653 
651 652
652 653
654 655 
654 655
656 657 658 659 660 661 662 
656 657
657 658
658 659
659 660
660 661
661 662
663 
664 665 666 667 668 669 670 671 672 673 674 
664 665
665 666
666 667
667 668
668 669
669 670
670 671
671 672
672 673
673 674
675 676 677 
675 676
676 677
678 679 680 681 682 683 684 
678 679
679 680
680 681
681 682
682 683
683 684
685 686 687 688 689 
685 686
686 687
687 688
688 689
690 691 
690 691
692 693 694 695 696 697 698 699 700 701 702 703 704 705 
692 693
693 694
694 695
695 696
696 697
697 698
698 699
699 700
700 701
701 702
702 703
703 704
704 705
706 707 708 709 710 711 
706 707
707 708
708 709
709 710
710 711
712 
713 
714 715 716 
714 715
715 716
717 718 719 720 721 
717 718
718 719
719 720
720 721
722 723 724 725 726 
722 723
723 724
724 725
725 726
727 728 729 730 
727 728
728 729
729 730
731 732 733 734 735 736 737 738 739 740 741 742 743 744 745 746 747 
731 732
732 733
733 734
734 735
735 736
736 737
737 738
738 739
739 740
740 741
741 742
742 743
743 744
744 745
745 746
746 747
748 749 750 751 752 753 754 
748 749
749 750
750 751
751 752
752 753
753 754
755 
756 
757 
758 759 
758 759
760 
761 762 763 
761 762
762 763
764 765 766 767 768 769 770 771 772 773 
764 765
765 766
766 767
767 768
768 769
769 770
770 771
771 772
772 773
774 775 776 777 778 779 780 
774 775
775 776
776 777
777 778
778 779
779 780
781 782 783 784 785 786 787 
781 782
782 783
783 784
784 785
785 786
786 787
788 
789 790 791 792 793 794 795 796 797 798 799 
789 790
790 791
791 792
792 793
793 794
794 795
795 796
796 797
797 798
798 799
