? 7 285 795 180 415 669 413 366 
? 7 448 458 676 52 408 229 563 
? 7 21 233 629 457 245 53 531 
? 7 217 644 671 43 304 592 276 
? 7 160 223 157 655 508 170 314 
? 7 114 188 418 45 5 739 318 
? 7 254 765 607 771 425 590 499 
? 7 439 679 643 3 577 63 616 
? 7 446 665 416 513 242 376 494 
? 7 501 571 210 509 38 534 32 
? 6 297 716 729 241 307 99 
? 6 55 576 559 7 580 49 
? 6 317 334 205 261 287 268 
? 6 267 406 326 384 567 454 
? 6 2 516 730 90 203 40 
? 6 300 370 693 650 295 456 
? 6 10 661 192 725 355 193 
? 5 125 546 311 621 283 
? 5 407 670 713 654 161 
? 5 611 660 659 759 678 
? 5 280 783 23 706 410 
? 5 108 375 292 463 190 
? 5 148 404 779 231 353 
? 5 271 522 726 362 234 
? 5 264 365 758 707 610 
? 5 359 525 356 253 556 
? 5 61 64 179 635 469 
? 5 708 740 278 479 502 
? 5 51 484 466 742 394 
? 5 172 488 380 623 744 
? 5 401 528 369 177 183 
? 4 226 701 438 540 
? 4 675 718 301 710 
? 4 167 737 664 647 
? 4 554 705 691 310 
? 4 505 587 343 424 
? 4 137 586 492 333 
? 4 78 728 794 132 
? 4 279 774 480 405 
? 4 255 755 772 784 
? 4 286 372 373 692 
? 4 340 459 788 549 
? 4 388 751 472 251 
? 4 22 116 429 781 
? 4 29 390 321 240 
? 4 123 756 489 0 
? 4 290 395 651 17 
? 4 474 714 551 320 
? 4 86 598 547 263 
? 4 102 667 776 368 
? 4 379 622 13 584 
? 4 653 789 143 683 
? 4 437 467 450 519 
? 4 95 736 142 486 
? 4 399 498 552 151 
? 4 149 673 220 309 
? 4 627 634 41 453 
? 4 442 520 88 711 
? 4 557 581 200 129 
? 4 72 445 507 732 
? 3 111 793 122 
? 3 178 250 470 
? 3 298 348 306 
? 3 182 657 514 
? 3 383 490 274 
? 3 106 219 645 
? 3 228 753 140 
? 3 322 681 391 
? 3 27 65 741 
? 3 155 646 213 
? 3 104 770 695 
? 3 303 579 441 
? 3 136 281 483 
? 3 46 324 8 
? 3 532 754 523 
? 3 4 128 79 
? 3 58 284 225 
? 3 138 583 434 
? 3 24 232 16 
? 3 599 620 39 
? 3 597 631 565 
? 3 244 430 164 
? 3 371 566 436 
? 3 202 207 296 
? 3 101 642 262 
? 3 555 677 593 
? 3 97 150 195 
!
72 445 507 732 
507 732
72 445
445 507
775 
10 661 192 725 355 193 
10 192
661 725
10 725
725 193
192 355
91 235 
91 235
761 
557 581 200 129 
581 129
557 581
581 200
198 412 
198 412
97 150 195 
97 150
97 195
442 520 88 711 
442 88
88 711
442 520
555 677 593 
555 677
677 593
401 528 369 177 183 
369 183
401 528
401 369
401 177
515 517 
515 517
627 634 41 453 
627 41
627 453
627 634
757 
172 488 380 623 744 
172 744
623 744
488 380
488 744
721 
101 642 262 
101 262
642 262
709 
300 370 693 650 295 456 
650 456
370 295
300 370
300 650
370 693
119 608 
119 608
703 
2 516 730 90 203 40 
2 516
730 90
2 90
203 40
2 203
658 735 
658 735
501 571 210 509 38 534 32 
210 38
509 32
501 571
571 509
501 38
210 534
345 633 
345 633
149 673 220 309 
149 673
149 309
673 220
202 207 296 
202 296
207 296
57 786 196 26 349 796 308 617 717 358 18 636 
57 786
196 786
26 57
349 57
796 349
308 26
617 196
717 349
358 717
18 308
636 358
690 
275 606 
275 606
672 
211 722 
211 722
371 566 436 
371 566
566 436
641 
625 
613 
146 790 612 68 417 62 19 481 419 
146 790
612 146
68 146
417 790
62 417
19 790
481 19
419 481
244 430 164 
244 164
244 430
597 631 565 
597 631
631 565
399 498 552 151 
399 498
399 552
498 151
95 736 142 486 
95 142
95 736
736 486
216 668 
216 668
602 
364 545 93 738 133 243 30 50 568 360 328 
364 545
93 545
738 93
133 545
243 93
30 738
50 243
568 738
360 133
328 133
599 620 39 
599 620
620 39
51 484 466 742 394 
742 394
484 466
466 394
51 484
24 232 16 
232 16
24 16
437 467 450 519 
437 467
467 519
437 450
600 
594 
259 773 
259 773
256 704 477 81 189 153 83 84 
256 704
477 256
81 704
189 477
153 81
83 704
84 153
569 
138 583 434 
583 434
138 583
653 789 143 683 
653 789
143 683
653 683
708 740 278 479 502 
708 740
708 278
278 479
479 502
440 455 
440 455
152 187 689 181 350 782 389 619 449 323 684 
152 187
689 187
181 187
350 152
782 350
389 689
619 350
449 350
323 152
684 689
166 733 
166 733
561 
267 406 326 384 567 454 
267 384
384 567
567 454
267 406
267 326
446 665 416 513 242 376 494 
446 416
446 513
446 665
416 494
513 376
665 242
230 385 
230 385
541 
379 622 13 584 
622 13
379 584
379 13
174 510 
174 510
539 
102 667 776 368 
102 667
102 776
667 368
538 
524 
511 
61 64 179 635 469 
64 179
61 64
635 469
64 469
359 525 356 253 556 
359 525
356 556
356 253
359 556
86 598 547 263 
598 547
547 263
86 598
500 
491 
474 714 551 320 
474 714
551 320
474 551
212 400 393 208 44 447 176 452 
212 400
393 400
208 212
44 212
447 44
176 400
452 176
290 395 651 17 
290 17
290 395
395 651
485 
222 639 
222 639
478 
36 70 427 503 628 227 204 750 601 428 224 145 
36 70
427 70
503 70
628 36
227 36
204 503
750 427
601 204
428 204
224 428
145 204
439 679 643 3 577 63 616 
439 679
3 63
439 63
679 643
577 616
679 616
315 760 762 745 550 785 252 338 289 637 105 727 
315 760
762 760
745 760
550 762
785 760
252 785
338 762
289 338
637 550
105 289
727 550
317 334 205 261 287 268 
317 261
287 268
261 287
317 334
334 205
471 
461 
123 756 489 0 
123 756
123 0
756 489
206 431 191 163 294 649 134 614 335 749 82 75 92 20 332 
206 431
191 206
163 206
294 191
649 206
134 191
614 649
335 431
749 649
82 614
75 294
92 134
20 75
332 82
118 560 33 378 423 731 618 201 
118 560
33 118
378 560
423 560
731 33
618 731
201 33
354 787 
354 787
58 284 225 
58 284
284 225
4 128 79 
4 128
128 79
214 236 
214 236
532 754 523 
532 754
532 523
154 402 
154 402
403 
386 
347 
46 324 8 
46 324
324 8
264 365 758 707 610 
365 707
758 707
264 365
264 610
136 281 483 
136 483
136 281
344 
29 390 321 240 
390 240
29 321
29 390
341 
303 579 441 
303 579
303 441
336 
331 
316 
258 443 110 329 313 609 715 685 
258 443
110 443
329 258
313 110
609 329
715 609
685 715
104 770 695 
770 695
104 695
464 548 
464 548
254 765 607 771 425 590 499 
590 499
765 425
771 425
254 765
607 425
254 499
271 522 726 362 234 
271 362
271 522
522 726
362 234
25 175 
25 175
22 116 429 781 
22 116
116 781
22 429
60 337 582 435 426 121 221 127 530 504 
60 337
582 337
435 60
426 337
121 582
221 426
127 221
530 582
504 121
388 751 472 251 
388 251
751 251
751 472
340 459 788 549 
459 549
340 459
340 788
273 
238 
215 
286 372 373 692 
286 372
373 692
286 373
255 755 772 784 
255 755
255 772
772 784
199 
184 
155 646 213 
646 213
155 646
27 65 741 
65 741
27 65
351 605 
351 605
322 681 391 
322 391
681 391
652 724 299 487 9 697 674 67 780 66 
652 724
299 724
487 652
9 652
697 9
674 697
67 674
780 67
66 67
114 188 418 45 5 739 318 
114 5
45 5
188 418
114 188
45 318
114 739
186 414 
186 414
228 753 140 
228 753
228 140
589 682 85 165 493 422 156 291 100 382 764 117 468 752 69 558 34 
589 682
85 682
165 589
493 165
422 165
156 493
291 493
100 165
382 422
764 291
117 85
468 493
752 156
69 117
558 117
34 752
148 404 779 231 353 
148 231
404 353
148 404
779 231
279 774 480 405 
480 405
279 774
774 405
433 723 763 381 533 171 411 158 
433 723
763 723
381 723
533 763
171 433
411 763
158 171
330 542 
330 542
282 630 420 1 798 768 791 248 
282 630
420 282
1 282
798 282
768 630
791 1
248 630
109 288 570 680 197 624 688 266 
109 288
570 288
680 288
197 109
624 570
688 680
266 680
506 743 
506 743
168 
162 
108 375 292 463 190 
108 375
108 190
375 292
292 463
78 728 794 132 
78 728
728 132
78 794
106 219 645 
106 219
219 645
147 700 
147 700
144 
383 490 274 
383 274
490 274
137 586 492 333 
137 586
586 492
137 333
135 
56 305 
56 305
120 
169 720 209 377 130 357 15 249 185 409 656 
169 720
209 720
377 720
130 377
357 169
15 357
249 130
185 377
409 249
656 357
115 
397 604 495 367 573 694 578 529 270 77 141 
397 604
495 397
367 495
573 495
694 573
578 694
529 573
270 604
77 270
141 529
265 596 
265 596
462 797 257 342 73 71 535 766 451 319 
462 797
257 797
342 462
73 462
71 257
535 73
766 342
451 797
319 451
35 89 482 277 778 246 537 87 247 473 37 
35 89
482 89
277 482
778 277
246 277
537 778
87 537
247 89
473 537
37 482
194 218 626 497 595 746 444 564 496 777 526 734 239 686 
194 218
626 218
497 194
595 218
746 626
444 194
564 444
496 444
777 496
526 218
734 444
239 626
686 734
55 576 559 7 580 49 
576 559
55 559
7 49
55 49
559 580
505 587 343 424 
587 424
505 424
343 424
293 339 
293 339
113 
107 
103 
98 
96 
80 
554 705 691 310 
554 310
705 691
554 705
603 615 
603 615
167 737 664 647 
167 647
167 737
737 664
675 718 301 710 
675 718
675 301
301 710
476 663 
476 663
280 783 23 706 410 
280 23
280 706
280 783
783 410
182 657 514 
657 514
182 657
392 719 
392 719
160 223 157 655 508 170 314 
655 170
160 655
160 223
508 170
223 157
223 314
76 
28 575 562 698 553 632 398 543 518 173 460 
28 575
562 28
698 575
553 575
632 28
398 575
543 698
518 698
173 398
460 562
298 348 306 
298 348
348 306
217 644 671 43 304 592 276 
644 276
217 671
671 43
304 276
217 644
592 276
611 660 659 759 678 
611 678
659 759
660 678
759 678
432 640 
432 640
648 699 747 585 126 260 799 591 74 94 363 638 48 702 
648 699
747 648
585 699
126 699
260 126
799 260
591 585
74 648
94 648
363 74
638 260
48 591
702 48
297 716 729 241 307 99 
297 99
729 307
716 307
297 716
729 241
47 
42 
178 250 470 
178 470
178 250
407 670 713 654 161 
407 670
407 654
670 713
670 161
125 546 311 621 283 
125 311
125 621
546 621
546 283
226 701 438 540 
438 540
226 701
701 438
325 346 748 572 54 696 396 662 327 302 792 536 769 465 475 112 712 
325 346
748 346
572 346
54 572
696 54
396 325
662 325
327 346
302 396
792 54
536 302
769 748
465 327
475 302
112 396
712 112
21 233 629 457 245 53 531 
21 53
629 53
233 629
457 53
629 245
21 531
31 
14 
12 
131 574 
131 574
11 
111 793 122 
793 122
111 122
272 361 521 159 512 527 687 124 269 767 
272 361
521 361
159 521
512 361
527 159
687 527
124 687
269 687
767 269
448 458 676 52 408 229 563 
458 52
448 458
52 408
676 52
676 229
676 563
285 795 180 415 669 413 366 
415 669
415 413
285 795
180 413
285 180
795 366
6 
237 352 312 139 544 421 387 666 59 588 374 
237 352
312 237
139 352
544 312
421 312
387 352
666 387
59 387
588 666
374 312
