? 7 226 701 438 12 540 366 625 
? 7 130 377 720 90 185 209 169 
? 7 254 765 607 771 425 590 135 
? 7 332 718 675 301 486 710 20 
? 7 125 311 546 461 593 283 182 
? 7 462 797 257 342 73 71 535 
? 7 644 671 217 304 46 43 324 
? 7 21 233 629 457 245 53 420 
? 7 448 458 676 52 408 563 229 
? 7 326 406 267 567 331 384 454 
? 6 515 685 715 609 313 517 
? 6 477 704 256 189 81 153 
? 6 282 630 1 248 798 791 
? 6 114 188 418 45 318 739 
? 6 708 740 278 287 451 268 
? 6 136 367 578 495 529 281 
? 6 439 679 643 436 63 3 
? 5 149 673 405 602 309 
? 5 162 472 388 351 605 
? 5 442 499 88 520 711 
? 5 611 678 660 759 14 
? 5 279 774 220 434 480 
? 5 597 631 523 565 234 
? 5 0 123 756 489 464 
? 5 264 365 295 758 707 
? 5 10 192 184 355 725 
? 5 108 375 410 335 292 
? 5 297 716 99 700 729 
? 5 285 795 180 415 413 
? 5 22 116 781 429 296 
? 5 78 728 83 794 132 
? 4 566 616 577 371 
? 4 280 783 706 23 
? 4 358 636 119 717 
? 4 627 634 41 453 
? 4 2 516 730 409 
? 4 228 753 140 178 
? 4 95 736 478 273 
? 4 653 789 558 269 
? 4 137 586 492 175 
? 4 397 604 573 694 
? 4 401 528 369 177 
? 4 274 383 490 633 
? 4 635 712 469 112 
? 4 501 571 509 534 
? 4 505 587 240 424 
? 4 72 507 445 732 
? 4 450 467 437 519 
? 4 51 484 466 742 
? 4 61 64 403 548 
? 4 340 459 549 788 
? 4 255 755 772 773 
? 4 359 525 253 356 
? 4 4 128 483 651 
? 4 32 506 305 743 
? 4 263 737 167 647 
? 4 271 522 726 193 
? 4 111 692 793 199 
? 4 300 370 650 323 
? 4 186 656 13 414 
? 3 298 348 531 
? 3 207 622 202 
? 3 599 620 249 
? 3 691 705 672 
? 3 246 482 719 
? 3 225 284 58 
? 3 34 474 714 
? 3 155 216 646 
? 3 29 390 538 
? 3 213 336 596 
? 3 532 754 214 
? 3 556 594 455 
? 3 84 510 775 
? 3 322 391 485 
? 3 104 695 770 
? 3 145 642 618 
? 3 303 579 250 
? 3 138 583 709 
? 3 603 615 600 
? 3 399 498 552 
? 3 150 195 569 
? 3 102 667 362 
? 3 241 757 320 
? 3 333 640 432 
? 3 98 368 236 
? 3 286 463 372 
? 3 42 232 16 
!
186 656 13 414 
186 656
656 13
656 414
776 
439 679 643 436 63 3 
679 436
439 679
63 3
439 63
643 436
275 606 
275 606
768 
300 370 650 323 
300 323
650 323
300 370
316 617 
316 617
42 232 16 
42 232
232 16
111 692 793 199 
692 793
111 692
793 199
286 463 372 
286 372
286 463
78 728 83 794 132 
728 83
78 728
83 132
78 794
412 479 
412 479
271 522 726 193 
271 522
726 193
522 726
767 
22 116 781 429 296 
22 116
22 296
116 781
22 429
766 
98 368 236 
98 368
368 236
741 
136 367 578 495 529 281 
367 529
136 529
367 281
367 495
578 281
276 592 
276 592
735 
708 740 278 287 451 268 
708 740
287 268
708 278
708 451
740 268
547 664 
547 664
326 406 267 567 331 384 454 
267 384
567 384
567 454
406 267
406 331
326 267
306 386 
306 386
263 737 167 647 
167 647
737 167
263 737
333 640 432 
640 432
333 640
364 545 738 93 133 243 30 50 328 568 360 500 
364 545
738 364
93 738
133 545
243 738
30 738
50 243
328 133
568 738
360 133
500 568
733 
330 542 
330 542
722 
27 65 
27 65
241 757 320 
241 320
241 757
721 
703 
690 
28 575 553 698 398 543 173 124 219 
28 575
553 575
698 28
398 28
543 698
173 398
124 698
219 553
102 667 362 
102 667
102 362
150 195 569 
150 195
195 569
32 506 305 743 
32 506
506 305
506 743
4 128 483 651 
4 483
128 483
128 651
107 584 
107 584
686 
176 452 400 212 393 44 208 554 447 310 430 
176 452
400 176
212 400
393 212
44 212
208 212
554 44
447 44
310 554
430 554
399 498 552 
399 498
399 552
285 795 180 415 413 
415 413
285 795
180 413
285 180
603 615 600 
603 615
615 600
359 525 253 356 
359 525
253 356
359 356
683 
658 
164 244 
164 244
109 288 570 680 197 624 688 266 
109 288
570 288
680 288
197 109
624 109
688 680
266 688
645 
138 583 709 
138 583
583 709
255 755 772 773 
255 755
255 772
755 773
297 716 99 700 729 
297 99
297 716
716 729
99 700
8 354 
8 354
152 187 689 181 782 350 389 449 619 37 684 
152 187
689 187
181 152
782 152
350 782
389 689
449 689
619 350
37 689
684 389
129 200 
129 200
641 
114 188 418 45 318 739 
188 418
114 45
114 188
45 318
114 739
448 458 676 52 408 563 229 
458 52
448 458
52 408
676 52
676 229
676 563
15 357 
15 357
610 
340 459 549 788 
459 549
340 459
340 788
39 380 
39 380
561 
61 64 403 548 
61 64
403 548
61 403
541 
524 
502 
108 375 410 335 292 
108 375
375 410
410 335
375 292
10 192 184 355 725 
10 192
10 725
192 184
192 355
51 484 466 742 
484 466
466 742
51 484
441 
440 
450 467 437 519 
467 437
467 519
450 437
446 665 416 513 376 494 608 242 
446 665
416 665
513 665
376 513
494 416
608 513
242 665
72 507 445 732 
507 732
72 445
507 445
421 
621 734 
621 734
392 
315 760 762 745 550 785 338 252 637 289 727 105 
315 760
762 760
745 315
550 762
785 315
338 760
252 785
637 550
289 338
727 338
105 289
21 233 629 457 245 53 420 
21 53
629 53
233 629
457 53
629 245
233 420
206 431 191 294 649 134 163 614 749 92 82 75 
206 431
191 206
294 191
649 431
134 191
163 191
614 649
749 649
92 134
82 294
75 294
282 630 1 248 798 791 
630 791
282 791
282 1
798 791
630 248
381 
379 
505 587 240 424 
240 424
587 424
505 424
589 682 85 165 493 422 156 291 100 382 764 468 117 69 752 
589 682
85 589
165 589
493 165
422 493
156 493
291 493
100 165
382 85
764 291
468 764
117 382
69 117
752 468
118 560 378 731 101 144 423 106 
118 560
378 118
731 560
101 731
144 101
423 118
106 423
6 183 
6 183
303 579 250 
303 579
303 250
145 642 618 
145 642
642 618
456 693 
456 693
104 695 770 
695 770
104 695
47 122 
47 122
373 
347 
345 
322 391 485 
322 391
322 485
264 365 295 758 707 
295 758
365 707
295 707
264 365
84 510 775 
84 775
84 510
344 
501 571 509 534 
501 571
571 509
501 534
343 
556 594 455 
556 594
556 455
341 
321 
319 
55 576 49 514 657 559 7 580 
55 576
49 55
514 55
657 514
559 657
7 514
580 559
532 754 214 
532 214
532 754
131 394 
131 394
644 671 217 304 46 43 324 
46 324
671 217
43 324
671 43
644 217
671 304
0 123 756 489 464 
123 756
0 123
756 489
0 464
190 471 
190 471
635 712 469 112 
712 469
635 712
469 112
77 663 205 476 91 235 270 317 470 334 
77 663
205 663
476 77
91 663
235 91
270 205
317 205
470 91
334 317
274 383 490 633 
274 383
274 490
383 633
401 528 369 177 
401 528
401 369
401 177
307 
290 
265 
397 604 573 694 
397 694
397 573
397 604
137 586 492 175 
137 586
586 492
492 175
262 
261 
213 336 596 
213 336
336 596
29 390 538 
29 538
390 538
166 761 
166 761
155 216 646 
155 646
155 216
237 352 312 139 544 588 59 666 374 387 
237 352
312 237
139 352
544 312
588 352
59 588
666 588
374 139
387 666
462 797 257 342 73 71 535 
257 535
462 797
73 71
73 535
462 342
797 71
96 198 
96 198
34 474 714 
34 474
34 714
648 699 747 126 585 260 799 591 74 363 94 638 659 491 702 48 142 
648 699
747 699
126 699
585 126
260 585
799 260
591 648
74 747
363 74
94 747
638 260
659 363
491 591
702 491
48 702
142 363
597 631 523 565 234 
631 523
597 631
523 234
631 565
653 789 558 269 
558 269
789 269
653 269
148 779 404 231 353 744 172 238 
148 779
404 148
231 148
353 148
744 779
172 744
238 744
86 598 
86 598
407 670 713 654 385 539 161 511 
407 670
713 670
654 670
385 670
539 670
161 670
511 713
57 786 196 26 796 349 18 308 
57 786
196 786
26 57
796 57
349 796
18 57
308 349
574 668 
574 668
259 
247 
279 774 220 434 480 
279 434
279 774
220 434
220 480
95 736 478 273 
736 478
95 736
95 273
225 284 58 
284 58
225 284
222 639 
222 639
215 
246 482 719 
246 482
246 719
228 753 140 178 
228 753
753 178
228 140
211 
147 551 
147 551
203 
473 537 778 35 87 277 258 443 110 89 329 
473 537
778 473
35 778
87 35
277 35
258 473
443 258
110 443
89 35
329 443
174 
652 724 9 299 697 487 674 581 557 251 751 
652 724
9 652
299 652
697 9
487 724
674 697
581 487
557 581
251 674
751 251
143 784 
143 784
60 337 435 426 121 221 127 504 661 168 
60 337
435 337
426 435
121 435
221 426
127 221
504 121
661 60
168 661
433 723 763 171 533 669 681 158 76 411 56 
433 723
763 723
171 433
533 723
669 171
681 763
158 171
76 723
411 763
56 669
70 427 36 227 503 204 628 750 601 201 224 428 17 33 
70 427
36 70
227 70
503 427
204 503
628 70
750 427
601 204
201 204
224 204
428 204
17 70
33 428
477 704 256 189 81 153 
704 81
81 153
477 256
477 189
256 81
2 516 730 409 
2 516
730 409
2 730
210 419 
210 419
151 
141 
120 
115 
113 
103 
627 634 41 453 
627 41
627 453
627 634
555 677 
555 677
358 636 119 717 
358 636
358 119
358 717
280 783 706 23 
280 23
280 706
280 783
79 395 
79 395
611 678 660 759 14 
611 678
678 660
660 14
678 759
691 705 672 
691 672
705 672
154 402 
154 402
125 311 546 461 593 283 182 
125 311
311 182
311 593
546 593
546 283
461 182
97 
146 790 68 612 67 780 62 19 417 66 481 
146 790
68 146
612 146
67 146
780 790
62 790
19 612
417 62
66 67
481 19
599 620 249 
599 620
620 249
332 718 675 301 486 710 20 
486 710
301 486
718 675
675 486
332 718
718 20
442 499 88 520 711 
442 88
499 88
88 711
442 520
293 339 
293 339
194 218 626 595 497 746 564 444 496 777 613 239 526 787 
194 218
626 218
595 218
497 194
746 626
564 595
444 564
496 444
777 496
613 626
239 613
526 564
787 564
515 685 715 609 313 517 
685 517
515 517
685 715
715 313
609 517
80 
40 
207 622 202 
207 622
622 202
162 472 388 351 605 
162 472
162 388
472 605
351 605
149 673 405 602 309 
149 673
405 602
149 309
673 405
566 616 577 371 
577 371
566 616
616 371
325 346 696 748 572 396 662 54 302 327 792 536 31 475 465 769 179 
325 346
696 325
748 346
572 346
396 325
662 346
54 572
302 396
327 662
792 696
536 396
31 302
475 302
465 327
769 465
179 31
254 765 607 771 425 590 135 
607 135
765 425
771 425
254 765
425 135
254 590
38 
25 
24 
488 623 
488 623
11 
298 348 531 
348 531
298 348
160 223 530 655 157 170 508 230 582 314 
160 223
530 160
655 223
157 223
170 223
508 223
230 160
582 530
314 223
130 377 720 90 185 209 169 
377 720
185 209
130 209
377 185
720 169
130 90
226 701 438 12 540 366 625 
438 540
226 701
701 12
701 438
540 625
226 366
5 
159 521 361 272 460 632 518 527 562 512 687 
159 521
361 521
272 361
460 521
632 159
518 460
527 521
562 460
512 460
687 527
