? 7 427 628 227 36 70 503 465 
? 7 272 361 159 521 460 512 527 
? 7 12 540 438 103 701 226 625 
? 7 54 572 696 346 792 325 748 
? 7 137 586 333 640 25 175 492 
? 7 309 735 658 510 229 174 84 
? 7 326 406 567 384 267 331 454 
? 7 262 618 144 101 731 645 436 
? 7 469 635 179 712 112 64 31 
? 7 73 535 257 71 462 490 741 
? 6 201 224 33 204 428 145 
? 6 62 417 215 790 68 339 
? 6 77 476 663 235 91 205 
? 6 162 472 751 388 654 351 
? 6 473 537 87 778 258 277 
? 6 580 593 559 657 311 182 
? 6 150 195 97 434 709 155 
? 5 301 675 710 718 332 
? 5 106 219 423 118 683 
? 5 69 117 558 789 767 
? 5 2 516 730 409 688 
? 5 21 233 629 457 245 
? 5 140 228 753 524 347 
? 5 104 770 695 432 154 
? 5 364 545 93 738 243 
? 5 96 421 198 374 312 
? 5 708 740 278 451 287 
? 5 152 187 181 689 449 
? 5 282 791 420 1 630 
? 5 532 754 214 565 523 
? 5 600 771 425 607 135 
? 4 16 232 761 24 
? 4 194 218 595 444 
? 4 109 570 197 288 
? 4 557 581 129 200 
? 4 32 305 506 11 
? 4 299 487 652 724 
? 4 407 670 385 539 
? 4 48 491 702 739 
? 4 274 383 633 80 
? 4 515 685 715 609 
? 4 167 547 263 737 
? 4 261 268 418 45 
? 4 52 408 448 676 
? 4 494 641 416 47 
? 4 370 456 693 300 
? 4 340 459 788 549 
? 4 269 687 653 543 
? 4 193 726 192 10 
? 4 217 644 671 304 
? 4 237 352 59 544 
? 4 256 704 477 153 
? 4 365 758 264 610 
? 4 46 324 313 8 
? 4 202 296 429 207 
? 4 35 89 482 246 
? 4 376 513 446 665 
? 4 178 470 250 115 
? 4 453 781 41 627 
? 4 34 752 474 714 
? 3 119 358 636 
? 3 511 713 251 
? 3 29 390 538 
? 3 9 697 674 
? 3 177 561 3 
? 3 356 556 594 
? 3 17 290 395 
? 3 186 656 13 
? 3 242 402 690 
? 3 302 536 396 
? 3 123 756 0 
? 3 125 461 621 
? 3 37 247 389 
? 3 99 757 143 
? 3 78 728 83 
? 3 605 647 664 
? 3 53 531 348 
? 3 222 639 643 
? 3 496 777 541 
? 3 330 542 341 
? 3 121 504 86 
? 3 5 318 188 
? 3 66 67 780 
? 3 392 719 619 
? 3 303 579 441 
? 3 295 707 323 
? 3 393 400 452 
!
34 752 474 714 
34 474
34 714
752 714
797 
150 195 97 434 709 155 
150 97
434 709
150 709
195 97
97 155
266 680 
266 680
734 
453 781 41 627 
41 627
453 627
453 781
403 794 
403 794
393 400 452 
393 452
393 400
178 470 250 115 
178 470
470 115
250 115
295 707 323 
295 707
295 323
600 771 425 607 135 
600 771
607 135
771 425
425 135
350 782 
350 782
376 513 446 665 
513 446
446 665
376 513
733 
532 754 214 565 523 
532 214
532 754
214 565
565 523
721 
303 579 441 
303 579
303 441
684 
580 593 559 657 311 182 
580 311
580 182
593 311
593 559
559 657
306 386 
306 386
642 
473 537 87 778 258 277 
778 277
473 537
87 778
473 277
537 258
378 601 
378 601
73 535 257 71 462 490 741 
257 490
535 257
73 71
73 535
73 741
535 462
316 787 
316 787
35 89 482 246 
482 246
35 89
35 482
392 719 619 
719 619
392 719
210 534 419 481 509 19 571 501 211 743 38 722 
210 534
419 210
481 419
509 534
19 481
571 509
501 571
211 19
743 534
38 571
722 211
634 
399 498 
399 498
624 
500 568 
500 568
66 67 780 
67 780
66 67
620 
617 
615 
322 391 485 58 692 284 199 111 122 
322 391
485 322
58 391
692 391
284 58
199 692
111 692
122 58
5 318 188 
5 188
5 318
121 504 86 
121 504
121 86
202 296 429 207 
202 296
296 207
202 429
46 324 313 8 
46 324
324 8
46 313
40 650 
40 650
612 
88 442 520 499 590 711 254 213 336 646 765 
88 442
520 442
499 442
590 499
711 520
254 590
213 711
336 213
646 213
765 254
330 542 341 
330 542
542 341
282 791 420 1 630 
282 420
791 630
282 791
282 1
496 777 541 
777 541
496 777
365 758 264 610 
365 264
365 758
264 610
603 
598 
327 662 
327 662
221 426 127 435 60 337 355 661 
221 426
127 221
435 426
60 435
337 435
355 221
661 355
592 
222 639 643 
222 643
222 639
256 704 477 153 
256 477
704 153
704 477
152 187 181 689 449 
152 187
187 689
187 181
181 449
132 775 
132 775
275 742 394 484 131 466 606 574 51 799 668 
275 742
394 742
484 394
131 275
466 484
606 742
574 466
51 484
799 131
668 574
128 651 
128 651
588 
162 472 751 388 654 351 
162 751
162 472
751 388
388 654
654 351
469 635 179 712 112 64 31 
179 64
469 712
635 712
112 31
712 31
469 64
342 766 
342 766
569 
237 352 59 544 
237 544
352 544
352 59
74 142 
74 142
564 
217 644 671 304 
217 671
217 644
671 304
560 
526 
522 
708 740 278 451 287 
708 740
708 278
708 451
740 287
96 421 198 374 312 
96 374
421 312
374 312
198 374
193 726 192 10 
192 10
193 726
193 10
517 
514 
269 687 653 543 
687 543
269 687
653 543
255 755 772 773 784 259 22 116 
255 755
772 755
773 255
784 772
259 755
22 259
116 22
340 459 788 549 
459 549
340 459
340 788
489 
168 725 
168 725
486 
102 667 362 776 253 236 98 368 271 359 234 525 
102 667
362 102
776 667
253 667
236 362
98 253
368 98
271 362
359 253
234 236
525 359
262 618 144 101 731 645 436 
262 101
101 645
618 645
144 731
618 731
144 436
589 682 85 165 422 382 493 156 291 100 468 764 
589 682
85 682
165 589
422 682
382 85
493 422
156 422
291 156
100 165
468 422
764 291
77 476 663 235 91 205 
663 235
77 663
476 91
476 235
235 205
483 
479 
370 456 693 300 
370 300
370 693
456 300
445 507 72 732 437 467 519 450 746 686 497 626 283 703 546 
445 507
72 507
732 445
437 507
467 437
519 467
450 437
746 72
686 746
497 746
626 497
283 519
703 283
546 283
209 720 169 377 130 15 357 249 
209 720
169 720
377 209
130 377
15 169
357 15
249 130
183 768 
183 768
53 531 348 
531 348
53 531
605 647 664 
605 647
605 664
94 216 
94 216
78 728 83 
728 83
78 728
379 622 
379 622
458 
455 
414 
99 757 143 
99 757
757 143
364 545 93 738 243 
545 243
364 738
93 243
364 545
37 247 389 
247 389
37 389
401 
494 641 416 47 
641 416
494 416
416 47
354 
125 461 621 
125 621
125 461
345 
329 
328 
27 343 505 587 65 798 424 240 
27 343
505 343
587 505
65 27
798 27
424 587
240 424
123 756 0 
123 756
123 0
298 344 
298 344
326 406 567 384 267 331 454 
384 267
567 384
567 454
406 267
406 331
326 267
104 770 695 432 154 
770 695
104 432
104 695
770 154
380 488 
380 488
52 408 448 676 
52 448
52 408
52 676
315 760 745 785 338 252 289 105 120 20 
315 760
745 315
785 745
338 760
252 785
289 338
105 289
120 105
20 785
261 268 418 45 
261 268
418 45
268 418
167 547 263 737 
547 737
167 737
263 737
319 
293 
276 
515 685 715 609 
515 685
685 715
685 609
274 383 633 80 
274 383
274 80
383 633
273 
270 
302 536 396 
302 536
536 396
242 402 690 
242 402
402 690
133 360 
133 360
186 656 13 
186 656
656 13
280 783 706 23 637 550 727 762 76 410 
280 783
706 280
23 783
637 280
550 637
727 550
762 550
76 23
410 706
309 735 658 510 229 174 84 
658 84
309 735
309 174
309 510
658 510
229 174
750 769 
750 769
17 290 395 
17 290
290 395
158 171 669 413 533 433 795 285 723 56 415 180 763 381 411 681 366 
158 171
669 171
413 171
533 669
433 533
795 158
285 795
723 433
56 669
415 56
180 415
763 723
381 56
411 763
681 411
366 413
140 228 753 524 347 
228 753
524 347
228 524
140 228
48 491 702 739 
48 491
491 702
491 739
349 796 26 308 57 717 608 786 
349 796
26 796
308 26
57 26
717 349
608 717
786 57
597 631 
597 631
126 585 699 260 648 747 638 591 
126 585
699 126
260 126
648 699
747 648
638 260
591 585
286 372 373 463 292 375 793 471 
286 372
373 286
463 373
292 463
375 463
793 292
471 375
110 443 
110 443
225 
203 
21 233 629 457 245 
233 629
21 629
21 457
629 245
407 670 385 539 
407 670
407 385
670 539
356 556 594 
356 594
556 594
387 666 
387 666
196 
177 561 3 
177 561
177 3
299 487 652 724 
652 724
487 652
299 487
189 
464 548 
464 548
185 
148 404 779 231 353 744 599 238 172 39 623 
148 404
779 148
231 404
353 231
744 353
599 404
238 744
172 744
39 231
623 172
184 
147 320 729 307 700 551 241 716 584 297 107 
147 320
729 320
307 729
700 307
551 320
241 700
716 700
584 241
297 716
107 584
239 613 
239 613
566 616 371 577 369 321 528 439 79 679 
566 616
371 616
577 371
369 566
321 566
528 369
439 616
79 371
679 439
405 602 220 480 279 149 774 673 583 138 563 
405 602
220 602
480 220
279 220
149 405
774 279
673 149
583 480
138 583
563 673
573 694 529 367 495 136 141 578 281 397 113 475 604 4 
573 694
529 694
367 529
495 367
136 529
141 136
578 141
281 141
397 495
113 578
475 578
604 397
4 281
62 417 215 790 68 339 
62 417
417 215
790 68
215 339
62 790
32 305 506 11 
32 506
305 506
506 11
412 502 
412 502
166 
151 
146 
139 
114 
95 
557 581 129 200 
581 129
557 581
581 200
6 248 
6 248
109 570 197 288 
109 288
570 288
197 288
194 218 595 444 
194 218
218 595
194 444
555 677 
555 677
2 516 730 409 688 
2 516
516 688
730 409
2 730
9 697 674 
9 697
9 674
18 440 
18 440
137 586 333 640 25 175 492 
333 640
137 640
137 586
586 492
25 175
175 492
90 
223 655 160 157 170 508 530 230 314 582 161 
223 655
160 655
157 160
170 655
508 170
530 157
230 160
314 223
582 530
161 230
29 390 538 
29 538
390 538
54 572 696 346 792 325 748 
346 325
696 325
572 346
54 572
54 748
54 792
69 117 558 789 767 
117 558
69 117
789 767
558 767
317 334 
317 334
206 431 191 163 294 649 134 614 82 749 75 92 108 335 
206 431
191 431
163 191
294 163
649 206
134 163
614 649
82 614
749 649
75 294
92 134
108 749
335 108
201 224 33 204 428 145 
201 33
224 204
224 428
224 33
224 145
81 
63 
511 713 251 
511 713
511 251
106 219 423 118 683 
106 423
106 219
219 118
219 683
301 675 710 718 332 
675 718
301 675
718 332
301 710
16 232 761 24 
16 232
16 24
16 761
310 430 554 691 705 244 672 49 447 208 55 44 164 7 176 212 576 
310 430
554 430
691 310
705 691
244 310
672 691
49 244
447 705
208 447
55 49
44 208
164 49
7 55
176 44
212 44
576 55
12 540 438 103 701 226 625 
12 103
540 438
701 226
103 701
438 701
540 625
61 
50 
43 
190 552 
190 552
42 
119 358 636 
358 636
119 358
28 575 562 632 553 698 518 124 398 173 
28 575
562 28
632 562
553 575
698 632
518 632
124 698
398 28
173 398
272 361 159 521 460 512 527 
272 521
361 159
272 361
159 527
521 460
460 512
427 628 227 36 70 503 465 
427 36
628 503
36 70
427 628
70 465
227 36
30 
14 660 759 611 678 596 659 478 736 363 265 
14 660
759 14
611 660
678 759
596 759
659 678
478 660
736 478
363 611
265 596
