? 7 118 560 33 378 428 423 101 
? 7 725 726 10 192 184 661 193 
? 7 237 352 312 139 59 544 666 
? 7 169 720 377 209 357 15 130 
? 7 675 718 710 301 20 478 486 
? 7 35 277 778 89 482 246 87 
? 7 397 495 367 604 573 694 529 
? 7 515 685 715 609 329 517 258 
? 7 21 457 233 245 53 531 16 
? 7 279 774 220 434 138 480 602 
? 6 394 484 742 466 51 574 
? 6 297 716 99 729 241 757 
? 6 340 459 788 603 549 129 
? 6 55 576 514 49 657 7 
? 6 60 337 435 121 127 426 
? 6 202 296 773 429 116 207 
? 6 172 488 744 623 380 353 
? 5 473 537 443 719 110 
? 5 255 755 772 784 259 
? 5 29 321 240 390 538 
? 5 95 736 142 273 739 
? 5 499 590 442 88 520 
? 5 228 753 140 347 250 
? 5 210 534 419 571 501 
? 5 566 616 371 577 369 
? 5 406 567 267 326 331 
? 5 125 311 546 593 621 
? 5 437 467 519 450 445 
? 5 61 64 635 403 712 
? 5 708 740 278 268 287 
? 5 41 453 627 781 634 
? 4 254 765 607 771 
? 4 653 789 269 558 
? 4 141 281 136 578 
? 4 148 404 779 231 
? 4 14 660 611 759 
? 4 401 528 561 177 
? 4 505 587 424 27 
? 4 264 365 295 758 
? 4 274 383 633 490 
? 4 114 188 418 48 
? 4 263 605 647 167 
? 4 236 362 667 102 
? 4 265 711 596 213 
? 4 155 216 668 646 
? 4 109 288 570 197 
? 4 280 783 23 706 
? 4 17 290 395 651 
? 4 222 643 679 639 
? 4 692 793 199 111 
? 4 300 650 370 40 
? 4 115 178 470 441 
? 4 303 579 524 489 
? 4 104 333 492 586 
? 4 446 665 416 513 
? 4 185 249 599 620 
? 4 72 507 732 283 
? 4 162 472 751 351 
? 4 190 471 552 399 
? 4 659 678 336 600 
? 3 4 128 483 
? 3 232 761 24 
? 3 123 756 0 
? 3 356 556 359 
? 3 642 731 262 
? 3 298 348 344 
? 3 555 677 182 
? 3 32 381 305 
? 3 532 754 523 
? 3 5 45 479 
? 3 214 234 271 
? 3 135 425 615 
? 3 150 195 97 
? 3 309 735 510 
? 3 242 402 154 
? 3 375 410 292 
? 3 597 631 565 
? 3 256 477 189 
? 3 34 474 714 
? 3 430 691 672 
? 3 379 584 13 
? 3 58 122 322 
? 3 238 542 454 
? 3 86 598 547 
? 3 137 770 432 
? 3 144 618 645 
? 3 293 339 215 
!
659 678 336 600 
659 336
659 678
678 600
752 
172 488 744 623 380 353 
172 744
744 623
488 380
172 353
488 744
559 703 
559 703
741 
190 471 552 399 
190 552
190 471
190 399
456 693 
456 693
293 339 215 
293 339
339 215
162 472 751 351 
162 751
162 472
472 351
144 618 645 
618 645
144 618
41 453 627 781 634 
41 627
453 627
781 634
453 781
198 502 
198 502
72 507 732 283 
507 732
72 283
72 507
737 
708 740 278 268 287 
708 740
268 287
708 278
740 268
733 
137 770 432 
137 432
137 770
727 
202 296 773 429 116 207 
202 296
296 773
773 116
429 116
296 207
151 498 
151 498
709 
60 337 435 121 127 426 
60 435
60 337
337 426
127 426
337 121
47 588 
47 588
279 774 220 434 138 480 602 
279 434
480 602
279 774
220 602
434 138
220 138
306 386 
306 386
185 249 599 620 
185 249
599 620
185 599
86 598 547 
598 547
86 598
152 187 689 389 782 350 181 449 684 323 619 37 
152 187
689 187
389 187
782 152
350 782
181 152
449 350
684 389
323 152
619 350
37 689
700 
22 707 
22 707
695 
392 624 
392 624
238 542 454 
542 454
238 542
690 
683 
680 
407 670 713 654 511 539 388 251 385 
407 670
713 670
654 670
511 713
539 407
388 713
251 670
385 654
58 122 322 
58 122
122 322
379 584 13 
379 584
379 13
446 665 416 513 
446 416
446 513
446 665
104 333 492 586 
104 333
104 586
492 586
221 355 
221 355
664 
282 630 1 791 420 248 798 6 768 183 629 
282 630
1 282
791 282
420 1
248 630
798 282
6 630
768 630
183 248
629 1
430 691 672 
691 672
430 691
61 64 635 403 712 
635 712
61 64
64 635
635 403
34 474 714 
34 474
34 714
303 579 524 489 
303 579
303 524
524 489
658 
622 
440 455 
440 455
78 728 81 794 83 132 704 153 
78 728
81 728
794 728
83 81
132 81
704 81
153 81
610 
256 477 189 
256 477
477 189
115 178 470 441 
178 470
115 470
178 441
437 467 519 450 445 
437 467
467 519
467 445
437 450
687 767 
687 767
160 223 530 655 157 508 170 314 161 230 582 
160 223
530 160
655 223
157 530
508 223
170 223
314 223
161 160
230 161
582 530
107 414 
107 414
606 
55 576 514 49 657 7 
514 657
55 576
49 7
55 49
55 657
21 457 233 245 53 531 16 
21 53
457 53
457 16
233 53
233 245
21 531
506 743 
506 743
594 
300 650 370 40 
300 40
370 40
300 650
464 548 
464 548
580 
692 793 199 111 
692 793
692 111
793 199
569 
541 
522 
125 311 546 593 621 
125 311
125 621
311 593
546 621
406 567 267 326 331 
567 267
406 267
406 331
267 326
222 643 679 639 
643 679
222 643
222 639
509 
504 
17 290 395 651 
17 290
290 395
395 651
28 575 553 698 219 398 173 124 
28 575
553 575
698 28
219 553
398 575
173 398
124 698
280 783 23 706 
280 23
280 706
280 783
500 
211 722 
211 722
491 
57 786 196 349 796 26 358 717 18 316 608 636 
57 786
196 786
349 786
796 349
26 349
358 349
717 358
18 786
316 196
608 717
636 358
515 685 715 609 329 517 258 
685 517
515 517
685 715
609 329
609 517
609 258
226 701 438 12 366 625 540 284 225 525 485 308 
226 701
438 226
12 438
366 226
625 701
540 12
284 366
225 284
525 438
485 284
308 12
340 459 788 603 549 129 
603 549
459 549
340 459
340 788
788 129
461 
451 
109 288 570 197 
109 288
288 570
288 197
206 431 191 294 649 163 134 614 108 749 82 92 75 335 332 
206 431
191 206
294 191
649 206
163 206
134 191
614 649
108 206
749 649
82 614
92 134
75 294
335 108
332 294
77 663 205 476 235 91 270 317 
77 663
205 663
476 77
235 77
91 663
270 205
317 205
25 640 
25 640
597 631 565 
597 631
631 565
375 410 292 
375 410
375 292
105 120 
105 120
242 402 154 
242 402
402 154
307 551 
307 551
436 
421 
412 
309 735 510 
309 735
309 510
566 616 371 577 369 
371 577
566 616
616 371
566 369
150 195 97 
150 97
195 97
391 
155 216 668 646 
155 646
155 216
216 668
387 
135 425 615 
135 425
135 615
384 
376 
345 
2 516 730 688 409 90 203 266 
2 516
730 516
688 516
409 730
90 409
203 2
266 688
214 234 271 
214 234
234 271
112 469 
112 469
397 495 367 604 573 694 529 
367 529
397 694
495 604
397 495
397 573
495 367
210 534 419 571 501 
419 501
571 501
210 419
210 534
8 354 
8 354
265 711 596 213 
265 711
265 596
711 213
652 724 9 299 487 697 674 67 780 66 
652 724
9 652
299 724
487 299
697 9
674 697
67 674
780 67
66 67
236 362 667 102 
667 102
236 362
362 102
263 605 647 167 
263 605
647 167
605 167
341 
330 
318 
114 188 418 48 
188 418
114 188
114 48
274 383 633 490 
274 383
274 490
383 633
275 
261 
5 45 479 
5 45
45 479
532 754 523 
532 754
532 523
319 334 
319 334
32 381 305 
381 305
32 381
433 723 763 533 669 411 171 76 413 158 
433 723
763 723
533 433
669 433
411 763
171 669
76 723
413 669
158 171
35 277 778 89 482 246 87 
277 778
246 87
277 482
482 246
35 89
35 277
3 439 
3 439
555 677 182 
555 677
677 182
194 218 626 497 746 595 444 564 496 613 777 526 239 686 617 787 734 
194 218
626 218
497 218
746 497
595 194
444 595
564 595
496 444
613 626
777 496
526 564
239 613
686 746
617 564
787 617
734 686
228 753 140 347 250 
228 753
753 250
228 347
228 140
264 365 295 758 
295 758
264 365
365 295
285 795 180 415 11 56 776 681 
285 795
180 285
415 180
11 415
56 415
776 180
681 285
63 721 
63 721
146 790 68 612 417 62 19 481 
146 790
68 146
612 790
417 790
62 417
19 612
481 19
462 797 342 257 71 73 535 766 
462 797
342 462
257 797
71 257
73 71
535 257
766 342
373 463 
373 463
253 
247 
499 590 442 88 520 
590 88
499 590
442 88
442 520
505 587 424 27 
587 424
505 424
424 27
298 348 344 
298 348
298 344
84 775 
84 775
244 
642 731 262 
642 731
642 262
401 528 561 177 
528 561
401 528
401 177
201 
286 372 
286 372
200 
176 452 393 400 212 44 208 310 554 447 705 
176 452
393 176
400 393
212 400
44 212
208 212
310 44
554 310
447 208
705 447
175 
448 458 52 676 408 229 563 673 583 405 174 
448 458
52 448
676 458
408 52
229 676
563 229
673 563
583 408
405 673
174 563
65 343 
65 343
644 671 217 324 304 313 276 46 43 592 
644 671
217 644
324 671
304 671
313 324
276 644
46 324
43 217
592 304
159 521 272 361 460 527 512 632 518 562 543 
159 521
272 159
361 272
460 521
527 521
512 521
632 460
518 460
562 632
543 460
648 699 747 585 126 260 591 799 638 74 94 363 131 702 
648 699
747 648
585 699
126 699
260 585
591 585
799 260
638 260
74 648
94 648
363 74
131 799
702 363
297 716 99 729 241 757 
297 99
297 716
716 729
241 757
729 241
14 660 611 759 
660 611
14 660
611 759
98 368 
98 368
168 
166 
164 
149 
143 
119 
148 404 779 231 
148 231
148 404
779 231
186 656 
186 656
141 281 136 578 
141 281
281 136
141 578
653 789 269 558 
269 558
789 269
653 269
494 641 
494 641
95 736 142 273 739 
95 142
95 736
95 273
142 739
356 556 359 
356 556
556 359
96 374 
96 374
675 718 710 301 20 478 486 
710 486
301 486
675 718
675 486
478 486
675 20
113 
36 70 427 227 503 204 628 750 224 601 145 
36 70
427 70
227 427
503 427
204 503
628 427
750 427
224 204
601 503
145 204
123 756 0 
123 756
123 0
169 720 377 209 357 15 130 
720 377
357 15
209 130
169 720
720 209
15 130
29 321 240 390 538 
240 390
29 321
29 538
390 538
557 581 
557 581
589 682 85 165 493 422 156 382 291 100 764 117 468 69 
589 682
85 682
165 589
493 589
422 493
156 493
382 85
291 493
100 165
764 291
117 85
468 493
69 117
394 484 742 466 51 574 
394 742
484 466
394 466
484 51
742 574
106 
103 
232 761 24 
232 24
761 24
255 755 772 784 259 
255 755
772 259
255 772
772 784
473 537 443 719 110 
473 537
443 110
537 110
443 719
254 765 607 771 
254 765
765 771
765 607
325 346 748 572 396 662 54 696 327 792 302 769 536 465 475 31 179 
325 346
748 346
572 325
396 325
662 346
54 572
696 396
327 662
792 396
302 396
769 325
536 302
465 327
475 302
31 396
179 536
237 352 312 139 59 544 666 
237 544
352 544
237 312
139 544
59 666
352 666
80 
79 
42 
147 320 
147 320
39 
4 128 483 
4 483
128 483
315 760 762 550 745 785 637 338 252 289 
315 760
762 760
550 762
745 760
785 760
637 550
338 315
252 785
289 338
725 726 10 192 184 661 193 
10 192
725 661
726 193
725 10
725 193
192 184
118 560 33 378 428 423 101 
118 560
378 428
33 101
118 33
33 378
560 423
38 
364 545 738 93 243 133 30 568 50 328 360 
364 545
738 364
93 738
243 738
133 545
30 738
568 93
50 243
328 133
360 133
