? 10 57 279 580 216 227 325 749 535 400 380 
? 10 132 770 206 797 508 185 480 38 40 231 
? 10 404 675 268 653 569 511 298 4 286 616 
? 10 579 625 790 308 614 559 153 418 430 472 
? 10 98 177 243 453 134 140 446 628 84 382 
? 9 330 673 158 354 376 314 479 781 474 
? 9 371 556 296 364 425 317 393 463 127 
? 9 572 607 792 612 737 677 70 300 217 
? 9 78 280 123 284 292 485 608 282 644 
? 9 443 687 396 626 667 390 369 124 347 
? 9 190 389 174 276 147 657 173 239 260 
? 9 395 640 274 328 200 304 21 244 731 
? 8 424 668 287 592 720 324 422 499 
? 8 275 509 86 232 319 108 233 655 
? 7 93 204 146 570 312 397 175 
? 7 77 573 524 447 732 716 52 
? 7 590 598 358 281 437 0 121 
? 7 192 624 533 117 105 379 17 
? 7 24 502 649 66 746 611 576 
? 7 346 741 29 26 410 789 137 
? 7 76 368 488 15 747 680 119 
? 7 228 461 545 664 688 59 167 
? 7 226 575 460 530 285 12 144 
? 7 700 714 669 427 718 604 706 
? 6 16 345 406 349 543 162 
? 6 122 237 236 646 178 34 
? 6 341 451 448 111 289 413 
? 6 377 495 189 131 278 627 
? 6 211 568 6 334 692 301 
? 6 249 271 19 704 160 79 
? 6 48 450 455 90 670 128 
? 6 83 735 326 454 483 257 
? 6 141 717 493 768 299 335 
? 6 220 373 164 599 135 468 
? 6 743 799 272 785 544 528 
? 5 181 201 205 357 100 
? 5 407 464 356 498 591 
? 5 234 342 191 600 782 
? 5 62 154 253 321 374 
? 5 337 771 176 778 426 
? 5 582 647 187 214 102 
? 5 138 270 130 385 14 
? 5 69 726 773 513 288 
? 4 47 303 589 219 
? 4 51 742 510 434 
? 4 197 777 689 794 
? 4 25 577 632 114 
? 4 145 445 705 750 
? 4 629 652 435 605 
? 4 165 610 519 218 
? 4 525 595 709 104 
? 3 597 633 195 
? 3 33 539 584 
? 3 333 473 387 
? 3 516 650 112 
!
700 714 669 427 718 604 706 
427 706
700 604
714 427
718 706
700 718
669 604
275 509 86 232 319 108 233 655 
509 86
275 655
108 233
86 108
275 86
319 108
232 655
758 
414 420 784 245 541 719 32 686 37 550 643 551 699 106 3 
414 420
784 420
245 414
541 784
719 420
32 719
686 32
37 719
550 541
643 686
551 550
699 686
106 245
3 643
69 726 773 513 288 
773 288
69 773
69 726
69 513
522 620 532 775 263 666 85 248 429 757 392 409 759 42 671 170 148 331 609 
522 620
532 522
775 620
263 522
666 263
85 775
248 85
429 248
757 263
392 85
409 85
759 666
42 759
671 429
170 42
148 429
331 759
609 170
743 799 272 785 544 528 
743 272
544 528
799 272
743 785
272 544
226 575 460 530 285 12 144 
575 460
226 144
12 144
226 460
575 285
530 144
740 
525 595 709 104 
525 709
595 104
709 104
60 152 693 715 46 186 458 277 27 486 529 417 441 
60 152
693 60
715 152
46 693
186 46
458 693
277 715
27 186
486 458
529 486
417 486
441 27
165 610 519 218 
165 519
610 519
610 218
22 593 
22 593
395 640 274 328 200 304 21 244 731 
21 244
244 731
640 274
328 244
395 328
640 304
395 304
640 200
411 684 
411 684
452 563 
452 563
190 389 174 276 147 657 173 239 260 
190 239
174 173
389 173
147 173
190 174
174 657
276 239
147 260
220 373 164 599 135 468 
220 373
599 468
135 468
373 599
220 164
443 687 396 626 667 390 369 124 347 
687 369
396 626
443 626
443 390
687 626
687 124
396 347
667 369
141 717 493 768 299 335 
717 299
768 335
141 493
141 717
768 299
83 735 326 454 483 257 
454 257
326 483
735 454
454 483
83 326
98 177 243 453 134 140 446 628 84 382 
628 382
98 134
446 382
98 453
177 243
98 177
177 446
140 84
134 140
728 765 
728 765
353 482 11 618 8 552 215 707 39 238 166 169 212 555 701 30 767 
353 482
11 482
618 353
8 482
552 353
215 618
707 215
39 707
238 552
166 215
169 39
212 238
555 212
701 169
30 701
767 555
48 450 455 90 670 128 
450 455
90 670
450 90
48 128
450 128
496 638 365 642 307 769 436 659 44 702 793 489 360 36 421 588 
496 638
365 496
642 638
307 496
769 365
436 642
659 307
44 436
702 307
793 702
489 659
360 793
36 360
421 360
588 489
125 526 184 560 213 401 756 157 367 565 378 258 762 521 262 432 113 95 372 13 41 690 547 320 713 293 
125 526
184 125
560 526
213 560
401 184
756 560
157 125
367 213
565 401
378 565
258 367
762 565
521 367
262 258
432 521
113 258
95 157
372 521
13 378
41 95
690 565
547 372
320 262
713 432
293 320
724 
138 270 130 385 14 
138 130
270 130
385 14
138 385
249 271 19 704 160 79 
19 704
271 160
271 19
249 160
160 79
579 625 790 308 614 559 153 418 430 472 
308 430
308 559
614 418
625 790
625 418
579 153
790 559
579 625
614 472
199 255 
199 255
23 316 208 332 97 504 101 586 50 721 791 28 339 745 494 
23 316
208 23
332 208
97 332
504 208
101 97
586 97
50 101
721 332
791 316
28 721
339 50
745 721
494 504
582 647 187 214 102 
647 214
214 102
582 102
647 187
228 461 545 664 688 59 167 
228 688
461 545
545 167
545 664
461 688
59 167
698 
384 567 
384 567
337 771 176 778 426 
337 771
337 778
337 176
771 426
76 368 488 15 747 680 119 
488 119
76 488
15 119
15 680
747 680
368 15
329 783 697 601 587 94 386 553 20 514 492 252 748 542 180 67 336 
329 783
697 329
601 783
587 697
94 697
386 587
553 601
20 553
514 386
492 553
252 94
748 386
542 20
180 542
67 542
336 180
654 
211 568 6 334 692 301 
692 301
211 334
211 692
568 6
568 301
338 366 155 683 142 635 261 779 150 340 729 744 538 290 402 725 606 82 
338 366
155 338
683 155
142 683
635 683
261 635
779 366
150 261
340 779
729 150
744 340
538 729
290 150
402 744
725 290
606 725
82 606
78 280 123 284 292 485 608 282 644 
284 608
608 282
608 644
78 280
292 282
78 292
123 284
284 485
346 741 29 26 410 789 137 
29 26
346 741
346 26
346 410
789 137
741 789
629 652 435 605 
652 435
629 652
652 605
516 650 112 
650 112
516 650
377 495 189 131 278 627 
131 278
189 278
495 131
495 627
377 189
56 230 403 694 10 477 780 58 527 265 641 536 433 661 143 549 196 615 487 637 534 416 574 665 623 96 
56 230
403 56
694 403
10 694
477 403
780 477
58 780
527 230
265 10
641 58
536 265
433 403
661 527
143 477
549 661
196 549
615 536
487 549
637 143
534 637
416 487
574 637
665 487
623 534
96 665
572 607 792 612 737 677 70 300 217 
792 612
607 217
737 300
572 217
612 677
572 792
612 300
70 300
24 502 649 66 746 611 576 
24 746
649 576
24 611
24 66
502 611
24 576
363 375 362 738 149 564 571 658 739 776 103 490 109 
363 375
362 363
738 375
149 363
564 149
571 375
658 571
739 362
776 564
103 776
490 571
109 738
240 444 
240 444
107 423 412 554 259 755 172 68 431 462 72 269 501 408 
107 423
412 423
554 107
259 107
755 412
172 259
68 554
431 172
462 755
72 462
269 68
501 172
408 431
145 445 705 750 
145 445
145 705
445 750
333 473 387 
333 387
333 473
648 
62 154 253 321 374 
321 374
154 253
253 374
62 154
120 183 163 763 736 188 656 159 139 470 267 81 295 478 
120 183
163 120
763 183
736 163
188 163
656 763
159 656
139 188
470 139
267 763
81 159
295 188
478 267
91 370 202 672 456 537 752 254 764 520 133 562 73 
91 370
202 370
672 202
456 202
537 370
752 537
254 752
764 254
520 254
133 456
562 133
73 537
192 624 533 117 105 379 17 
624 379
624 17
117 17
192 533
192 379
533 105
404 675 268 653 569 511 298 4 286 616 
268 511
404 653
298 286
675 4
569 286
569 4
653 298
675 268
653 616
630 634 256 540 531 89 247 75 449 71 398 35 760 383 313 712 87 596 517 500 305 467 681 
630 634
256 634
540 256
531 630
89 531
247 540
75 247
449 531
71 540
398 449
35 247
760 71
383 89
313 35
712 313
87 449
596 398
517 596
500 87
305 760
467 596
681 305
25 577 632 114 
577 632
25 114
632 114
129 617 43 283 348 391 546 795 507 619 505 645 
129 617
43 129
283 129
348 43
391 348
546 283
795 546
507 43
619 348
505 795
645 505
197 777 689 794 
197 689
197 777
689 794
291 676 
291 676
639 
223 327 399 621 788 753 439 730 787 679 9 481 518 613 110 583 558 419 
223 327
399 327
621 327
788 399
753 621
439 788
730 439
787 788
679 223
9 679
481 753
518 753
613 481
110 439
583 110
558 518
419 558
132 770 206 797 508 185 480 38 40 231 
185 38
185 480
770 206
132 206
132 797
38 231
797 508
770 480
40 231
57 279 580 216 227 325 749 535 400 380 
57 279
57 227
580 216
325 400
227 400
325 749
279 216
325 380
535 380
182 685 
182 685
234 342 191 600 782 
234 342
342 600
600 782
342 191
407 464 356 498 591 
464 356
356 498
356 591
407 464
341 451 448 111 289 413 
341 451
451 413
111 289
341 111
448 111
115 
438 751 251 229 772 350 266 203 65 663 246 2 156 622 660 31 798 171 225 63 394 388 459 273 294 662 
438 751
251 438
229 251
772 751
350 229
266 772
203 229
65 266
663 65
246 65
2 663
156 203
622 156
660 622
31 350
798 246
171 660
225 31
63 171
394 156
388 394
459 388
273 31
294 63
662 388
590 598 358 281 437 0 121 
281 121
281 437
590 358
0 121
358 437
590 598
122 237 236 646 178 34 
236 34
178 34
122 646
122 178
237 178
16 345 406 349 543 162 
349 543
16 162
345 543
16 345
345 406
297 442 631 682 415 506 61 55 561 475 302 476 352 
297 442
631 442
682 442
415 682
506 682
61 631
55 631
561 55
475 61
302 415
476 61
352 561
18 
77 573 524 447 732 716 52 
77 524
573 716
573 524
447 52
573 52
77 732
51 742 510 434 
742 510
51 510
510 434
181 201 205 357 100 
201 357
181 205
205 357
201 100
424 668 287 592 720 324 422 499 
668 324
668 720
324 499
424 287
287 720
287 422
424 592
491 651 497 264 250 727 695 381 603 696 796 361 242 733 678 351 322 7 207 503 754 359 179 1 80 
491 651
497 491
264 651
250 491
727 497
695 727
381 250
603 264
696 603
796 696
361 264
242 361
733 695
678 696
351 796
322 727
7 796
207 322
503 603
754 242
359 361
179 733
1 179
80 503
126 315 
126 315
151 581 53 118 708 198 523 674 344 484 636 594 466 224 
151 581
53 581
118 53
708 151
198 118
523 708
674 523
344 708
484 344
636 708
594 523
466 674
224 636
33 539 584 
33 539
539 584
47 303 589 219 
589 219
303 589
47 303
371 556 296 364 425 317 393 463 127 
296 393
556 364
296 425
317 393
364 127
364 393
296 463
371 463
330 673 158 354 376 314 479 781 474 
330 158
330 673
354 781
354 376
158 376
354 479
158 474
314 474
64 471 161 54 711 310 221 766 343 222 469 703 306 761 116 457 585 
64 471
161 471
54 64
711 54
310 54
221 161
766 711
343 221
222 766
469 310
703 161
306 703
761 343
116 703
457 761
585 469
597 633 195 
633 195
597 195
93 204 146 570 312 397 175 
146 312
204 146
397 175
93 204
204 397
570 175
92 774 5 168 578 235 311 209 355 193 318 602 465 45 
92 774
5 92
168 5
578 168
235 578
311 235
209 311
355 209
193 209
318 774
602 193
465 318
45 602
515 786 
515 786
136 405 548 241 428 440 210 722 309 194 88 99 49 323 566 734 512 74 691 557 723 710 
136 405
548 136
241 136
428 405
440 428
210 548
722 440
309 428
194 440
88 722
99 88
49 194
323 210
566 88
734 194
512 566
74 512
691 99
557 99
723 323
710 74
