? 10 196 549 487 665 416 96 615 473 633 773 
? 10 287 424 668 81 499 592 735 656 463 324 
? 10 278 288 131 189 597 291 69 195 726 676 
? 10 194 440 428 49 722 734 88 309 548 405 
? 10 328 731 395 274 640 684 12 21 515 33 
? 9 283 645 129 505 127 391 795 546 364 
? 9 346 741 29 26 576 410 611 418 746 
? 9 388 662 394 156 8 482 459 622 203 
? 9 341 451 111 501 289 671 429 248 72 
? 9 507 728 121 182 348 590 43 437 598 
? 9 134 453 623 685 84 140 379 435 648 
? 9 27 186 277 60 408 458 152 693 715 
? 8 430 559 308 528 503 625 153 579 
? 8 692 702 307 6 659 211 421 732 
? 7 553 774 542 5 67 587 351 
? 7 524 573 717 562 493 299 141 
? 7 13 116 703 138 161 82 560 
? 7 151 581 489 198 636 118 344 
? 7 464 613 498 621 407 345 406 
? 7 90 450 380 378 670 756 48 
? 7 392 409 85 381 522 755 412 
? 7 537 752 764 25 520 254 73 
? 7 95 150 729 290 725 261 635 
? 7 343 761 130 457 270 606 306 
? 6 468 654 778 238 220 373 
? 6 629 652 425 393 605 619 
? 6 155 683 142 293 113 41 
? 6 417 529 486 698 296 172 
? 6 300 516 737 303 677 47 
? 6 115 239 260 135 212 166 
? 6 534 574 637 566 0 780 
? 6 229 438 251 772 350 660 
? 6 387 563 452 333 627 199 
? 6 302 749 400 128 385 442 
? 6 401 526 125 213 157 690 
? 5 320 366 258 565 184 
? 5 544 603 7 678 696 
? 5 577 632 478 650 461 
? 5 160 436 704 496 642 
? 5 257 483 758 326 148 
? 5 423 554 107 259 462 
? 5 231 240 484 708 225 
? 5 402 744 634 630 164 
? 4 557 710 281 74 
? 4 136 210 241 682 
? 4 223 787 759 16 
? 4 472 614 649 796 
? 4 249 273 31 751 
? 4 413 720 52 83 
? 4 267 454 422 114 
? 4 165 617 34 123 
? 3 53 523 466 
? 3 655 657 555 
? 3 362 490 59 
? 3 269 595 441 
!
343 761 130 457 270 606 306 
130 606
343 457
343 130
761 606
343 306
761 270
692 702 307 6 659 211 421 732 
692 211
702 732
307 732
702 6
692 732
692 659
6 421
669 
313 712 35 247 432 521 779 372 262 713 340 338 75 547 367 
313 712
35 313
247 712
432 313
521 313
779 712
372 521
262 521
713 262
340 779
338 262
75 712
547 521
367 521
402 744 634 630 164 
402 164
634 630
744 164
744 634
119 782 15 680 600 709 488 76 718 604 342 427 747 234 191 525 368 700 347 
119 782
15 119
680 119
600 119
709 782
488 119
76 15
718 680
604 718
342 680
427 718
747 15
234 782
191 680
525 709
368 76
700 342
347 747
401 526 125 213 157 690 
526 125
526 157
157 690
401 157
401 213
95 150 729 290 725 261 635 
725 261
95 635
729 290
150 729
150 725
725 635
599 
165 617 34 123 
165 34
34 123
165 617
86 233 108 79 319 232 742 173 589 510 51 219 174 
86 233
108 233
79 108
319 108
232 86
742 233
173 232
589 233
510 108
51 233
219 589
174 173
267 454 422 114 
267 422
454 422
267 114
447 716 
447 716
27 186 277 60 408 458 152 693 715 
60 458
27 152
277 60
458 152
186 277
152 715
27 693
186 408
371 646 
371 646
588 674 
588 674
134 453 623 685 84 140 379 435 648 
685 140
134 453
134 685
84 140
435 648
453 379
84 435
453 623
302 749 400 128 385 442 
302 749
302 400
749 442
749 385
128 385
507 728 121 182 348 590 43 437 598 
507 728
182 437
507 121
121 182
590 598
507 348
590 437
728 43
387 563 452 333 627 199 
387 333
387 627
452 199
563 199
387 563
229 438 251 772 350 660 
229 660
438 251
229 350
438 660
251 772
328 731 395 274 640 684 12 21 515 33 
274 640
731 21
328 21
328 395
12 33
395 640
731 684
731 12
684 515
3 686 
3 686
39 707 169 701 19 294 353 271 552 215 767 63 171 275 509 30 618 
39 707
169 39
701 169
19 701
294 39
353 707
271 169
552 353
215 707
767 39
63 294
171 294
275 767
509 275
30 19
618 353
534 574 637 566 0 780 
574 566
534 637
637 566
637 0
534 780
386 514 748 783 329 252 104 601 94 465 697 336 714 20 180 318 
386 514
748 386
783 386
329 783
252 329
104 748
601 329
94 514
465 252
697 252
336 465
714 514
20 329
180 336
318 180
158 330 376 673 781 87 467 500 314 474 479 612 354 383 214 572 792 607 582 449 70 531 596 398 739 455 
158 330
376 158
673 330
781 158
87 330
467 376
500 87
314 330
474 781
479 158
612 474
354 781
383 500
214 467
572 612
792 612
607 572
582 781
449 467
70 582
531 500
596 376
398 531
739 572
455 500
538 
231 240 484 708 225 
231 240
484 225
708 225
231 708
115 239 260 135 212 166 
135 212
115 239
239 135
115 166
239 260
194 440 428 49 722 734 88 309 548 405 
440 722
194 88
49 734
194 428
194 440
440 309
194 49
722 405
548 405
14 762 
14 762
414 420 541 245 643 719 37 550 784 699 32 789 551 790 106 
414 420
541 420
245 420
643 420
719 643
37 719
550 541
784 414
699 643
32 414
789 420
551 541
790 37
106 245
423 554 107 259 462 
423 462
423 259
107 259
554 462
537 752 764 25 520 254 73 
752 520
537 752
764 520
764 254
752 73
25 254
512 
46 556 
46 556
257 483 758 326 148 
483 326
257 148
257 326
758 148
392 409 85 381 522 755 412 
409 85
392 409
409 412
755 412
392 522
381 412
192 382 446 533 369 628 177 243 124 624 98 667 17 687 298 117 377 
192 382
446 382
533 192
369 533
628 446
177 446
243 177
124 369
624 192
98 177
667 369
17 628
687 124
298 124
117 533
377 298
434 
300 516 737 303 677 47 
300 737
677 47
300 47
516 303
303 47
226 460 575 144 335 285 543 768 591 593 530 244 539 22 356 349 584 18 
226 460
575 460
144 226
335 460
285 226
543 335
768 335
591 144
593 144
530 460
244 285
539 593
22 539
356 591
349 335
584 539
18 768
341 451 111 501 289 671 429 248 72 
341 451
501 289
341 72
671 248
289 248
248 72
111 289
429 72
90 450 380 378 670 756 48 
380 670
90 670
90 450
450 48
756 48
90 378
413 720 52 83 
52 83
413 52
413 720
269 595 441 
269 441
269 595
417 529 486 698 296 172 
486 698
417 698
529 486
417 172
529 296
97 101 50 316 332 745 586 723 23 721 506 691 218 339 28 750 494 791 504 765 208 415 610 535 99 284 
97 101
50 97
316 97
332 97
745 101
586 97
723 586
23 97
721 745
506 723
691 586
218 745
339 332
28 218
750 218
494 97
791 316
504 316
765 218
208 745
415 586
610 494
535 791
99 691
284 494
388 662 394 156 8 482 459 622 203 
156 8
156 622
388 394
388 662
394 459
156 203
482 203
662 8
464 613 498 621 407 345 406 
621 407
613 498
464 498
407 406
464 406
464 345
202 672 91 793 77 365 456 370 360 769 36 638 133 
202 672
91 202
793 672
77 672
365 672
456 202
370 91
360 672
769 672
36 769
638 365
133 672
58 661 
58 661
253 558 154 321 518 62 9 374 753 137 679 419 481 327 
253 558
154 253
321 253
518 558
62 154
9 253
374 518
753 558
137 321
679 558
419 9
481 518
327 753
249 273 31 751 
273 31
273 751
249 273
362 490 59 
362 490
362 59
255 
160 436 704 496 642 
160 436
160 704
436 496
496 642
4 706 390 675 511 404 268 396 569 653 105 443 626 286 
4 706
390 706
675 4
511 4
404 675
268 675
396 390
569 404
653 390
105 653
443 675
626 569
286 569
112 178 122 571 109 237 608 519 228 236 639 738 664 
112 178
122 178
571 112
109 178
237 122
608 178
519 178
228 112
236 112
639 112
738 237
664 571
151 581 489 198 636 118 344 
198 118
581 118
151 581
636 344
198 344
151 489
278 288 131 189 597 291 69 195 726 676 
278 131
278 189
597 291
288 597
288 131
189 69
291 676
195 676
69 726
197 517 689 426 102 71 794 305 540 771 176 256 681 276 389 187 777 190 337 760 89 647 147 
197 517
689 197
426 689
102 689
71 517
794 197
305 197
540 71
771 305
176 771
256 540
681 305
276 102
389 689
187 689
777 102
190 794
337 771
760 71
89 256
647 102
147 190
472 614 649 796 
614 649
472 649
649 796
403 694 10 433 56 536 230 265 143 477 527 641 
403 694
10 694
433 403
56 10
536 10
230 403
265 10
143 403
477 403
527 265
641 527
223 787 759 16 
223 16
223 759
223 787
200 568 
200 568
246 
209 355 235 311 602 45 578 785 799 272 193 24 66 168 492 502 92 743 
209 355
235 209
311 235
602 209
45 209
578 235
785 602
799 355
272 602
193 602
24 209
66 24
168 578
492 578
502 24
92 578
743 799
287 424 668 81 499 592 735 656 463 324 
668 324
499 324
287 424
735 656
287 668
668 735
287 81
463 324
424 592
196 549 487 665 416 96 615 473 633 773 
416 96
549 487
416 773
196 487
665 773
549 633
615 633
487 96
196 473
431 448 
431 448
577 632 478 650 461 
577 632
577 478
650 461
478 461
544 603 7 678 696 
603 7
7 696
544 7
544 678
155 683 142 293 113 41 
142 113
155 113
293 41
155 683
683 293
44 
170 609 42 110 263 740 666 359 757 724 754 532 315 439 788 399 242 331 583 775 126 80 361 730 162 620 
170 609
42 609
110 609
263 609
740 42
666 42
359 42
757 263
724 359
754 359
532 609
315 754
439 110
788 439
399 609
242 754
331 740
583 666
775 263
126 439
80 242
361 110
730 439
162 331
620 263
13 116 703 138 161 82 560 
116 82
13 116
13 138
703 138
161 82
116 560
629 652 425 393 605 619 
629 652
629 619
425 393
652 605
425 619
468 654 778 238 220 373 
468 654
220 373
778 220
654 238
654 373
497 727 491 179 264 733 207 322 250 651 1 695 68 
497 727
491 497
179 727
264 497
733 179
207 727
322 491
250 491
651 497
1 497
695 491
68 207
11 
524 573 717 562 493 299 141 
717 299
524 141
573 493
524 493
717 141
573 562
136 210 241 682 
136 682
210 682
210 241
320 366 258 565 184 
258 184
320 366
320 258
258 565
430 559 308 528 503 625 153 579 
430 308
559 308
308 528
503 153
153 579
625 579
559 579
57 279 475 580 216 585 352 227 61 561 469 310 631 55 325 54 766 222 471 476 323 64 297 221 711 
57 279
475 279
580 57
216 57
585 279
352 216
227 216
61 279
561 57
469 57
310 279
631 61
55 475
325 61
54 585
766 54
222 766
471 222
476 325
323 631
64 222
297 61
221 471
711 54
495 616 
495 616
163 188 139 545 120 470 295 167 159 183 736 317 688 763 
163 188
139 188
545 188
120 163
470 545
295 188
167 545
159 120
183 159
736 159
317 736
688 545
763 183
655 657 555 
655 657
655 555
557 710 281 74 
281 74
557 281
557 710
346 741 29 26 576 410 611 418 746 
576 410
29 26
346 741
346 26
410 746
346 576
611 746
576 418
283 645 129 505 127 391 795 546 364 
391 795
283 645
129 795
505 127
645 505
127 364
283 795
546 364
103 217 149 776 282 564 363 280 78 644 445 485 145 292 375 705 658 
103 217
149 103
776 217
282 217
564 103
363 149
280 217
78 217
644 282
445 282
485 103
145 644
292 149
375 363
705 644
658 363
53 523 466 
523 466
53 523
553 774 542 5 67 587 351 
542 587
553 587
553 774
774 5
542 67
5 351
132 770 206 797 2 65 798 508 266 663 185 40 480 38 
132 770
206 770
797 132
2 132
65 132
798 797
508 798
266 2
663 2
185 206
40 185
480 185
38 185
358 513 
358 513
100 175 397 201 567 204 312 570 146 357 384 93 411 205 301 334 786 181 444 594 304 224 
100 175
397 100
201 100
567 175
204 397
312 567
570 175
146 397
357 201
384 175
93 146
411 146
205 397
301 357
334 201
786 411
181 301
444 567
594 357
304 411
224 444
