? 10 287 424 668 81 735 656 413 422 483 463 
? 10 507 728 121 182 391 129 283 617 358 590 
? 10 262 521 713 367 258 366 547 372 320 432 
? 10 112 178 237 571 639 109 123 519 646 364 
? 10 244 731 328 395 22 684 640 33 539 584 
? 9 278 288 773 189 131 96 665 291 726 
? 9 627 676 563 387 195 333 452 473 633 
? 9 86 233 510 275 108 79 742 509 589 
? 9 388 662 353 459 156 171 8 482 660 
? 9 450 455 90 670 690 762 48 89 756 
? 9 505 645 795 393 127 165 629 425 43 
? 9 138 457 761 130 270 82 606 343 13 
? 8 85 392 259 423 755 620 412 172 
? 8 26 346 29 741 576 410 611 746 
? 7 538 729 290 725 142 150 261 
? 7 326 562 454 573 77 456 447 
? 7 224 636 240 484 38 151 231 
? 7 307 638 702 436 365 588 496 
? 7 481 613 464 621 356 498 407 
? 7 487 549 196 416 661 597 780 
? 7 272 602 45 153 559 544 799 
? 7 300 737 303 516 792 650 461 
? 7 115 767 232 655 373 212 135 
? 7 134 437 98 513 281 598 140 
? 6 468 654 599 238 778 220 
? 6 198 581 708 53 273 523 
? 6 211 568 21 6 732 692 
? 6 24 649 502 472 66 625 
? 6 445 535 380 145 284 385 
? 6 417 529 60 408 486 693 
? 6 80 528 503 678 796 743 
? 6 155 683 338 95 41 293 
? 6 116 703 306 14 221 400 
? 6 229 251 203 438 772 350 
? 6 125 560 526 401 157 213 
? 5 199 255 58 495 616 
? 5 435 652 458 152 685 
? 5 68 554 431 269 441 
? 5 296 371 556 324 698 
? 5 148 257 758 52 83 
? 5 534 637 710 623 0 
? 5 524 716 141 200 421 
? 5 88 512 566 765 323 
? 4 256 634 630 777 
? 4 591 593 406 16 
? 4 394 552 166 622 
? 4 25 577 114 434 
? 4 327 399 679 787 
? 4 260 555 147 164 
? 4 118 344 225 659 
? 4 361 696 193 3 
? 3 11 63 31 
? 3 84 348 619 
? 3 34 494 236 
? 3 173 657 51 
!
134 437 98 513 281 598 140 
134 98
437 281
134 281
281 140
437 513
437 598
26 346 29 741 576 410 611 746 
576 410
26 29
346 741
26 346
410 746
346 576
611 746
751 
340 744 779 681 402 305 771 712 313 760 337 75 540 247 35 
340 744
779 340
681 340
402 744
305 681
771 744
712 340
313 712
760 712
337 771
75 712
540 313
247 712
35 712
88 512 566 765 323 
512 566
88 566
88 765
88 323
192 382 446 533 369 628 177 243 124 648 17 396 624 117 687 453 298 377 69 
192 382
446 382
533 192
369 533
628 382
177 446
243 177
124 369
648 382
17 243
396 369
624 446
117 369
687 124
453 243
298 124
377 298
69 17
125 560 526 401 157 213 
125 526
526 157
401 157
560 401
401 213
115 767 232 655 373 212 135 
115 655
767 232
212 135
232 655
232 212
373 135
546 
361 696 193 3 
696 3
193 3
361 696
91 202 672 537 360 752 370 254 133 793 520 769 764 
91 202
672 202
537 91
360 672
752 537
370 202
254 91
133 202
793 672
520 752
769 537
764 254
118 344 225 659 
118 225
225 659
344 659
379 715 
379 715
138 457 761 130 270 82 606 343 13 
130 606
457 343
130 343
761 606
138 761
138 13
82 13
761 270
46 595 
46 595
267 592 
267 592
505 645 795 393 127 165 629 425 43 
127 165
505 127
505 645
505 43
795 629
393 425
393 165
645 629
229 251 203 438 772 350 
203 438
251 438
229 203
229 350
251 772
450 455 90 670 690 762 48 89 756 
450 455
90 670
450 90
690 762
89 756
90 762
450 48
48 89
116 703 306 14 221 400 
703 306
703 221
116 221
306 400
116 14
155 683 338 95 41 293 
95 41
683 338
41 293
155 683
683 293
244 731 328 395 22 684 640 33 539 584 
244 731
244 328
328 395
33 539
539 584
22 539
22 684
731 22
395 640
105 714 
105 714
180 336 252 465 318 67 542 94 514 329 386 697 669 511 587 706 748 
180 336
252 336
465 180
318 180
67 180
542 67
94 336
514 252
329 514
386 514
697 514
669 252
511 336
587 386
706 511
748 386
80 528 503 678 796 743 
503 678
80 528
503 743
80 678
796 743
253 321 558 154 518 374 62 9 137 551 550 419 541 784 699 753 
253 321
558 253
154 321
518 558
374 253
62 321
9 154
137 154
551 154
550 551
419 558
541 154
784 541
699 541
753 518
158 330 376 673 87 781 467 500 314 383 354 612 479 474 572 214 398 607 531 596 70 449 582 677 739 517 
158 330
376 158
673 330
87 330
781 376
467 376
500 87
314 158
383 87
354 376
612 158
479 612
474 612
572 612
214 781
398 87
607 330
531 87
596 673
70 781
449 531
582 781
677 612
739 572
517 467
515 
524 716 141 200 421 
524 141
524 716
716 421
141 200
417 529 60 408 486 693 
529 693
417 486
529 486
529 60
417 408
112 178 237 571 639 109 123 519 646 364 
112 639
178 639
237 123
571 123
178 364
109 364
112 571
519 364
519 646
375 490 
375 490
414 420 719 37 643 245 790 106 308 32 789 579 686 418 430 
414 420
719 420
37 420
643 420
245 420
790 37
106 420
308 790
32 414
789 106
579 790
686 643
418 790
430 643
534 637 710 623 0 
534 637
534 623
637 710
637 0
300 737 303 516 792 650 461 
300 737
737 650
650 461
303 516
300 303
300 792
184 
489 674 
489 674
148 257 758 52 83 
257 52
148 52
758 83
52 83
272 602 45 153 559 544 799 
45 799
272 602
153 544
602 799
272 153
153 559
168 578 774 5 92 492 553 235 311 601 209 179 20 355 1 783 351 
168 578
774 168
5 168
92 168
492 774
553 774
235 578
311 235
601 553
209 235
179 601
20 553
355 311
1 179
783 601
351 355
128 
445 535 380 145 284 385 
535 145
445 145
284 385
380 145
535 385
103 217 282 776 363 564 149 644 78 485 608 292 280 122 738 658 362 705 
103 217
282 217
776 217
363 103
564 363
149 363
644 282
78 149
485 103
608 103
292 149
280 149
122 217
738 103
658 363
362 363
705 644
388 662 353 459 156 171 8 482 660 
156 660
171 482
8 660
388 662
388 459
662 8
388 171
353 459
487 549 196 416 661 597 780 
487 549
416 597
487 196
196 597
549 661
549 780
260 555 147 164 
260 164
260 147
555 147
173 657 51 
173 51
173 657
24 649 502 472 66 625 
502 625
24 66
24 502
24 649
649 472
97 101 50 586 745 316 332 721 28 339 506 723 23 691 218 791 750 302 682 504 99 610 208 415 442 557 
97 101
50 101
586 50
745 50
316 97
332 97
721 101
28 101
339 97
506 586
723 586
23 50
691 50
218 745
791 97
750 218
302 97
682 101
504 97
99 691
610 750
208 506
415 586
442 723
557 691
86 233 510 275 108 79 742 509 589 
86 509
233 108
86 108
86 275
233 79
233 589
510 742
79 742
481 613 464 621 356 498 407 
464 356
621 407
356 498
613 498
481 621
481 464
403 694 10 433 230 56 536 265 641 143 477 527 615 
403 694
10 403
433 694
230 694
56 694
536 10
265 536
641 403
143 433
477 403
527 10
615 265
113 635 
113 635
194 440 428 734 722 49 548 241 309 74 210 574 136 405 
194 440
428 440
734 440
722 194
49 194
548 194
241 194
309 548
74 440
210 309
574 49
136 428
405 428
327 399 679 787 
327 399
679 787
399 679
34 494 236 
34 236
34 494
73 
296 371 556 324 698 
371 698
296 556
296 324
324 698
197 689 426 102 794 176 190 71 389 239 276 187 219 174 
197 689
426 689
102 689
794 197
176 689
190 689
71 197
389 190
239 190
276 190
187 190
219 187
174 190
341 451 111 499 462 72 448 671 248 501 720 289 429 
341 451
111 341
499 111
462 341
72 341
448 451
671 451
248 451
501 341
720 499
289 499
429 248
307 638 702 436 365 588 496 
638 496
638 365
436 365
307 496
307 702
436 588
262 521 713 367 258 366 547 372 320 432 
521 713
367 258
366 320
262 366
713 320
262 367
258 547
320 432
547 372
119 782 15 680 600 709 718 342 76 604 488 747 427 368 186 277 525 27 191 700 234 605 104 
119 782
15 119
680 15
600 782
709 782
718 600
342 680
76 15
604 782
488 15
747 76
427 600
368 680
186 709
277 76
525 782
27 709
191 680
700 718
234 680
605 747
104 600
25 577 114 434 
25 114
114 434
577 114
4 390 268 404 347 675 653 443 667 569 286 626 
4 390
268 4
404 268
347 390
675 268
653 4
443 4
667 390
569 653
286 404
626 286
394 552 166 622 
394 552
394 622
552 166
614 785 
614 785
59 
163 188 139 470 545 120 295 183 167 159 478 664 632 688 736 317 763 228 
163 188
139 188
470 188
545 470
120 188
295 163
183 188
167 470
159 163
478 188
664 545
632 167
688 545
736 163
317 736
763 120
228 545
507 728 121 182 391 129 283 617 358 590 
507 728
358 590
507 121
507 129
391 129
121 182
129 283
391 617
182 358
287 424 668 81 735 656 413 422 483 463 
81 422
287 424
735 656
656 483
287 668
287 422
668 735
668 463
735 413
47 647 
47 647
68 554 431 269 441 
68 554
269 441
554 269
431 269
435 652 458 152 685 
458 152
435 652
652 152
435 685
211 568 21 6 732 692 
568 732
211 692
568 6
732 692
211 21
40 
170 609 110 42 263 740 666 359 754 439 315 724 331 757 775 583 788 532 759 242 730 522 409 162 223 126 
170 609
110 609
42 609
263 609
740 42
666 42
359 609
754 359
439 110
315 754
724 315
331 740
757 359
775 666
583 263
788 439
532 666
759 740
242 754
730 439
522 263
409 359
162 740
223 730
126 242
224 636 240 484 38 151 231 
224 636
240 231
240 38
484 151
224 231
636 484
198 581 708 53 273 523 
198 581
53 273
198 53
708 523
581 523
468 654 599 238 778 220 
468 654
654 599
778 220
654 238
599 220
132 770 206 797 798 663 508 65 480 2 185 246 266 
132 770
206 132
797 770
798 797
663 798
508 797
65 663
480 770
2 65
185 480
246 798
266 65
36 
326 562 454 573 77 456 447 
454 447
573 77
326 562
562 573
326 454
326 456
591 593 406 16 
591 406
591 593
591 16
199 255 58 495 616 
199 255
495 616
199 495
58 495
85 392 259 423 755 620 412 172 
423 172
85 392
259 423
755 412
85 412
85 259
392 620
57 279 475 585 216 352 580 561 227 54 711 766 325 476 471 222 61 55 469 631 310 297 161 64 749 
57 279
475 279
585 57
216 57
352 216
580 216
561 57
227 580
54 57
711 54
766 54
325 766
476 325
471 766
222 766
61 476
55 227
469 222
631 61
310 585
297 475
161 766
64 222
749 476
378 565 
378 565
497 727 491 733 264 207 651 695 603 250 322 7 107 381 
497 727
491 727
733 727
264 497
207 727
651 497
695 727
603 264
250 491
322 207
7 603
107 322
381 250
84 348 619 
84 348
348 619
256 634 630 777 
634 630
256 634
256 777
627 676 563 387 195 333 452 473 633 
676 387
627 676
387 333
195 473
563 473
563 387
452 473
195 633
278 288 773 189 131 96 665 291 726 
278 131
288 96
278 189
288 131
288 291
773 131
773 665
665 726
335 768 543 18 460 349 226 717 575 285 345 530 144 299 12 493 274 
335 768
543 335
18 768
460 335
349 543
226 460
717 768
575 460
285 226
345 349
530 226
144 226
299 717
12 285
493 717
274 717
11 63 31 
11 63
63 31
538 729 290 725 142 150 261 
290 142
538 142
725 261
729 142
729 150
725 150
169 701 39 19 707 294 30 704 271 618 319 160 215 249 
169 701
39 169
19 701
707 39
294 707
30 19
704 19
271 701
618 39
319 704
160 704
215 707
249 294
44 642 
44 642
100 175 397 201 357 567 204 93 146 570 181 384 205 334 301 786 304 312 411 444 594 466 
100 175
397 100
201 100
357 201
567 175
204 100
93 175
146 397
570 567
181 357
384 397
205 357
334 357
301 357
786 397
304 175
312 146
411 146
444 567
594 397
466 357
