? 10 197 689 426 794 305 176 71 389 276 398 
? 10 538 729 290 150 725 142 261 95 635 606 
? 10 224 636 484 344 240 151 581 708 231 198 
? 10 96 665 773 487 288 278 549 131 291 597 
? 10 388 662 353 459 8 394 171 622 156 11 
? 9 410 576 29 741 346 26 418 746 649 
? 9 341 451 499 289 111 413 248 462 148 
? 9 338 366 155 320 262 293 683 113 367 
? 9 450 455 90 670 762 690 400 385 705 
? 9 337 771 778 681 599 402 220 239 373 
? 9 468 654 135 212 238 260 552 115 555 
? 9 507 728 121 391 358 129 283 617 348 
? 8 627 676 195 387 563 377 473 633 
? 8 172 423 107 501 755 408 259 72 
? 7 524 573 77 717 21 732 274 
? 7 464 498 356 481 591 753 345 
? 7 203 229 251 350 438 751 246 
? 7 307 702 638 436 365 211 6 
? 7 605 648 435 379 629 347 652 
? 7 392 409 85 671 429 503 758 
? 7 287 668 81 422 720 463 735 
? 7 574 637 534 780 0 58 281 
? 7 457 761 138 343 130 270 82 
? 7 219 300 737 25 516 434 650 
? 6 13 116 703 221 125 380 
? 6 134 437 590 182 513 623 
? 6 544 559 430 80 153 528 
? 6 152 186 417 60 693 715 
? 6 328 395 304 200 568 12 
? 6 535 749 485 442 128 48 
? 6 24 66 502 611 272 625 
? 6 196 416 661 199 333 726 
? 6 257 483 326 52 447 299 
? 6 256 540 89 634 75 630 
? 6 213 401 560 526 258 378 
? 5 67 318 587 595 269 
? 5 425 795 296 505 529 
? 5 557 710 241 512 598 
? 5 496 642 360 588 44 
? 5 41 157 756 184 565 
? 5 286 616 495 569 105 
? 5 655 657 164 767 166 
? 5 114 577 520 59 490 
? 4 743 785 193 579 
? 4 53 118 489 273 
? 4 482 660 618 215 
? 4 43 685 619 84 
? 4 371 556 486 324 
? 4 659 674 36 594 
? 4 70 187 647 147 
? 4 349 493 16 406 
? 3 32 614 472 
? 3 223 407 399 
? 3 678 696 799 
? 3 255 452 667 
!
219 300 737 25 516 434 650 
434 650
300 25
300 737
737 434
219 516
219 25
172 423 107 501 755 408 259 72 
172 408
172 423
423 259
107 259
755 72
501 755
172 501
787 
414 420 541 245 37 719 643 106 699 551 784 790 308 789 550 
414 420
541 420
245 420
37 420
719 420
643 420
106 245
699 643
551 541
784 106
790 37
308 790
789 106
550 541
114 577 520 59 490 
577 520
520 59
114 59
114 490
382 446 192 533 369 177 628 243 98 687 17 453 624 124 117 191 69 140 189 
382 446
192 382
533 192
369 192
177 446
628 177
243 177
98 177
687 533
17 628
453 243
624 192
124 533
117 533
191 369
69 17
140 177
189 533
213 401 560 526 258 378 
526 258
526 378
401 560
213 401
401 258
457 761 138 343 130 270 82 
457 343
343 130
761 138
457 138
761 270
138 82
777 
349 493 16 406 
349 493
349 16
16 406
403 694 56 230 10 433 143 536 265 641 477 527 615 
403 694
56 403
230 403
10 694
433 694
143 403
536 694
265 536
641 403
477 143
527 265
615 265
70 187 647 147 
70 187
70 647
647 147
74 765 
74 765
507 728 121 391 358 129 283 617 348 
507 728
391 348
507 121
507 129
129 348
283 348
617 348
121 358
34 165 
34 165
448 592 
448 592
468 654 135 212 238 260 552 115 555 
468 654
135 238
654 238
135 212
115 555
212 552
212 555
654 260
256 540 89 634 75 630 
540 75
89 630
634 75
89 634
256 540
337 771 778 681 599 402 220 239 373 
337 402
771 681
220 373
778 220
337 771
337 778
599 373
239 373
257 483 326 52 447 299 
257 447
483 326
257 52
326 52
52 299
196 416 661 199 333 726 
196 333
199 333
416 333
196 661
416 726
388 662 353 459 8 394 171 622 156 11 
8 156
622 156
388 394
353 11
388 662
459 394
459 11
662 8
388 171
141 716 
141 716
168 578 774 92 5 492 235 311 209 1 733 355 695 542 602 351 45 
168 578
774 168
92 168
5 578
492 774
235 578
311 235
209 235
1 168
733 168
355 209
695 578
542 492
602 209
351 602
45 602
24 66 502 611 272 625 
502 625
611 625
24 611
24 66
272 625
497 727 491 207 651 250 264 381 322 796 7 68 603 554 412 361 
497 727
491 497
207 727
651 497
250 497
264 491
381 250
322 497
796 264
7 264
68 207
603 264
554 207
412 207
361 603
158 330 376 673 87 500 467 781 474 612 479 572 354 383 449 607 792 314 531 582 739 214 102 517 596 677 
158 330
376 158
673 330
87 330
500 87
467 376
781 467
474 158
612 474
479 376
572 612
354 467
383 500
449 158
607 330
792 612
314 467
531 87
582 474
739 572
214 467
102 582
517 102
596 517
677 612
760 
655 657 164 767 166 
655 657
767 166
655 767
655 164
535 749 485 442 128 48 
128 48
535 749
749 442
485 48
535 485
96 665 773 487 288 278 549 131 291 597 
278 131
96 288
96 597
291 597
487 549
288 131
773 131
665 773
96 487
608 646 
608 646
169 701 19 39 707 704 30 271 63 160 294 319 275 249 509 
169 701
19 169
39 169
707 39
704 19
30 19
271 30
63 707
160 19
294 707
319 701
275 319
249 19
509 275
286 616 495 569 105 
286 569
286 105
616 495
286 616
574 637 534 780 0 58 281 
637 534
574 637
0 281
780 58
534 58
534 281
441 
393 546 
393 546
41 157 756 184 565 
157 184
41 157
41 565
41 756
287 668 81 422 720 463 735 
668 720
81 422
287 720
720 735
287 422
668 463
226 460 575 335 144 543 285 22 768 584 530 593 244 539 18 640 731 
226 460
575 460
335 460
144 226
543 335
285 575
22 226
768 335
584 226
530 144
593 144
244 22
539 593
18 543
640 285
731 244
306 
328 395 304 200 568 12 
328 395
395 304
304 568
304 200
328 12
386 514 748 329 252 783 104 601 697 700 336 94 669 465 180 20 553 179 
386 514
748 386
329 514
252 514
783 329
104 748
601 329
697 514
700 252
336 252
94 514
669 514
465 336
180 336
20 329
553 20
179 601
450 455 90 670 762 690 400 385 705 
450 455
90 670
450 90
762 690
90 762
385 705
670 705
670 400
392 409 85 671 429 503 758 
409 85
392 409
392 671
429 758
671 429
85 503
659 674 36 594 
659 674
659 594
659 36
255 452 667 
255 452
452 667
152 186 417 60 693 715 
186 417
152 60
152 715
186 60
693 715
97 101 50 586 316 745 332 691 339 721 23 723 506 28 218 750 791 494 208 284 415 99 504 610 302 682 
97 101
50 97
586 97
316 97
745 50
332 101
691 101
339 97
721 50
23 97
723 586
506 723
28 97
218 745
750 218
791 316
494 316
208 745
284 97
415 723
99 691
504 750
610 750
302 791
682 97
338 366 155 320 262 293 683 113 367 
366 683
338 366
366 320
366 262
262 367
320 293
155 262
155 113
605 648 435 379 629 347 652 
435 652
648 652
629 652
605 648
605 347
435 379
86 233 79 108 742 510 173 589 232 303 190 47 174 
86 233
79 233
108 233
742 233
510 233
173 86
589 742
232 173
303 742
190 173
47 742
174 190
431 698 
431 698
91 202 672 456 537 370 752 769 421 764 133 267 562 793 
91 202
672 202
456 202
537 91
370 91
752 537
769 537
421 91
764 91
133 672
267 764
562 133
793 672
371 556 486 324 
371 486
486 324
556 324
678 696 799 
696 799
678 696
73 
496 642 360 588 44 
496 44
642 44
496 360
360 588
132 206 770 797 2 185 480 508 40 663 798 65 38 772 
132 206
770 132
797 132
2 797
185 206
480 185
508 797
40 206
663 2
798 508
65 797
38 185
772 65
194 440 428 309 722 49 136 405 88 548 210 734 566 
194 440
428 440
309 440
722 440
49 194
136 440
405 440
88 440
548 136
210 136
734 722
566 405
307 702 638 436 365 211 6 
638 365
702 6
436 365
307 702
638 6
702 211
224 636 484 344 240 151 581 708 231 198 
224 636
240 231
484 198
151 581
484 581
224 231
636 708
636 484
224 344
100 175 397 201 204 384 567 357 146 93 312 786 205 301 411 515 181 334 466 570 444 692 523 
100 175
397 100
201 100
204 397
384 175
567 100
357 201
146 397
93 100
312 567
786 397
205 357
301 357
411 146
515 100
181 201
334 301
466 301
570 567
444 567
692 357
523 201
43 685 619 84 
685 84
619 84
43 619
313 712 779 547 713 521 247 35 372 340 432 744 
313 712
779 712
547 313
713 313
521 713
247 313
35 712
372 521
340 779
432 313
744 340
482 660 618 215 
482 660
482 618
618 215
225 266 
225 266
51 
119 782 15 680 600 709 718 342 76 747 368 525 277 27 488 604 234 427 
119 782
15 119
680 119
600 119
709 782
718 680
342 680
76 15
747 15
368 600
525 782
277 709
27 709
488 15
604 342
234 119
427 600
538 729 290 150 725 142 261 95 635 606 
290 142
538 142
725 261
729 142
95 635
261 606
729 150
150 725
635 606
197 689 426 794 305 176 71 389 276 398 
689 426
197 71
197 426
689 389
794 389
305 71
794 276
305 176
197 398
33 684 
33 684
557 710 241 512 598 
710 512
557 598
710 241
710 598
425 795 296 505 529 
425 296
425 529
795 505
425 505
544 559 430 80 153 528 
559 430
544 80
430 528
544 153
80 528
31 
170 609 42 110 263 740 724 666 359 754 439 315 583 331 757 126 788 522 162 242 620 759 730 532 327 775 
170 609
42 609
110 609
263 42
740 42
724 263
666 170
359 724
754 359
439 110
315 754
583 170
331 740
757 263
126 315
788 439
522 263
162 740
242 754
620 263
759 170
730 439
532 522
327 730
775 522
203 229 251 350 438 751 246 
203 438
251 438
229 751
203 229
229 350
350 246
134 437 590 182 513 623 
437 182
134 182
590 513
590 623
437 590
13 116 703 221 125 380 
13 116
13 221
116 380
703 221
221 125
4 706 390 396 511 298 675 268 404 714 626 653 443 
4 706
390 706
396 706
511 4
298 4
675 4
268 675
404 675
714 706
626 706
653 298
443 390
3 
464 498 356 481 591 753 345 
464 356
498 356
481 591
464 481
591 345
481 753
53 118 489 273 
53 273
53 118
118 489
67 318 587 595 269 
67 318
67 587
595 269
587 595
627 676 195 387 563 377 473 633 
676 387
627 676
195 473
563 473
387 563
195 633
627 377
57 279 475 216 585 352 580 61 227 55 561 766 64 310 325 222 711 54 631 471 476 469 297 161 323 
57 279
475 57
216 279
585 57
352 216
580 216
61 57
227 352
55 475
561 227
766 585
64 766
310 766
325 61
222 766
711 766
54 766
631 61
471 222
476 325
469 64
297 475
161 54
323 216
83 454 
83 454
253 321 558 62 154 374 518 419 137 9 679 686 621 613 
253 321
558 253
62 253
154 62
374 321
518 558
419 253
137 321
9 154
679 154
686 679
621 679
613 621
223 407 399 
223 399
223 407
743 785 193 579 
743 579
743 193
743 785
341 451 499 289 111 413 248 462 148 
341 451
413 148
289 248
451 413
499 111
289 111
341 111
289 462
410 576 29 741 346 26 418 746 649 
410 576
346 649
576 649
29 26
741 346
418 649
410 746
346 26
103 217 282 776 564 644 149 14 363 362 292 280 375 78 145 445 658 
103 217
282 217
776 217
564 776
644 282
149 103
14 217
363 776
362 363
292 103
280 776
375 103
78 644
145 644
445 644
658 363
32 614 472 
614 472
32 614
524 573 77 717 21 732 274 
524 77
717 274
524 573
77 274
21 274
77 732
112 178 519 571 237 122 123 109 127 639 738 236 364 645 
112 178
519 178
571 112
237 178
122 178
123 112
109 178
127 519
639 519
738 571
236 112
364 127
645 519
46 458 
46 458
163 188 139 470 545 295 120 167 183 688 159 461 736 656 664 317 632 228 254 478 424 763 
163 188
139 188
470 188
545 139
295 188
120 188
167 545
183 120
688 163
159 120
461 545
736 163
656 159
664 545
317 163
632 167
228 295
254 632
478 167
424 159
763 159
