? 10 253 321 154 558 137 9 518 62 374 419 
? 10 194 440 428 49 722 405 734 136 548 309 
? 10 86 233 108 79 319 742 510 509 589 303 
? 10 244 731 328 22 395 584 12 640 684 593 
? 10 313 712 247 779 547 340 744 372 760 402 
? 9 388 662 459 8 353 156 482 11 394 
? 9 392 409 85 248 671 429 381 462 412 
? 9 278 288 773 291 131 96 665 633 189 
? 9 341 451 448 111 501 72 148 417 698 
? 9 538 729 725 150 142 290 261 41 95 
? 9 627 676 563 387 473 195 616 333 597 
? 9 487 549 196 416 661 58 615 199 623 
? 8 6 702 307 365 523 638 211 659 
? 8 134 453 437 121 182 84 590 140 
? 7 450 455 90 670 690 762 48 
? 7 481 613 464 356 621 498 407 
? 7 174 190 239 173 373 232 767 
? 7 507 728 391 129 348 283 43 
? 7 524 573 77 732 447 52 21 
? 7 153 272 559 544 785 528 799 
? 7 130 270 138 761 606 157 221 
? 7 115 135 599 220 238 654 212 
? 7 519 645 505 127 795 165 364 
? 7 33 539 591 530 16 406 753 
? 6 125 213 401 565 526 560 
? 6 343 457 13 82 64 161 
? 6 160 436 769 198 249 581 
? 6 251 438 229 203 246 622 
? 6 534 574 637 0 281 710 
? 6 25 650 577 300 47 516 
? 6 308 430 730 696 80 3 
? 6 60 186 529 693 408 486 
? 6 172 259 554 107 755 431 
? 6 629 652 435 685 425 715 
? 6 605 648 152 379 619 458 
? 5 231 240 40 225 484 
? 5 445 535 476 380 749 
? 5 468 778 260 276 555 
? 5 67 318 595 351 286 
? 5 254 478 520 267 326 
? 5 116 703 471 306 378 
? 5 255 452 377 495 726 
? 5 53 344 151 708 44 
? 4 88 512 241 566 
? 4 187 219 51 114 
? 4 568 716 466 496 
? 4 178 236 639 646 
? 4 297 631 442 210 
? 4 257 758 133 83 
? 4 271 273 704 350 
? 4 588 642 489 674 
? 3 546 617 393 
? 3 162 620 787 
? 3 31 751 660 
? 3 32 614 679 
!
33 539 591 530 16 406 753 
33 539
591 530
530 16
591 406
33 591
406 753
134 453 437 121 182 84 590 140 
437 182
134 182
121 140
134 453
121 182
121 84
437 590
655 
287 424 668 81 499 720 463 454 413 735 324 422 483 289 296 
287 424
668 287
81 424
499 287
720 499
463 499
454 81
413 424
735 454
324 287
422 413
483 735
289 499
296 463
53 344 151 708 44 
53 344
151 708
151 44
53 151
57 279 585 580 352 227 216 310 475 61 561 325 766 222 469 55 54 323 711 
57 279
585 279
580 279
352 57
227 57
216 580
310 57
475 279
61 475
561 227
325 61
766 310
222 766
469 222
55 216
54 766
323 216
711 766
605 648 152 379 619 458 
152 458
648 152
605 458
648 619
605 379
519 645 505 127 795 165 364 
519 505
127 165
165 364
519 127
519 645
645 795
592 
588 642 489 674 
642 489
588 674
588 642
91 202 672 764 36 537 456 370 752 360 793 562 421 
91 202
672 202
764 91
36 672
537 91
456 764
370 672
752 537
360 202
793 672
562 456
421 793
271 273 704 350 
271 704
273 350
273 704
302 400 
302 400
487 549 196 416 661 58 615 199 623 
487 549
661 58
487 196
661 623
549 661
487 416
549 615
196 199
73 118 
73 118
630 634 
630 634
627 676 563 387 473 195 616 333 597 
676 387
627 676
387 333
473 195
563 473
563 387
333 597
627 616
629 652 435 685 425 715 
652 435
629 715
629 652
425 715
435 685
538 729 725 150 142 290 261 41 95 
142 290
538 142
725 261
729 142
41 95
729 150
725 150
150 95
172 259 554 107 755 431 
259 107
172 259
172 554
259 431
755 431
60 186 529 693 408 486 
529 693
529 486
60 186
186 486
186 408
313 712 247 779 547 340 744 372 760 402 
313 712
247 744
247 340
313 779
779 340
744 402
547 372
760 402
372 760
128 385 
128 385
168 578 774 492 92 5 311 235 209 1 179 733 355 193 602 743 45 
168 578
774 168
492 168
92 774
5 168
311 578
235 311
209 235
1 168
179 168
733 179
355 209
193 209
602 209
743 209
45 602
308 430 730 696 80 3 
308 430
308 696
430 730
696 3
730 80
335 768 543 349 460 18 226 717 493 299 575 285 345 144 141 274 
335 768
543 335
349 768
460 335
18 543
226 460
717 768
493 717
299 717
575 460
285 460
345 349
144 226
141 768
274 768
170 609 110 263 42 666 359 740 724 757 331 754 315 439 775 583 522 242 759 532 361 788 223 126 503 327 
170 609
110 609
263 170
42 170
666 263
359 609
740 666
724 359
757 170
331 740
754 359
315 754
439 110
775 666
583 609
522 666
242 315
759 170
532 666
361 242
788 439
223 110
126 315
503 242
327 439
513 
255 452 377 495 726 
255 452
377 495
452 495
495 726
25 650 577 300 47 516 
25 300
25 47
577 516
25 516
650 300
244 731 328 22 395 584 12 640 684 593 
244 731
244 328
328 395
584 593
584 12
22 684
731 22
395 640
731 593
74 780 
74 780
497 727 491 207 264 695 796 651 250 603 269 678 68 7 423 
497 727
491 497
207 727
264 497
695 727
796 497
651 497
250 207
603 264
269 727
678 603
68 207
7 603
423 207
116 703 471 306 378 
703 471
471 306
703 378
116 471
115 135 599 220 238 654 212 
135 238
599 654
238 654
135 212
599 220
115 238
434 
184 756 
184 756
254 478 520 267 326 
254 478
478 267
478 520
478 326
130 270 138 761 606 157 221 
761 221
130 606
761 606
138 761
157 221
270 221
163 188 139 470 545 120 295 183 159 167 736 461 317 632 656 763 664 
163 188
139 188
470 188
545 139
120 163
295 188
183 120
159 120
167 470
736 295
461 139
317 183
632 470
656 159
763 159
664 545
399 
534 574 637 0 281 710 
534 637
574 710
637 710
0 281
534 281
386 514 748 252 329 104 783 697 601 94 465 336 180 20 587 553 542 322 
386 514
748 386
252 514
329 514
104 748
783 329
697 329
601 329
94 252
465 252
336 252
180 336
20 329
587 104
553 20
542 20
322 386
341 451 448 111 501 72 148 417 698 
341 451
417 698
341 72
111 698
341 111
72 148
111 501
448 698
153 272 559 544 785 528 799 
559 528
153 544
153 272
153 559
272 799
272 785
257 758 133 83 
758 83
257 133
257 83
32 614 679 
32 679
614 679
251 438 229 203 246 622 
229 622
438 203
251 438
203 622
251 246
97 101 50 316 586 745 332 721 506 723 791 28 339 691 218 23 494 750 504 765 208 99 415 682 610 557 
97 101
50 101
316 97
586 97
745 101
332 101
721 745
506 101
723 506
791 316
28 101
339 101
691 50
218 745
23 101
494 332
750 218
504 101
765 745
208 745
99 691
415 723
682 723
610 750
557 691
278 288 773 291 131 96 665 633 189 
278 131
288 96
278 189
288 131
288 291
773 131
773 665
96 633
524 573 77 732 447 52 21 
524 77
524 573
447 52
573 52
77 21
77 732
29 346 26 410 741 746 611 576 649 418 502 24 472 
29 346
26 29
410 346
741 26
746 346
611 746
576 746
649 746
418 649
502 418
24 418
472 24
34 608 
34 608
39 707 169 701 294 166 19 618 63 215 171 30 552 275 
39 707
169 39
701 169
294 707
166 707
19 701
618 39
63 294
215 39
171 294
30 19
552 618
275 39
297 631 442 210 
297 210
442 210
631 210
31 751 660 
751 660
31 660
200 
67 318 595 351 286 
595 351
67 318
318 286
67 351
4 706 390 511 675 268 396 404 626 653 714 117 443 105 
4 706
390 706
511 706
675 4
268 675
396 390
404 268
626 4
653 706
714 396
117 4
443 390
105 404
338 366 713 155 293 262 432 320 683 521 258 367 35 
338 366
713 366
155 366
293 713
262 713
432 262
320 713
683 155
521 262
258 521
367 521
35 367
507 728 391 129 348 283 43 
507 728
391 348
507 129
129 348
348 283
283 43
86 233 108 79 319 742 510 509 589 303 
86 509
233 108
86 108
233 79
589 303
233 589
742 510
79 742
108 319
197 517 689 426 102 794 71 540 398 389 305 771 449 75 777 681 256 176 147 647 337 164 657 
197 517
689 197
426 689
102 197
794 689
71 426
540 71
398 517
389 197
305 540
771 305
449 540
75 540
777 689
681 305
256 540
176 771
147 794
647 102
337 771
164 681
657 197
178 236 639 646 
178 639
178 236
178 646
403 694 56 433 10 477 230 265 536 641 143 527 
403 694
56 403
433 403
10 694
477 403
230 694
265 10
536 265
641 403
143 433
527 265
568 716 466 496 
716 466
466 496
568 496
358 598 
358 598
123 
192 382 446 369 533 98 124 628 177 667 243 624 17 569 687 69 347 298 
192 382
446 382
369 192
533 369
98 382
124 382
628 192
177 98
667 192
243 628
624 533
17 628
569 124
687 124
69 17
347 192
298 569
194 440 428 49 722 405 734 136 548 309 
440 722
49 734
194 428
194 440
440 309
405 136
722 136
194 49
136 548
253 321 154 558 137 9 518 62 374 419 
321 374
253 419
253 154
253 374
558 518
154 62
137 62
154 558
9 62
371 556 
371 556
468 778 260 276 555 
778 260
468 276
276 555
468 778
445 535 476 380 749 
445 749
476 749
445 535
535 380
160 436 769 198 249 581 
249 581
160 436
436 581
198 581
436 769
66 
158 330 376 673 781 87 500 467 474 612 479 314 354 582 572 596 792 383 89 214 677 531 607 739 14 70 
158 330
376 158
673 158
781 376
87 330
500 87
467 376
474 781
612 474
479 781
314 673
354 467
582 781
572 612
596 376
792 612
383 500
89 500
214 781
677 474
531 89
607 792
739 572
14 500
70 474
174 190 239 173 373 232 767 
190 239
174 173
174 190
232 767
239 373
190 232
343 457 13 82 64 161 
343 457
64 161
13 82
82 64
457 13
125 213 401 565 526 560 
125 526
565 560
401 560
213 401
401 526
103 217 282 644 280 292 78 705 485 122 237 145 284 
103 217
282 217
644 282
280 103
292 217
78 217
705 644
485 217
122 103
237 122
145 644
284 292
46 
481 613 464 356 621 498 407 
464 356
621 407
356 498
613 498
481 621
481 464
187 219 51 114 
187 51
187 219
219 114
231 240 40 225 484 
231 240
225 484
240 40
231 484
6 702 307 365 523 638 211 659 
702 523
365 638
307 523
6 702
6 638
523 211
307 659
100 175 397 201 204 567 357 570 312 786 146 384 181 411 205 301 93 692 594 304 444 224 515 334 636 
100 175
397 100
201 100
204 175
567 175
357 201
570 175
312 567
786 397
146 397
384 201
181 201
411 146
205 357
301 357
93 146
692 301
594 570
304 786
444 567
224 444
515 786
334 301
636 224
59 490 
59 490
571 658 363 362 688 737 149 228 375 112 738 564 109 776 
571 658
363 571
362 658
688 571
737 658
149 363
228 658
375 571
112 688
738 571
564 363
109 112
776 149
162 620 787 
162 620
162 787
88 512 241 566 
512 566
88 241
88 566
392 409 85 248 671 429 381 462 412 
409 85
392 409
409 412
392 671
248 412
381 462
381 412
671 429
388 662 459 8 353 156 482 11 394 
8 156
388 394
353 11
388 662
459 394
459 11
662 8
156 482
414 420 541 245 699 719 37 643 625 784 579 551 106 550 790 686 789 
414 420
541 420
245 414
699 420
719 420
37 420
643 719
625 420
784 420
579 414
551 541
106 420
550 541
790 37
686 550
789 106
546 617 393 
546 393
546 617
450 455 90 670 690 762 48 
450 455
90 670
450 90
690 762
90 762
450 48
132 770 206 797 798 65 663 2 508 185 772 480 266 38 
132 770
206 132
797 770
798 797
65 770
663 798
2 663
508 797
185 206
772 65
480 185
266 772
38 185
113 635 
113 635
119 782 15 600 680 709 76 488 718 234 342 368 427 27 525 747 277 604 441 700 191 669 
119 782
15 119
600 119
680 15
709 782
76 15
488 782
718 15
234 782
342 680
368 680
427 718
27 709
525 119
747 76
277 76
604 342
441 600
700 342
191 342
669 119
