? 3 627 650 784 
? 3 451 707 536 
? 3 163 264 380 
? 3 49 772 697 
? 3 281 332 68 
? 3 30 89 528 
? 3 525 649 61 
? 3 313 675 40 
? 3 317 793 128 
? 3 221 524 282 
? 3 192 703 160 
? 3 392 660 12 
? 3 207 247 490 
? 3 244 419 792 
? 3 92 787 512 
? 3 74 691 164 
? 3 82 297 526 
? 3 250 361 80 
? 3 506 662 66 
? 3 289 422 15 
? 3 118 653 146 
? 3 178 425 206 
? 3 76 283 7 
? 3 581 603 231 
? 3 174 665 124 
? 3 537 567 509 
? 3 91 447 120 
? 3 38 266 705 
? 3 552 586 125 
? 3 187 593 652 
? 3 488 744 545 
? 3 64 617 240 
? 3 16 702 376 
? 3 615 765 789 
? 3 101 412 301 
? 3 84 132 223 
? 3 135 720 323 
? 3 442 564 399 
? 3 397 504 270 
? 3 713 747 421 
? 3 315 416 626 
? 3 358 654 106 
? 3 67 563 774 
? 3 194 610 230 
? 3 56 185 158 
!
184 330 
184 330
565 672 
565 672
797 
388 594 
388 594
290 298 
290 298
785 
736 783 584 169 
736 783
584 736
169 584
778 
56 185 158 
185 158
56 158
776 
102 634 
102 634
763 
753 
746 
738 
194 610 230 
194 610
610 230
733 
21 261 34 285 
21 261
34 261
285 21
253 611 138 228 790 
253 611
138 253
228 611
790 253
67 563 774 
67 563
563 774
358 654 106 
654 106
358 654
315 416 626 
315 626
416 626
188 579 
188 579
374 446 
374 446
729 
727 
718 
716 
85 431 
85 431
711 
279 350 
279 350
710 
709 
487 756 725 150 
487 756
725 756
150 725
696 
122 799 
122 799
71 204 309 755 690 752 522 177 664 
71 204
309 204
755 204
690 71
752 690
522 204
177 204
664 752
689 
292 439 
292 439
683 
682 
674 
670 
667 
666 
11 749 
11 749
659 
643 
516 700 
516 700
640 
638 
629 
628 
144 556 719 109 
144 556
719 144
109 556
170 251 
170 251
9 39 698 141 735 637 
9 39
698 9
141 39
735 141
637 698
713 747 421 
747 421
713 421
621 
618 
616 
608 
166 370 730 149 336 
166 370
730 166
149 730
336 166
602 
597 
489 550 
489 550
397 504 270 
397 504
397 270
442 564 399 
442 399
442 564
113 389 210 786 
113 389
210 389
786 113
589 
578 
8 623 
8 623
632 798 83 337 519 216 
632 798
83 632
337 798
519 798
216 83
590 724 
590 724
48 63 
48 63
574 
436 780 
436 780
572 
557 
555 
98 123 
98 123
239 351 162 193 566 671 775 485 
239 351
162 351
193 239
566 351
671 193
775 671
485 239
549 
544 
322 678 321 167 127 706 465 107 456 496 
322 678
321 322
167 678
127 322
706 322
465 167
107 465
456 706
496 678
543 
222 340 
222 340
135 720 323 
135 720
720 323
328 645 
328 645
541 
538 
84 132 223 
84 132
84 223
535 
704 726 601 342 734 
704 726
601 726
342 726
734 704
94 284 554 779 
94 284
554 284
779 554
595 771 687 457 
595 771
687 595
457 595
518 
235 592 684 411 79 
235 592
684 592
411 235
79 592
303 383 
303 383
224 647 
224 647
101 412 301 
412 301
101 412
186 200 426 527 402 517 
186 200
426 186
527 426
402 527
517 527
435 791 501 394 731 
435 791
501 435
394 791
731 435
180 308 
180 308
14 676 
14 676
69 533 
69 533
510 
507 
494 
479 
476 
615 765 789 
615 765
615 789
540 614 
540 614
143 307 
143 307
598 768 367 401 
598 768
367 768
401 768
471 
468 
463 
461 
450 
305 404 
305 404
217 464 318 209 
217 464
318 464
209 464
449 
443 
105 278 4 630 
105 278
4 105
630 278
441 
16 702 376 
16 376
16 702
440 
312 486 343 750 484 147 717 
312 486
343 312
750 486
484 343
147 312
717 486
415 631 
415 631
195 515 639 53 304 159 115 
195 515
639 195
53 515
304 195
159 53
115 159
171 274 100 523 472 620 410 548 81 
171 274
100 274
523 171
472 274
620 274
410 100
548 100
81 100
408 480 382 644 385 
408 480
382 480
644 480
385 480
438 
229 470 
229 470
140 413 
140 413
430 
429 
428 
633 655 
633 655
275 587 
275 587
64 617 240 
617 240
64 617
531 740 743 448 116 460 
531 740
743 531
448 531
116 740
460 448
577 788 
577 788
427 
341 582 651 656 32 583 
341 582
651 582
656 341
32 341
583 341
424 
46 497 737 561 129 
46 497
737 46
561 46
129 497
423 
418 
414 
400 
488 744 545 
488 545
744 545
398 
396 
183 271 
183 271
393 
203 319 86 562 391 
203 319
86 203
562 319
391 562
390 
187 593 652 
187 593
187 652
384 
293 624 
293 624
552 586 125 
552 125
586 125
35 354 685 57 119 
35 354
685 354
57 354
119 685
481 547 387 407 
481 547
387 481
407 481
296 371 
296 371
378 
368 
365 
364 
50 542 715 766 
50 542
715 50
766 50
483 764 
483 764
359 
256 513 
256 513
38 266 705 
38 266
266 705
357 
225 320 474 558 686 
225 320
474 320
558 474
686 320
503 741 
503 741
482 732 362 455 748 173 363 534 694 739 310 214 782 
482 732
362 732
455 362
748 732
173 455
363 482
534 732
694 455
739 455
310 482
214 362
782 748
356 
355 
349 
348 
311 663 
311 663
511 571 28 573 
511 571
28 511
573 28
477 745 33 769 459 607 347 
477 745
33 745
769 745
459 745
607 745
347 477
344 
91 447 120 
91 447
447 120
45 201 
45 201
95 585 156 491 668 
95 585
156 585
491 585
668 95
339 
60 437 31 721 108 104 642 
60 437
31 437
721 31
108 437
104 437
642 437
338 
333 
262 551 
262 551
327 
537 567 509 
537 509
537 567
326 
325 
324 
88 600 722 381 
88 600
722 88
381 722
493 757 
493 757
165 372 
165 372
316 
174 665 124 
174 124
665 124
306 
302 
117 508 
117 508
23 728 
23 728
157 693 677 773 
157 693
677 693
773 693
300 
299 
294 
291 
581 603 231 
603 231
581 603
288 
575 599 
575 599
373 495 
373 495
76 283 7 
283 7
76 7
73 681 
73 681
433 781 
433 781
277 
276 
265 
178 425 206 
178 425
178 206
434 500 
434 500
263 
2 41 688 777 
2 41
688 41
777 2
255 259 
255 259
329 529 
329 529
70 375 191 145 218 
70 375
191 375
145 375
218 375
118 653 146 
653 146
118 653
605 625 673 18 334 
605 625
673 625
18 605
334 605
289 422 15 
422 15
289 422
553 658 
553 658
258 
366 723 
366 723
699 795 
699 795
20 498 467 453 136 
20 498
467 498
453 498
136 467
405 606 619 112 
405 606
619 606
112 606
506 662 66 
662 66
506 66
249 
6 252 280 238 352 
6 252
280 252
238 252
352 238
246 
245 
243 
242 
237 
234 
273 345 
273 345
226 
220 
126 502 
126 502
609 754 560 530 90 
609 754
560 609
530 754
90 754
386 708 
386 708
269 272 
269 272
219 
42 286 
42 286
254 287 
254 287
213 
236 588 47 539 
236 588
47 588
539 588
208 
202 
250 361 80 
250 361
250 80
97 454 751 417 
97 454
751 454
417 454
62 742 
62 742
199 
82 297 526 
82 297
297 526
198 
197 
74 691 164 
74 164
74 691
168 576 
168 576
241 514 
241 514
58 205 
58 205
692 760 
692 760
190 
92 787 512 
787 512
92 512
36 248 770 377 
36 248
770 36
377 248
189 
395 403 
395 403
335 458 10 622 452 232 445 641 78 521 
335 458
10 335
622 458
452 335
232 10
445 458
641 232
78 622
521 10
182 
179 
176 
26 648 
26 648
244 419 792 
244 419
244 792
207 247 490 
207 247
247 490
392 660 12 
392 660
660 12
172 
25 499 
25 499
192 703 160 
703 160
192 160
155 
268 406 233 669 794 758 
268 406
233 406
669 268
794 268
758 268
151 
148 
137 
221 524 282 
221 282
221 524
317 793 128 
317 793
317 128
134 
313 675 40 
313 675
313 40
133 
462 762 
462 762
131 
121 
110 
260 532 
260 532
196 646 139 420 
196 646
139 646
420 139
99 
525 649 61 
525 649
649 61
96 
93 
87 
75 
103 695 
103 695
72 
580 714 152 505 679 51 379 
580 714
152 580
505 714
679 580
51 580
379 679
54 353 
54 353
65 
111 680 211 0 
111 680
211 111
0 111
30 89 528 
30 528
30 89
13 657 569 369 478 
13 657
569 13
369 13
478 369
59 
130 267 
130 267
295 767 314 612 559 215 19 257 759 
295 767
314 767
612 767
559 767
215 767
19 314
257 314
759 295
77 175 
77 175
661 796 
661 796
24 346 
24 346
55 
331 473 154 591 570 
331 473
154 331
591 473
570 331
409 469 360 604 52 
409 469
360 469
604 469
52 469
444 546 
444 546
43 
142 161 
142 161
37 
29 
27 
281 332 68 
281 332
281 68
49 772 697 
49 697
49 772
22 
227 520 
227 520
17 
163 264 380 
163 264
264 380
5 
451 707 536 
451 707
707 536
3 
432 613 
432 613
627 650 784 
627 784
650 784
492 568 
492 568
1 
181 761 
181 761
596 635 701 153 
596 635
701 596
153 596
466 636 212 475 712 
466 636
212 466
475 636
712 466
44 114 
44 114
