? 3 168 405 667 
? 3 160 703 192 
? 3 107 783 554 
? 3 282 311 221 
? 3 598 768 367 
? 3 715 793 614 
? 3 620 697 401 
? 3 64 613 617 
? 3 385 792 364 
? 3 49 772 277 
? 3 161 581 603 
? 3 91 777 41 
? 3 448 693 773 
? 3 250 361 175 
? 3 30 528 25 
? 3 487 756 150 
? 3 191 375 218 
? 3 397 630 278 
? 3 435 791 501 
? 3 275 490 776 
? 3 32 267 246 
? 3 271 762 164 
? 3 92 708 512 
? 3 59 548 52 
? 3 380 416 315 
? 3 233 669 402 
? 3 244 302 408 
? 3 16 376 353 
? 3 66 506 145 
? 3 206 407 184 
? 3 76 517 349 
? 3 117 568 492 
? 3 26 648 77 
? 3 4 105 734 
? 3 524 665 393 
? 3 412 730 149 
? 3 85 114 796 
? 3 738 744 509 
? 3 129 747 497 
? 3 293 624 394 
? 3 564 681 399 
? 3 227 520 779 
? 3 131 552 586 
? 3 42 286 94 
? 3 11 546 599 
!
306 790 
306 790
29 260 
29 260
797 
5 429 
5 429
133 438 
133 438
784 
235 592 684 411 
235 592
684 592
411 592
781 
11 546 599 
11 599
11 546
778 
182 479 
182 479
763 
749 
742 
716 
42 286 94 
286 94
42 94
711 
68 281 332 70 
68 281
332 281
70 332
525 649 137 61 21 
525 649
137 525
61 649
21 525
131 552 586 
552 586
131 586
227 520 779 
227 779
520 779
564 681 399 
564 681
681 399
130 785 
130 785
112 753 
112 753
709 
700 
696 
691 
555 626 
555 626
689 
255 780 
255 780
683 
682 
627 650 688 113 
627 650
688 627
113 650
676 
323 433 
323 433
322 678 321 127 167 706 465 14 496 
322 678
321 322
127 322
167 322
706 321
465 678
14 322
496 322
670 
72 120 
72 120
666 
663 
661 
659 
647 
641 
423 540 
423 540
640 
638 
345 576 
345 576
634 
633 
631 
629 
34 261 391 550 
34 261
391 34
550 391
17 190 
17 190
466 636 712 212 269 272 
466 636
712 466
212 466
269 466
272 212
293 624 394 
293 624
624 394
628 
623 
621 
618 
236 588 47 583 539 
236 588
47 588
583 588
539 588
616 
608 
358 729 
358 729
129 747 497 
129 497
129 747
738 744 509 
744 509
738 744
50 542 750 766 
50 542
750 50
766 542
607 
602 
226 533 
226 533
186 200 426 527 7 283 
186 200
426 200
527 426
7 527
283 527
103 699 
103 699
456 674 
456 674
597 
279 294 
279 294
594 
589 
587 
316 751 
316 751
20 498 467 242 12 136 453 787 
20 498
467 20
242 498
12 242
136 467
453 12
787 453
579 
578 
162 351 239 775 193 139 420 199 671 566 
162 351
239 351
775 239
193 239
139 351
420 351
199 420
671 193
566 351
572 
121 366 
121 366
85 114 796 
114 796
85 114
56 441 
56 441
565 
559 
412 730 149 
730 149
412 730
557 
531 740 460 157 677 
531 740
460 531
157 740
677 531
392 660 642 55 
392 660
642 660
55 392
673 705 38 334 
673 705
38 673
334 673
549 
225 320 558 474 390 
225 320
558 320
474 558
390 474
432 653 
432 653
288 403 
288 403
524 665 393 
665 393
524 393
331 473 570 591 154 499 
331 473
570 331
591 473
154 331
499 331
0 111 211 680 300 
0 111
211 111
680 111
300 111
737 741 
737 741
328 577 
328 577
151 470 
151 470
545 
544 
543 
541 
538 
4 105 734 
4 734
105 734
80 359 
80 359
180 718 
180 718
24 619 606 346 
24 619
606 619
346 24
535 
530 
529 
522 
518 
446 575 
446 575
82 297 668 491 
82 297
668 297
491 82
516 
514 
253 611 138 135 
253 611
138 611
135 253
510 
26 648 77 
26 77
26 648
508 
9 39 698 141 58 637 735 
9 39
698 9
141 39
58 39
637 698
735 141
115 333 
115 333
195 639 515 304 53 247 298 
195 639
515 195
304 195
53 515
247 304
298 304
71 204 755 309 752 177 464 690 396 
71 204
755 204
309 204
752 71
177 755
464 752
690 464
396 71
86 319 203 562 489 
86 319
203 86
562 319
489 86
502 
355 371 
355 371
96 645 
96 645
493 
485 
476 
153 350 
153 350
54 338 
54 338
117 568 492 
568 492
117 568
580 714 505 152 48 679 
580 714
505 714
152 580
48 152
679 714
329 551 
329 551
471 
609 754 443 90 760 560 
609 754
443 609
90 609
760 609
560 609
468 
83 216 632 395 798 
83 216
632 216
395 216
798 632
463 
462 
450 
449 
76 517 349 
517 349
76 517
442 
440 
285 289 
285 289
439 
6 252 280 238 352 
6 252
280 252
238 252
352 238
436 
206 407 184 
206 184
206 407
434 
379 427 
379 427
66 506 145 
66 506
506 145
389 786 128 210 317 
389 786
128 786
210 786
317 210
536 707 451 125 
536 707
451 536
125 451
264 553 
264 553
431 
430 
428 
424 
217 664 377 172 
217 664
377 217
172 664
373 495 
373 495
418 
62 404 
62 404
16 376 353 
16 376
16 353
415 
18 605 625 743 116 
18 605
625 605
743 18
116 18
106 526 
106 526
482 732 455 362 173 363 739 694 724 214 782 748 534 
482 732
455 482
362 455
173 455
363 482
739 482
694 732
724 732
214 363
782 732
748 362
534 732
414 
413 
400 
398 
23 728 
23 728
169 584 563 723 
169 584
563 169
723 584
312 343 486 284 717 484 147 
312 343
486 312
284 343
717 486
484 486
147 312
384 
244 302 408 
244 408
302 408
326 746 
326 746
28 511 759 571 165 
28 511
759 28
571 28
165 759
383 
60 437 31 721 330 108 425 
60 437
31 60
721 60
330 437
108 437
425 437
378 
374 
503 590 
503 590
372 
233 669 402 
233 669
669 402
368 
357 
356 
409 469 604 513 
409 469
604 469
513 469
254 287 
254 287
142 224 
142 224
348 
380 416 315 
416 315
380 416
344 
339 
1 695 
1 695
305 573 
305 573
421 561 46 713 
421 561
46 561
713 421
327 
318 
310 
308 
59 548 52 
548 52
59 548
303 
146 507 
146 507
93 537 
93 537
92 708 512 
92 512
708 512
461 757 
461 757
251 702 
251 702
291 
290 
276 
271 762 164 
762 164
271 762
222 340 
222 340
273 
313 675 422 15 
313 675
422 313
15 422
67 324 
67 324
259 764 
259 764
341 582 651 656 727 
341 582
651 582
656 341
727 582
32 267 246 
32 246
32 267
481 547 178 104 365 
481 547
178 481
104 481
365 481
275 490 776 
275 490
490 776
155 692 
155 692
270 
2 447 
2 447
296 494 
296 494
144 556 719 788 109 
144 556
719 144
788 144
109 144
166 370 336 101 
166 370
336 166
101 166
435 791 501 
435 501
435 791
265 
595 771 687 574 457 
595 771
687 595
574 687
457 771
263 
262 
258 
245 
243 
240 
600 799 
600 799
237 
234 
266 774 
266 774
635 701 596 475 532 
635 701
596 701
475 701
532 701
483 758 
483 758
209 249 
209 249
229 
301 388 
301 388
132 386 
132 386
223 
97 454 382 480 
97 454
382 454
480 382
220 
219 
397 630 278 
630 278
397 278
381 722 88 148 
381 722
88 381
148 722
118 655 
118 655
213 
191 375 218 
191 375
191 218
208 
202 
487 756 150 
487 150
487 756
228 789 
228 789
205 710 
205 710
194 610 
194 610
299 720 
299 720
201 
30 528 25 
30 528
528 25
268 406 794 102 
268 406
794 406
102 794
198 
672 731 
672 731
335 458 10 622 445 232 521 452 387 78 
335 458
10 335
622 458
445 458
232 10
521 458
452 10
387 232
78 622
197 
189 
183 
615 765 
615 765
250 361 175 
250 361
361 175
448 693 773 
693 773
448 693
91 777 41 
91 777
91 41
179 
163 658 
163 658
161 581 603 
581 603
161 603
176 
171 274 100 523 472 410 
171 274
100 274
523 274
472 274
410 523
174 
170 
158 
49 772 277 
49 277
49 772
385 792 364 
385 364
385 792
140 
64 613 617 
613 617
64 613
134 
188 248 
188 248
126 
122 
110 
123 662 
123 662
196 646 736 325 
196 646
736 646
325 196
99 
620 697 401 
697 401
620 401
98 
89 
84 
79 
187 593 
187 593
75 
477 745 33 769 459 504 347 
477 745
33 477
769 745
459 477
504 477
347 477
124 181 
124 181
73 
231 417 644 419 
231 417
644 417
419 231
715 793 614 
715 614
715 793
35 354 57 685 119 
35 354
57 354
685 35
119 685
69 
230 652 
230 652
295 767 314 612 19 215 733 257 143 
295 767
314 767
612 767
19 314
215 295
733 612
257 314
143 295
292 500 
292 500
444 761 
444 761
185 725 
185 725
65 
95 585 156 256 360 
95 585
156 95
256 95
360 256
36 770 37 795 654 
36 770
37 36
795 36
654 770
40 207 
40 207
63 
337 519 
337 519
51 
45 
44 
598 768 367 
598 367
598 768
282 311 221 
282 221
311 221
43 
241 686 
241 686
27 
107 783 554 
107 783
107 554
22 
160 703 192 
160 703
160 192
8 
87 159 
87 159
168 405 667 
405 667
168 405
74 81 
74 81
3 
307 643 
307 643
704 726 601 342 
704 726
601 726
342 601
13 657 569 369 478 
13 657
569 657
369 569
478 369
488 567 
488 567
