? 3 525 649 61 
? 3 221 282 524 
? 3 537 738 744 
? 3 275 490 671 
? 3 188 377 217 
? 3 584 723 779 
? 3 595 687 574 
? 3 421 561 713 
? 3 435 791 501 
? 3 210 389 113 
? 3 48 648 63 
? 3 82 297 37 
? 3 336 370 493 
? 3 740 743 773 
? 3 381 722 88 
? 3 70 218 98 
? 3 563 774 169 
? 3 163 410 59 
? 3 627 650 614 
? 3 16 376 54 
? 3 206 425 55 
? 3 205 710 457 
? 3 92 512 386 
? 3 250 361 80 
? 3 106 654 668 
? 3 135 506 446 
? 3 180 581 751 
? 3 131 586 536 
? 3 94 286 502 
? 3 194 610 230 
? 3 134 532 260 
? 3 126 652 227 
? 3 492 568 550 
? 3 301 594 412 
? 3 346 667 24 
? 3 488 509 728 
? 3 183 620 271 
? 3 179 373 661 
? 3 546 761 444 
? 3 74 691 81 
? 3 564 681 73 
? 3 234 337 519 
? 3 52 292 413 
? 3 146 653 491 
? 3 66 720 299 
!
279 294 
279 294
44 431 
44 431
799 
692 760 
692 760
30 89 
30 89
797 
196 646 676 566 
196 646
676 646
566 646
788 
66 720 299 
66 720
66 299
781 
72 388 
72 388
776 
763 
753 
742 
146 653 491 
146 653
146 491
729 
125 451 707 552 
125 451
707 451
552 451
119 281 68 332 375 
119 281
68 281
332 281
375 281
52 292 413 
52 292
292 413
234 337 519 
234 519
337 519
564 681 73 
564 681
564 73
207 290 
207 290
112 530 
112 530
724 
711 
702 
700 
137 578 
137 578
695 
110 785 
110 785
689 
683 
615 637 789 765 
615 637
789 615
765 637
674 
155 572 
155 572
186 200 517 426 527 7 349 283 76 
186 200
517 200
426 186
527 426
7 527
349 527
283 527
76 527
670 
121 366 
121 366
663 
662 
659 
645 
641 
638 
199 485 
199 485
634 
631 
479 709 
479 709
629 
628 
626 
623 
49 277 697 401 
49 277
697 49
401 277
249 358 
249 358
268 406 794 45 669 758 
268 406
794 406
45 268
669 406
758 406
74 691 81 
74 691
74 81
616 
608 
602 
597 
231 417 603 161 644 
231 417
603 417
161 417
644 231
590 
589 
583 727 
583 727
546 761 444 
546 444
761 444
179 373 661 
179 373
179 661
21 261 34 329 
21 261
34 261
329 21
587 
579 
640 665 
640 665
95 585 156 567 64 360 
95 585
156 585
567 585
64 95
360 585
348 415 
348 415
99 737 
99 737
577 
133 647 
133 647
576 
551 
548 
344 461 
344 461
322 678 321 167 127 706 14 766 
322 678
321 322
167 678
127 322
706 321
14 322
766 321
544 
539 
335 458 10 622 232 521 452 682 445 387 
335 458
10 335
622 458
232 10
521 335
452 232
682 458
445 458
387 232
535 
32 246 
32 246
183 620 271 
620 271
183 271
11 749 
11 749
534 
533 
488 509 728 
488 728
509 728
526 
481 547 178 330 184 
481 547
178 547
330 481
184 547
192 703 394 160 
192 703
394 192
160 703
28 511 571 165 
28 511
571 28
165 28
522 
2 41 688 777 91 
2 41
688 41
777 41
91 777
541 607 
541 607
538 784 
538 784
346 667 24 
346 667
667 24
466 636 272 429 212 712 
466 636
272 636
429 636
212 272
712 212
86 319 203 562 391 
86 319
203 86
562 319
391 562
97 308 
97 308
364 476 
364 476
285 357 
285 357
518 
516 
514 
510 
508 
301 594 412 
301 412
301 594
176 441 
176 441
549 666 
549 666
405 606 619 168 
405 606
619 606
168 405
507 
495 
494 
471 
470 
395 403 
395 403
253 611 138 790 
253 611
138 253
790 253
468 
463 
320 558 474 379 
320 558
474 558
379 558
460 
492 568 550 
492 568
568 550
450 
580 714 505 152 621 225 679 
580 714
505 714
152 580
621 714
225 580
679 225
130 778 
130 778
239 351 162 775 139 193 420 
239 351
162 239
775 351
139 351
193 239
420 775
60 437 31 721 108 642 392 104 407 
60 437
31 437
721 437
108 437
642 437
392 642
104 721
407 31
35 354 57 685 374 
35 354
57 354
685 35
374 354
449 
456 540 
456 540
122 504 
122 504
447 
443 
442 
114 520 
114 520
352 496 
352 496
126 652 227 
126 227
652 227
171 274 100 472 523 140 
171 274
100 274
472 274
523 274
140 274
102 233 
102 233
440 
473 591 331 154 741 25 
473 591
331 473
154 331
741 591
25 591
439 
36 770 380 248 699 
36 770
380 770
248 36
699 770
436 
434 
433 
430 
134 532 260 
532 260
134 260
428 
424 
559 573 
559 573
423 
236 588 47 136 267 
236 588
47 588
136 236
267 236
414 
194 610 230 
194 610
610 230
404 
618 716 
618 716
94 286 502 
94 286
286 502
592 684 235 483 79 
592 684
235 684
483 684
79 592
50 542 750 42 
50 542
750 50
42 542
411 764 
411 764
402 
400 
399 
398 
596 635 701 475 
596 635
701 635
475 701
273 359 
273 359
396 
93 545 
93 545
131 586 536 
131 586
586 536
390 
609 754 90 560 696 
609 754
90 754
560 609
696 609
557 617 
557 617
482 732 362 173 455 363 748 694 739 782 528 708 214 
482 732
362 732
173 732
455 362
363 732
748 482
694 455
739 482
782 732
528 362
708 363
214 362
384 
383 
378 
371 
462 762 
462 762
598 768 367 772 
598 768
367 768
772 768
13 657 569 369 478 771 164 
13 657
569 657
369 569
478 569
771 478
164 13
368 
180 581 751 
581 751
180 751
197 718 
197 718
18 605 625 796 673 
18 605
625 605
796 18
673 605
365 
312 343 486 147 717 284 484 
312 343
486 343
147 312
717 486
284 343
484 312
356 
350 
672 731 
672 731
345 
135 506 446 
135 446
135 506
342 
340 
339 
487 756 185 725 
487 756
185 487
725 756
151 353 
151 353
123 575 
123 575
338 
106 654 668 
106 654
106 668
333 
328 
489 529 
489 529
237 553 
237 553
149 730 166 101 
149 730
166 149
101 166
327 
326 
325 
324 
250 361 80 
250 361
250 80
323 
84 503 
84 503
62 372 
62 372
92 512 386 
92 512
92 386
150 201 
150 201
209 555 
209 555
318 
316 
310 
205 710 457 
205 457
205 710
26 51 
26 51
306 
105 278 630 355 
105 278
630 105
355 105
115 159 
115 159
432 655 
432 655
313 675 422 40 15 
313 675
422 313
40 675
15 675
206 425 55 
206 425
425 55
83 216 632 798 418 
83 216
632 83
798 632
418 83
16 376 54 
376 54
16 376
124 393 
124 393
303 
213 298 
213 298
120 757 
120 757
448 693 157 531 677 
448 693
157 693
531 448
677 693
46 497 747 129 
46 497
747 46
129 497
627 650 614 
627 650
627 614
300 
9 39 698 141 735 
9 39
698 39
141 39
735 39
296 
291 
289 
270 
269 
265 
67 543 
67 543
263 
262 
118 633 
118 633
317 793 128 786 715 
317 793
128 317
786 317
715 793
427 500 
427 500
58 599 
58 599
258 
315 416 
315 416
4 734 
4 734
256 
144 556 719 109 
144 556
719 144
109 144
245 
243 
163 410 59 
163 59
163 410
38 705 334 266 
38 705
334 38
266 38
453 660 
453 660
242 
563 774 169 
563 169
774 169
229 
228 
70 218 98 
70 218
70 98
264 658 
264 658
226 746 
226 746
293 624 
293 624
85 251 
85 251
224 
381 722 88 
381 88
722 88
111 680 211 0 
111 680
211 111
0 680
223 
438 600 
438 600
71 204 755 309 752 177 288 690 464 664 
71 204
755 71
309 204
752 204
177 204
288 71
690 752
464 690
664 464
222 
220 
219 
103 795 
103 795
740 743 773 
740 773
743 773
336 370 493 
336 493
336 370
82 297 37 
297 37
82 297
215 
408 419 
408 419
48 648 63 
48 648
648 63
202 
195 639 515 53 304 247 
195 639
515 195
53 195
304 195
247 304
198 
190 
182 
210 389 113 
389 113
210 389
435 791 501 
435 501
435 791
181 
421 561 713 
561 713
421 713
174 
78 565 
78 565
172 
170 
158 
87 132 
87 132
409 469 513 604 
409 469
513 409
604 469
153 
595 687 574 
595 687
687 574
143 
96 
77 
75 
145 191 
145 191
69 
477 745 33 769 459 397 347 
477 745
33 745
769 745
459 477
397 477
347 33
175 311 
175 311
65 
601 726 704 142 
601 726
704 726
142 601
584 723 779 
584 779
584 723
6 252 280 238 656 
6 252
280 6
238 252
656 252
56 
255 259 
255 259
295 767 612 314 759 19 733 257 305 
295 767
612 767
314 767
759 767
19 314
733 612
257 19
305 767
117 189 
117 189
187 593 
187 593
148 780 
148 780
43 
20 498 467 787 12 
20 498
467 498
787 498
12 498
107 465 554 783 736 
107 465
554 465
783 107
736 783
254 287 
254 287
29 
241 686 
241 686
27 
23 
22 
188 377 217 
188 377
188 217
275 490 671 
275 490
275 671
17 
499 570 
499 570
8 
537 738 744 
537 744
738 744
5 
221 282 524 
221 282
221 524
3 
240 613 
240 613
525 649 61 
525 649
649 61
307 643 
307 643
1 
244 302 
244 302
582 651 341 276 
582 651
341 582
276 582
382 480 385 454 792 
382 480
385 480
454 382
792 480
116 208 
116 208
