? 3 163 410 249 
? 3 244 302 419 
? 3 627 650 113 
? 3 250 361 175 
? 3 12 453 660 
? 3 487 756 150 
? 3 38 266 114 
? 3 598 768 367 
? 3 48 648 26 
? 3 253 611 138 
? 3 105 278 630 
? 3 313 675 15 
? 3 194 610 230 
? 3 178 407 425 
? 3 525 649 117 
? 3 164 271 620 
? 3 435 501 394 
? 3 187 353 54 
? 3 199 420 324 
? 3 16 376 661 
? 3 507 613 240 
? 3 70 218 191 
? 3 85 520 796 
? 3 95 156 491 
? 3 733 742 62 
? 3 584 723 366 
? 3 364 792 751 
? 3 81 413 59 
? 3 591 741 503 
? 3 73 564 399 
? 3 40 207 357 
? 3 581 603 180 
? 3 132 159 708 
? 3 185 725 56 
? 3 241 686 444 
? 3 301 388 412 
? 3 112 405 168 
? 3 315 626 416 
? 3 109 129 713 
? 3 537 744 567 
? 3 672 791 384 
? 3 7 349 283 
? 3 135 446 299 
? 3 66 720 506 
? 3 90 155 572 
!
184 778 
184 778
228 781 
228 781
797 
254 485 
254 485
69 746 
69 746
795 
49 462 277 401 
49 462
277 49
401 49
785 
90 155 572 
90 572
90 155
784 
529 551 
529 551
780 
776 
773 
765 
66 720 506 
720 506
66 506
757 
552 586 131 329 
552 586
131 552
329 552
601 726 704 142 734 
601 726
704 726
142 601
734 704
135 446 299 
135 446
135 299
7 349 283 
7 283
7 349
672 791 384 
672 791
672 384
209 430 
209 430
226 533 
226 533
749 
737 
729 
727 
208 251 
208 251
724 
647 758 
647 758
716 
711 
21 34 261 285 
21 34
261 21
285 21
700 
72 470 
72 470
60 437 31 721 108 104 547 642 55 
60 437
31 60
721 31
108 437
104 60
547 31
642 721
55 31
689 
234 608 
234 608
683 
682 
674 
666 
663 
659 
149 493 
149 493
645 
641 
23 190 
23 190
640 
638 
634 
629 
531 743 460 116 
531 743
460 531
116 531
443 560 
443 560
268 406 794 669 76 233 
268 406
794 406
669 268
76 268
233 76
537 744 567 
744 567
537 744
623 
621 
616 
614 
236 588 136 246 539 
236 588
136 236
246 588
539 588
599 
594 
352 763 
352 763
109 129 713 
109 713
129 713
315 626 416 
315 626
626 416
82 297 668 1 
82 297
668 82
1 297
589 
587 
51 670 
51 670
632 798 83 216 337 519 
632 798
83 632
216 632
337 632
519 337
535 540 
535 540
106 237 
106 237
578 
300 699 
300 699
577 
576 
557 
145 374 
145 374
417 644 231 480 385 454 382 408 
417 644
231 417
480 644
385 480
454 644
382 480
408 385
555 
545 
322 678 321 167 456 127 706 766 14 465 
322 678
321 322
167 678
456 322
127 456
706 322
766 706
14 127
465 167
544 
58 348 
58 348
112 405 168 
405 168
112 168
44 334 
44 334
543 
541 
301 388 412 
301 412
301 388
538 
217 664 464 377 579 
217 664
464 217
377 217
579 664
196 646 676 139 
196 646
676 196
139 196
221 524 282 311 
221 524
282 221
311 282
530 
36 770 248 37 654 
36 770
248 36
37 36
654 770
84 739 
84 739
222 728 
222 728
241 686 444 
686 444
241 686
39 141 9 710 735 457 
39 141
9 39
710 141
735 710
457 710
2 41 688 777 447 
2 41
688 41
777 41
447 2
153 350 
153 350
25 590 
25 590
264 439 
264 439
518 
516 
514 
513 
510 
185 725 56 
185 725
185 56
161 618 
161 618
411 764 
411 764
381 722 148 255 
381 722
148 381
255 381
508 
502 
494 
479 
476 
395 403 
395 403
235 592 684 483 
235 592
684 592
483 592
463 
461 
192 703 160 64 
192 703
160 703
64 160
450 
132 159 708 
132 159
159 708
449 
312 717 343 486 147 484 750 
312 717
343 312
486 343
147 486
484 312
750 486
509 597 
509 597
6 252 280 656 47 583 238 
6 252
280 252
656 6
47 252
583 252
238 47
195 515 639 304 53 247 115 298 87 
195 515
639 195
304 195
53 195
247 304
115 515
298 115
87 515
448 693 157 740 677 
448 693
157 448
740 693
677 693
441 
124 393 
124 393
103 695 
103 695
440 
438 
436 
593 652 
593 652
45 259 
45 259
581 603 180 
581 603
581 180
13 657 569 369 478 691 
13 657
569 657
369 657
478 569
691 369
24 753 
24 753
434 
580 714 152 505 738 225 
580 714
152 580
505 714
738 714
225 714
432 
212 272 466 636 712 
212 272
466 272
636 466
712 636
428 
424 
423 
418 
40 207 357 
40 207
40 357
414 
404 
575 790 
575 790
400 
166 370 730 101 336 
166 370
730 166
101 166
336 166
398 
73 564 399 
73 564
564 399
383 
396 468 
396 468
591 741 503 
591 741
741 503
596 701 635 475 532 
596 701
635 701
475 701
532 701
125 451 422 707 
125 451
422 125
707 451
762 772 
762 772
378 
373 
372 
371 
615 637 698 789 
615 637
698 615
789 615
188 307 
188 307
368 
4 355 
4 355
81 413 59 
81 59
81 413
365 
563 774 169 61 137 
563 774
169 563
61 774
137 774
214 392 
214 392
335 458 10 622 232 452 445 521 651 78 565 387 481 
335 458
10 335
622 335
232 10
452 232
445 458
521 10
651 10
78 622
565 78
387 232
481 387
359 
356 
345 
344 
146 633 
146 633
46 561 497 421 
46 561
497 46
421 561
477 745 33 769 459 347 607 
477 745
33 477
769 745
459 745
347 745
607 477
342 
364 792 751 
364 792
364 751
305 759 
305 759
20 498 467 787 242 
20 498
467 20
787 498
242 498
340 
295 767 612 314 559 257 19 
295 767
612 767
314 612
559 295
257 295
19 314
339 
338 
269 429 
269 429
333 
584 723 366 
584 366
584 723
328 
327 
325 
35 354 57 685 
35 354
57 354
685 57
492 550 
492 550
442 643 
442 643
323 
733 742 62 
733 742
733 62
318 
316 
206 326 
206 326
122 133 
122 133
341 582 471 692 
341 582
471 341
692 582
310 
308 
306 
303 
95 156 491 
95 491
156 491
296 
276 496 
276 496
96 788 
96 788
85 520 796 
85 520
85 796
243 256 
243 256
358 658 
358 658
294 
291 
290 
70 218 191 
70 218
70 191
427 500 
427 500
288 
94 284 779 286 
94 284
779 284
286 284
631 761 
631 761
67 566 
67 566
605 625 18 705 673 
605 625
18 605
705 625
673 705
507 613 240 
613 240
507 240
144 556 719 88 747 
144 556
719 144
88 556
747 144
16 376 661 
16 376
376 661
130 330 
130 330
279 
215 681 
215 681
223 512 
223 512
171 274 100 472 523 
171 274
100 274
472 171
523 171
595 771 687 574 
595 771
687 595
574 771
199 420 324 
199 420
199 324
270 
360 469 409 604 585 
360 469
409 469
604 469
585 360
267 
265 
263 
262 
258 
245 
526 617 
526 617
229 
224 
30 694 
30 694
86 203 319 562 489 
86 203
319 86
562 319
489 203
118 731 
118 731
98 662 
98 662
220 
289 536 
289 536
433 665 
433 665
219 
107 783 736 554 
107 783
736 783
554 783
213 
210 
187 353 54 
187 353
187 54
346 619 667 606 
346 619
667 619
606 619
140 548 
140 548
205 
435 501 394 
501 394
435 501
202 
201 
164 271 620 
164 271
164 620
260 549 
260 549
653 655 
653 655
80 273 
80 273
93 488 
93 488
198 
525 649 117 
525 649
649 117
542 715 42 50 
542 715
42 715
50 542
189 
126 227 
126 227
482 732 455 362 173 363 782 528 534 748 
482 732
455 482
362 455
173 482
363 482
782 732
528 732
534 732
748 362
182 
181 
176 
74 709 
74 709
178 407 425 
178 425
178 407
194 610 230 
194 610
610 230
313 675 15 
313 15
313 675
174 
431 702 
431 702
105 278 630 
278 630
105 278
172 
186 200 426 527 517 402 
186 200
426 200
527 426
517 527
402 527
170 
158 
151 
253 611 138 
611 138
253 611
48 648 26 
48 648
648 26
143 
598 768 367 
598 367
598 768
134 
380 553 
380 553
123 
121 
110 
197 718 
197 718
28 571 573 165 
28 571
573 28
165 28
99 
38 266 114 
38 266
266 114
97 
89 
79 
77 
102 628 
102 628
75 
162 239 351 193 287 671 775 
162 239
351 162
193 162
287 162
671 193
775 671
397 504 
397 504
65 
558 679 379 320 
558 679
379 679
320 558
487 756 150 
487 150
487 756
389 786 317 128 793 
389 786
317 786
128 786
793 389
63 
91 120 
91 120
71 204 755 309 752 522 690 602 177 
71 204
755 204
309 755
752 204
522 204
690 752
602 204
177 71
52 292 
52 292
293 624 
293 624
183 697 
183 697
43 
111 211 680 0 511 
111 211
680 111
0 680
511 211
331 473 154 499 570 
331 473
154 473
499 331
570 473
391 568 
391 568
32 
275 490 
275 490
29 
27 
22 
12 453 660 
453 660
12 660
250 361 175 
250 361
361 175
17 
390 474 
390 474
11 
627 650 113 
627 650
627 113
8 
244 302 419 
244 419
244 302
5 
179 495 
179 495
163 410 249 
163 249
163 410
92 386 
92 386
3 
600 799 
600 799
609 754 696 760 
609 754
696 609
760 609
119 281 332 68 375 
119 281
332 119
68 119
375 68
415 546 
415 546
