!
0 1 
0 1
2 3 
2 3
4 
5 6 
5 6
7 8 
7 8
9 
10 11 12 13 
10 11
11 12
12 13
14 
15 16 17 
15 16
16 17
18 
19 20 
19 20
21 
22 
23 
24 
25 26 27 
25 26
26 27
28 
29 30 31 32 
29 30
30 31
31 32
33 34 35 36 37 
33 34
34 35
35 36
36 37
38 39 40 
38 39
39 40
41 42 43 
41 42
42 43
44 45 46 
44 45
45 46
47 48 
47 48
49 50 
49 50
51 
52 
53 
54 
55 56 
55 56
57 
58 59 
58 59
60 
61 
62 63 64 65 
62 63
63 64
64 65
66 
67 68 
67 68
69 70 71 72 73 74 75 76 77 
69 70
70 71
71 72
72 73
73 74
74 75
75 76
76 77
78 
79 80 
79 80
81 
82 
83 
84 
85 
86 
87 88 
87 88
89 
90 
91 92 
91 92
93 
94 
95 
96 
97 98 99 100 
97 98
98 99
99 100
101 102 
101 102
103 104 105 106 107 108 
103 104
104 105
105 106
106 107
107 108
109 110 111 
109 110
110 111
112 
113 
114 
115 
116 117 118 119 120 
116 117
117 118
118 119
119 120
121 
122 
123 124 
123 124
125 126 127 
125 126
126 127
128 129 130 
128 129
129 130
131 132 133 134 
131 132
132 133
133 134
135 
136 
137 138 
137 138
139 140 141 142 143 144 
139 140
140 141
141 142
142 143
143 144
145 146 
145 146
147 148 
147 148
149 
150 151 
150 151
152 
153 
154 
155 156 
155 156
157 158 159 160 161 162 163 164 
157 158
158 159
159 160
160 161
161 162
162 163
163 164
165 
166 
167 168 169 170 171 172 173 174 175 176 
167 168
168 169
169 170
170 171
171 172
172 173
173 174
174 175
175 176
177 
178 179 
178 179
180 181 182 
180 181
181 182
183 184 
183 184
185 
186 
187 188 189 
187 188
188 189
190 
191 192 193 194 195 
191 192
192 193
193 194
194 195
196 197 198 199 
196 197
197 198
198 199
200 201 202 203 
200 201
201 202
202 203
204 
205 206 207 208 209 
205 206
206 207
207 208
208 209
210 211 
210 211
212 213 
212 213
214 215 216 
214 215
215 216
217 218 219 220 221 222 
217 218
218 219
219 220
220 221
221 222
223 224 225 226 227 
223 224
224 225
225 226
226 227
228 229 
228 229
230 231 
230 231
232 233 
232 233
234 
235 
236 
237 
238 
239 240 241 
239 240
240 241
242 243 
242 243
244 245 
244 245
246 247 248 249 
246 247
247 248
248 249
250 
251 
252 
253 
254 
255 256 
255 256
257 258 259 260 
257 258
258 259
259 260
261 
262 
263 264 265 266 
263 264
264 265
265 266
267 
268 269 270 
268 269
269 270
271 
272 273 274 275 276 277 278 
272 273
273 274
274 275
275 276
276 277
277 278
279 280 
279 280
281 282 283 284 285 286 287 
281 282
282 283
283 284
284 285
285 286
286 287
288 289 290 291 292 293 294 295 296 
288 289
289 290
290 291
291 292
292 293
293 294
294 295
295 296
297 298 299 300 301 
297 298
298 299
299 300
300 301
302 
303 304 
303 304
305 306 
305 306
307 
308 
309 
310 311 
310 311
312 313 
312 313
314 315 316 
314 315
315 316
317 318 319 320 321 322 
317 318
318 319
319 320
320 321
321 322
323 324 
323 324
325 
326 327 328 329 330 331 
326 327
327 328
328 329
329 330
330 331
332 
333 334 335 336 337 
333 334
334 335
335 336
336 337
338 
339 
340 
341 
342 343 344 
342 343
343 344
345 
346 
347 348 
347 348
349 
350 351 352 353 354 
350 351
351 352
352 353
353 354
355 
356 357 358 
356 357
357 358
359 
360 361 
360 361
362 363 364 
362 363
363 364
365 366 367 368 369 
365 366
366 367
367 368
368 369
370 371 372 373 
370 371
371 372
372 373
374 375 
374 375
376 
377 
378 
379 
380 381 382 383 
380 381
381 382
382 383
384 385 
384 385
386 
387 388 
387 388
389 390 391 
389 390
390 391
392 
393 394 395 396 397 
393 394
394 395
395 396
396 397
398 399 
398 399
400 401 402 403 404 405 406 407 408 409 410 411 412 
400 401
401 402
402 403
403 404
404 405
405 406
406 407
407 408
408 409
409 410
410 411
411 412
413 
414 
415 
416 
417 418 
417 418
419 420 421 422 
419 420
420 421
421 422
423 424 425 426 427 428 429 
423 424
424 425
425 426
426 427
427 428
428 429
430 
431 432 433 
431 432
432 433
434 435 
434 435
436 437 438 439 440 
436 437
437 438
438 439
439 440
441 
442 443 444 445 446 447 448 
442 443
443 444
444 445
445 446
446 447
447 448
449 
450 
451 452 
451 452
453 
454 455 456 
454 455
455 456
457 
458 
459 
460 461 462 463 
460 461
461 462
462 463
464 465 
464 465
466 467 
466 467
468 
469 470 471 
469 470
470 471
472 
473 
474 475 
474 475
476 477 
476 477
478 479 480 481 
478 479
479 480
480 481
482 
483 
484 
485 
486 487 488 
486 487
487 488
489 
490 491 
490 491
492 493 
492 493
494 495 496 
494 495
495 496
497 498 
497 498
499 500 
499 500
501 
502 
503 
504 505 506 
504 505
505 506
507 508 
507 508
509 
510 511 512 513 
510 511
511 512
512 513
514 515 
514 515
516 517 
516 517
518 519 520 521 522 
518 519
519 520
520 521
521 522
523 524 525 
523 524
524 525
526 527 528 529 530 
526 527
527 528
528 529
529 530
531 532 533 
531 532
532 533
534 535 
534 535
536 
537 538 
537 538
539 540 
539 540
541 542 543 544 545 
541 542
542 543
543 544
544 545
546 547 548 549 
546 547
547 548
548 549
550 551 552 
550 551
551 552
553 
554 555 556 557 558 
554 555
555 556
556 557
557 558
559 
560 
561 
562 
563 
564 
565 566 
565 566
567 
568 
569 570 
569 570
571 572 573 574 575 
571 572
572 573
573 574
574 575
576 577 
576 577
578 579 
578 579
580 
581 582 
581 582
583 584 
583 584
585 
586 587 588 589 
586 587
587 588
588 589
590 
591 
592 593 594 
592 593
593 594
595 596 597 598 
595 596
596 597
597 598
599 600 
599 600
601 
602 603 604 
602 603
603 604
605 
606 
607 608 609 
607 608
608 609
610 611 
610 611
612 613 
612 613
614 615 
614 615
616 617 
616 617
618 
619 620 621 
619 620
620 621
622 623 624 625 
622 623
623 624
624 625
626 
627 628 
627 628
629 630 631 632 633 634 635 636 637 638 
629 630
630 631
631 632
632 633
633 634
634 635
635 636
636 637
637 638
639 
640 
641 
642 643 
642 643
644 645 646 
644 645
645 646
647 648 649 
647 648
648 649
650 651 652 
650 651
651 652
653 
654 655 
654 655
656 657 658 
656 657
657 658
659 
660 661 662 663 664 665 
660 661
661 662
662 663
663 664
664 665
666 
667 
668 
669 670 671 
669 670
670 671
672 673 674 
672 673
673 674
675 
676 677 678 
676 677
677 678
679 
680 681 
680 681
682 
683 
684 
685 686 
685 686
687 688 689 690 
687 688
688 689
689 690
691 
692 693 694 
692 693
693 694
695 
696 
697 
698 
699 700 
699 700
701 
702 703 704 705 706 707 708 
702 703
703 704
704 705
705 706
706 707
707 708
709 710 
709 710
711 
712 713 714 715 
712 713
713 714
714 715
716 717 718 
716 717
717 718
719 720 721 722 723 
719 720
720 721
721 722
722 723
724 
725 726 
725 726
727 728 729 730 731 732 733 734 735 
727 728
728 729
729 730
730 731
731 732
732 733
733 734
734 735
736 737 
736 737
738 739 
738 739
740 741 
740 741
742 
743 744 745 746 747 
743 744
744 745
745 746
746 747
748 749 750 751 752 
748 749
749 750
750 751
751 752
753 754 
753 754
755 
756 757 
756 757
758 
759 
760 
761 762 763 
761 762
762 763
764 765 766 
764 765
765 766
767 
768 769 
768 769
770 
771 772 773 
771 772
772 773
774 
775 776 777 
775 776
776 777
778 
779 780 
779 780
781 782 783 
781 782
782 783
784 785 
784 785
786 
787 788 
787 788
789 790 791 792 
789 790
790 791
791 792
793 794 795 796 797 
793 794
794 795
795 796
796 797
798 799 
798 799
