? 12 222 314 544 698 552 300 394 407 532 795 451 170 
? 12 25 520 615 245 431 206 36 213 98 334 625 695 
? 11 223 515 50 289 286 423 265 232 518 270 610 
? 9 531 626 382 83 354 278 121 207 440 
? 8 38 589 235 543 675 477 622 414 
? 8 178 745 63 665 663 662 641 470 
? 5 365 768 151 677 392 
!
224 635 311 60 651 642 681 742 548 315 82 360 773 511 443 612 432 799 738 74 533 534 706 271 750 685 699 371 287 280 450 302 781 243 299 733 420 384 
224 635
311 224
60 635
651 311
642 60
681 651
742 681
548 642
315 311
82 315
360 651
773 315
511 742
443 742
612 511
432 773
799 681
738 82
74 432
533 511
534 74
706 533
271 548
750 360
685 706
699 534
371 750
287 750
280 82
450 738
302 450
781 450
243 271
299 302
733 243
420 733
384 299
193 261 180 467 500 471 453 198 239 563 692 341 411 75 81 238 86 747 130 632 428 4 776 310 783 441 494 11 296 618 18 572 609 190 503 203 774 486 199 150 214 116 509 61 445 68 760 780 56 724 491 406 229 664 35 454 95 442 474 758 487 89 522 359 395 784 42 554 70 297 376 174 666 775 132 118 339 559 628 624 
193 261
180 261
467 261
500 180
471 467
453 500
198 453
239 500
563 467
692 453
341 193
411 341
75 471
81 239
238 692
86 75
747 239
130 86
632 198
428 692
4 563
776 81
310 4
783 747
441 310
494 81
11 341
296 86
618 747
18 11
572 783
609 441
190 296
503 618
203 411
774 18
486 618
199 503
150 190
214 609
116 774
509 296
61 428
445 214
68 494
760 150
780 203
56 61
724 56
491 780
406 509
229 68
664 724
35 116
454 724
95 664
442 760
474 442
758 116
487 760
89 229
522 445
359 56
395 89
784 758
42 522
554 42
70 406
297 554
376 491
174 68
666 522
775 35
132 89
118 376
339 376
559 775
628 784
624 95
316 489 700 304 499 281 10 541 524 734 599 607 447 728 553 225 519 769 166 237 175 192 705 127 525 324 576 375 756 228 27 434 367 528 288 457 246 133 588 674 51 718 547 603 669 156 
316 489
700 489
304 700
499 700
281 489
10 700
541 499
524 304
734 10
599 524
607 541
447 734
728 447
553 728
225 728
519 225
769 519
166 519
237 769
175 769
192 166
705 192
127 237
525 166
324 705
576 175
375 127
756 324
228 324
27 576
434 27
367 434
528 228
288 434
457 528
246 457
133 367
588 434
674 588
51 133
718 133
547 528
603 547
669 674
156 669
182 378 104 22 638 765 148 671 772 380 627 153 596 85 427 478 158 605 141 480 446 8 372 652 422 131 338 517 46 584 796 521 321 73 257 109 721 763 332 191 343 254 581 351 730 597 24 163 253 67 290 241 557 424 291 751 352 709 146 349 593 355 108 282 322 415 
182 378
104 378
22 182
638 104
765 638
148 638
671 148
772 671
380 22
627 638
153 671
596 153
85 596
427 85
478 85
158 627
605 85
141 380
480 772
446 427
8 141
372 446
652 8
422 605
131 372
338 652
517 480
46 517
584 131
796 517
521 422
321 446
73 521
257 338
109 46
721 517
763 73
332 109
191 332
343 321
254 763
581 721
351 581
730 351
597 584
24 254
163 24
253 254
67 597
290 721
241 109
557 290
424 557
291 163
751 332
352 730
709 751
146 290
349 424
593 424
355 257
108 253
282 108
322 355
415 108
189 644 690 260 264 492 330 58 173 496 361 328 364 729 263 684 221 54 78 167 160 508 244 64 317 267 504 399 106 613 53 147 731 549 209 227 69 620 506 646 12 52 704 777 779 713 6 218 39 448 405 105 258 269 673 526 739 97 72 226 195 550 726 210 787 266 536 197 472 465 656 757 458 574 285 117 240 283 318 648 274 7 438 138 710 634 631 137 546 719 331 482 13 169 716 101 797 186 697 323 412 537 707 342 421 276 248 212 481 717 401 611 798 583 250 473 564 247 94 43 298 598 580 600 655 649 460 383 418 687 292 437 340 44 303 629 377 71 658 616 40 497 444 507 161 329 20 373 102 31 483 100 272 766 312 720 683 306 204 785 771 309 335 144 693 2 346 555 393 502 679 711 430 672 143 604 735 252 92 177 712 770 575 21 333 181 585 350 764 152 87 196 696 142 668 409 660 208 362 510 107 639 277 88 49 703 123 530 788 459 
189 644
690 644
260 644
264 690
492 260
330 260
58 690
173 58
496 58
361 492
328 330
364 264
729 330
263 729
684 492
221 364
54 328
78 684
167 58
160 54
508 361
244 221
64 244
317 221
267 244
504 167
399 167
106 160
613 263
53 613
147 317
731 160
549 731
209 613
227 549
69 106
620 317
506 399
646 227
12 267
52 549
704 506
777 53
779 209
713 704
6 704
218 52
39 777
448 504
405 147
105 69
258 713
269 258
673 646
526 673
739 448
97 448
72 12
226 673
195 105
550 195
726 405
210 39
787 269
266 195
536 226
197 210
472 536
465 97
656 197
757 673
458 739
574 726
285 72
117 195
240 285
283 757
318 726
648 283
274 536
7 787
438 318
138 266
710 274
634 7
631 283
137 318
546 648
719 546
331 137
482 458
13 138
169 438
716 574
101 137
797 117
186 138
697 240
323 631
412 719
537 634
707 797
342 716
421 13
276 323
248 537
212 710
481 331
717 465
401 274
611 401
798 707
583 212
250 421
473 250
564 248
247 342
94 323
43 611
298 481
598 43
580 169
600 401
655 421
649 580
460 247
383 697
418 401
687 383
292 687
437 687
340 649
44 250
303 292
629 655
377 437
71 564
658 383
616 649
40 564
497 340
444 418
507 94
161 658
329 303
20 298
373 437
102 598
31 94
483 20
100 473
272 31
766 497
312 616
720 507
683 460
306 340
204 444
785 312
771 204
309 31
335 312
144 771
693 309
2 785
346 161
555 373
393 629
502 329
679 346
711 102
430 720
672 40
143 711
604 2
735 483
252 555
92 252
177 100
712 798
770 393
575 672
21 679
333 346
181 333
585 604
350 272
764 204
152 735
87 712
196 177
696 144
142 696
668 683
409 712
660 502
208 306
362 693
510 585
107 660
639 21
277 668
88 711
49 639
703 575
123 668
530 668
788 142
459 333
171 387 268 368 96 633 464 569 344 701 680 753 120 347 523 433 743 466 727 461 538 220 682 545 
171 387
268 171
368 171
96 368
633 96
464 633
569 464
344 569
701 344
680 701
753 344
120 680
347 120
523 753
433 347
743 433
466 743
727 466
461 727
538 461
220 538
682 538
545 220
531 626 382 83 354 278 121 207 440 
382 83
121 440
626 83
531 626
354 440
354 207
83 354
531 278
586 790 162 231 595 723 650 744 488 413 369 381 498 462 80 490 608 688 0 456 293 205 305 
586 790
162 790
231 586
595 162
723 595
650 231
744 162
488 650
413 488
369 723
381 231
498 413
462 381
80 488
490 413
608 381
688 490
0 490
456 462
293 456
205 688
305 293
249 562 594 566 676 28 135 149 134 374 513 468 370 408 242 19 345 565 159 736 782 740 336 540 279 275 535 128 5 348 202 357 110 791 617 37 
249 562
594 562
566 249
676 566
28 566
135 562
149 676
134 149
374 134
513 135
468 149
370 135
408 513
242 28
19 242
345 468
565 345
159 565
736 19
782 736
740 345
336 242
540 740
279 540
275 540
535 336
128 279
5 782
348 275
202 19
357 348
110 348
791 535
617 5
37 348
17 689 234 219 55 493 113 3 746 124 157 582 505 66 
17 689
234 689
219 17
55 234
493 219
113 55
3 113
746 3
124 746
157 113
582 124
505 219
66 505
25 520 615 245 431 206 36 213 98 334 625 695 
36 98
25 520
25 431
25 245
36 213
625 695
615 245
206 36
520 206
431 334
98 695
516 587 385 621 398 176 136 417 601 653 754 762 400 379 449 429 485 402 119 645 230 217 9 435 571 715 211 59 15 755 356 386 558 179 778 33 752 233 65 476 529 590 567 41 439 326 759 308 640 183 761 573 630 614 579 514 273 416 578 62 125 84 91 79 251 469 748 388 556 284 188 115 47 708 29 327 657 426 114 337 767 396 452 542 670 103 732 686 93 256 512 619 215 45 16 390 741 636 560 255 455 694 77 313 216 592 389 678 463 602 301 667 168 539 1 397 14 404 358 475 637 702 140 749 319 48 
516 587
385 516
621 385
398 587
176 398
136 176
417 398
601 621
653 136
754 587
762 621
400 653
379 601
449 653
429 762
485 379
402 379
119 398
645 400
230 119
217 119
9 449
435 217
571 9
715 9
211 715
59 230
15 715
755 429
356 645
386 755
558 755
179 558
778 179
33 211
752 778
233 435
65 356
476 59
529 778
590 15
567 590
41 65
439 33
326 59
759 439
308 65
640 41
183 179
761 476
573 183
630 308
614 640
579 630
514 308
273 579
416 759
578 183
62 761
125 579
84 476
91 578
79 514
251 62
469 125
748 251
388 251
556 514
284 614
188 84
115 284
47 84
708 748
29 284
327 47
657 273
426 79
114 426
337 327
767 115
396 469
452 388
542 426
670 708
103 670
732 657
686 426
93 767
256 686
512 670
619 732
215 396
45 619
16 114
390 337
741 390
636 390
560 512
255 390
455 215
694 560
77 45
313 16
216 93
592 216
389 313
678 455
463 77
602 455
301 694
667 313
168 463
539 667
1 678
397 678
14 539
404 463
358 168
475 404
637 1
702 397
140 702
749 404
319 592
48 14
32 425 90 484 479 236 30 722 126 262 714 551 26 501 295 23 403 111 794 139 185 623 165 654 527 129 691 789 99 294 164 363 200 155 325 145 353 786 495 320 659 570 591 122 661 112 391 792 561 187 643 366 184 172 419 647 737 
32 425
90 32
484 90
479 484
236 90
30 479
722 425
126 722
262 479
714 236
551 722
26 714
501 26
295 501
23 126
403 262
111 26
794 23
139 403
185 139
623 794
165 111
654 501
527 551
129 23
691 139
789 654
99 185
294 654
164 294
363 164
200 99
155 129
325 623
145 155
353 527
786 155
495 155
320 145
659 294
570 325
591 353
122 200
661 591
112 591
391 164
792 363
561 122
187 353
643 661
366 570
184 495
172 495
419 792
647 187
737 366
178 745 63 665 663 662 641 470 
178 745
641 470
662 470
178 63
665 662
63 665
63 663
222 314 544 698 552 300 394 407 532 795 451 170 
314 698
222 544
795 451
222 698
394 407
407 795
698 552
300 532
544 394
314 300
552 170
38 589 235 543 675 477 622 414 
589 675
38 235
38 589
543 622
675 477
235 543
543 414
34 410 725 568 259 307 577 154 76 606 436 793 194 57 
34 410
725 34
568 410
259 568
307 410
577 259
154 307
76 577
606 154
436 76
793 436
194 793
57 194
201 
223 515 50 289 286 423 265 232 518 270 610 
423 265
223 515
289 423
518 270
50 286
232 610
518 610
286 270
289 286
223 50
365 768 151 677 392 
365 768
151 677
768 151
151 392
