? 12 709 751 414 682 589 282 241 109 538 477 220 545 
? 12 604 785 585 2 335 312 510 711 102 583 212 598 
? 11 442 474 677 151 784 110 357 745 265 178 88 
? 9 533 706 685 201 799 612 742 511 681 
? 8 227 646 526 147 364 264 710 644 
? 8 171 387 268 368 96 633 87 260 
? 5 361 508 189 169 43 
!
197 656 210 779 39 777 209 613 473 53 266 13 138 250 421 100 44 186 106 263 69 195 177 729 78 655 684 160 629 196 54 330 770 328 731 492 549 393 
197 656
210 197
779 197
39 656
777 39
209 779
613 209
473 656
53 777
266 779
13 266
138 13
250 13
421 138
100 473
44 250
186 138
106 209
263 613
69 106
195 266
177 100
729 263
78 53
655 421
684 78
160 106
629 655
196 177
54 160
330 729
770 196
328 330
731 69
492 684
549 731
393 629
309 693 31 430 720 362 94 507 272 350 323 276 743 788 142 120 631 347 144 433 680 466 696 600 283 771 701 412 648 291 546 597 67 344 757 719 764 569 204 727 343 415 163 444 401 418 321 461 523 322 472 24 798 584 673 355 108 226 712 753 550 536 797 218 131 117 763 372 707 105 253 521 611 409 464 274 422 52 652 254 
309 693
31 309
430 693
720 430
362 693
94 309
507 720
272 31
350 272
323 94
276 323
743 362
788 430
142 788
120 350
631 323
347 120
144 142
433 743
680 120
466 788
696 144
600 144
283 631
771 144
701 680
412 276
648 283
291 466
546 648
597 433
67 597
344 701
757 631
719 412
764 696
569 344
204 771
727 764
343 291
415 466
163 343
444 204
401 444
418 401
321 343
461 415
523 120
322 523
472 757
24 163
798 412
584 67
673 757
355 322
108 415
226 472
712 569
753 523
550 719
536 472
797 798
218 673
131 584
117 797
763 24
372 131
707 798
105 550
253 108
521 763
611 401
409 712
464 409
274 472
422 521
52 218
652 131
254 253
34 725 410 352 259 568 577 307 730 351 581 384 299 76 154 290 302 606 146 436 738 450 371 781 557 793 287 721 750 158 194 57 360 82 627 424 517 480 593 796 443 651 349 765 280 638 
34 725
410 725
352 725
259 725
568 259
577 259
307 410
730 259
351 730
581 351
384 568
299 384
76 577
154 307
290 581
302 384
606 154
146 290
436 76
738 302
450 302
371 606
781 436
557 290
793 76
287 371
721 290
750 287
158 721
194 793
57 194
360 750
82 738
627 158
424 557
517 721
480 517
593 424
796 517
443 360
651 360
349 424
765 158
280 57
638 765
3 113 746 314 124 55 698 222 157 689 300 544 234 17 381 462 456 608 582 219 532 552 493 293 278 394 531 498 626 305 665 407 382 83 505 451 622 270 744 66 795 610 354 231 518 641 695 63 162 207 235 121 675 543 625 790 586 440 595 232 662 38 470 663 723 369 
3 113
746 3
314 746
124 3
55 113
698 314
222 314
157 698
689 55
300 124
544 222
234 689
17 234
381 157
462 234
456 234
608 157
582 300
219 17
532 300
552 544
493 456
293 456
278 582
394 544
531 582
498 608
626 531
305 293
665 532
407 394
382 626
83 626
505 219
451 407
622 505
270 278
744 293
66 505
795 451
610 665
354 83
231 498
518 270
641 451
695 641
63 354
162 744
207 354
235 505
121 354
675 63
543 66
625 695
790 162
586 790
440 121
595 162
232 610
662 232
38 235
470 641
663 622
723 595
369 595
140 702 572 397 358 602 783 486 678 637 455 632 1 747 618 503 168 215 95 749 198 463 453 199 77 776 396 428 239 692 404 334 500 45 724 664 686 81 624 61 238 56 475 469 454 619 180 256 277 125 123 530 732 657 193 431 579 273 563 261 48 668 539 229 542 426 467 14 630 494 459 79 441 471 609 520 114 514 310 152 359 25 308 89 132 683 65 245 395 4 735 411 615 68 341 667 556 313 333 356 75 554 214 16 483 181 297 41 33 389 445 416 206 49 460 98 130 20 213 346 161 36 679 439 86 42 759 203 247 298 21 11 190 211 639 0 174 766 645 658 150 80 296 342 780 754 522 491 660 383 490 715 400 640 666 774 18 688 716 497 697 9 329 15 165 205 502 170 792 481 306 509 419 567 488 449 592 571 650 767 376 111 590 118 319 760 614 339 413 487 653 340 107 115 331 116 363 208 392 303 292 35 386 429 755 136 406 762 574 391 
140 702
572 140
397 702
358 140
602 397
783 572
486 783
678 602
637 486
455 602
632 572
1 637
747 783
618 486
503 637
168 358
215 455
95 358
749 168
198 632
463 168
453 198
199 637
77 463
776 747
396 215
428 453
239 776
692 453
404 749
334 404
500 239
45 77
724 428
664 724
686 678
81 239
624 334
61 724
238 692
56 61
475 404
469 396
454 56
619 45
180 500
256 686
277 475
125 469
123 619
530 475
732 619
657 732
193 180
431 624
579 125
273 125
563 238
261 193
48 199
668 123
539 48
229 48
542 256
426 542
467 193
14 539
630 579
494 81
459 732
79 630
441 238
471 467
609 441
520 431
114 542
514 79
310 609
152 431
359 454
25 520
308 630
89 229
132 89
683 668
65 308
245 520
395 132
4 310
735 152
411 180
615 520
68 494
341 411
667 14
556 114
313 667
333 459
356 65
75 471
554 359
214 609
16 313
483 735
181 333
297 554
41 514
33 273
389 313
445 214
416 181
206 297
49 416
460 683
98 297
130 75
20 483
213 98
346 333
161 346
36 213
679 346
439 49
86 130
42 297
759 416
203 411
247 460
298 20
21 49
11 341
190 86
211 33
639 49
0 36
174 89
766 483
645 211
658 161
150 190
80 0
296 130
342 247
780 203
754 645
522 445
491 780
660 639
383 658
490 0
715 211
400 645
640 41
666 522
774 11
18 774
688 490
716 342
497 766
697 342
9 715
329 383
15 9
165 174
205 688
502 660
170 666
792 165
481 298
306 497
509 296
419 792
567 660
488 490
449 9
592 389
571 15
650 488
767 592
376 491
111 165
590 567
118 376
319 592
760 150
614 640
339 376
413 688
487 150
653 449
340 497
107 567
115 767
331 481
116 774
363 419
208 650
392 419
303 329
292 303
35 116
386 640
429 386
755 429
136 653
406 509
762 429
574 716
391 419
562 594 135 149 513 134 374 468 370 408 345 603 565 159 547 740 51 246 457 528 279 275 718 540 
562 594
135 562
149 135
513 135
134 149
374 134
468 134
370 135
408 513
345 134
603 370
565 345
159 468
547 603
740 345
51 159
246 547
457 246
528 547
279 565
275 740
718 51
540 740
533 706 685 201 799 612 742 511 681 
533 706
706 685
511 681
742 511
612 742
685 799
685 201
533 511
478 605 427 446 85 596 22 73 380 153 671 141 148 191 8 338 772 182 378 332 104 257 46 
478 605
427 478
446 427
85 478
596 605
22 427
73 605
380 427
153 596
671 153
141 380
148 671
191 73
8 141
338 8
772 148
182 22
378 182
332 191
104 378
257 338
46 153
243 733 223 535 271 617 791 515 420 5 548 336 736 782 773 432 242 50 642 74 19 534 699 60 315 635 224 28 202 289 311 286 423 566 676 249 
243 733
223 733
535 733
271 243
617 271
791 535
515 791
420 515
5 617
548 271
336 535
736 535
782 736
773 548
432 773
242 736
50 617
642 548
74 432
19 782
534 74
699 74
60 642
315 699
635 60
224 635
28 242
202 50
289 699
311 635
286 289
423 289
566 28
676 566
249 676
156 669 128 674 365 288 70 768 588 37 133 434 348 367 
156 669
128 669
674 156
365 156
288 674
70 674
768 365
588 70
37 768
133 288
434 674
348 37
367 133
604 785 585 2 335 312 510 711 102 583 212 598 
604 585
585 510
785 2
2 212
583 212
335 510
212 598
711 102
335 312
2 102
604 785
385 621 601 516 587 417 398 379 485 402 176 217 435 119 558 230 179 752 778 529 233 59 183 573 476 578 761 91 326 62 251 284 748 29 388 84 708 92 252 47 188 555 327 670 93 103 452 337 512 373 377 437 560 694 741 687 390 216 255 636 301 717 672 575 703 482 40 458 564 71 248 465 240 739 97 285 537 7 72 634 448 164 12 659 787 294 504 6 704 267 137 269 399 258 244 64 26 714 713 654 318 620 101 295 167 506 726 236 501 173 317 789 221 438 58 405 496 90 30 616 690 32 649 580 425 479 
385 621
601 385
516 385
587 516
417 385
398 587
379 601
485 379
402 485
176 398
217 417
435 217
119 217
558 601
230 119
179 558
752 402
778 752
529 778
233 435
59 230
183 179
573 179
476 59
578 183
761 476
91 578
326 59
62 233
251 62
284 91
748 251
29 284
388 748
84 476
708 748
92 326
252 92
47 84
188 84
555 92
327 47
670 708
93 284
103 670
452 62
337 327
512 670
373 555
377 373
437 377
560 512
694 560
741 327
687 377
390 741
216 93
255 390
636 255
301 694
717 373
672 636
575 672
703 575
482 687
40 672
458 482
564 40
71 564
248 564
465 717
240 482
739 458
97 465
285 240
537 564
7 248
72 240
634 7
448 739
164 216
12 72
659 164
787 7
294 659
504 448
6 787
704 6
267 12
137 285
269 704
399 504
258 269
244 267
64 244
26 164
714 26
713 258
654 294
318 137
620 64
101 137
295 26
167 399
506 713
726 318
236 714
501 295
173 167
317 64
789 654
221 64
438 726
58 167
405 726
496 58
90 236
30 90
616 101
690 173
32 90
649 616
580 649
425 32
479 30
553 728 225 447 519 769 184 320 734 237 10 541 145 495 112 175 166 607 172 155 499 591 661 700 127 525 643 129 192 786 705 353 794 375 489 187 304 576 316 23 324 527 551 756 228 722 623 647 737 325 126 628 27 524 599 281 570 
553 728
225 553
447 728
519 553
769 519
184 447
320 728
734 184
237 519
10 734
541 734
145 184
495 145
112 320
175 769
166 237
607 541
172 495
155 145
499 541
591 112
661 591
700 10
127 237
525 166
643 661
129 145
192 166
786 495
705 192
353 643
794 155
375 127
489 700
187 353
304 786
576 187
316 489
23 794
324 705
527 353
551 23
756 324
228 324
722 551
623 794
647 187
737 304
325 737
126 722
628 647
27 628
524 737
599 737
281 316
570 599
171 387 268 368 96 633 87 260 
96 633
171 387
633 87
387 368
368 96
387 268
171 260
709 751 414 682 589 282 241 109 538 477 220 545 
709 751
751 414
220 545
682 282
414 109
682 538
538 220
589 477
241 477
414 682
241 109
227 646 526 147 364 264 710 644 
364 264
227 646
227 526
646 264
646 147
364 644
147 710
185 403 139 691 99 200 122 262 561 366 484 559 775 758 
185 403
139 403
691 403
99 185
200 99
122 200
262 403
561 122
366 122
484 262
559 484
775 559
758 775
143 
442 474 677 151 784 110 357 745 265 178 88 
442 474
745 178
474 151
677 151
110 357
745 265
151 110
442 784
357 265
178 88
361 508 189 169 43 
361 508
169 43
361 189
189 169
