? 12 312 335 616 649 2 585 785 580 604 510 306 340 
? 12 246 457 547 528 228 51 756 324 133 718 705 192 
? 11 37 768 348 110 151 275 540 128 279 677 740 
? 9 297 554 206 359 36 0 25 615 520 
? 8 533 706 685 201 799 681 745 232 
? 8 301 694 766 245 497 80 208 488 
? 5 470 662 357 650 586 
!
64 244 267 12 620 317 504 72 448 739 405 399 285 574 726 240 458 97 137 716 318 697 6 704 331 465 342 482 101 438 713 247 481 258 269 460 169 298 
64 244
267 244
12 64
620 64
317 620
504 267
72 12
448 504
739 448
405 620
399 504
285 72
574 285
726 405
240 285
458 739
97 448
137 726
716 285
318 137
697 285
6 399
704 6
331 137
465 97
342 716
482 458
101 137
438 318
713 6
247 342
481 331
258 713
269 258
460 247
169 438
298 331
385 621 516 601 417 398 587 762 485 379 429 402 176 136 754 435 653 119 217 400 755 558 179 230 386 449 778 645 752 9 529 59 715 211 356 571 15 233 183 573 476 33 578 761 590 439 567 326 91 759 107 62 251 748 29 660 273 84 639 416 388 708 92 49 252 47 327 188 21 502 103 555 337 670 657 512 452 181 373 560 
385 621
516 385
601 385
417 601
398 417
587 516
762 621
485 601
379 485
429 762
402 485
176 587
136 176
754 516
435 417
653 136
119 398
217 435
400 653
755 762
558 755
179 558
230 119
386 558
449 653
778 179
645 400
752 778
9 449
529 778
59 230
715 645
211 715
356 645
571 449
15 9
233 435
183 179
573 183
476 59
33 211
578 183
761 476
590 15
439 33
567 590
326 59
91 578
759 439
107 567
62 761
251 62
748 251
29 91
660 567
273 356
84 476
639 660
416 639
388 748
708 748
92 107
49 416
252 92
47 84
327 47
188 47
21 49
502 660
103 708
555 92
337 327
670 103
657 273
512 670
452 62
181 49
373 555
560 512
197 656 210 779 39 777 209 613 53 473 100 250 44 263 729 78 177 684 196 160 770 330 54 328 393 260 492 387 171 361 644 189 264 690 364 368 508 96 58 496 268 633 221 173 167 506 
197 656
210 197
779 197
39 210
777 39
209 779
613 209
53 777
473 656
100 473
250 473
44 250
263 53
729 263
78 263
177 100
684 78
196 177
160 729
770 177
330 729
54 330
328 330
393 770
260 330
492 684
387 177
171 387
361 492
644 260
189 260
264 644
690 644
364 264
368 171
508 361
96 368
58 189
496 58
268 171
633 96
221 264
173 58
167 58
506 167
3 113 746 124 314 698 55 222 157 689 300 544 234 17 608 381 462 456 582 493 219 532 552 293 531 278 394 626 498 305 665 407 622 382 795 270 505 205 451 744 83 66 413 610 354 170 231 688 695 518 641 63 666 162 207 235 490 543 522 213 42 625 440 121 98 790 
3 113
746 113
124 3
314 3
698 314
55 113
222 314
157 698
689 55
300 124
544 222
234 689
17 689
608 157
381 608
462 234
456 234
582 300
493 234
219 17
532 300
552 544
293 493
531 582
278 531
394 544
626 531
498 608
305 293
665 532
407 394
622 305
382 626
795 394
270 665
505 622
205 498
451 394
744 293
83 382
66 622
413 498
610 665
354 83
170 795
231 413
688 205
695 451
518 270
641 695
63 382
666 170
162 744
207 63
235 505
490 688
543 66
522 666
213 688
42 666
625 695
440 207
121 207
98 213
790 162
339 376 236 118 714 32 780 425 90 491 26 559 174 484 111 479 30 501 165 295 775 68 203 262 722 551 494 654 126 35 395 363 164 411 11 89 789 294 229 792 132 116 527 341 659 391 403 23 139 691 774 794 419 185 18 81 48 129 623 239 14 776 392 180 539 99 500 261 199 193 353 200 667 325 155 319 758 661 187 591 145 647 112 313 618 786 747 320 389 628 86 643 503 495 122 570 75 784 637 783 1 198 561 471 576 453 130 486 467 296 509 16 366 184 563 172 27 256 737 447 632 406 397 599 542 686 592 692 304 190 734 572 175 728 114 426 519 10 225 678 769 150 700 553 238 702 70 140 216 524 4 588 428 556 434 310 237 760 442 541 127 375 455 499 441 79 602 767 674 474 316 489 609 215 358 115 514 93 166 288 630 308 156 214 525 607 669 41 445 396 61 614 469 365 168 487 664 56 724 95 640 749 579 284 125 281 367 65 454 463 
339 376
236 339
118 339
714 236
32 236
780 376
425 32
90 32
491 780
26 714
559 425
174 714
484 90
111 26
479 484
30 479
501 26
165 111
295 501
775 559
68 174
203 491
262 479
722 425
551 722
494 68
654 501
126 722
35 775
395 68
363 111
164 363
411 494
11 203
89 395
789 654
294 164
229 89
792 363
132 89
116 11
527 775
341 11
659 294
391 164
403 262
23 551
139 403
691 403
774 11
794 23
419 792
185 403
18 774
81 494
48 132
129 551
623 794
239 81
14 48
776 81
392 419
180 239
539 14
99 185
500 180
261 180
199 776
193 180
353 527
200 99
667 14
325 623
155 129
319 392
758 774
661 353
187 353
591 661
145 155
647 187
112 591
313 667
618 776
786 155
747 618
320 112
389 313
628 647
86 18
643 661
503 618
495 145
122 200
570 122
75 86
784 628
637 503
783 747
1 503
198 747
561 122
471 75
576 187
453 198
130 86
486 503
467 471
296 86
509 296
16 313
366 570
184 495
563 467
172 495
27 628
256 539
737 366
447 184
632 783
406 509
397 486
599 366
542 256
686 256
592 319
692 453
304 737
190 296
734 184
572 632
175 643
728 447
114 542
426 542
519 175
10 734
225 728
678 1
769 519
150 190
700 10
553 728
238 692
702 572
70 406
140 702
216 592
524 599
4 563
588 70
428 692
556 114
434 27
310 4
237 769
760 150
442 760
541 10
127 237
375 127
455 678
499 541
441 310
79 426
602 455
767 216
674 588
474 760
316 700
489 316
609 310
215 455
358 140
115 767
514 79
93 216
166 237
288 434
630 79
308 630
156 674
214 609
525 166
607 541
669 156
41 308
445 214
396 215
61 428
614 115
469 630
365 156
168 358
487 760
664 61
56 61
724 61
95 664
640 41
749 168
579 469
284 115
125 469
281 489
367 288
65 308
454 61
463 168
575 672 703 40 71 564 248 636 537 717 255 390 634 741 7 787 437 377 687 303 292 329 383 679 
575 672
703 575
40 672
71 40
564 71
248 564
636 703
537 564
717 40
255 636
390 255
634 537
741 390
7 634
787 634
437 717
377 437
687 377
303 687
292 303
329 303
383 329
679 329
297 554 206 359 36 0 25 615 520 
25 520
36 0
297 554
554 36
359 520
554 206
615 520
0 615
619 732 45 459 77 123 668 530 333 475 404 346 334 277 683 161 658 624 431 152 483 735 20 
619 732
45 619
459 732
77 45
123 619
668 123
530 123
333 459
475 530
404 475
346 333
334 404
277 475
683 668
161 346
658 161
624 334
431 624
152 431
483 152
735 152
20 483
243 733 617 271 223 535 791 515 420 5 548 336 736 782 773 432 242 50 642 74 19 699 315 534 60 635 202 289 224 28 286 423 566 249 374 265 
243 733
617 243
271 617
223 733
535 733
791 223
515 791
420 515
5 617
548 243
336 223
736 5
782 736
773 548
432 773
242 736
50 5
642 548
74 432
19 782
699 74
315 74
534 74
60 642
635 60
202 50
289 534
224 635
28 242
286 289
423 289
566 28
249 566
374 566
265 423
562 594 676 135 513 149 134 408 370 468 345 603 565 159 
562 594
676 562
135 594
513 135
149 135
134 149
408 513
370 135
468 134
345 468
603 408
565 345
159 603
246 457 547 528 228 51 756 324 133 718 705 192 
133 718
246 457
705 192
756 324
528 51
246 547
324 705
547 528
228 324
51 133
246 228
309 693 31 430 720 362 507 94 272 350 276 743 323 788 631 142 680 144 347 120 466 600 696 433 701 771 412 648 283 291 67 546 757 597 344 719 764 204 343 569 727 444 415 163 418 401 24 321 322 461 108 472 584 798 523 226 355 550 536 673 712 753 131 797 763 218 253 117 409 521 372 611 282 274 464 707 257 105 254 422 52 195 652 446 338 143 73 646 526 220 427 538 43 478 87 227 549 85 102 186 8 598 605 731 682 69 191 138 141 629 655 710 369 711 545 380 13 421 88 596 266 723 212 106 147 583 
309 693
31 309
430 693
720 430
362 693
507 720
94 31
272 31
350 31
276 94
743 362
323 276
788 430
631 323
142 788
680 350
144 142
347 680
120 347
466 788
600 144
696 142
433 743
701 680
771 144
412 276
648 412
283 631
291 466
67 743
546 648
757 631
597 67
344 701
719 546
764 696
204 144
343 291
569 344
727 764
444 204
415 466
163 291
418 444
401 418
24 291
321 343
322 433
461 415
108 415
472 757
584 597
798 412
523 322
226 472
355 322
550 719
536 472
673 226
712 569
753 523
131 584
797 798
763 163
218 673
253 108
117 797
409 712
521 763
372 131
611 418
282 108
274 472
464 569
707 798
257 584
105 550
254 763
422 521
52 218
195 550
652 131
446 372
338 652
143 444
73 763
646 673
526 226
220 143
427 446
538 282
43 611
478 446
87 409
227 646
549 52
85 478
102 43
186 707
8 652
598 43
605 478
731 549
682 538
69 549
191 253
138 186
141 8
629 798
655 629
710 43
369 220
711 102
545 369
380 141
13 138
421 186
88 711
596 605
266 138
723 545
212 710
106 69
147 526
583 212
34 725 410 352 259 568 307 577 730 351 581 384 299 76 154 450 436 146 302 606 290 557 738 793 371 287 781 721 158 750 194 57 360 627 424 82 517 480 593 651 796 349 443 280 765 638 772 477 612 511 742 148 46 104 153 311 671 
34 725
410 34
352 725
259 725
568 259
307 410
577 259
730 352
351 730
581 730
384 568
299 384
76 384
154 307
450 384
436 76
146 76
302 384
606 154
290 146
557 290
738 299
793 436
371 606
287 371
781 450
721 557
158 581
750 287
194 793
57 194
360 750
627 158
424 557
82 738
517 721
480 517
593 424
651 360
796 517
349 424
443 360
280 57
765 627
638 627
772 638
477 349
612 443
511 443
742 443
148 772
46 796
104 638
153 772
311 651
671 772
301 694 766 245 497 80 208 488 
80 488
766 497
301 694
245 80
497 208
208 488
694 766
312 335 616 649 2 585 785 580 604 510 306 340 
585 604
616 340
649 340
312 649
616 306
649 580
585 510
2 785
335 510
312 335
785 604
533 706 685 201 799 681 745 232 
533 706
706 685
685 799
685 201
799 681
745 232
681 745
182 378 22 109 332 241 751 709 414 589 38 663 675 178 
182 378
22 182
109 182
332 109
241 109
751 332
709 751
414 751
589 241
38 589
663 414
675 38
178 675
595 
37 768 348 110 151 275 540 128 279 677 740 
37 768
348 128
540 128
275 128
37 348
275 279
151 677
348 110
768 151
540 740
470 662 357 650 586 
662 357
470 662
650 586
470 650
