? 12 258 713 269 508 684 78 729 160 227 731 549 646 
? 12 512 670 103 694 560 301 452 77 404 334 624 431 
? 11 580 649 616 312 583 169 340 306 438 212 497 
? 9 20 483 735 766 152 481 245 101 615 
? 8 171 387 196 177 770 368 268 96 
? 8 52 218 105 526 710 629 393 520 
? 5 37 768 151 279 359 
!
243 733 271 535 223 617 791 515 420 5 336 782 736 242 19 28 202 566 562 676 249 594 374 134 149 345 468 740 135 565 408 370 513 540 275 110 348 159 
243 733
271 243
535 243
223 733
617 271
791 223
515 791
420 515
5 617
336 535
782 5
736 782
242 736
19 782
28 242
202 5
566 28
562 566
676 566
249 562
594 562
374 676
134 374
149 134
345 134
468 149
740 345
135 562
565 345
408 135
370 135
513 408
540 740
275 540
110 540
348 540
159 370
3 113 746 124 157 314 55 698 222 689 544 300 234 17 381 456 608 462 582 219 493 532 552 293 278 394 305 407 665 498 205 451 795 610 744 231 170 413 688 641 695 666 162 490 522 42 586 790 98 662 213 232 595 650 488 0 625 36 470 723 297 510 369 80 554 206 585 545 88 208 677 604 220 682 357 538 711 335 2 785 
3 113
746 3
124 746
157 113
314 3
55 113
698 157
222 314
689 55
544 222
300 124
234 689
17 234
381 157
456 234
608 381
462 456
582 300
219 17
493 456
532 300
552 544
293 456
278 532
394 544
305 293
407 394
665 532
498 608
205 498
451 394
795 394
610 665
744 305
231 498
170 795
413 205
688 205
641 451
695 641
666 170
162 744
490 688
522 666
42 170
586 231
790 586
98 42
662 641
213 98
232 662
595 162
650 231
488 650
0 688
625 695
36 0
470 641
723 595
297 98
510 790
369 723
80 650
554 297
206 213
585 510
545 723
88 723
208 650
677 470
604 585
220 545
682 369
357 662
538 682
711 88
335 585
2 335
785 604
64 244 267 12 221 317 620 504 173 690 72 364 264 58 448 189 739 399 644 167 574 405 496 726 285 240 147 97 458 260 716 318 328 330 492 704 331 54 697 137 482 465 342 6 361 506 
64 244
267 244
12 64
221 244
317 221
620 64
504 267
173 267
690 173
72 12
364 221
264 364
58 173
448 504
189 690
739 448
399 504
644 690
167 399
574 620
405 620
496 58
726 405
285 72
240 285
147 317
97 448
458 739
260 189
716 285
318 726
328 264
330 260
492 260
704 399
331 318
54 328
697 240
137 331
482 458
465 97
342 697
6 704
361 492
506 704
385 621 516 601 587 417 398 762 379 485 402 429 754 176 136 217 435 653 400 119 230 755 558 386 449 645 179 778 752 9 529 571 356 59 211 15 233 183 715 573 578 476 33 761 590 326 91 567 759 62 439 107 273 748 29 251 416 660 388 708 84 639 252 92 49 47 
385 621
516 385
601 385
587 516
417 385
398 417
762 621
379 417
485 379
402 485
429 762
754 762
176 516
136 176
217 417
435 217
653 136
400 136
119 217
230 119
755 429
558 755
386 558
449 653
645 400
179 558
778 179
752 778
9 449
529 778
571 9
356 645
59 230
211 645
15 9
233 435
183 179
715 9
573 183
578 183
476 59
33 211
761 476
590 15
326 59
91 578
567 590
759 567
62 761
439 759
107 567
273 33
748 62
29 91
251 748
416 759
660 567
388 251
708 748
84 476
639 416
252 660
92 252
49 416
47 84
339 376 236 118 714 491 90 425 32 26 780 559 484 111 174 30 479 165 501 775 203 295 68 262 722 35 126 494 551 654 363 164 411 395 11 294 789 229 89 792 774 391 23 132 341 116 403 527 659 419 81 139 185 18 794 48 623 129 691 539 14 239 392 180 500 776 199 261 353 99 193 758 155 319 667 187 200 325 145 591 313 320 661 647 112 503 389 643 747 618 628 75 786 495 570 122 784 637 86 198 509 1 783 561 184 471 576 296 467 366 486 130 453 16 172 256 632 592 447 599 542 692 406 686 304 563 572 27 190 175 737 10 728 678 114 734 519 769 397 225 426 588 553 700 238 702 140 70 150 216 4 524 434 556 428 541 237 760 375 127 441 310 674 602 767 499 79 442 455 316 489 474 609 215 358 514 288 93 115 166 630 156 214 525 469 308 669 41 664 61 607 168 445 640 454 396 56 724 614 95 487 365 284 579 65 749 463 367 281 125 
339 376
236 376
118 376
714 236
491 376
90 236
425 90
32 425
26 714
780 491
559 425
484 90
111 26
174 111
30 484
479 484
165 111
501 26
775 559
203 780
295 26
68 174
262 30
722 425
35 775
126 722
494 68
551 722
654 501
363 165
164 363
411 203
395 68
11 35
294 164
789 654
229 395
89 395
792 363
774 11
391 164
23 126
132 395
341 411
116 774
403 262
527 35
659 294
419 792
81 494
139 403
185 403
18 116
794 23
48 132
623 794
129 23
691 403
539 48
14 539
239 81
392 419
180 239
500 180
776 239
199 776
261 180
353 527
99 185
193 180
758 116
155 794
319 392
667 132
187 353
200 99
325 623
145 155
591 353
313 667
320 591
661 591
647 187
112 591
503 199
389 313
643 661
747 503
618 503
628 647
75 341
786 155
495 145
570 325
122 200
784 628
637 503
86 75
198 747
509 784
1 637
783 747
561 122
184 495
471 75
576 187
296 86
467 471
366 561
486 503
130 86
453 198
16 389
172 495
256 539
632 198
592 319
447 184
599 570
542 256
692 453
406 509
686 256
304 786
563 467
572 783
27 784
190 296
175 591
737 599
10 172
728 447
678 637
114 542
734 184
519 175
769 175
397 637
225 728
426 542
588 784
553 728
700 10
238 692
702 572
140 702
70 588
150 190
216 592
4 563
524 599
434 27
556 114
428 692
541 10
237 769
760 150
375 576
127 237
441 4
310 4
674 588
602 678
767 592
499 541
79 426
442 760
455 602
316 700
489 316
474 760
609 310
215 455
358 140
514 79
288 434
93 216
115 767
166 237
630 79
156 674
214 609
525 127
469 215
308 630
669 156
41 308
664 428
61 664
607 541
168 358
445 214
640 41
454 61
396 215
56 61
724 454
614 115
95 664
487 474
365 156
284 115
579 469
65 308
749 168
463 168
367 288
281 489
125 469
197 656 210 39 779 777 209 613 473 53 266 13 138 250 421 100 44 186 106 263 195 69 117 655 
197 656
210 197
39 210
779 210
777 39
209 779
613 209
473 656
53 39
266 779
13 266
138 13
250 13
421 138
100 473
44 250
186 421
106 209
263 613
195 266
69 106
117 195
655 186
20 483 735 766 152 481 245 101 615 
735 152
20 483
766 481
245 615
20 152
766 152
481 101
735 245
131 584 652 338 8 257 108 282 753 464 143 712 409 102 87 611 598 43 536 707 274 633 550 
131 584
652 584
338 652
8 338
257 338
108 131
282 108
753 257
464 753
143 282
712 464
409 712
102 143
87 409
611 102
598 102
43 598
536 611
707 712
274 611
633 87
550 707
292 303 687 329 377 437 383 502 658 21 679 346 181 555 161 373 333 459 247 717 460 683 123 732 668 657 619 188 530 45 40 298 564 248 475 277 
292 303
687 292
329 303
377 687
437 377
383 329
502 329
658 383
21 329
679 21
346 658
181 346
555 437
161 658
373 555
333 181
459 333
247 161
717 373
460 247
683 460
123 459
732 459
668 123
657 732
619 732
188 373
530 123
45 619
40 717
298 460
564 40
248 564
475 530
277 475
575 672 703 71 636 537 255 327 390 634 7 337 741 787 
575 672
703 672
71 575
636 703
537 71
255 636
327 636
390 255
634 537
7 634
337 327
741 390
787 634
512 670 103 694 560 301 452 77 404 334 624 431 
512 103
512 670
404 334
560 301
694 301
77 404
670 694
624 431
334 624
560 452
452 77
34 725 410 259 568 352 307 577 730 581 351 299 384 154 76 302 290 146 606 450 436 738 371 557 793 287 781 721 158 194 750 57 360 517 627 480 593 82 424 796 349 443 280 651 765 638 612 477 742 772 511 46 671 104 148 178 311 109 315 241 153 745 265 681 378 182 224 534 635 589 675 533 699 423 706 38 289 74 60 22 63 596 207 440 773 432 121 332 235 709 354 685 751 605 799 85 543 414 286 201 478 83 642 382 380 505 191 66 427 548 73 422 446 521 622 626 531 763 518 141 372 253 663 254 270 50 
34 725
410 34
259 725
568 259
352 259
307 34
577 259
730 259
581 730
351 730
299 568
384 299
154 307
76 384
302 384
290 581
146 290
606 154
450 302
436 76
738 302
371 154
557 290
793 76
287 371
781 302
721 557
158 581
194 793
750 287
57 194
360 750
517 721
627 158
480 517
593 557
82 738
424 593
796 517
349 593
443 360
280 57
651 360
765 627
638 765
612 443
477 349
742 443
772 638
511 742
46 796
671 772
104 765
148 671
178 194
311 651
109 46
315 82
241 109
153 148
745 178
265 280
681 742
378 104
182 378
224 311
534 315
635 224
589 241
675 589
533 742
699 534
423 265
706 533
38 589
289 423
74 699
60 635
22 182
63 675
596 153
207 63
440 207
773 74
432 773
121 207
332 109
235 38
709 332
354 207
685 706
751 709
605 596
799 685
85 605
543 235
414 709
286 289
201 685
478 605
83 354
642 60
382 354
380 22
505 235
191 332
66 543
427 478
548 773
73 191
422 605
446 427
521 73
622 66
626 382
531 626
763 73
518 626
141 380
372 446
253 763
663 414
254 191
270 518
50 289
309 693 31 720 430 362 94 272 507 350 276 323 743 142 788 144 631 347 466 120 600 696 283 433 680 771 701 412 648 291 546 67 757 597 344 204 719 343 764 569 444 163 727 415 24 461 418 321 355 401 322 673 523 472 798 226 797 
309 693
31 309
720 693
430 720
362 693
94 31
272 31
507 720
350 272
276 94
323 276
743 362
142 720
788 142
144 142
631 323
347 350
466 788
120 347
600 144
696 466
283 631
433 743
680 120
771 144
701 680
412 276
648 283
291 466
546 648
67 433
757 631
597 67
344 701
204 771
719 412
343 291
764 771
569 344
444 771
163 343
727 764
415 727
24 415
461 415
418 444
321 343
355 433
401 418
322 355
673 757
523 322
472 673
798 719
226 472
797 798
52 218 105 526 710 629 393 520 
52 218
52 105
629 393
218 526
526 710
105 629
710 520
258 713 269 508 684 78 729 160 227 731 549 646 
258 713
731 549
713 269
227 646
684 78
160 549
227 731
78 729
729 160
508 684
713 508
171 387 196 177 770 368 268 96 
171 177
196 177
171 387
770 96
387 368
387 770
387 268
192 705 324 756 228 457 246 528 547 603 51 133 718 128 
192 705
324 705
756 324
228 324
457 228
246 457
528 246
547 528
603 547
51 547
133 51
718 133
128 718
25 
580 649 616 312 583 169 340 306 438 212 497 
616 340
649 340
649 312
616 306
580 649
583 212
580 169
616 497
583 169
580 438
37 768 151 279 359 
37 768
768 151
768 279
151 359
