? 12 37 768 348 365 110 540 156 275 279 442 128 740 
? 12 408 513 135 370 603 149 468 159 565 345 474 406 
? 11 61 454 724 56 664 428 520 238 25 692 310 
? 9 150 190 760 509 4 563 467 152 282 
? 8 104 765 638 772 671 153 46 332 
? 8 171 387 196 770 268 368 96 393 
? 5 87 409 464 633 629 
!
34 725 410 352 259 568 307 577 351 730 581 299 384 76 154 290 302 606 436 450 146 738 557 371 781 793 287 721 158 750 194 57 360 627 517 82 424 480 
34 725
410 34
352 725
259 725
568 259
307 410
577 259
351 259
730 351
581 730
299 568
384 299
76 384
154 307
290 581
302 384
606 154
436 76
450 302
146 290
738 450
557 290
371 606
781 436
793 436
287 371
721 557
158 721
750 287
194 793
57 194
360 750
627 158
517 721
82 450
424 557
480 517
339 376 236 118 714 90 32 425 491 26 780 559 484 30 174 111 479 165 295 775 501 203 262 722 126 35 494 411 551 654 11 294 789 341 116 527 23 403 659 774 18 794 185 691 139 129 623 180 99 353 193 261 758 200 155 325 187 661 591 145 647 320 643 112 75 628 495 122 570 784 561 86 296 786 130 576 453 366 471 184 
339 376
236 376
118 339
714 236
90 236
32 90
425 32
491 376
26 714
780 491
559 425
484 90
30 484
174 714
111 26
479 484
165 111
295 26
775 559
501 295
203 491
262 479
722 425
126 722
35 203
494 203
411 494
551 722
654 295
11 35
294 654
789 654
341 411
116 11
527 35
23 722
403 262
659 294
774 116
18 774
794 23
185 403
691 403
139 403
129 23
623 794
180 411
99 185
353 527
193 180
261 180
758 116
200 99
155 129
325 623
187 353
661 353
591 661
145 155
647 187
320 591
643 661
112 591
75 341
628 647
495 155
122 200
570 325
784 628
561 122
86 75
296 86
786 155
130 86
576 187
453 261
366 570
471 261
184 495
553 728 225 447 519 769 734 237 541 175 166 10 607 172 499 127 700 525 192 705 375 316 489 304 324 756 228 737 524 27 599 281 434 367 288 528 588 133 674 246 457 718 51 70 547 669 
553 728
225 728
447 728
519 728
769 519
734 447
237 769
541 734
175 769
166 237
10 541
607 541
172 734
499 541
127 237
700 10
525 127
192 166
705 192
375 127
316 700
489 316
304 700
324 705
756 324
228 324
737 304
524 737
27 375
599 737
281 489
434 27
367 434
288 434
528 228
588 434
133 367
674 434
246 528
457 246
718 133
51 718
70 588
547 528
669 674
309 693 31 430 720 362 94 507 272 350 276 323 743 142 788 347 631 120 144 466 680 696 433 600 771 701 412 283 648 67 546 291 597 757 344 343 719 764 204 569 727 444 415 163 321 401 418 461 523 355 472 584 226 798 322 24 797 536 108 712 218 673 753 131 550 763 
309 693
31 309
430 693
720 430
362 693
94 31
507 720
272 31
350 272
276 94
323 276
743 362
142 430
788 142
347 350
631 323
120 347
144 507
466 788
680 120
696 142
433 743
600 144
771 144
701 680
412 276
283 631
648 283
67 743
546 648
291 466
597 67
757 631
344 701
343 291
719 412
764 696
204 771
569 344
727 764
444 204
415 727
163 343
321 343
401 444
418 444
461 415
523 347
355 523
472 757
584 597
226 472
798 719
322 355
24 163
797 798
536 472
108 461
712 569
218 757
673 226
753 523
131 584
550 546
763 24
385 621 516 601 587 398 417 379 762 402 485 754 176 136 429 435 400 653 217 119 755 558 230 386 449 179 778 645 9 752 529 571 59 356 233 211 15 715 573 183 65 476 41 640 33 578 308 614 761 91 439 590 514 567 326 759 62 630 115 579 107 251 284 748 125 84 79 29 388 273 660 416 556 708 639 469 92 49 188 252 47 327 767 114 426 21 670 103 555 502 93 337 542 512 452 657 679 181 396 16 333 686 373 256 560 459 694 377 437 329 346 732 215 592 216 303 292 687 741 313 390 619 255 636 45 301 389 383 667 658 455 161 123 77 678 602 668 463 539 168 575 672 717 14 1 703 319 482 397 530 40 48 637 358 140 404 702 683 132 475 486 749 277 199 392 697 458 503 247 564 618 783 334 89 460 342 572 229 71 395 792 465 419 248 747 240 97 776 739 537 285 716 95 632 7 624 72 391 81 634 448 363 431 239 198 298 164 68 500 483 
385 621
516 621
601 385
587 516
398 516
417 398
379 417
762 621
402 379
485 402
754 587
176 587
136 176
429 762
435 417
400 754
653 136
217 435
119 217
755 429
558 755
230 119
386 755
449 653
179 558
778 179
645 400
9 449
752 778
529 778
571 449
59 230
356 645
233 435
211 645
15 9
715 15
573 179
183 573
65 356
476 59
41 65
640 386
33 211
578 183
308 65
614 640
761 476
91 578
439 33
590 15
514 308
567 590
326 590
759 439
62 761
630 308
115 614
579 630
107 567
251 62
284 115
748 251
125 579
84 476
79 630
29 284
388 62
273 125
660 567
416 759
556 79
708 251
639 416
469 579
92 660
49 416
188 84
252 92
47 84
327 47
767 115
114 556
426 114
21 639
670 748
103 670
555 92
502 252
93 29
337 327
542 426
512 670
452 62
657 273
679 49
181 679
396 469
16 556
333 181
686 542
373 555
256 686
560 512
459 333
694 560
377 92
437 377
329 679
346 181
732 657
215 396
592 767
216 592
303 329
292 303
687 303
741 337
313 16
390 741
619 732
255 390
636 255
45 619
301 560
389 313
383 329
667 389
658 383
455 215
161 658
123 732
77 45
678 455
602 455
668 123
463 77
539 667
168 463
575 636
672 575
717 373
14 539
1 678
703 575
319 592
482 687
397 678
530 668
40 672
48 14
637 1
358 168
140 358
404 463
702 140
683 668
132 539
475 530
486 397
749 404
277 475
199 637
392 319
697 161
458 482
503 486
247 697
564 40
618 486
783 618
334 404
89 132
460 247
342 247
572 783
229 89
71 564
395 132
792 392
465 717
419 792
248 564
747 783
240 697
97 465
776 747
739 97
537 248
285 240
716 342
95 334
632 783
7 248
624 334
72 240
391 419
81 776
634 7
448 739
363 391
431 624
239 776
198 239
298 460
164 363
68 229
500 239
483 298
197 656 210 39 779 777 209 613 53 473 266 13 138 421 250 100 186 44 69 195 655 117 177 707 
197 656
210 197
39 210
779 210
777 39
209 779
613 209
53 777
473 656
266 779
13 266
138 13
421 138
250 421
100 473
186 421
44 250
69 266
195 266
655 421
117 195
177 100
707 186
150 190 760 509 4 563 467 152 282 
563 467
150 190
150 760
4 563
190 509
150 4
563 152
152 282
372 446 427 478 605 652 422 85 521 8 338 141 22 380 73 596 257 254 182 378 253 148 191 
372 446
427 446
478 427
605 478
652 372
422 605
85 427
521 422
8 652
338 652
141 8
22 427
380 141
73 521
596 605
257 338
254 73
182 22
378 182
253 254
148 378
191 253
243 733 271 791 535 617 223 515 420 548 5 336 736 773 782 432 242 642 74 19 699 315 60 534 635 224 311 28 566 374 249 562 676 594 280 134 
243 733
271 243
791 733
535 733
617 271
223 791
515 223
420 791
548 271
5 617
336 535
736 5
773 271
782 736
432 773
242 736
642 548
74 432
19 736
699 74
315 74
60 642
534 74
635 60
224 635
311 224
28 242
566 28
374 566
249 566
562 566
676 249
594 249
280 534
134 676
443 742 612 511 681 533 651 706 799 685 201 593 796 109 
443 742
612 742
511 742
681 742
533 612
651 443
706 533
799 533
685 799
201 685
593 651
796 593
109 796
408 513 135 370 603 149 468 159 565 345 474 406 
370 159
408 513
565 345
408 603
468 159
408 135
135 149
135 370
468 345
474 406
565 474
3 113 314 746 124 698 55 157 222 689 300 544 17 234 608 381 456 462 582 219 493 532 552 293 394 278 531 305 626 407 665 382 795 498 505 205 451 270 83 610 744 413 66 170 518 354 231 688 63 622 666 641 695 235 162 207 121 543 488 522 675 490 586 42 440 790 98 662 650 663 595 625 38 232 723 0 470 297 213 206 510 36 589 545 414 554 487 585 88 369 80 445 208 745 677 178 604 709 220 214 286 751 357 682 538 241 335 359 2 785 477 423 711 202 151 609 312 265 615 306 143 289 349 441 50 102 
3 113
314 113
746 3
124 3
698 314
55 746
157 698
222 314
689 55
300 124
544 222
17 689
234 17
608 157
381 608
456 234
462 456
582 300
219 17
493 456
532 300
552 222
293 456
394 544
278 582
531 582
305 293
626 531
407 394
665 532
382 626
795 394
498 608
505 219
205 498
451 394
270 665
83 382
610 665
744 293
413 498
66 505
170 552
518 270
354 83
231 413
688 413
63 382
622 66
666 170
641 451
695 641
235 66
162 744
207 63
121 354
543 66
488 413
522 666
675 63
490 688
586 162
42 170
440 207
790 586
98 688
662 641
650 488
663 543
595 162
625 695
38 235
232 662
723 595
0 490
470 641
297 98
213 98
206 98
510 790
36 0
589 38
545 723
414 663
554 297
487 625
585 510
88 595
369 723
80 488
445 522
208 650
745 207
677 470
178 745
604 585
709 414
220 545
214 445
286 518
751 709
357 662
682 663
538 682
241 589
335 585
359 554
2 604
785 604
477 241
423 286
711 88
202 232
151 677
609 214
312 335
265 423
615 359
306 312
143 88
289 423
349 477
441 609
50 286
102 711
64 244 267 12 221 317 504 620 173 690 264 167 364 399 58 644 189 726 496 574 405 147 260 318 330 137 492 328 331 704 361 6 54 506 729 101 508 438 227 713 526 646 160 684 263 481 269 258 787 169 78 710 549 731 52 274 106 
64 244
267 244
12 267
221 64
317 221
504 244
620 317
173 221
690 173
264 690
167 504
364 264
399 167
58 173
644 690
189 690
726 620
496 58
574 726
405 726
147 405
260 189
318 726
330 260
137 318
492 260
328 330
331 137
704 399
361 492
6 704
54 328
506 704
729 330
101 318
508 496
438 101
227 147
713 6
526 147
646 227
160 54
684 492
263 729
481 331
269 704
258 713
787 258
169 438
78 684
710 169
549 160
731 549
52 549
274 710
106 160
171 387 196 770 268 368 96 393 
171 196
171 387
96 393
770 96
387 368
387 770
387 268
37 768 348 365 110 540 156 275 279 442 128 740 
37 768
365 128
348 128
540 128
37 365
275 128
275 279
348 110
540 740
365 156
768 442
104 765 638 772 671 153 46 332 
638 772
104 772
671 153
765 638
772 671
153 46
46 332
212 583 580 43 598 649 611 616 340 497 766 20 735 245 
212 583
580 583
43 583
598 43
649 580
611 43
616 649
340 616
497 340
766 497
20 766
735 20
245 735
105 
61 454 724 56 664 428 520 238 25 692 310 
56 428
520 25
238 692
61 454
61 56
724 56
724 664
428 692
664 25
238 310
87 409 464 633 629 
87 409
87 633
409 464
87 629
