? 11 49 520 241 591 231 449 18 300 275 13 723 
? 11 163 243 290 224 217 464 406 186 556 603 651 
? 10 113 400 611 210 580 142 468 414 167 593 
? 9 136 371 733 132 366 385 102 145 301 
? 8 177 490 340 640 189 196 647 558 
? 8 478 792 5 537 521 348 53 627 
? 8 475 546 525 780 381 237 127 633 
? 8 453 669 578 23 596 212 576 285 
? 7 236 670 178 422 431 748 244 
? 7 85 187 207 404 48 402 789 
? 7 635 707 769 335 34 141 744 
? 7 379 481 588 657 448 511 457 
? 7 545 724 679 299 283 322 530 
? 6 60 248 388 254 391 370 
? 6 313 396 168 458 412 253 
? 6 508 553 171 583 115 318 
? 6 317 328 710 461 204 22 
? 6 63 373 729 264 114 123 
? 6 256 369 639 690 423 564 
? 6 32 351 774 663 757 653 
? 6 133 470 323 656 380 746 
? 6 25 428 730 513 120 298 
? 6 213 476 246 484 469 781 
? 6 502 798 590 151 51 308 
? 6 109 677 612 361 59 728 
? 6 434 594 467 610 565 344 
? 6 441 749 4 514 35 358 
? 6 252 700 200 424 797 9 
? 5 38 430 628 10 354 
? 5 421 427 235 144 325 
? 5 19 193 620 129 331 
? 5 327 466 500 773 280 
? 5 561 637 682 172 652 
? 5 382 655 665 240 437 
? 5 269 411 446 190 199 
? 5 547 767 727 405 349 
? 5 273 438 488 487 37 
? 5 62 568 67 632 180 
? 5 567 648 753 535 54 
? 5 393 471 259 0 350 
? 5 352 779 2 557 169 
? 5 257 291 75 206 420 
? 5 61 559 84 90 304 
? 5 56 706 154 359 643 
? 5 394 790 182 725 439 
? 4 506 555 229 289 
? 4 681 795 676 704 
? 4 155 698 642 398 
? 4 403 759 533 616 
? 4 353 692 673 343 
? 4 188 234 339 140 
? 4 57 465 689 377 
? 4 267 708 705 106 
? 4 518 776 76 432 
? 4 50 460 509 175 
? 4 265 504 46 12 
? 4 355 368 584 721 
? 4 82 161 184 526 
? 4 198 442 271 119 
? 4 306 548 270 157 
? 4 218 418 134 208 
? 4 529 771 319 760 
? 4 302 494 452 164 
? 4 554 784 197 407 
? 4 16 150 794 329 
? 4 629 699 701 363 
? 4 149 498 130 532 
? 4 384 575 337 55 
? 4 44 619 577 783 
? 4 312 636 425 581 
? 4 443 695 31 287 
? 4 356 674 714 661 
? 4 274 765 324 277 
? 4 148 536 544 333 
? 4 11 778 33 40 
? 4 128 415 64 156 
? 4 111 587 697 515 
? 4 124 440 26 118 
? 3 310 758 209 
? 3 258 618 293 
? 3 88 386 527 
? 3 65 397 346 
? 3 694 752 1 
? 3 14 305 103 
? 3 58 686 662 
? 3 122 573 696 
? 3 614 763 569 
? 3 47 174 601 
? 3 284 788 678 
? 3 483 512 100 
? 3 43 499 143 
? 3 541 796 562 
? 3 158 761 747 
? 3 21 104 477 
? 3 606 659 782 
? 3 203 683 766 
? 3 315 597 401 
? 3 86 745 560 
? 3 255 330 89 
? 3 336 463 722 
? 3 68 83 69 
? 3 605 734 409 
? 3 194 579 646 
? 3 625 645 417 
? 3 294 482 71 
? 3 288 742 435 
? 3 450 751 505 
? 3 173 660 658 
? 3 192 215 220 
? 3 486 740 479 
? 3 501 599 750 
? 3 131 703 36 
? 3 205 516 399 
? 3 117 121 29 
? 3 201 295 296 
? 3 602 668 8 
? 3 170 364 496 
? 3 524 542 531 
? 3 387 598 99 
? 3 687 716 347 
? 3 320 613 233 
? 3 534 592 93 
? 3 7 166 755 
? 3 185 793 429 
? 3 95 754 604 
!
95 754 604 
754 604
95 604
124 440 26 118 
124 440
26 118
124 26
111 587 697 515 
587 697
587 515
111 515
799 
80 735 
80 735
185 793 429 
185 793
793 429
791 
45 135 
45 135
787 
252 700 200 424 797 9 
252 200
700 424
700 200
797 9
700 9
128 415 64 156 
415 64
64 156
128 415
768 
762 
743 
738 
7 166 755 
166 755
7 166
11 778 33 40 
778 33
11 778
33 40
534 592 93 
592 93
534 93
737 
394 790 182 725 439 
394 790
394 182
790 439
182 725
736 
320 613 233 
320 233
320 613
136 371 733 132 366 385 102 145 301 
102 301
136 733
136 371
733 385
132 145
385 145
371 366
366 301
687 716 347 
687 716
687 347
732 
718 
441 749 4 514 35 358 
441 749
514 35
749 35
749 358
441 4
715 
387 598 99 
387 598
387 99
713 
56 706 154 359 643 
706 154
359 643
56 706
56 643
222 764 
222 764
6 392 
6 392
711 
709 
61 559 84 90 304 
61 559
559 90
61 84
61 304
688 
434 594 467 610 565 344 
434 594
610 344
434 610
594 467
467 565
372 617 
372 617
572 712 
572 712
545 724 679 299 283 322 530 
724 679
545 679
299 322
545 530
283 530
724 299
92 219 
92 219
621 720 
621 720
524 542 531 
524 531
542 531
539 717 
539 717
685 
257 291 75 206 420 
257 291
257 75
291 206
75 420
148 536 544 333 
148 333
148 536
544 333
680 
352 779 2 557 169 
779 169
352 169
2 557
352 2
675 
170 364 496 
170 496
364 496
666 
108 638 
108 638
274 765 324 277 
274 277
274 765
765 324
602 668 8 
668 8
602 8
664 
654 
650 
201 295 296 
201 295
201 296
649 
356 674 714 661 
714 661
356 674
356 661
117 121 29 
117 121
121 29
39 426 
39 426
393 471 259 0 350 
471 259
393 471
393 350
0 350
644 
641 
634 
109 677 612 361 59 728 
677 612
109 728
109 361
109 677
612 59
626 
443 695 31 287 
443 695
31 287
695 31
389 571 
389 571
624 
567 648 753 535 54 
535 54
567 648
648 54
567 753
312 636 425 581 
636 425
312 425
312 581
62 568 67 632 180 
62 568
67 632
62 67
62 180
623 
44 619 577 783 
44 783
619 783
44 577
384 575 337 55 
575 55
575 337
384 337
453 669 578 23 596 212 576 285 
453 596
23 596
453 669
212 576
23 285
578 596
23 576
251 731 
251 731
205 516 399 
205 516
205 399
416 519 
416 519
622 
615 
609 
131 703 36 
131 36
131 703
480 772 
480 772
595 
20 321 
20 321
273 438 488 487 37 
438 488
273 488
273 37
273 487
105 249 
105 249
334 447 
334 447
501 599 750 
501 599
501 750
486 740 479 
486 740
740 479
52 607 
52 607
502 798 590 151 51 308 
151 308
502 590
590 308
798 151
151 51
338 472 
338 472
589 
491 702 
491 702
585 
582 
98 326 
98 326
81 517 
81 517
276 719 
276 719
94 671 
94 671
570 
70 493 
70 493
73 374 
73 374
563 
192 215 220 
215 220
192 220
27 247 
27 247
173 660 658 
173 660
660 658
450 751 505 
450 751
450 505
552 
379 481 588 657 448 511 457 
588 657
379 481
657 457
379 448
481 457
588 511
342 473 
342 473
263 507 
263 507
551 
550 
149 498 130 532 
149 130
149 498
130 532
629 699 701 363 
629 363
699 363
629 701
549 
314 775 
314 775
216 436 
216 436
540 
16 150 794 329 
16 329
150 329
16 794
528 
554 784 197 407 
784 407
197 407
554 197
302 494 452 164 
302 494
302 452
494 164
288 742 435 
742 435
288 435
522 
529 771 319 760 
529 771
529 760
529 319
495 
492 
226 691 
226 691
547 767 727 405 349 
547 767
547 405
767 349
547 727
269 411 446 190 199 
269 411
411 190
446 190
190 199
485 
462 
456 
97 510 
97 510
455 
218 418 134 208 
218 418
134 208
418 134
213 476 246 484 469 781 
476 246
213 476
246 484
469 781
476 469
294 482 71 
294 482
482 71
250 375 
250 375
96 307 
96 307
454 
625 645 417 
625 645
625 417
24 586 
24 586
451 
25 428 730 513 120 298 
730 513
25 428
25 120
513 120
25 298
739 770 
739 770
445 
444 
133 470 323 656 380 746 
133 656
470 656
380 746
323 380
470 380
194 579 646 
579 646
194 579
410 
306 548 270 157 
548 157
306 548
306 270
408 
605 734 409 
605 409
734 409
68 83 69 
68 83
68 69
395 
382 655 665 240 437 
382 437
665 240
655 437
655 665
390 
376 
336 463 722 
336 463
463 722
561 637 682 172 652 
561 637
172 652
561 172
561 682
365 
198 442 271 119 
442 271
198 442
271 119
163 243 290 224 217 464 406 186 556 603 651 
163 243
224 464
290 224
290 603
163 556
406 186
243 290
464 651
163 217
406 556
137 741 
137 741
362 
523 574 
523 574
268 543 
268 543
357 
255 330 89 
255 330
255 89
345 
475 546 525 780 381 237 127 633 
546 525
475 546
381 237
780 633
381 127
475 633
475 127
341 
332 
86 745 560 
86 560
745 560
311 
82 161 184 526 
82 526
161 526
161 184
315 597 401 
597 401
315 597
309 
303 
87 693 
87 693
297 
327 466 500 773 280 
466 500
327 500
327 773
466 280
286 
281 
278 
360 566 
360 566
232 630 
232 630
272 
159 785 
159 785
266 
19 193 620 129 331 
19 129
193 331
19 193
620 331
355 368 584 721 
368 584
355 584
355 721
261 
260 
245 
203 683 766 
203 683
203 766
242 
421 427 235 144 325 
421 427
421 235
427 144
235 325
608 726 
608 726
239 
238 
606 659 782 
606 659
606 782
21 104 477 
21 104
104 477
265 504 46 12 
265 504
265 46
504 12
230 
419 433 
419 433
221 
17 195 
17 195
214 
383 786 
383 786
211 
478 792 5 537 521 348 53 627 
792 348
478 348
478 627
792 537
5 348
5 521
478 53
262 367 
262 367
202 
158 761 747 
158 761
158 747
228 489 
228 489
191 
77 78 
77 78
279 459 
279 459
541 796 562 
541 796
541 562
32 351 774 663 757 653 
32 351
774 653
32 774
351 663
757 653
183 
179 
42 600 
42 600
43 499 143 
499 143
43 499
50 460 509 175 
460 509
460 175
50 460
316 631 
316 631
38 430 628 10 354 
38 10
38 628
430 10
430 354
152 777 
152 777
483 512 100 
483 100
512 100
165 
177 490 340 640 189 196 647 558 
177 640
177 490
340 558
640 189
490 196
196 647
177 558
66 667 
66 667
635 707 769 335 34 141 744 
141 744
769 34
707 34
635 707
635 744
707 335
518 776 76 432 
518 776
776 76
76 432
284 788 678 
284 788
788 678
267 708 705 106 
708 705
267 705
267 106
85 187 207 404 48 402 789 
187 48
85 48
207 402
404 402
85 404
187 789
47 174 601 
47 174
174 601
49 520 241 591 231 449 18 300 275 13 723 
49 520
241 449
241 275
13 723
49 591
520 13
449 300
520 231
231 300
591 18
162 
256 369 639 690 423 564 
256 369
256 639
369 423
256 690
639 564
614 763 569 
614 763
614 569
160 
474 672 
474 672
122 573 696 
122 573
573 696
153 
176 756 
176 756
147 
63 373 729 264 114 123 
63 373
373 729
264 114
729 114
729 123
146 
139 
236 670 178 422 431 748 244 
670 178
236 670
178 422
422 748
236 431
431 244
317 328 710 461 204 22 
317 328
328 710
317 461
204 22
328 204
138 
225 413 
225 413
126 
57 465 689 377 
57 465
465 689
57 377
58 686 662 
58 686
686 662
188 234 339 140 
188 339
234 140
234 339
14 305 103 
14 305
14 103
125 
694 752 1 
694 752
694 1
181 684 
181 684
65 397 346 
65 397
397 346
88 386 527 
386 527
88 527
378 538 
378 538
353 692 673 343 
353 692
692 673
353 343
227 497 
227 497
116 
112 
403 759 533 616 
759 616
403 533
403 759
292 503 
292 503
110 
508 553 171 583 115 318 
508 171
553 171
553 583
508 115
508 318
155 698 642 398 
155 698
155 642
155 398
258 618 293 
618 293
258 618
101 
91 
74 
41 
313 396 168 458 412 253 
458 253
313 396
412 253
396 458
396 168
28 
15 
79 282 
79 282
113 400 611 210 580 142 468 414 167 593 
113 414
142 593
400 414
580 167
400 611
210 468
400 210
580 142
113 580
681 795 676 704 
681 676
795 676
676 704
310 758 209 
310 209
310 758
3 
30 223 
30 223
60 248 388 254 391 370 
388 370
60 248
248 254
254 370
60 391
72 107 
72 107
506 555 229 289 
506 555
506 289
555 229
