? 11 49 520 591 449 241 275 18 300 13 231 462 
? 11 478 792 5 537 794 521 53 348 16 627 767 
? 10 328 710 317 22 267 461 705 708 106 204 
? 9 379 481 145 385 366 588 448 657 132 
? 8 236 670 422 431 178 748 244 413 
? 8 63 373 729 114 264 397 738 278 
? 8 163 243 290 217 556 224 464 603 
? 8 371 733 136 102 301 156 109 712 
? 7 256 369 639 690 423 701 363 
? 7 171 508 553 115 483 489 318 
? 7 60 248 388 254 420 391 370 
? 7 85 187 404 207 402 48 273 
? 7 177 490 640 196 189 647 558 
? 6 561 637 682 172 618 3 
? 6 502 798 590 151 531 51 
? 6 545 724 679 322 299 283 
? 6 133 470 323 315 530 656 
? 6 265 504 46 605 12 734 
? 6 253 458 547 396 405 427 
? 6 453 669 578 596 228 23 
? 6 113 400 611 210 142 414 
? 6 533 759 403 616 747 158 
? 6 415 572 128 64 507 511 
? 6 259 471 393 295 350 0 
? 6 32 351 774 663 653 757 
? 6 681 795 676 704 20 619 
? 6 269 411 446 190 409 199 
? 6 441 749 4 514 343 35 
? 5 56 706 268 643 543 
? 5 635 707 769 335 34 
? 5 61 559 37 84 93 
? 5 327 466 500 773 482 
? 5 198 442 271 119 799 
? 5 434 594 467 610 344 
? 5 475 546 525 780 237 
? 5 62 568 67 180 632 
? 5 246 476 213 484 575 
? 5 516 652 399 205 644 
? 5 188 234 339 140 715 
? 5 257 291 75 206 103 
? 5 443 695 31 6 488 
? 5 252 700 9 651 424 
? 5 319 529 709 760 771 
? 5 352 779 2 557 169 
? 5 382 655 665 240 437 
? 4 155 698 642 276 
? 4 567 648 753 629 
? 4 394 790 182 445 
? 4 25 428 730 120 
? 4 57 465 312 377 
? 4 612 677 59 728 
? 4 54 535 223 699 
? 4 19 193 501 356 
? 4 320 477 83 68 
? 4 149 498 130 532 
? 4 124 440 118 208 
? 4 122 573 696 685 
? 4 43 499 94 230 
? 4 324 765 274 277 
? 4 146 329 197 777 
? 4 121 374 117 29 
? 4 235 421 144 325 
? 4 380 746 597 401 
? 4 506 555 289 229 
? 4 88 386 154 527 
? 4 368 584 203 355 
? 4 518 776 76 742 
? 4 638 646 148 579 
? 4 11 778 33 316 
? 4 353 692 673 293 
? 4 90 758 310 495 
? 4 38 430 628 10 
? 4 161 631 82 526 
? 4 358 660 173 658 
? 4 14 305 280 294 
? 4 55 384 337 364 
? 4 330 743 598 255 
? 4 186 406 179 469 
? 3 50 460 509 
? 3 168 661 349 
? 3 138 164 494 
? 3 52 607 107 
? 3 200 796 541 
? 3 167 580 220 
? 3 279 752 694 
? 3 378 538 454 
? 3 70 184 797 
? 3 99 416 387 
? 3 365 723 622 
? 3 86 560 745 
? 3 21 104 69 
? 3 44 783 577 
? 3 15 600 782 
? 3 218 418 134 
? 3 523 574 66 
? 3 614 763 45 
? 3 174 314 47 
? 3 587 697 111 
? 3 39 175 58 
? 3 313 412 674 
? 3 438 789 77 
? 3 463 722 336 
? 3 250 375 716 
? 3 40 493 311 
? 3 606 659 42 
? 3 89 621 720 
? 3 425 581 636 
? 3 7 166 321 
? 3 211 601 512 
? 3 562 571 262 
? 3 212 576 285 
? 3 726 772 536 
? 3 170 485 496 
? 3 479 740 97 
? 3 444 770 739 
? 3 17 195 96 
? 3 127 522 791 
? 3 340 549 613 
? 3 157 548 306 
? 3 429 684 426 
? 3 435 761 270 
? 3 450 754 95 
? 3 459 617 686 
? 3 672 741 1 
? 3 297 569 185 
!
297 569 185 
569 185
297 185
186 406 179 469 
406 179
186 179
406 469
330 743 598 255 
743 598
330 255
330 598
793 
551 766 
551 766
672 741 1 
672 741
741 1
787 
376 668 
376 668
785 
441 749 4 514 343 35 
441 343
749 343
343 35
514 35
441 4
55 384 337 364 
55 364
384 337
55 384
784 
768 
762 
756 
459 617 686 
459 686
617 686
14 305 280 294 
14 305
280 294
305 280
450 754 95 
450 754
754 95
755 
382 655 665 240 437 
382 437
665 240
655 437
655 665
751 
435 761 270 
435 270
761 270
379 481 145 385 366 588 448 657 132 
588 657
379 481
379 145
145 132
145 385
385 448
481 657
366 132
429 684 426 
429 426
684 426
750 
744 
269 411 446 190 409 199 
269 411
411 190
446 409
446 190
190 199
732 
157 548 306 
157 548
548 306
727 
352 779 2 557 169 
779 169
352 169
2 557
352 2
112 345 
112 345
381 633 
381 633
721 
718 
319 529 709 760 771 
529 771
529 760
709 771
319 529
717 
681 795 676 704 20 619 
681 676
795 676
704 20
676 20
681 619
153 764 
153 764
87 362 
87 362
177 490 640 196 189 647 558 
177 640
177 490
640 189
490 196
196 647
177 558
447 713 
447 713
108 544 
108 544
340 549 613 
340 549
549 613
222 736 
222 736
714 
252 700 9 651 424 
700 424
252 651
252 700
700 9
358 660 173 658 
660 173
358 660
660 658
711 
443 695 31 6 488 
695 6
443 695
31 6
31 488
691 
127 522 791 
522 791
127 522
689 
80 735 
80 735
161 631 82 526 
82 526
161 526
161 631
17 195 96 
17 96
195 96
688 
687 
683 
444 770 739 
444 770
770 739
678 
38 430 628 10 
38 10
38 628
430 10
479 740 97 
479 740
740 97
139 326 
139 326
257 291 75 206 103 
257 291
257 75
206 103
291 103
667 
664 
662 
32 351 774 663 653 757 
32 351
774 653
32 774
351 663
653 757
654 
90 758 310 495 
758 495
90 310
310 495
91 372 
91 372
650 
188 234 339 140 715 
188 339
234 140
234 339
188 715
353 692 673 293 
353 692
692 673
673 293
516 652 399 205 644 
516 205
516 652
399 205
652 644
634 
11 778 33 316 
778 33
33 316
11 778
638 646 148 579 
646 579
646 148
638 579
371 733 136 102 301 156 109 712 
102 301
733 136
371 136
733 156
371 109
301 109
156 712
81 517 
81 517
170 485 496 
170 496
170 485
566 737 
566 737
630 
626 
624 
726 772 536 
726 536
726 772
209 534 
209 534
623 
26 433 
26 433
246 476 213 484 575 
246 476
484 575
476 213
246 484
100 702 
100 702
147 585 
147 585
212 576 285 
212 576
576 285
562 571 262 
571 262
562 571
137 474 
137 474
259 471 393 295 350 0 
259 471
471 295
393 295
393 350
350 0
486 510 
486 510
620 
266 595 
266 595
615 
570 
226 287 
226 287
341 602 
341 602
308 524 
308 524
225 519 
225 519
565 
72 281 
72 281
282 334 
282 334
563 
211 601 512 
211 601
601 512
143 671 
143 671
7 166 321 
7 166
166 321
425 581 636 
425 636
425 581
552 
85 187 404 207 402 48 273 
187 48
85 48
207 402
404 402
85 404
402 273
192 215 
192 215
503 582 
503 582
550 
542 
518 776 76 742 
518 776
776 76
776 742
368 584 203 355 
368 584
584 355
584 203
540 
360 649 
360 649
302 452 
302 452
539 
88 386 154 527 
386 154
386 527
88 154
528 
506 555 289 229 
506 555
506 289
555 229
380 746 597 401 
380 746
597 401
746 401
89 621 720 
89 621
621 720
515 
235 421 144 325 
235 421
235 325
421 144
513 
505 
92 110 
92 110
62 568 67 180 632 
62 568
67 632
62 67
62 180
475 546 525 780 237 
546 525
475 546
475 780
475 237
491 
473 
456 
625 645 
625 645
455 
121 374 117 29 
374 117
374 29
121 117
415 572 128 64 507 511 
415 64
572 128
128 511
415 572
64 507
606 659 42 
606 42
659 42
101 242 
101 242
331 666 
331 666
451 
40 493 311 
40 493
40 311
219 342 
219 342
439 
533 759 403 616 747 158 
616 747
759 616
533 158
533 403
759 403
457 593 
457 593
419 
417 
113 400 611 210 142 414 
113 414
400 414
400 611
400 210
113 142
250 375 716 
250 716
250 375
410 
146 329 197 777 
329 777
146 777
197 777
408 
463 722 336 
463 336
463 722
438 789 77 
438 789
438 77
398 
434 594 467 610 344 
434 594
610 344
434 610
594 467
395 
392 
313 412 674 
313 674
313 412
198 442 271 119 799 
442 271
198 442
442 799
271 119
390 
324 765 274 277 
274 277
765 274
324 765
478 792 5 537 794 521 53 348 16 627 767 
792 348
478 348
16 627
794 16
478 627
5 794
53 767
792 537
537 767
5 521
261 608 
261 608
367 
221 260 
221 260
227 675 
227 675
361 
39 175 58 
39 58
39 175
359 
163 243 290 217 556 224 464 603 
163 243
224 464
290 224
290 603
163 556
243 290
163 217
357 
354 
587 697 111 
587 697
587 111
346 
43 499 94 230 
43 94
499 94
94 230
174 314 47 
174 47
174 314
333 
332 
181 719 
181 719
309 
327 466 500 773 482 
466 482
466 500
327 482
327 773
307 
303 
298 
8 232 
8 232
216 436 
216 436
292 
680 703 
680 703
288 
61 559 37 84 93 
61 559
61 37
37 84
61 93
122 573 696 685 
696 685
122 573
573 685
286 
272 
263 
614 763 45 
614 763
763 45
258 
635 707 769 335 34 
769 34
707 34
635 707
707 335
201 296 
201 296
251 
249 
523 574 66 
523 574
523 66
218 418 134 
218 418
418 134
124 440 118 208 
124 440
440 208
124 118
247 
338 432 
338 432
245 
389 583 
389 583
239 
468 564 
468 564
238 
63 373 729 114 264 397 738 278 
63 373
114 738
373 729
264 738
397 278
63 397
729 114
191 775 
191 775
233 
15 600 782 
15 782
600 782
78 487 
78 487
214 
492 589 
492 589
24 36 
24 36
44 783 577 
44 783
44 577
453 669 578 596 228 23 
453 596
596 23
453 669
228 23
578 596
202 
194 
407 554 
407 554
21 104 69 
21 104
104 69
149 498 130 532 
149 130
149 498
130 532
304 592 
304 592
56 706 268 643 543 
56 543
56 268
706 268
643 543
123 586 
123 586
86 560 745 
86 560
560 745
183 
236 670 422 431 178 748 244 413 
670 178
236 670
431 413
422 178
236 413
422 748
431 244
693 725 
693 725
60 248 388 254 420 391 370 
388 370
60 248
248 254
254 370
60 391
388 420
320 477 83 68 
477 83
477 68
320 68
365 723 622 
723 622
365 723
19 193 501 356 
19 501
193 356
19 193
171 508 553 115 483 489 318 
171 508
171 553
508 115
508 318
483 489
115 483
99 416 387 
416 387
99 387
49 520 591 449 241 275 18 300 13 231 462 
49 520
449 241
449 275
591 462
241 462
49 591
520 13
449 300
520 231
18 462
165 
253 458 547 396 405 427 
253 458
253 547
396 405
458 405
405 427
70 184 797 
70 797
70 184
162 
641 781 
641 781
378 538 454 
378 454
378 538
160 
480 599 
480 599
159 
265 504 46 605 12 734 
46 734
605 734
265 504
265 605
504 12
150 
141 
256 369 639 690 423 701 363 
256 369
639 701
256 639
369 423
256 690
701 363
133 470 323 315 530 656 
133 656
470 656
323 315
133 530
470 315
135 
79 176 
79 176
131 
54 535 223 699 
54 535
535 699
223 699
279 752 694 
752 694
279 752
612 677 59 728 
612 677
612 59
677 728
167 580 220 
167 580
580 220
129 
200 796 541 
796 541
200 541
383 786 
383 786
52 607 107 
607 107
52 107
138 164 494 
164 494
138 164
65 731 
65 731
57 465 312 377 
57 465
57 312
312 377
284 788 
284 788
126 
125 
25 428 730 120 
25 428
25 120
25 730
28 604 
28 604
116 
545 724 679 322 299 283 
724 679
545 679
322 299
724 299
545 283
394 790 182 445 
394 790
394 182
790 445
168 661 349 
168 349
661 349
105 
98 
74 
73 
502 798 590 151 531 51 
798 531
151 531
502 590
798 590
151 51
71 
41 
27 472 
27 472
328 710 317 22 267 461 705 708 106 204 
328 705
317 708
328 317
710 705
461 708
710 267
22 204
328 204
267 106
567 648 753 629 
567 648
648 629
567 753
50 460 509 
460 509
50 460
30 
152 497 
152 497
561 637 682 172 618 3 
561 637
561 172
561 682
682 618
637 3
347 609 
347 609
155 698 642 276 
155 698
155 642
698 276
