? 11 163 243 290 224 217 556 464 406 603 643 186 
? 11 136 371 733 366 145 385 102 132 109 301 379 
? 10 133 470 283 323 380 315 530 656 746 545 
? 9 49 520 241 449 591 18 300 723 231 
? 8 478 792 5 537 627 794 540 53 
? 8 85 187 207 404 402 48 732 273 
? 8 177 490 640 340 196 647 189 68 
? 8 60 248 254 391 388 420 370 74 
? 7 236 670 431 422 178 735 413 
? 7 256 369 639 690 423 378 701 
? 7 253 458 547 405 235 396 427 
? 7 267 705 710 328 22 461 317 
? 7 54 535 41 567 753 699 648 
? 6 171 508 553 115 483 583 
? 6 635 707 769 335 34 181 
? 6 25 428 730 120 298 144 
? 6 32 351 774 663 653 757 
? 6 113 400 611 210 414 468 
? 6 588 657 457 448 481 263 
? 6 352 779 557 2 12 162 
? 6 475 546 525 780 237 127 
? 6 382 655 665 437 240 309 
? 6 453 669 23 578 596 285 
? 6 502 798 590 151 531 51 
? 6 82 161 184 526 316 631 
? 6 213 476 246 484 469 575 
? 6 257 291 75 206 103 785 
? 6 434 610 594 344 467 165 
? 5 63 373 729 244 114 
? 5 516 652 561 205 799 
? 5 269 411 190 446 409 
? 5 289 555 506 505 229 
? 5 182 394 790 445 87 
? 5 681 795 619 676 783 
? 5 327 466 500 773 294 
? 5 62 568 67 180 249 
? 5 324 765 277 274 628 
? 5 259 471 393 0 295 
? 5 56 706 543 359 154 
? 5 533 759 158 403 761 
? 5 4 441 749 343 35 
? 5 90 310 495 209 758 
? 5 252 700 424 651 9 
? 5 518 776 76 742 297 
? 5 50 460 509 372 175 
? 4 57 465 322 312 
? 4 198 442 271 119 
? 4 479 740 97 486 
? 4 203 584 368 683 
? 4 188 234 339 140 
? 4 122 573 696 685 
? 4 14 305 280 71 
? 4 61 559 37 84 
? 4 598 638 387 646 
? 4 142 593 167 580 
? 4 172 682 618 3 
? 4 88 386 748 527 
? 4 353 692 673 293 
? 4 155 698 642 474 
? 4 55 384 337 496 
? 4 356 674 661 193 
? 4 447 577 176 44 
? 4 612 677 361 73 
? 4 265 504 46 766 
? 4 118 124 440 208 
? 4 7 166 755 451 
? 4 200 541 562 796 
? 4 11 778 33 311 
? 4 218 418 134 433 
? 4 1 694 117 752 
? 4 77 78 579 487 
? 4 164 204 494 202 
? 4 299 724 679 689 
? 4 363 629 223 245 
? 4 415 572 128 156 
? 4 38 430 152 675 
? 4 146 329 16 197 
? 4 558 574 66 549 
? 3 226 287 443 
? 3 157 306 548 
? 3 228 576 212 
? 3 614 763 569 
? 3 606 659 782 
? 3 99 738 416 
? 3 94 499 43 
? 3 149 498 130 
? 3 19 501 599 
? 3 401 597 570 
? 3 150 497 777 
? 3 358 660 658 
? 3 529 771 319 
? 3 641 781 225 
? 3 477 492 320 
? 3 250 797 70 
? 3 625 645 417 
? 3 185 793 135 
? 3 148 536 726 
? 3 318 668 8 
? 3 377 538 581 
? 3 86 745 560 
? 3 709 760 697 
? 3 28 751 450 
? 3 47 174 314 
? 3 58 662 686 
? 3 455 621 89 
? 3 40 768 493 
? 3 278 365 731 
? 3 566 718 360 
? 3 96 307 399 
? 3 131 703 532 
? 3 168 349 313 
? 3 106 708 664 
? 3 325 421 775 
? 3 605 734 551 
? 3 438 789 488 
? 3 121 374 29 
? 3 192 220 101 
? 3 93 592 304 
? 3 111 159 587 
? 3 330 743 255 
? 3 65 397 346 
? 3 435 616 288 
? 3 489 512 100 
? 3 31 695 6 
? 3 284 788 678 
!
284 788 678 
284 788
788 678
558 574 66 549 
574 66
558 549
558 574
146 329 16 197 
329 16
146 329
146 197
786 
524 542 
524 542
31 695 6 
695 6
31 6
784 
341 602 
341 602
762 
434 610 594 344 467 165 
434 594
610 344
434 165
434 610
594 467
38 430 152 675 
430 675
38 430
430 152
756 
750 
747 
739 
489 512 100 
489 512
489 100
415 572 128 156 
572 128
415 572
415 156
435 616 288 
616 288
435 616
737 
50 460 509 372 175 
372 175
460 509
460 175
50 460
728 
65 397 346 
65 397
397 346
49 520 241 449 591 18 300 723 231 
49 520
241 449
49 591
449 300
520 231
300 231
591 18
723 231
330 743 255 
330 255
330 743
721 
720 
257 291 75 206 103 785 
257 291
257 75
291 785
103 785
206 103
719 
111 159 587 
111 159
159 587
714 
518 776 76 742 297 
518 776
518 297
776 76
776 742
362 693 
362 693
81 604 
81 604
711 
691 
252 700 424 651 9 
700 424
252 651
252 700
700 9
688 
213 476 246 484 469 575 
476 246
484 575
213 476
246 484
476 469
650 671 
650 671
308 715 
308 715
54 535 41 567 753 699 648 
54 535
567 648
535 699
54 648
567 753
41 753
272 286 
272 286
622 717 
622 717
93 592 304 
592 304
93 592
375 624 
375 624
687 
90 310 495 209 758 
495 758
310 209
90 310
310 495
363 629 223 245 
363 629
363 223
223 245
680 
4 441 749 343 35 
441 343
749 343
343 35
4 441
667 
192 220 101 
192 220
220 101
654 
247 613 
247 613
299 724 679 689 
724 679
299 724
299 689
121 374 29 
374 29
121 29
649 
634 
623 
438 789 488 
438 488
438 789
620 
164 204 494 202 
204 494
164 202
164 204
605 734 551 
605 734
734 551
632 764 
632 764
533 759 158 403 761 
158 761
533 761
533 403
759 403
595 
589 
585 
82 161 184 526 316 631 
82 526
161 526
161 184
316 631
184 316
565 
77 78 579 487 
579 487
77 579
78 487
332 485 
332 485
564 
56 706 543 359 154 
706 154
56 543
56 706
706 359
1 694 117 752 
694 752
1 694
1 117
259 471 393 0 295 
259 471
471 295
393 295
393 0
563 
218 418 134 433 
218 418
134 433
418 433
11 778 33 311 
778 311
778 33
11 778
60 248 254 391 388 420 370 74 
60 74
388 370
248 74
254 74
254 370
60 391
388 420
367 787 
367 787
325 421 775 
325 421
325 775
507 712 
507 712
552 
550 
544 
106 708 664 
708 664
106 708
617 684 
617 684
539 
491 702 
491 702
324 765 277 274 628 
277 274
765 274
324 765
274 628
232 630 
232 630
266 722 
266 722
168 349 313 
168 349
168 313
131 703 532 
131 532
131 703
64 791 
64 791
502 798 590 151 531 51 
798 531
151 531
502 590
798 590
151 51
425 636 
425 636
534 
321 704 
321 704
528 
523 
92 219 
92 219
42 600 
42 600
143 230 
143 230
116 398 
116 398
522 
389 716 
389 716
153 736 
153 736
519 
96 307 399 
307 399
96 399
275 462 
275 462
566 718 360 
566 718
718 360
278 365 731 
365 731
278 731
517 
267 705 710 328 22 461 317 
705 328
328 317
705 710
267 710
461 317
705 22
554 582 
554 582
112 521 
112 521
515 
514 
200 541 562 796 
541 796
541 562
200 541
7 166 755 451 
166 755
7 166
7 451
513 
713 725 
713 725
17 195 
17 195
511 
118 124 440 208 
124 440
440 208
118 124
510 
265 504 46 766 
504 766
265 766
265 46
612 677 361 73 
612 677
677 361
612 73
40 768 493 
40 768
768 493
482 
447 577 176 44 
447 577
577 44
577 176
473 
456 
282 334 
282 334
62 568 67 180 249 
62 568
568 249
67 249
62 180
327 466 500 773 294 
466 500
466 294
327 294
327 773
454 
452 
439 
637 644 
637 644
432 
356 674 661 193 
356 193
356 674
356 661
453 669 23 578 596 285 
453 596
23 596
453 669
23 285
578 596
455 621 89 
455 621
621 89
10 227 
10 227
444 770 
444 770
426 
58 662 686 
58 686
662 686
215 357 
215 357
419 
382 655 665 437 240 309 
437 309
382 437
665 240
655 309
655 665
107 607 
107 607
412 
410 
475 546 525 780 237 127 
546 525
475 546
475 127
237 127
475 780
47 174 314 
47 174
174 314
408 
55 384 337 496 
384 337
55 384
55 496
407 
28 751 450 
28 450
28 751
709 760 697 
760 697
709 697
395 
681 795 619 676 783 
681 676
795 676
619 783
795 783
392 
390 
86 745 560 
86 560
745 560
182 394 790 445 87 
394 790
182 394
182 87
790 445
376 
155 698 642 474 
155 698
642 474
155 642
136 371 733 366 145 385 102 132 109 301 379 
102 301
136 733
136 371
733 385
145 132
145 379
145 385
371 366
371 109
366 301
98 326 
98 326
354 
480 608 
480 608
276 744 
276 744
350 
377 538 581 
377 581
538 581
348 
177 490 640 340 196 647 189 68 
177 640
647 68
177 490
640 189
490 196
196 647
177 340
345 
338 
318 668 8 
318 8
668 8
303 
353 692 673 293 
353 692
692 673
673 293
148 536 726 
148 726
536 726
302 
281 
292 503 
292 503
268 
289 555 506 505 229 
555 506
505 229
289 506
555 505
264 
261 
260 
436 615 
436 615
24 586 
24 586
258 
347 609 
347 609
251 
269 411 190 446 409 
269 411
411 190
446 409
190 446
88 386 748 527 
386 527
88 748
88 527
242 
239 
238 
185 793 135 
185 793
185 135
222 
516 652 561 205 799 
516 205
516 652
516 561
652 799
279 459 
279 459
221 
214 
625 645 417 
625 645
625 417
250 797 70 
797 70
250 797
172 682 618 3 
172 682
682 618
172 3
211 
27 472 
27 472
199 
262 571 
262 571
194 
672 741 
672 741
179 
85 187 207 404 402 48 732 273 
187 48
85 48
207 402
404 402
85 404
402 273
48 732
336 463 
336 463
169 
477 492 320 
477 320
492 320
183 270 
183 270
147 
72 95 
72 95
331 666 
331 666
641 781 225 
641 781
641 225
352 779 557 2 12 162 
352 779
557 2
2 12
352 2
779 162
141 
139 
52 381 
52 381
529 771 319 
529 771
529 319
142 593 167 580 
142 593
167 580
142 580
173 626 
173 626
63 373 729 244 114 
63 373
373 729
729 244
244 114
160 355 
160 355
358 660 658 
358 660
660 658
138 
478 792 5 537 627 794 540 53 
478 792
537 540
792 540
478 627
5 794
627 794
540 53
216 383 
216 383
253 458 547 405 235 396 427 
253 458
253 547
405 396
458 405
405 427
235 427
598 638 387 646 
598 638
598 387
638 646
150 497 777 
150 777
497 777
61 559 37 84 
61 559
61 37
37 84
256 369 639 690 423 378 701 
256 369
639 701
256 639
369 423
256 690
423 378
401 597 570 
401 597
401 570
163 243 290 224 217 556 464 406 603 643 186 
163 243
224 464
290 224
290 603
163 556
406 186
243 290
163 217
556 406
243 643
137 
588 657 457 448 481 263 
588 657
657 457
457 481
457 263
448 481
19 501 599 
501 599
19 599
129 
83 233 
83 233
149 498 130 
149 130
149 498
126 
191 601 
191 601
125 
113 400 611 210 414 468 
113 414
400 414
400 611
210 468
400 210
123 
108 
236 670 431 422 178 735 413 
670 178
236 670
431 413
422 178
236 413
422 735
32 351 774 663 653 757 
32 351
774 653
32 774
351 663
653 757
105 
39 429 
39 429
91 
14 305 280 71 
14 305
305 280
305 71
94 499 43 
94 43
94 499
122 573 696 685 
696 685
122 573
573 685
99 738 416 
99 738
738 416
80 
606 659 782 
606 659
606 782
633 754 
633 754
614 763 569 
614 763
614 569
228 576 212 
228 576
576 212
201 296 
201 296
188 234 339 140 
188 339
234 140
234 339
170 364 
170 364
79 
69 
203 584 368 683 
203 683
584 368
203 584
333 772 
333 772
59 
25 428 730 120 298 144 
730 144
25 428
25 120
25 144
25 298
479 740 97 486 
740 486
479 740
740 97
157 306 548 
157 548
306 548
45 
36 
30 
26 
635 707 769 335 34 181 
769 34
707 34
635 707
707 181
335 181
20 
15 
727 767 
727 767
133 470 283 323 380 315 530 656 746 545 
380 315
133 656
530 545
133 283
470 656
283 530
315 746
323 315
470 380
198 442 271 119 
442 271
198 442
271 119
226 287 443 
226 287
226 443
13 
21 104 
21 104
171 508 553 115 483 583 
171 508
171 553
553 583
508 115
115 483
110 342 
110 342
57 465 322 312 
57 465
465 322
57 312
