? 11 495 758 90 310 209 304 145 534 615 559 61 
? 11 426 429 39 91 372 509 793 45 175 185 460 
? 10 28 751 604 450 754 95 336 81 463 72 
? 9 271 442 119 198 799 663 307 96 652 
? 8 33 778 11 311 195 40 410 316 
? 8 47 174 120 303 314 298 325 191 
? 8 461 708 317 328 710 705 267 22 
? 8 133 470 323 283 656 380 530 315 
? 7 448 657 588 457 263 507 511 
? 7 85 732 207 187 404 402 48 
? 7 418 473 654 218 649 134 110 
? 7 143 650 94 499 671 43 521 
? 7 167 215 357 580 220 142 192 
? 6 63 373 729 114 300 244 
? 6 335 744 34 181 635 719 
? 6 435 533 616 759 158 403 
? 6 225 413 519 781 178 99 
? 6 265 504 766 46 169 605 
? 6 62 568 180 632 67 249 
? 6 108 598 638 544 330 720 
? 6 655 665 382 240 309 552 
? 6 122 685 573 737 696 566 
? 6 253 458 412 405 547 396 
? 6 277 765 324 274 581 354 
? 6 414 611 210 400 113 517 
? 6 77 78 487 579 194 528 
? 6 148 536 261 333 726 772 
? 6 205 516 399 238 561 637 
? 5 100 630 483 512 489 
? 5 107 281 607 52 780 
? 5 236 670 431 422 735 
? 5 437 550 563 202 138 
? 5 571 787 252 651 700 
? 5 153 736 222 764 3 
? 5 88 680 154 386 80 
? 5 193 666 620 331 19 
? 5 409 446 411 734 190 
? 5 172 682 644 258 618 
? 5 308 531 590 715 798 
? 5 480 691 226 287 443 
? 5 197 407 554 503 329 
? 5 13 723 231 365 126 
? 5 206 291 257 370 75 
? 5 38 675 10 430 152 
? 5 163 243 224 290 217 
? 4 49 520 591 449 
? 4 31 488 392 789 
? 4 345 537 478 395 
? 4 235 421 427 144 
? 4 18 462 241 704 
? 4 41 567 753 648 
? 4 82 161 526 711 
? 4 687 796 716 424 
? 4 51 151 502 188 
? 4 294 482 466 280 
? 4 363 699 223 629 
? 4 20 681 676 321 
? 4 32 351 774 653 
? 4 268 543 390 56 
? 4 337 384 55 147 
? 4 352 557 779 2 
? 4 406 603 186 376 
? 4 312 689 636 57 
? 4 171 508 702 553 
? 4 219 342 92 208 
? 4 475 546 791 381 
? 4 168 349 112 661 
? 4 289 506 555 229 
? 4 102 301 109 677 
? 4 288 742 776 135 
? 4 68 647 196 69 
? 4 362 725 693 713 
? 4 65 397 278 251 
? 4 248 388 254 60 
? 4 177 490 640 539 
? 4 602 668 8 318 
? 4 25 428 730 513 
? 4 212 596 23 576 
? 3 136 371 733 
? 3 117 121 1 
? 3 319 529 771 
? 3 29 286 272 
? 3 378 538 454 
? 3 53 540 292 
? 3 127 237 522 
? 3 128 572 415 
? 3 79 282 334 
? 3 627 792 5 
? 3 211 601 775 
? 3 441 749 4 
? 3 659 717 622 
? 3 246 484 213 
? 3 58 662 686 
? 3 492 589 477 
? 3 703 748 131 
? 3 453 669 285 
? 3 455 621 89 
? 3 7 755 166 
? 3 170 485 364 
? 3 609 624 347 
? 3 256 369 639 
? 3 183 306 270 
? 3 515 697 587 
? 3 214 795 667 
? 3 176 756 783 
? 3 299 679 724 
? 3 368 721 664 
? 3 469 476 641 
? 3 444 739 770 
? 3 606 782 15 
? 3 266 595 545 
? 3 93 592 125 
? 3 233 613 320 
? 3 707 769 141 
? 3 140 339 234 
? 3 612 728 73 
? 3 674 714 356 
? 3 129 501 599 
? 3 216 383 786 
? 3 467 565 391 
? 3 245 423 701 
? 3 379 481 385 
? 3 165 594 434 
? 3 21 104 124 
? 3 150 777 497 
!
150 777 497 
150 777
777 497
212 596 23 576 
596 23
212 576
23 576
25 428 730 513 
730 513
25 428
25 513
790 
491 578 
491 578
21 104 124 
21 104
21 124
785 
387 416 
387 416
768 
205 516 399 238 561 637 
561 637
399 238
205 516
516 637
205 238
602 668 8 318 
8 318
668 8
602 318
757 
750 
746 
741 
165 594 434 
594 434
165 434
177 490 640 539 
177 640
177 490
640 539
379 481 385 
379 481
379 385
731 
163 243 224 290 217 
163 243
224 290
243 290
163 217
722 
245 423 701 
423 701
245 423
271 442 119 198 799 663 307 96 652 
119 652
271 442
442 663
442 198
442 799
271 96
271 119
307 96
467 565 391 
467 565
467 391
718 
712 
148 536 261 333 726 772 
261 726
148 726
333 772
148 333
536 261
706 
216 383 786 
383 786
216 383
694 
38 675 10 430 152 
38 10
675 430
10 430
430 152
64 525 
64 525
42 600 
42 600
688 
678 
206 291 257 370 75 
291 257
257 75
291 370
206 291
673 
77 78 487 579 194 528 
487 579
579 194
77 579
78 487
77 528
582 784 
582 784
149 762 
149 762
167 215 357 580 220 142 192 
215 220
167 580
357 142
167 192
580 142
580 220
302 494 
302 494
327 500 
327 500
129 501 599 
501 599
129 501
50 684 
50 684
658 
13 723 231 365 126 
13 723
723 365
365 126
13 231
248 388 254 60 
248 60
248 254
388 254
646 
197 407 554 503 329 
503 329
554 329
197 407
197 554
642 
674 714 356 
674 356
714 356
633 
625 645 
625 645
65 397 278 251 
65 397
278 251
65 278
612 728 73 
612 728
612 73
628 
626 
623 
140 339 234 
140 234
339 234
617 
362 725 693 713 
362 725
725 693
725 713
707 769 141 
707 769
707 141
747 761 
747 761
480 691 226 287 443 
691 287
691 226
226 443
480 226
614 
610 
608 
414 611 210 400 113 517 
414 113
414 400
611 400
210 400
113 517
593 
68 647 196 69 
68 647
196 69
647 196
14 305 
14 305
586 
308 531 590 715 798 
531 798
308 590
590 798
531 715
288 742 776 135 
288 742
742 776
742 135
172 682 644 258 618 
644 258
172 682
644 618
682 618
585 
102 301 109 677 
102 301
109 677
301 677
289 506 555 229 
506 555
289 506
555 229
133 470 323 283 656 380 530 315 
380 315
133 656
133 283
470 656
283 530
323 315
470 380
86 560 
86 560
233 613 320 
233 320
613 320
101 634 
101 634
584 
583 
575 
93 592 125 
93 592
93 125
273 438 
273 438
570 
44 577 
44 577
409 446 411 734 190 
411 190
409 446
409 734
446 190
37 84 
37 84
250 375 
250 375
266 595 545 
595 545
266 545
606 782 15 
782 15
606 782
451 619 
451 619
277 765 324 274 581 354 
277 274
324 581
277 354
765 274
765 324
322 465 
322 465
562 
524 542 
524 542
556 
551 
139 745 
139 745
36 532 
36 532
204 452 
204 452
35 514 
35 514
549 
130 498 
130 498
359 643 
359 643
548 
444 739 770 
444 770
739 770
159 773 
159 773
469 476 641 
469 641
469 476
368 721 664 
368 664
368 721
527 
143 650 94 499 671 43 521 
499 521
143 521
94 43
94 499
650 671
143 671
279 752 
279 752
709 760 
709 760
518 
505 
168 349 112 661 
112 661
168 349
349 661
475 546 791 381 
475 546
791 381
475 381
496 
87 182 
87 182
26 118 
26 118
493 
219 342 92 208 
342 92
219 92
92 208
486 
171 508 702 553 
171 508
171 553
508 702
312 689 636 57 
312 636
312 57
689 57
299 679 724 
679 724
299 724
479 
406 603 186 376 
406 186
603 186
186 376
468 
464 
184 631 
184 631
193 666 620 331 19 
666 19
193 331
193 19
620 331
88 680 154 386 80 
154 386
88 154
680 154
88 80
456 
447 
439 
564 690 
564 690
436 
352 557 779 2 
352 779
557 2
352 2
253 458 412 405 547 396 
253 458
253 547
405 396
458 405
253 412
176 756 783 
756 783
176 783
338 432 
338 432
358 660 
358 660
425 
214 795 667 
214 795
795 667
201 295 
201 295
420 
122 685 573 737 696 566 
685 696
737 566
122 573
122 566
685 573
474 672 
474 672
419 
417 
655 665 382 240 309 552 
665 240
382 309
655 309
655 665
240 552
515 697 587 
697 587
515 587
408 
337 384 55 147 
337 147
337 384
384 55
401 
183 306 270 
183 306
183 270
256 369 639 
256 369
256 639
398 
153 736 222 764 3 
153 3
736 222
153 736
153 764
377 
374 
609 624 347 
624 347
609 624
571 787 252 651 700 
571 700
571 252
252 651
787 651
366 
268 543 390 56 
543 56
268 56
543 390
426 429 39 91 372 509 793 45 175 185 460 
426 429
372 175
509 460
426 39
175 460
426 175
793 185
45 185
39 91
91 793
27 247 
27 247
361 
255 743 
255 743
6 695 
6 695
360 
170 485 364 
170 364
170 485
350 
461 708 317 328 710 705 267 22 
328 705
708 317
317 328
710 705
461 708
710 267
705 22
348 
346 
7 755 166 
755 166
7 166
344 
32 351 774 653 
32 351
774 653
32 774
455 621 89 
455 621
621 89
343 
341 
389 541 
389 541
332 
437 550 563 202 138 
437 563
563 138
437 550
202 138
313 
297 
296 
9 797 
9 797
157 472 
157 472
293 
116 459 
116 459
276 
236 670 431 422 735 
236 670
670 422
236 431
422 735
20 681 676 321 
681 676
20 676
681 321
275 
269 
260 
453 669 285 
453 669
453 285
242 
107 281 607 52 780 
52 780
107 607
107 281
107 52
510 740 
510 740
239 
230 
703 748 131 
703 748
748 131
492 589 477 
589 477
492 589
363 699 223 629 
363 629
363 699
363 223
228 
203 683 
203 683
227 
160 355 
160 355
200 
353 692 
353 692
199 
47 174 120 303 314 298 325 191 
303 325
314 325
303 298
47 174
47 191
174 314
47 120
264 738 
264 738
189 
58 662 686 
58 686
662 686
394 445 
394 445
179 
115 232 
115 232
433 440 
433 440
246 484 213 
246 213
246 484
108 598 638 544 330 720 
544 330
598 720
598 638
598 544
108 330
173 
164 
569 763 
569 763
659 717 622 
717 622
659 717
294 482 466 280 
294 482
482 466
294 280
262 367 
262 367
100 630 483 512 489 
100 630
512 489
630 489
630 483
523 574 
523 574
441 749 4 
441 749
441 4
162 
33 778 11 311 195 40 410 316 
40 316
33 195
778 311
33 778
33 316
778 11
11 410
16 794 
16 794
418 473 654 218 649 134 110 
218 110
654 218
418 218
649 134
418 134
473 110
51 151 502 188 
51 151
51 188
151 502
211 601 775 
601 775
211 601
687 796 716 424 
796 716
796 424
687 716
85 732 207 187 404 402 48 
187 48
85 48
207 402
404 402
85 404
732 48
627 792 5 
627 792
792 5
495 758 90 310 209 304 145 534 615 559 61 
559 61
90 615
495 758
90 559
310 209
310 615
534 61
209 304
758 615
758 145
156 
62 568 180 632 67 249 
62 568
568 249
67 249
632 67
62 180
79 282 334 
79 334
282 334
146 
24 123 
24 123
128 572 415 
128 572
572 415
137 
54 535 
54 535
132 
265 504 766 46 169 605 
504 766
265 766
46 605
265 605
766 169
111 
106 
448 657 588 457 263 507 511 
657 588
448 507
657 457
457 263
448 588
588 511
225 413 519 781 178 99 
519 178
413 519
413 99
781 178
225 781
105 
155 698 
155 698
103 
82 161 526 711 
82 526
161 526
82 711
127 237 522 
237 522
127 522
41 567 753 648 
567 648
567 753
41 753
53 540 292 
53 292
53 540
97 
378 538 454 
378 454
378 538
98 326 
98 326
29 286 272 
29 272
29 286
319 529 771 
529 771
319 529
340 558 
340 558
18 462 241 704 
462 241
18 462
18 704
0 393 
0 393
83 
76 
235 421 427 144 
421 427
235 421
427 144
727 767 
727 767
74 
435 533 616 759 158 403 
616 759
533 158
435 616
533 403
759 403
345 537 478 395 
345 478
537 478
345 395
117 121 1 
121 1
117 1
71 
70 
66 
59 
335 744 34 181 635 719 
744 635
335 181
34 635
34 181
744 719
30 
17 
259 471 
259 471
28 751 604 450 754 95 336 81 463 72 
95 81
336 463
28 450
604 72
450 754
754 72
28 751
604 95
754 336
31 488 392 789 
31 789
31 488
392 789
136 371 733 
136 733
136 371
12 
221 597 
221 597
63 373 729 114 300 244 
63 373
373 729
373 300
729 244
114 244
284 788 
284 788
49 520 591 449 
49 520
49 591
49 449
