? 12 263 494 532 443 393 551 349 760 607 74 637 731 
? 11 345 438 612 712 748 298 233 641 495 360 124 
? 7 343 717 575 704 431 493 294 
? 7 160 679 490 476 373 30 728 
? 7 354 754 192 406 92 84 256 
? 7 36 530 644 377 57 669 155 
? 7 629 694 582 135 77 166 97 
? 7 8 459 147 290 95 307 287 
? 6 173 289 225 184 317 514 
? 6 29 236 692 136 594 188 
? 6 337 422 189 285 353 440 
? 6 144 458 631 295 376 62 
? 6 87 781 230 216 116 113 
? 5 55 727 738 88 538 
? 5 89 427 507 167 203 
? 5 128 419 218 224 380 
? 5 241 262 50 261 251 
? 5 18 119 606 598 441 
? 5 578 685 407 0 516 
? 5 4 248 104 24 58 
? 5 76 720 315 309 331 
? 5 423 453 267 355 19 
? 5 52 705 389 640 350 
? 5 47 621 473 670 689 
? 5 181 398 118 681 292 
? 5 271 563 761 357 209 
? 5 43 454 647 673 758 
? 5 109 314 521 788 197 
? 5 268 779 65 328 560 
? 5 72 145 165 638 668 
? 4 163 364 185 581 
? 4 70 520 346 132 
? 4 542 569 444 358 
? 4 59 370 332 556 
? 4 297 797 448 787 
? 4 272 664 660 191 
? 4 381 772 396 301 
? 4 535 626 736 528 
? 4 140 204 487 222 
? 4 524 676 742 404 
? 4 6 127 791 541 
? 4 174 687 513 558 
? 4 177 405 775 508 
? 4 534 711 544 554 
? 4 133 659 183 619 
? 4 566 698 762 252 
? 4 234 474 710 83 
? 4 161 707 678 32 
? 4 195 518 206 646 
? 4 211 746 239 529 
? 4 512 747 122 13 
? 4 769 798 792 776 
? 4 12 567 630 226 
? 4 105 589 100 394 
? 3 44 385 111 
? 3 300 592 412 
? 3 464 732 329 
? 3 496 765 757 
? 3 291 706 243 
? 3 71 141 674 
? 3 635 645 40 
? 3 420 539 110 
? 3 198 605 51 
? 3 238 682 774 
? 3 67 447 794 
? 3 212 428 137 
? 3 64 186 718 
? 3 244 763 306 
? 3 318 714 96 
? 3 80 432 505 
? 3 327 472 107 
? 3 194 356 187 
? 3 461 517 596 
? 3 82 176 722 
? 3 255 477 654 
? 3 325 749 533 
? 3 123 379 138 
? 3 540 715 21 
? 3 180 282 450 
? 3 386 555 162 
? 3 471 548 270 
? 3 310 481 45 
? 3 391 614 48 
? 3 27 559 205 
? 3 15 378 653 
? 3 283 402 365 
? 3 368 740 522 
? 3 217 770 9 
? 3 278 545 106 
? 3 275 739 33 
? 3 221 334 338 
? 3 303 366 94 
? 3 257 796 66 
? 3 570 642 120 
? 3 576 756 260 
? 3 269 574 632 
? 3 5 237 242 
? 3 1 156 586 
? 3 276 484 479 
? 3 369 486 546 
? 3 384 500 7 
? 3 501 733 591 
? 3 480 767 611 
!
793 
790 
435 688 
435 688
322 609 
322 609
789 
782 
780 
777 
105 589 100 394 
105 589
589 100
105 394
228 624 
228 624
768 
49 348 
49 348
56 579 
56 579
729 744 
729 744
766 
408 784 
408 784
764 
752 
751 
741 
263 494 532 443 393 551 349 760 607 74 637 731 
263 494
263 731
443 731
494 393
532 551
532 731
760 607
607 74
349 760
393 760
443 637
735 
87 781 230 216 116 113 
87 116
781 230
781 216
230 116
781 113
734 
725 
724 
231 383 
231 383
723 
12 567 630 226 
630 226
12 226
12 567
460 502 
460 502
175 553 
175 553
769 798 792 776 
798 792
769 792
798 776
713 
480 767 611 
480 611
480 767
709 
708 
501 733 591 
501 733
733 591
384 500 7 
384 500
384 7
369 486 546 
486 546
369 486
276 484 479 
276 484
484 479
72 145 165 638 668 
145 165
145 638
72 145
72 668
703 
98 600 
98 600
512 747 122 13 
512 747
747 13
512 122
702 
143 608 
143 608
701 
426 588 
426 588
1 156 586 
1 156
1 586
699 
5 237 242 
5 242
237 242
696 
695 
250 410 
250 410
693 
268 779 65 328 560 
65 560
268 779
779 65
268 328
690 
269 574 632 
269 574
269 632
20 288 
20 288
684 
211 746 239 529 
746 239
746 529
211 529
576 756 260 
756 260
576 756
683 
436 700 
436 700
2 34 
2 34
677 
675 
672 
195 518 206 646 
206 646
518 646
195 646
667 
665 
663 
662 
657 
656 
497 633 
497 633
651 
643 
639 
628 
627 
91 210 
91 210
8 459 147 290 95 307 287 
8 459
8 147
95 307
307 287
459 290
147 287
467 550 
467 550
161 707 678 32 
161 707
161 678
161 32
625 
570 642 120 
570 120
570 642
257 796 66 
257 796
796 66
620 
234 474 710 83 
234 474
234 83
474 710
618 
716 726 
716 726
617 
303 366 94 
366 94
303 366
340 344 
340 344
151 153 
151 153
613 
221 334 338 
221 338
221 334
604 
506 577 
506 577
275 739 33 
275 33
739 33
601 
599 
207 253 
207 253
597 
278 545 106 
278 545
278 106
595 
585 
566 698 762 252 
566 698
566 762
698 252
584 
583 
11 446 
11 446
109 314 521 788 197 
109 314
109 521
109 197
109 788
580 
133 659 183 619 
133 659
133 619
659 183
277 773 
277 773
573 
572 
565 
564 
265 778 
265 778
562 
561 
557 
323 401 
323 401
217 770 9 
217 9
770 9
60 463 
60 463
549 
629 694 582 135 77 166 97 
629 582
629 694
135 97
582 135
135 166
694 77
543 
368 740 522 
368 740
740 522
283 402 365 
402 365
283 402
537 
117 499 
117 499
536 
324 485 
324 485
526 
131 390 
131 390
15 378 653 
15 378
15 653
525 
515 
511 
146 286 
146 286
590 666 
590 666
509 
504 
27 559 205 
27 559
27 205
534 711 544 554 
534 711
534 544
711 554
391 614 48 
391 48
614 48
310 481 45 
481 45
310 481
503 
498 
482 
471 548 270 
471 548
471 270
475 
470 
469 
115 281 
115 281
468 
386 555 162 
386 162
386 555
177 405 775 508 
177 405
177 775
405 508
144 458 631 295 376 62 
144 376
631 295
144 458
458 295
295 62
31 759 
31 759
466 
174 687 513 558 
687 513
174 558
174 687
180 282 450 
180 450
282 450
462 
392 465 
392 465
457 
456 
452 
451 
449 
442 
439 
219 750 
219 750
437 
540 715 21 
540 715
540 21
139 655 
139 655
434 
312 616 
312 616
361 753 
361 753
433 
430 
223 296 
223 296
123 379 138 
123 379
379 138
43 454 647 673 758 
43 454
673 758
43 647
43 673
615 795 
615 795
6 127 791 541 
6 127
127 791
6 541
86 680 
86 680
271 563 761 357 209 
761 357
271 209
271 563
563 357
53 190 
53 190
179 697 
179 697
108 429 
108 429
524 676 742 404 
524 404
676 742
676 404
425 
421 
325 749 533 
749 533
325 533
593 785 
593 785
255 477 654 
255 477
477 654
418 
232 266 
232 266
416 
208 523 
208 523
82 176 722 
82 176
82 722
411 
527 719 
527 719
409 
403 
75 227 
75 227
400 
130 336 
130 336
337 422 189 285 353 440 
189 285
337 440
422 189
337 189
285 353
29 236 692 136 594 188 
29 136
236 136
136 594
236 692
29 188
399 
461 517 596 
461 596
517 596
178 648 
178 648
41 164 
41 164
445 455 
445 455
194 356 187 
194 187
356 187
148 519 
148 519
388 
387 
327 472 107 
472 107
327 472
202 489 
202 489
69 743 
69 743
305 691 
305 691
382 
375 
371 
478 510 
478 510
367 
181 398 118 681 292 
181 398
681 292
398 292
398 118
345 438 612 712 748 298 233 641 495 360 124 
748 298
438 612
612 298
345 438
712 360
748 233
360 124
495 124
641 495
345 360
363 
47 621 473 670 689 
47 621
621 689
621 473
621 670
359 
351 
347 
140 204 487 222 
204 222
140 204
140 487
342 
622 730 
622 730
602 610 
602 610
658 686 
658 686
341 
335 
330 
535 626 736 528 
535 528
535 626
626 736
326 
36 530 644 377 57 669 155 
644 155
669 155
36 530
530 644
36 57
530 377
80 432 505 
80 432
432 505
319 
52 705 389 640 350 
389 350
52 705
52 640
52 389
316 
99 397 
99 397
311 
423 453 267 355 19 
267 355
423 355
355 19
423 453
308 
304 
112 568 
112 568
302 
293 
318 714 96 
318 714
318 96
280 
279 
274 
171 652 
171 652
42 636 
42 636
264 
159 755 
159 755
93 737 
93 737
339 650 
339 650
76 720 315 309 331 
76 309
76 720
720 315
315 331
259 
258 
254 
244 763 306 
763 306
244 763
249 
4 248 104 24 58 
24 58
4 248
248 24
4 104
182 220 
182 220
247 
64 186 718 
186 718
64 718
578 685 407 0 516 
0 516
685 0
578 685
685 407
321 414 
321 414
488 552 
488 552
273 395 
273 395
245 
18 119 606 598 441 
18 119
18 598
119 606
119 441
173 289 225 184 317 514 
173 289
184 317
289 317
173 225
173 514
299 483 
299 483
240 
381 772 396 301 
381 772
772 396
772 301
235 
154 246 
154 246
125 649 
125 649
229 
215 
272 664 660 191 
272 664
664 660
272 191
352 721 
352 721
297 797 448 787 
797 448
297 797
297 787
212 428 137 
212 137
428 137
214 
213 
201 
333 417 
333 417
745 783 
745 783
126 170 
126 170
200 
199 
67 447 794 
447 794
67 447
241 262 50 261 251 
241 261
262 50
262 261
261 251
196 
354 754 192 406 92 84 256 
354 192
354 754
354 406
754 92
192 256
754 84
23 771 
23 771
160 679 490 476 373 30 728 
160 679
476 373
679 373
30 728
679 490
160 30
193 
172 
168 
158 
59 370 332 556 
59 332
59 370
332 556
157 
152 
150 
542 569 444 358 
444 358
542 358
542 569
238 682 774 
238 682
238 774
149 
142 
134 
198 605 51 
605 51
198 605
129 
121 
420 539 110 
420 539
420 110
103 
102 
101 
635 645 40 
645 40
635 645
90 
343 717 575 704 431 493 294 
343 575
717 704
575 704
493 294
575 493
431 294
85 
362 799 
362 799
81 
79 
71 141 674 
71 674
71 141
291 706 243 
291 706
291 243
320 372 
320 372
70 520 346 132 
70 520
520 132
70 346
78 
491 571 
491 571
73 
68 
63 
496 765 757 
496 765
765 757
128 419 218 224 380 
128 419
419 224
128 218
218 380
313 547 
313 547
163 364 185 581 
163 364
364 185
185 581
61 
54 
46 
39 
424 671 
424 671
38 
37 
492 786 
492 786
374 415 
374 415
89 427 507 167 203 
167 203
89 507
427 203
89 427
55 727 738 88 538 
88 538
55 738
738 88
55 727
603 634 
603 634
35 
28 
464 732 329 
464 732
732 329
300 592 412 
300 592
592 412
114 661 
114 661
531 623 
531 623
26 
25 
44 385 111 
44 385
44 111
22 
284 587 
284 587
169 413 
169 413
17 
16 
14 
10 
3 
