? 12 263 494 532 443 551 349 393 760 607 242 74 731 
? 11 8 147 459 290 287 95 166 307 557 433 178 
? 7 345 438 612 748 298 712 233 
? 7 343 717 575 704 431 493 326 
? 7 160 679 490 476 30 728 258 
? 7 354 754 192 84 406 92 699 
? 7 173 289 184 225 317 627 514 
? 7 294 336 114 130 661 624 449 
? 6 236 692 29 594 631 136 
? 6 629 694 582 615 293 135 
? 6 144 458 295 711 188 488 
? 6 155 667 644 57 530 36 
? 6 4 248 104 24 58 323 
? 5 185 364 163 565 581 
? 5 72 145 165 675 638 
? 5 18 119 606 640 441 
? 5 67 350 447 389 52 
? 5 234 474 1 535 83 
? 5 412 592 300 34 446 
? 5 189 337 285 422 440 
? 5 769 798 792 374 169 
? 5 59 370 332 556 200 
? 5 218 419 128 224 41 
? 5 211 746 689 529 239 
? 5 55 727 88 738 538 
? 5 70 520 132 346 784 
? 5 241 262 50 485 261 
? 5 87 781 113 333 250 
? 5 48 391 373 283 614 
? 5 271 563 761 209 357 
? 4 297 797 787 755 
? 4 513 687 174 558 
? 4 226 622 630 730 
? 4 140 204 487 222 
? 4 238 682 778 774 
? 4 566 698 762 252 
? 4 496 765 744 757 
? 4 64 186 620 718 
? 4 355 423 267 453 
? 4 524 676 742 404 
? 4 44 385 111 610 
? 4 291 706 460 243 
? 4 51 605 478 198 
? 4 544 552 534 554 
? 4 268 779 65 328 
? 4 444 542 102 358 
? 4 327 472 107 164 
? 4 177 405 508 775 
? 4 512 747 122 13 
? 4 318 714 124 190 
? 4 109 314 521 788 
? 4 76 720 315 172 
? 4 272 664 660 191 
? 4 45 402 310 365 
? 3 194 356 347 
? 3 47 621 670 
? 3 6 127 655 
? 3 9 217 770 
? 3 523 567 371 
? 3 80 432 63 
? 3 325 749 20 
? 3 110 420 539 
? 3 635 645 40 
? 3 105 589 100 
? 3 591 598 733 
? 3 123 379 138 
? 3 578 685 0 
? 3 255 477 654 
? 3 464 732 501 
? 3 206 380 646 
? 3 424 671 341 
? 3 570 642 78 
? 3 413 776 674 
? 3 303 366 753 
? 3 375 576 756 
? 3 386 555 23 
? 3 626 736 586 
? 3 133 659 183 
? 3 71 141 439 
? 3 32 126 161 
? 3 181 398 118 
? 3 301 702 117 
? 3 426 715 540 
? 3 43 454 647 
? 3 89 427 507 
? 3 491 571 649 
? 3 381 772 396 
? 3 522 740 368 
? 3 27 559 526 
? 3 137 428 625 
? 3 244 763 306 
? 3 69 139 527 
? 3 334 362 688 
? 3 257 796 66 
? 3 686 708 695 
? 3 269 632 574 
? 3 154 246 260 
? 3 171 437 652 
? 3 15 525 378 
? 3 256 608 143 
? 3 201 634 603 
? 3 5 237 519 
? 3 276 484 479 
!
794 
793 
162 771 
162 771
231 383 
231 383
791 
790 
789 
785 
45 402 310 365 
402 365
45 402
402 310
394 564 
394 564
782 
81 418 
81 418
684 799 
684 799
150 777 
150 777
773 
435 481 
435 481
768 
766 
764 
752 
263 494 532 443 551 349 393 760 607 242 74 731 
263 494
263 731
443 731
494 393
532 551
532 731
760 607
607 74
349 760
393 760
349 242
751 
4 248 104 24 58 323 
24 58
4 248
248 24
4 104
104 323
750 
741 
739 
199 613 
199 613
735 
272 664 660 191 
272 664
664 660
272 191
221 338 
221 338
22 705 
22 705
76 720 315 172 
76 720
720 315
315 172
734 
276 484 479 
276 484
484 479
729 
725 
5 237 519 
5 237
237 519
201 634 603 
201 603
634 603
256 608 143 
256 143
608 143
15 525 378 
15 378
525 378
271 563 761 209 357 
761 357
271 209
271 563
563 357
724 
175 553 
175 553
109 314 521 788 
109 314
109 521
109 788
723 
112 568 
112 568
719 
103 152 
103 152
171 437 652 
171 652
171 437
713 
154 246 260 
246 260
154 246
710 
709 
265 425 
265 425
703 
48 391 373 283 614 
48 391
283 614
48 614
48 373
696 
269 632 574 
269 574
269 632
98 600 
98 600
693 
318 714 124 190 
714 124
318 714
318 190
686 708 695 
686 708
708 695
690 
299 745 
299 745
179 743 
179 743
681 
672 
669 
512 747 122 13 
512 747
747 13
512 122
665 
663 
658 
656 
648 
643 
151 153 
151 153
639 
636 
633 
623 
616 
214 691 
214 691
294 336 114 130 661 624 449 
336 114
294 336
294 130
661 624
624 449
114 624
228 662 
228 662
177 405 508 775 
177 405
177 775
405 508
611 
257 796 66 
257 796
796 66
334 362 688 
334 362
334 688
609 
327 472 107 164 
472 107
327 472
107 164
601 
436 653 
436 653
599 
69 139 527 
69 527
139 527
296 395 
296 395
182 628 
182 628
597 
244 763 306 
763 306
244 763
595 
157 348 
157 348
137 428 625 
428 625
137 625
585 
584 
115 697 
115 697
583 
27 559 526 
27 559
559 526
573 
572 
444 542 102 358 
444 358
542 358
542 102
562 
561 
270 577 
270 577
87 781 113 333 250 
113 250
113 333
781 113
87 781
550 
268 779 65 328 
268 779
779 65
268 328
10 588 
10 588
545 
543 
541 
537 
716 726 
716 726
536 
533 
531 
489 528 
489 528
522 740 368 
740 368
522 740
668 683 
668 683
516 
173 289 184 225 317 627 514 
173 289
184 317
289 317
173 225
184 627
173 514
511 
381 772 396 
381 772
772 396
491 571 649 
491 571
491 649
510 
499 619 
499 619
509 
85 96 
85 96
505 
195 518 
195 518
89 427 507 
89 507
89 427
504 
503 
502 
515 549 
515 549
409 593 
409 593
497 
482 
43 454 647 
43 454
43 647
544 552 534 554 
544 534
534 554
544 552
426 715 540 
715 540
426 715
301 702 117 
301 702
301 117
475 
473 
470 
181 398 118 
181 398
398 118
469 
468 
466 
134 596 
134 596
462 
32 126 161 
32 126
126 161
51 605 478 198 
51 605
605 478
605 198
155 667 644 57 530 36 
155 644
667 57
530 36
667 36
644 530
220 780 
220 780
456 
291 706 460 243 
291 706
291 460
291 243
71 141 439 
141 439
71 141
455 
637 722 
637 722
452 
451 
448 
445 
442 
434 
430 
450 457 
450 457
416 
133 659 183 
133 659
659 183
495 641 
495 641
415 
68 618 
68 618
329 657 
329 657
414 
410 
590 666 
590 666
626 736 586 
626 586
736 586
241 262 50 485 261 
241 261
262 50
485 261
262 261
108 429 
108 429
44 385 111 610 
44 385
44 111
44 610
167 203 
167 203
70 520 132 346 784 
70 784
346 784
70 520
520 132
498 602 
498 602
75 227 
75 227
94 651 
94 651
524 676 742 404 
524 404
676 742
676 404
408 
403 
386 555 23 
555 23
386 555
219 284 
219 284
375 576 756 
375 576
576 756
401 
388 579 
388 579
400 
304 372 
304 372
303 366 753 
303 366
303 753
399 
99 397 
99 397
382 
369 
25 411 
25 411
367 
53 492 
53 492
144 458 295 711 188 488 
144 458
711 488
295 188
458 295
711 188
629 694 582 615 293 135 
629 582
629 694
582 135
582 615
694 293
363 
413 776 674 
413 776
413 674
480 767 
480 767
146 286 
146 286
352 721 
352 721
570 642 78 
642 78
570 642
342 604 
342 604
361 
360 
424 671 341 
424 341
671 341
392 465 
392 465
35 390 
35 390
292 387 
292 387
359 
353 
351 
216 340 
216 340
344 
55 727 88 738 538 
88 538
55 738
88 738
55 727
8 147 459 290 287 95 166 307 557 433 178 
8 459
8 147
95 307
557 178
287 307
459 290
147 287
95 166
287 557
307 433
335 
211 746 689 529 239 
746 239
746 529
689 239
211 689
330 
324 
322 
355 423 267 453 
355 267
355 423
423 453
320 
60 463 
60 463
37 321 
37 321
19 547 
19 547
319 
316 
313 
64 186 620 718 
186 718
64 718
186 620
312 
354 754 192 84 406 92 699 
354 192
354 754
84 699
354 406
754 92
754 699
206 380 646 
206 646
206 380
311 
218 419 128 224 41 
419 128
419 41
419 224
218 128
309 
232 266 
232 266
308 
59 370 332 556 200 
556 200
59 332
59 370
332 200
305 
302 
278 701 
278 701
288 
279 
464 732 501 
732 501
464 501
277 
274 
264 
421 677 
421 677
31 759 
31 759
259 
91 210 
91 210
569 795 
569 795
180 282 
180 282
769 798 792 374 169 
798 792
769 792
769 374
798 169
254 
251 
249 
255 477 654 
255 477
477 654
247 
189 337 285 422 440 
189 285
337 440
189 422
189 337
467 700 
467 700
245 
578 685 0 
685 0
578 685
412 592 300 34 446 
300 34
592 300
412 592
300 446
86 680 
86 680
678 707 
678 707
273 377 
273 377
240 
234 474 1 535 83 
234 474
234 1
234 535
1 83
236 692 29 594 631 136 
594 631
29 136
236 136
631 136
236 692
33 275 
33 275
235 
496 765 744 757 
496 765
496 744
765 757
230 
62 376 
62 376
120 253 
120 253
229 
223 
566 698 762 252 
566 698
566 762
698 252
384 500 
384 500
238 682 778 774 
238 682
238 778
778 774
123 379 138 
123 379
379 138
215 
213 
212 
617 786 
617 786
14 193 
14 193
207 331 
207 331
208 
205 
591 598 733 
591 598
591 733
67 350 447 389 52 
447 389
350 447
67 350
389 52
202 
160 679 490 476 30 728 258 
160 679
30 728
679 490
679 476
30 258
160 30
471 506 
471 506
343 717 575 704 431 493 326 
343 575
717 704
575 704
343 326
575 493
717 431
197 
196 
187 
176 
140 204 487 222 
204 222
140 204
140 487
168 
159 
158 
226 622 630 730 
226 622
226 630
622 730
105 589 100 
105 589
589 100
156 
149 
148 
635 645 40 
645 40
635 645
142 
131 
110 420 539 
420 539
110 420
129 
125 
121 
325 749 20 
749 20
325 749
106 
345 438 612 748 298 712 233 
748 298
438 612
612 298
345 438
748 233
345 712
101 
339 650 
339 650
97 
90 
80 432 63 
80 432
432 63
523 567 371 
523 567
567 371
483 783 
483 783
513 687 174 558 
513 687
174 558
687 174
82 
116 417 
116 417
79 
73 
61 
9 217 770 
9 217
9 770
18 119 606 640 441 
606 640
18 119
119 606
119 441
42 580 
42 580
297 797 787 755 
297 797
797 755
297 787
56 
54 
49 
46 
486 546 
486 546
39 
38 
673 758 
673 758
281 560 
281 560
72 145 165 675 638 
145 165
72 675
145 638
72 145
185 364 163 565 581 
364 163
185 364
185 565
565 581
77 280 
77 280
28 
26 
6 127 655 
6 655
6 127
47 621 670 
47 621
621 670
170 587 
170 587
407 548 
407 548
21 
17 
194 356 347 
356 347
194 347
16 
461 517 
461 517
93 737 
93 737
12 
11 
7 
3 
2 
