? 12 8 459 147 290 95 287 166 307 557 178 433 482 
? 11 263 494 532 443 551 393 349 760 607 74 637 
? 7 354 754 192 92 406 84 256 
? 7 160 679 490 725 476 30 373 
? 7 345 438 612 298 712 748 641 
? 7 575 717 343 704 431 493 336 
? 7 29 236 692 136 594 711 488 
? 7 189 337 285 422 440 182 35 
? 6 144 458 631 295 62 188 
? 6 173 289 184 225 317 611 
? 6 4 248 104 58 24 454 
? 6 629 694 582 615 293 77 
? 6 271 563 761 357 209 628 
? 5 36 530 644 57 377 
? 5 55 727 538 88 738 
? 5 128 419 218 41 164 
? 5 660 664 272 460 191 
? 5 234 474 1 83 535 
? 5 52 705 389 640 18 
? 5 689 746 239 529 211 
? 5 238 682 778 265 774 
? 5 496 765 744 757 574 
? 5 444 542 358 556 569 
? 5 87 781 333 113 216 
? 5 355 423 267 453 19 
? 5 105 589 100 394 91 
? 5 544 552 534 25 554 
? 5 132 520 70 346 784 
? 5 140 204 487 222 148 
? 5 325 749 533 656 288 
? 4 6 127 655 791 
? 4 109 314 521 242 
? 4 89 427 507 167 
? 4 514 618 269 632 
? 4 174 687 513 693 
? 4 676 742 524 404 
? 4 94 366 724 303 
? 4 163 364 185 581 
? 4 155 667 669 374 
? 4 241 485 262 261 
? 4 300 592 412 2 
? 4 792 798 769 413 
? 4 578 685 312 407 
? 4 65 779 268 560 
? 4 123 379 138 60 
? 4 224 327 472 703 
? 4 386 555 492 23 
? 4 110 420 539 120 
? 4 313 547 753 456 
? 4 72 145 165 668 
? 4 64 186 620 737 
? 4 635 645 40 151 
? 4 297 797 787 623 
? 4 566 698 762 252 
? 3 133 659 619 
? 3 44 385 741 
? 3 226 630 622 
? 3 512 747 122 
? 3 59 370 332 
? 3 48 391 614 
? 3 244 763 96 
? 3 181 398 118 
? 3 392 465 764 
? 3 67 350 447 
? 3 381 772 756 
? 3 27 559 205 
? 3 426 715 540 
? 3 734 775 405 
? 3 119 441 606 
? 3 291 706 243 
? 3 471 548 506 
? 3 80 432 207 
? 3 51 605 198 
? 3 169 776 347 
? 3 372 500 384 
? 3 318 714 124 
? 3 71 674 141 
? 3 233 680 86 
? 3 20 154 246 
? 3 112 170 587 
? 3 137 428 709 
? 3 45 402 481 
? 3 467 653 713 
? 3 369 486 546 
? 3 76 720 309 
? 3 518 646 195 
? 3 491 571 604 
? 3 47 473 621 
? 3 9 217 139 
? 3 299 783 316 
? 3 341 671 424 
? 3 15 378 550 
? 3 437 515 416 
? 3 686 695 658 
? 3 161 707 678 
? 3 255 477 654 
? 3 371 523 567 
? 3 368 740 782 
? 3 278 418 545 
? 3 334 362 221 
? 3 464 732 329 
? 3 194 356 187 
? 3 673 758 652 
!
799 
794 
50 723 
50 723
171 549 
171 549
793 
790 
789 
771 
566 698 762 252 
566 698
566 762
698 252
277 773 
277 773
768 
79 777 
79 777
270 577 
270 577
153 564 
153 564
766 
180 450 
180 450
751 
750 
743 
739 
8 459 147 290 95 287 166 307 557 178 433 482 
8 459
8 147
95 307
557 178
166 482
287 307
147 482
459 290
95 482
287 557
307 433
735 
271 563 761 357 209 628 
761 357
271 209
271 563
563 357
271 628
731 
729 
728 
12 730 
12 730
722 
297 797 787 623 
297 797
297 787
797 623
197 788 
197 788
409 593 
409 593
635 645 40 151 
645 40
40 151
635 645
719 
673 758 652 
673 652
673 758
710 
708 
194 356 187 
194 187
356 187
464 732 329 
464 732
732 329
334 362 221 
334 362
334 221
278 418 545 
278 545
418 545
325 749 533 656 288 
749 656
533 656
325 533
533 288
701 
97 135 
97 135
64 186 620 737 
186 737
64 186
186 620
700 
466 696 
466 696
699 
527 767 
527 767
368 740 782 
368 740
368 782
688 
371 523 567 
523 567
371 567
684 
683 
251 603 
251 603
681 
140 204 487 222 148 
204 222
487 148
140 204
140 487
677 
255 477 654 
255 477
477 654
541 568 
541 568
672 
72 145 165 668 
145 165
72 145
72 668
161 707 678 
161 707
161 678
665 
43 647 
43 647
14 193 
14 193
663 
657 
648 
313 547 753 456 
313 456
547 456
753 456
643 
639 
627 
625 
616 
609 
183 445 
183 445
601 
600 
598 
597 
596 
146 286 
146 286
189 337 285 422 440 182 35 
189 285
337 440
189 422
189 337
182 35
285 182
638 675 
638 675
110 420 539 120 
420 539
110 420
539 120
595 
686 695 658 
686 658
695 658
437 515 416 
515 416
437 515
590 
386 555 492 23 
555 23
386 555
386 492
586 
573 633 
573 633
584 
15 378 550 
15 378
378 550
425 785 
425 785
32 126 
32 126
583 
341 671 424 
341 424
341 671
579 
617 786 
617 786
299 783 316 
299 783
783 316
562 
561 
102 795 
102 795
558 
9 217 139 
217 139
9 139
543 
537 
224 327 472 703 
224 327
327 472
224 703
536 
526 
610 759 
610 759
132 520 70 346 784 
70 784
346 784
520 70
132 520
525 
123 379 138 60 
123 379
379 138
138 60
168 572 
168 572
522 
519 
511 
509 
292 387 
292 387
505 
504 
503 
326 411 
326 411
47 473 621 
47 621
473 621
461 624 
461 624
502 
29 236 692 136 594 711 488 
29 136
236 136
136 594
236 692
711 488
594 711
498 
491 571 604 
491 604
491 571
518 646 195 
518 646
646 195
497 
565 666 
565 666
495 
53 306 
53 306
489 
13 752 
13 752
76 720 309 
76 309
76 720
479 
475 
470 
149 177 
149 177
111 335 
111 335
469 
468 
369 486 546 
486 546
369 486
65 779 268 560 
65 560
779 268
65 779
467 653 713 
467 653
653 713
45 402 481 
45 481
402 481
463 
462 
455 
137 428 709 
137 428
428 709
452 
448 
442 
591 599 
591 599
439 
112 170 587 
170 587
112 170
578 685 312 407 
578 685
685 407
685 312
629 694 582 615 293 77 
629 582
629 694
582 615
694 293
694 77
570 642 
570 642
435 
792 798 769 413 
792 798
792 769
798 413
20 154 246 
154 246
20 154
434 
26 320 
26 320
430 
421 
417 
415 
414 
408 
403 
245 670 
245 670
401 
233 680 86 
680 86
233 86
339 650 
339 650
400 
478 510 
478 510
220 780 
220 780
399 
388 
69 585 
69 585
71 674 141 
71 674
71 141
544 552 534 25 554 
25 554
544 534
534 25
544 552
49 348 
49 348
300 592 412 2 
300 2
300 592
592 412
279 353 
279 353
105 589 100 394 91 
105 589
589 100
105 394
394 91
117 499 
117 499
483 745 
483 745
131 390 
131 390
241 485 262 261 
241 261
485 261
262 261
382 
376 
318 714 124 
714 124
318 714
179 697 
179 697
372 500 384 
500 384
372 500
367 
93 718 
93 718
365 
352 721 
352 721
169 776 347 
169 776
169 347
363 
175 553 
175 553
359 
351 
82 176 
82 176
344 
219 284 
219 284
4 248 104 58 24 454 
58 24
4 248
248 24
4 104
58 454
173 289 184 225 317 611 
173 611
173 289
184 317
225 611
289 317
342 
51 605 198 
51 605
605 198
130 661 
130 661
231 383 
231 383
202 528 
202 528
80 432 207 
80 432
432 207
190 360 
190 360
340 
338 
471 548 506 
471 506
471 548
142 260 
142 260
108 429 
108 429
449 516 
449 516
330 
328 
324 
125 305 
125 305
322 
355 423 267 453 19 
355 267
355 423
355 19
423 453
263 494 532 443 551 393 349 760 607 74 637 
263 494
263 443
494 393
532 551
760 607
607 74
349 760
263 532
393 760
443 637
319 
87 781 333 113 216 
781 216
333 113
781 113
87 781
315 
311 
310 
155 667 669 374 
155 669
667 374
155 667
308 
75 396 
75 396
323 457 
323 457
99 397 
99 397
304 
302 
296 
163 364 185 581 
163 364
364 185
185 581
283 
575 717 343 704 431 493 336 
575 343
717 704
575 704
493 336
717 336
431 336
291 706 243 
291 706
291 243
281 
444 542 358 556 569 
444 358
542 358
542 569
542 556
280 
228 662 
228 662
274 
496 765 744 757 574 
744 574
496 765
496 744
765 757
273 
264 
116 410 
116 410
259 
258 
119 441 606 
119 606
119 441
254 
250 
249 
3 446 
3 446
626 736 
626 736
247 
206 380 
206 380
395 508 
395 508
361 651 
361 651
238 682 778 265 774 
682 265
238 265
238 778
778 774
240 
235 
230 
734 775 405 
734 775
734 405
229 
689 746 239 529 211 
746 239
746 529
689 239
689 211
649 691 
649 691
227 
426 715 540 
715 540
426 715
52 705 389 640 18 
52 18
52 705
52 640
52 389
517 613 
517 613
480 770 
480 770
232 266 
232 266
223 
234 474 1 83 535 
234 474
234 1
234 535
1 83
144 458 631 295 62 188 
631 295
144 458
631 188
62 188
458 295
114 294 
114 294
215 
94 366 724 303 
94 724
366 724
366 303
214 
436 690 
436 690
580 636 
580 636
213 
212 
676 742 524 404 
524 404
676 742
676 404
257 796 
257 796
174 687 513 693 
687 513
174 687
174 693
27 559 205 
27 559
27 205
210 
208 
200 
375 576 
375 576
716 726 
716 726
33 275 
33 275
199 
196 
381 772 756 
381 772
381 756
660 664 272 460 191 
664 272
660 664
664 460
272 191
172 
345 438 612 298 712 748 641 
298 748
438 612
612 298
345 438
345 712
345 641
501 733 
501 733
160 679 490 725 476 30 373 
160 679
476 373
679 373
490 725
679 490
160 30
162 
159 
158 
157 
514 618 269 632 
514 618
514 632
269 632
156 
152 
150 
89 427 507 167 
89 507
89 427
427 167
67 350 447 
350 447
67 350
134 
129 
121 
392 465 764 
465 764
392 465
115 
107 
181 398 118 
181 398
398 118
106 
103 
101 
244 763 96 
244 763
763 96
98 
354 754 192 92 406 84 256 
354 192
354 754
354 406
754 92
192 256
754 84
90 
301 702 
301 702
85 
81 
48 391 614 
48 391
48 614
59 370 332 
59 332
59 370
31 602 
31 602
109 314 521 242 
109 314
109 521
314 242
78 
143 608 
143 608
73 
68 
66 
512 747 122 
512 747
512 122
128 419 218 41 164 
128 419
419 41
128 164
128 218
276 484 
276 484
6 127 655 791 
6 655
6 127
127 791
63 
61 
56 
46 
201 634 
201 634
42 
39 
7 588 
7 588
282 451 
282 451
55 727 538 88 738 
538 88
55 738
88 738
55 727
36 530 644 57 377 
36 530
530 644
36 57
530 377
37 321 
37 321
38 
34 
226 630 622 
226 622
226 630
44 385 741 
44 385
385 741
253 331 
253 331
54 203 
54 203
28 
22 
133 659 619 
133 659
133 619
21 
531 755 
531 755
5 237 
5 237
17 
16 
11 
10 
0 
