!
0 
1 
2 3 
2 3
4 5 
4 5
6 
7 
8 
9 
10 11 12 13 
10 11
11 12
12 13
14 15 
14 15
16 
17 18 
17 18
19 20 
19 20
21 22 
21 22
23 
24 25 
24 25
26 
27 
28 
29 
30 31 32 33 34 35 36 37 38 39 40 41 
30 31
31 32
32 33
33 34
34 35
35 36
36 37
37 38
38 39
39 40
40 41
42 
43 44 45 46 47 48 
43 44
44 45
45 46
46 47
47 48
49 
50 
51 
52 53 
52 53
54 
55 56 57 58 
55 56
56 57
57 58
59 60 
59 60
61 62 
61 62
63 64 65 66 
63 64
64 65
65 66
67 
68 69 70 
68 69
69 70
71 
72 
73 74 75 
73 74
74 75
76 77 78 
76 77
77 78
79 80 81 
79 80
80 81
82 83 84 
82 83
83 84
85 86 87 88 89 
85 86
86 87
87 88
88 89
90 
91 92 
91 92
93 94 95 96 
93 94
94 95
95 96
97 
98 99 
98 99
100 
101 102 
101 102
103 104 105 
103 104
104 105
106 
107 108 109 
107 108
108 109
110 
111 
112 113 
112 113
114 
115 116 117 118 119 
115 116
116 117
117 118
118 119
120 
121 122 123 
121 122
122 123
124 125 
124 125
126 
127 128 129 130 
127 128
128 129
129 130
131 132 133 
131 132
132 133
134 
135 136 
135 136
137 138 
137 138
139 
140 
141 
142 143 144 145 
142 143
143 144
144 145
146 
147 
148 
149 
150 
151 
152 153 
152 153
154 
155 
156 
157 
158 
159 160 
159 160
161 162 163 164 165 166 167 
161 162
162 163
163 164
164 165
165 166
166 167
168 169 
168 169
170 171 172 173 
170 171
171 172
172 173
174 
175 176 177 
175 176
176 177
178 179 180 
178 179
179 180
181 
182 183 184 185 
182 183
183 184
184 185
186 
187 188 
187 188
189 
190 191 192 
190 191
191 192
193 194 
193 194
195 196 
195 196
197 
198 199 200 
198 199
199 200
201 
202 203 
202 203
204 205 206 
204 205
205 206
207 
208 
209 210 
209 210
211 
212 213 214 
212 213
213 214
215 
216 
217 218 219 220 
217 218
218 219
219 220
221 
222 
223 224 
223 224
225 226 227 228 229 
225 226
226 227
227 228
228 229
230 
231 232 233 234 
231 232
232 233
233 234
235 236 
235 236
237 
238 
239 
240 
241 242 
241 242
243 
244 
245 
246 247 
246 247
248 249 250 
248 249
249 250
251 252 
251 252
253 
254 255 256 257 258 259 260 
254 255
255 256
256 257
257 258
258 259
259 260
261 
262 263 264 
262 263
263 264
265 266 267 
265 266
266 267
268 
269 270 
269 270
271 
272 273 
272 273
274 
275 276 
275 276
277 278 279 
277 278
278 279
280 
281 
282 
283 284 
283 284
285 286 
285 286
287 
288 
289 290 291 
289 290
290 291
292 293 294 295 
292 293
293 294
294 295
296 297 298 
296 297
297 298
299 300 301 
299 300
300 301
302 
303 
304 
305 306 307 
305 306
306 307
308 
309 
310 
311 312 
311 312
313 
314 315 316 
314 315
315 316
317 318 319 320 
317 318
318 319
319 320
321 322 323 324 325 326 
321 322
322 323
323 324
324 325
325 326
327 328 
327 328
329 
330 331 332 333 
330 331
331 332
332 333
334 335 336 
334 335
335 336
337 
338 339 
338 339
340 
341 
342 
343 
344 
345 
346 
347 348 
347 348
349 
350 351 352 
350 351
351 352
353 354 
353 354
355 
356 357 
356 357
358 359 
358 359
360 
361 
362 363 
362 363
364 365 366 
364 365
365 366
367 368 369 370 371 
367 368
368 369
369 370
370 371
372 373 
372 373
374 375 376 377 
374 375
375 376
376 377
378 379 
378 379
380 381 382 383 384 
380 381
381 382
382 383
383 384
385 386 
385 386
387 388 
387 388
389 390 
389 390
391 392 393 394 
391 392
392 393
393 394
395 
396 
397 398 399 
397 398
398 399
400 401 
400 401
402 403 404 
402 403
403 404
405 
406 407 
406 407
408 
409 410 
409 410
411 412 413 
411 412
412 413
414 
415 416 
415 416
417 
418 
419 420 
419 420
421 
422 423 
422 423
424 425 426 427 428 429 
424 425
425 426
426 427
427 428
428 429
430 431 432 433 434 435 
430 431
431 432
432 433
433 434
434 435
436 
437 438 439 
437 438
438 439
440 441 
440 441
442 443 
442 443
444 445 
444 445
446 447 448 
446 447
447 448
449 450 
449 450
451 
452 
453 454 455 
453 454
454 455
456 457 
456 457
458 459 
458 459
460 461 
460 461
462 
463 
464 
465 466 
465 466
467 
468 469 470 471 472 
468 469
469 470
470 471
471 472
473 474 475 476 477 478 479 480 481 482 483 
473 474
474 475
475 476
476 477
477 478
478 479
479 480
480 481
481 482
482 483
484 
485 486 487 488 489 
485 486
486 487
487 488
488 489
490 
491 
492 
493 494 495 496 
493 494
494 495
495 496
497 
498 499 
498 499
500 501 
500 501
502 503 
502 503
504 
505 
506 
507 508 509 510 
507 508
508 509
509 510
511 
512 513 514 515 516 517 518 
512 513
513 514
514 515
515 516
516 517
517 518
519 520 521 
519 520
520 521
522 
523 524 525 526 527 
523 524
524 525
525 526
526 527
528 
529 530 
529 530
531 
532 533 534 535 536 
532 533
533 534
534 535
535 536
537 
538 
539 540 
539 540
541 
542 
543 544 545 
543 544
544 545
546 
547 
548 
549 550 
549 550
551 552 
551 552
553 
554 555 
554 555
556 557 
556 557
558 559 
558 559
560 561 562 563 564 
560 561
561 562
562 563
563 564
565 
566 
567 
568 569 570 
568 569
569 570
571 
572 573 574 575 576 
572 573
573 574
574 575
575 576
577 578 
577 578
579 
580 581 582 
580 581
581 582
583 584 585 586 587 
583 584
584 585
585 586
586 587
588 589 
588 589
590 591 
590 591
592 593 
592 593
594 
595 596 597 598 599 
595 596
596 597
597 598
598 599
600 601 602 603 604 605 
600 601
601 602
602 603
603 604
604 605
606 607 
606 607
608 
609 610 611 612 
609 610
610 611
611 612
613 
614 615 
614 615
616 617 
616 617
618 
619 
620 621 622 623 
620 621
621 622
622 623
624 625 
624 625
626 627 628 629 
626 627
627 628
628 629
630 631 632 
630 631
631 632
633 
634 
635 
636 637 
636 637
638 639 
638 639
640 641 
640 641
642 
643 
644 645 646 
644 645
645 646
647 648 649 650 651 
647 648
648 649
649 650
650 651
652 
653 654 655 656 657 658 659 
653 654
654 655
655 656
656 657
657 658
658 659
660 661 
660 661
662 663 664 665 666 667 668 
662 663
663 664
664 665
665 666
666 667
667 668
669 
670 
671 
672 
673 674 675 676 
673 674
674 675
675 676
677 
678 
679 
680 681 682 683 
680 681
681 682
682 683
684 685 686 
684 685
685 686
687 
688 
689 
690 691 692 
690 691
691 692
693 
694 
695 696 697 
695 696
696 697
698 
699 
700 
701 702 703 
701 702
702 703
704 
705 706 707 708 709 710 711 
705 706
706 707
707 708
708 709
709 710
710 711
712 
713 714 
713 714
715 
716 
717 718 719 
717 718
718 719
720 721 722 
720 721
721 722
723 724 
723 724
725 726 727 728 
725 726
726 727
727 728
729 
730 731 
730 731
732 
733 
734 
735 736 737 
735 736
736 737
738 739 740 741 742 
738 739
739 740
740 741
741 742
743 744 
743 744
745 746 747 748 
745 746
746 747
747 748
749 
750 
751 
752 
753 754 
753 754
755 
756 
757 758 
757 758
759 760 
759 760
761 762 763 764 765 
761 762
762 763
763 764
764 765
766 767 768 769 770 
766 767
767 768
768 769
769 770
771 772 
771 772
773 
774 
775 776 777 
775 776
776 777
778 779 780 
778 779
779 780
781 782 
781 782
783 784 
783 784
785 
786 
787 788 789 
787 788
788 789
790 
791 792 
791 792
793 794 
793 794
795 
796 
797 
798 
799 
