? 12 263 494 532 443 551 393 349 760 242 74 637 731 
? 11 29 692 236 136 594 631 188 295 711 534 376 
? 7 345 438 612 748 298 233 712 
? 7 343 575 717 704 431 294 336 
? 7 160 679 490 476 30 728 258 
? 7 8 147 459 290 95 166 307 
? 7 354 754 192 84 92 406 256 
? 7 144 458 488 62 507 552 544 
? 6 173 289 225 184 317 611 
? 6 55 727 738 538 88 483 
? 6 629 694 582 615 293 77 
? 6 36 530 57 644 273 377 
? 6 355 423 267 453 19 366 
? 5 271 563 761 440 209 
? 5 285 337 422 189 182 
? 5 4 248 104 58 24 
? 5 18 119 606 441 598 
? 5 109 314 521 788 742 
? 5 128 419 218 224 164 
? 5 524 676 404 176 82 
? 5 133 659 201 183 619 
? 5 155 667 669 374 415 
? 5 297 797 623 787 448 
? 5 234 474 535 1 626 
? 5 70 520 346 132 408 
? 5 6 127 655 791 541 
? 5 496 765 744 574 757 
? 5 226 622 630 567 12 
? 5 67 350 447 389 27 
? 5 272 664 460 191 723 
? 4 52 705 640 22 
? 4 185 364 163 565 
? 4 512 747 122 502 
? 4 89 427 167 54 
? 4 384 500 10 588 
? 4 25 554 411 326 
? 4 174 687 513 558 
? 4 87 781 116 333 
? 4 140 204 487 222 
? 4 269 514 618 632 
? 4 181 398 118 681 
? 4 529 746 211 689 
? 4 45 481 402 365 
? 4 44 385 464 741 
? 4 238 682 265 601 
? 4 98 165 145 638 
? 4 444 542 569 556 
? 4 65 779 268 328 
? 4 105 589 100 91 
? 4 47 621 670 473 
? 4 276 484 683 479 
? 4 578 685 230 0 
? 4 59 370 332 795 
? 4 64 186 620 743 
? 3 161 707 678 
? 3 48 391 614 
? 3 244 763 306 
? 3 318 714 96 
? 3 368 522 740 
? 3 566 698 252 
? 3 80 432 505 
? 3 327 472 107 
? 3 243 706 291 
? 3 86 348 680 
? 3 241 262 50 
? 3 76 720 315 
? 3 34 592 300 
? 3 325 749 656 
? 3 110 539 420 
? 3 20 260 756 
? 3 329 732 501 
? 3 123 379 138 
? 3 769 798 792 
? 3 33 275 739 
? 3 51 605 198 
? 3 486 546 369 
? 3 237 607 5 
? 3 635 645 40 
? 3 491 571 649 
? 3 43 454 758 
? 3 255 477 654 
? 3 778 785 38 
? 3 334 362 799 
? 3 467 700 690 
? 3 171 673 416 
? 3 375 576 142 
? 3 9 217 767 
? 3 250 410 113 
? 3 313 547 724 
? 3 148 750 219 
? 3 42 580 187 
? 3 37 321 108 
? 3 66 796 257 
? 3 413 776 169 
? 3 424 671 341 
? 3 120 642 253 
? 3 381 772 396 
? 3 130 661 114 
? 3 386 555 23 
? 3 405 508 775 
? 3 518 646 83 
? 3 745 783 316 
? 3 71 674 141 
!
794 
793 
270 506 
270 506
203 734 
203 734
790 
789 
782 
780 
64 186 620 743 
620 743
64 186
186 743
32 430 
32 430
777 
509 675 
509 675
697 766 
697 766
608 768 
608 768
773 
525 653 
525 653
764 
752 
751 
735 
263 494 532 443 551 393 349 760 242 74 637 731 
263 494
263 731
443 731
494 393
532 551
532 731
349 760
393 760
349 242
760 74
443 637
730 
355 423 267 453 19 366 
355 267
355 423
355 19
423 453
19 366
725 
722 
713 
425 593 
425 593
710 
59 370 332 795 
332 795
59 332
59 370
17 762 
17 762
515 549 
515 549
578 685 230 0 
685 0
578 685
578 230
709 
71 674 141 
71 674
71 141
708 
703 
745 783 316 
745 783
783 316
518 646 83 
518 646
646 83
405 508 775 
405 775
405 508
386 555 23 
555 23
386 555
272 664 460 191 723 
272 664
272 723
664 460
191 723
696 
78 699 
78 699
276 484 683 479 
276 484
484 479
276 683
695 
221 338 
221 338
693 
456 753 
456 753
130 661 114 
130 114
661 114
691 
381 772 396 
381 772
772 396
684 
672 
199 774 
199 774
668 
67 350 447 389 27 
447 389
350 447
67 27
67 350
663 
120 642 253 
120 253
120 642
102 351 
102 351
662 
47 621 670 473 
47 621
621 473
621 670
424 671 341 
424 341
671 341
660 
445 455 
445 455
418 701 
418 701
657 
647 
636 
105 589 100 91 
105 589
589 100
105 91
628 
627 
624 
616 
613 
609 
358 468 
358 468
604 
602 
600 
599 
597 
117 499 
117 499
144 458 488 62 507 552 544 
144 458
62 552
62 507
552 544
488 544
458 62
251 485 
251 485
65 779 268 328 
779 268
65 779
268 328
596 
413 776 169 
413 776
776 169
66 796 257 
796 257
66 796
595 
444 542 569 556 
444 542
542 569
542 556
585 
228 449 
228 449
584 
37 321 108 
37 321
321 108
168 651 
168 651
322 373 
322 373
583 
42 580 187 
42 580
580 187
581 
579 718 
579 718
148 750 219 
148 219
750 219
577 
572 
190 360 
190 360
562 
313 547 724 
313 547
313 724
561 
557 
98 165 145 638 
165 145
98 165
145 638
543 
537 
625 784 
625 784
226 622 630 567 12 
226 622
226 630
226 12
567 12
536 
238 682 265 601 
682 265
238 265
238 601
220 639 
220 639
533 
531 
511 
510 
175 553 
175 553
504 
503 
497 
526 559 
526 559
250 410 113 
250 113
250 410
495 560 
495 560
493 
354 754 192 84 92 406 256 
354 192
354 754
354 406
754 92
192 256
754 84
492 
9 217 767 
9 767
9 217
375 576 142 
375 576
576 142
482 
437 652 
437 652
480 
112 568 
112 568
478 
41 380 
41 380
171 673 416 
673 416
171 416
475 
470 
466 
223 407 
223 407
610 759 
610 759
452 
451 
467 700 690 
467 700
700 690
44 385 464 741 
44 385
385 464
464 741
334 362 799 
334 362
362 799
778 785 38 
785 38
778 38
442 
439 
436 
255 477 654 
255 477
477 654
435 
433 
429 
461 517 
461 517
426 
43 454 758 
43 454
43 758
45 481 402 365 
45 481
402 365
481 402
36 530 57 644 273 377 
36 530
530 273
530 644
273 377
36 57
590 666 
590 666
421 
529 746 211 689 
529 746
746 689
211 689
491 571 649 
491 571
491 649
417 
115 641 
115 641
414 
412 
409 
403 
401 
400 
399 
301 702 
301 702
394 
635 645 40 
645 40
635 645
264 719 
264 719
388 
309 519 
309 519
570 643 
570 643
387 
367 
216 395 
216 395
237 607 5 
607 5
237 5
496 765 744 574 757 
744 574
496 765
496 744
765 757
471 548 
471 548
181 398 118 681 
181 398
181 681
398 118
131 390 
131 390
6 127 655 791 541 
6 655
6 127
127 791
655 541
111 335 
111 335
304 729 
304 729
573 633 
573 633
269 514 618 632 
514 618
514 632
269 632
363 
359 
486 546 369 
486 546
486 369
103 152 
103 152
51 605 198 
51 605
605 198
357 
206 274 
206 274
353 
266 462 
266 462
33 275 739 
33 275
33 739
342 
125 677 
125 677
330 
324 
49 382 
49 382
319 
31 498 
31 498
629 694 582 615 293 77 
629 582
629 694
582 615
694 293
694 77
55 727 738 538 88 483 
538 88
55 738
738 88
538 483
55 727
312 
769 798 792 
798 792
769 792
392 465 
392 465
195 665 
195 665
658 686 
658 686
123 379 138 
123 379
379 138
716 726 
716 726
311 
308 
329 732 501 
329 501
732 501
320 372 
320 372
153 564 
153 564
310 688 
310 688
305 
303 
302 
378 550 
378 550
299 
70 520 346 132 408 
132 408
70 520
520 408
70 346
29 692 236 136 594 631 188 295 711 534 376 
594 631
29 136
711 534
236 136
136 631
29 295
692 236
692 376
29 188
631 534
296 
234 474 535 1 626 
234 474
234 1
535 626
234 535
292 
288 
287 
140 204 487 222 
204 222
140 204
140 487
283 
371 523 
371 523
162 771 
162 771
527 770 
527 770
282 
280 
279 
87 781 116 333 
87 116
781 116
781 333
277 
8 147 459 290 95 166 307 
8 459
8 147
95 307
459 290
95 166
147 166
20 260 756 
260 756
20 260
261 
297 797 623 787 448 
797 448
297 797
623 448
297 787
259 
340 344 
340 344
254 
155 667 669 374 415 
155 669
667 374
374 415
155 667
249 
247 
178 648 
178 648
246 
245 
110 539 420 
539 420
110 420
240 
239 
235 
591 733 
591 733
450 457 
450 457
232 
14 193 
14 193
339 650 
339 650
93 737 
93 737
133 659 201 183 619 
133 659
133 619
659 183
133 201
215 
214 
213 
325 749 656 
749 656
325 749
212 
524 676 404 176 82 
524 404
676 404
176 82
676 176
603 634 
603 634
210 
34 592 300 
34 300
592 300
128 419 218 224 164 
128 419
419 224
128 164
128 218
231 383 
231 383
2 446 
2 446
126 170 
126 170
208 
109 314 521 788 742 
109 314
109 521
521 742
109 788
173 289 225 184 317 611 
173 611
173 289
184 317
225 611
289 317
229 331 
229 331
207 
174 687 513 558 
687 513
174 558
174 687
205 
463 755 
463 755
124 281 
124 281
202 
200 
25 554 411 326 
25 411
25 554
411 326
489 528 
489 528
384 500 10 588 
384 500
500 10
10 588
76 720 315 
76 720
720 315
197 
196 
194 
69 139 
69 139
99 397 
99 397
137 428 
137 428
179 
177 
241 262 50 
262 50
241 262
18 119 606 441 598 
18 119
18 598
119 606
119 441
172 
160 679 490 476 30 728 258 
160 679
30 728
679 490
679 476
30 258
160 30
278 545 
278 545
343 575 717 704 431 294 336 
343 575
717 704
575 704
294 336
717 336
431 336
159 
158 
157 
156 
89 427 167 54 
427 54
89 427
427 167
151 
150 
149 
512 747 122 502 
512 747
512 502
512 122
86 348 680 
86 680
86 348
143 
135 
134 
243 706 291 
706 291
243 291
129 
121 
327 472 107 
472 107
327 472
106 
101 
97 
80 432 505 
80 432
432 505
90 
345 438 612 748 298 233 712 
748 298
438 612
612 298
345 438
748 233
345 712
85 
352 721 
352 721
81 
79 
566 698 252 
566 698
698 252
368 522 740 
368 740
522 740
586 736 
586 736
185 364 163 565 
364 163
185 364
185 565
73 
540 715 
540 715
72 
68 
63 
318 714 96 
318 714
318 96
4 248 104 58 24 
58 24
4 248
248 24
4 104
284 587 
284 587
52 705 640 22 
52 705
52 640
705 22
61 
60 
56 
53 
347 356 
347 356
46 
39 
94 361 
94 361
469 516 
469 516
285 337 422 189 182 
285 189
422 189
337 189
285 182
271 563 761 440 209 
271 209
271 563
563 761
271 440
617 786 
617 786
35 
28 
244 763 306 
763 306
244 763
48 391 614 
48 391
48 614
154 434 
154 434
180 323 
180 323
26 
21 
161 707 678 
161 707
161 678
16 
75 227 
75 227
146 286 
146 286
15 
13 
11 
7 
3 
