? 3 314 412 348 
? 3 376 746 646 
? 3 439 528 597 
!
329 404 258 767 631 527 117 
329 404
258 329
767 404
631 329
527 631
117 258
508 697 392 120 365 
508 697
392 508
120 697
365 120
198 765 442 703 
198 765
442 198
703 198
27 742 731 83 304 715 763 479 236 298 407 273 691 502 115 146 704 575 359 190 263 418 68 551 186 494 291 639 668 733 
27 742
731 742
83 27
304 27
715 742
763 731
479 742
236 304
298 742
407 731
273 479
691 763
502 236
115 407
146 502
704 83
575 502
359 273
190 731
263 691
418 273
68 359
551 407
186 190
494 186
291 494
639 359
668 190
733 763
441 638 73 725 51 
441 638
73 441
725 73
51 73
187 788 504 589 221 287 
187 788
504 187
589 187
221 788
287 187
334 620 
334 620
188 232 20 260 36 572 564 206 654 643 569 272 738 135 384 302 500 176 159 
188 232
20 232
260 20
36 20
572 232
564 36
206 20
654 36
643 188
569 36
272 20
738 20
135 564
384 572
302 572
500 738
176 572
159 500
439 528 597 
439 528
528 597
598 759 411 491 140 204 582 566 144 279 
598 759
411 598
491 598
140 411
204 491
582 204
566 204
144 204
279 144
138 548 545 311 
138 548
545 138
311 138
284 489 201 313 443 428 701 113 321 41 203 544 17 234 399 531 214 604 372 
284 489
201 284
313 284
443 313
428 201
701 201
113 201
321 201
41 428
203 321
544 443
17 313
234 284
399 443
531 544
214 313
604 313
372 41
378 517 237 66 730 192 716 401 557 306 436 692 
378 517
237 378
66 517
730 237
192 730
716 378
401 517
557 716
306 66
436 378
692 306
110 518 309 28 373 453 499 781 770 230 303 31 183 432 440 402 410 425 533 622 748 624 720 
110 518
309 110
28 518
373 518
453 110
499 453
781 453
770 499
230 110
303 230
31 110
183 518
432 518
440 28
402 499
410 770
425 230
533 770
622 410
748 183
624 309
720 410
225 520 700 342 347 680 13 660 250 466 693 337 396 76 389 608 795 635 52 595 737 5 605 398 53 648 778 421 7 485 571 88 426 626 79 694 708 95 299 102 218 553 283 682 698 338 268 104 45 91 369 760 456 568 275 362 340 785 323 244 684 554 124 611 216 454 547 515 18 612 752 570 207 267 4 
225 520
700 520
342 700
347 520
680 700
13 225
660 700
250 225
466 520
693 225
337 225
396 693
76 225
389 396
608 396
795 396
635 396
52 250
595 680
737 52
5 737
605 396
398 396
53 396
648 737
778 52
421 53
7 347
485 52
571 7
88 485
426 605
626 421
79 7
694 421
708 76
95 398
299 7
102 737
218 605
553 218
283 218
682 737
698 283
338 299
268 218
104 79
45 778
91 708
369 104
760 708
456 283
568 737
275 104
362 104
340 362
785 95
323 362
244 45
684 369
554 785
124 45
611 299
216 611
454 244
547 283
515 362
18 611
612 611
752 45
570 698
207 554
267 283
4 515
669 690 493 42 
669 690
493 690
42 669
376 746 646 
746 646
376 746
447 687 181 766 615 74 673 312 488 751 71 82 745 85 438 108 492 546 162 390 25 175 375 484 152 295 483 57 123 475 169 78 709 721 480 702 567 269 474 343 415 39 592 772 717 434 526 779 787 87 165 265 280 679 490 696 133 486 56 58 507 
447 687
181 687
766 447
615 766
74 687
673 615
312 673
488 673
751 766
71 673
82 488
745 673
85 312
438 71
108 687
492 108
546 673
162 108
390 488
25 162
175 25
375 546
484 546
152 484
295 484
483 295
57 295
123 152
475 123
169 123
78 152
709 295
721 295
480 484
702 480
567 480
269 123
474 269
343 474
415 343
39 474
592 169
772 567
717 415
434 39
526 57
779 721
787 592
87 592
165 526
265 39
280 787
679 343
490 415
696 87
133 779
486 717
56 717
58 39
507 696
37 259 524 550 8 134 627 523 212 308 640 628 105 645 84 227 610 33 170 791 379 743 205 637 774 563 424 636 49 336 747 305 293 195 164 406 495 
37 259
524 259
550 524
8 524
134 524
627 8
523 550
212 8
308 8
640 627
628 627
105 627
645 134
84 308
227 523
610 628
33 628
170 134
791 212
379 523
743 628
205 84
637 645
774 33
563 743
424 205
636 84
49 379
336 33
747 336
305 743
293 227
195 305
164 33
406 636
495 293
19 128 786 607 509 163 727 656 664 142 621 609 209 536 307 783 153 460 
19 128
786 19
607 128
509 19
163 509
727 19
656 607
664 607
142 664
621 163
609 607
209 727
536 209
307 621
783 209
153 727
460 783
89 666 1 339 
89 666
1 89
339 89
677 729 617 614 297 574 728 445 
677 729
617 677
614 677
297 677
574 614
728 617
445 614
370 549 178 249 367 430 
370 549
178 549
249 370
367 370
430 249
63 616 749 501 239 706 739 296 647 271 341 331 0 583 34 417 
63 616
749 616
501 63
239 616
706 63
739 616
296 239
647 501
271 296
341 271
331 271
0 296
583 239
34 583
417 583
46 522 213 70 650 734 
46 522
213 522
70 522
650 522
734 522
353 714 254 40 397 482 
353 714
254 353
40 714
397 714
482 714
81 724 301 357 242 103 136 468 333 325 497 796 449 368 
81 724
301 724
357 724
242 724
103 724
136 81
468 103
333 242
325 103
497 357
796 357
449 325
368 333
107 535 252 44 782 
107 535
252 535
44 252
782 252
560 775 790 532 6 
560 775
790 775
532 560
6 560
238 689 93 2 
238 689
93 689
2 93
55 154 534 168 472 
55 154
534 55
168 154
472 55
351 
109 111 292 391 62 395 246 470 344 270 229 581 10 
109 111
292 111
391 109
62 111
395 109
246 395
470 111
344 111
270 62
229 395
581 111
10 62
319 498 542 676 433 202 322 278 
319 498
542 319
676 498
433 542
202 542
322 542
278 322
394 798 776 799 663 16 330 416 662 77 151 228 191 618 161 3 72 29 577 670 586 512 366 685 437 166 573 60 580 448 688 179 756 285 591 277 172 590 461 11 316 388 429 157 405 556 505 619 23 385 
394 798
776 798
799 798
663 394
16 799
330 394
416 798
662 330
77 330
151 77
228 151
191 16
618 776
161 330
3 228
72 191
29 662
577 416
670 330
586 72
512 577
366 191
685 77
437 72
166 77
573 366
60 366
580 577
448 191
688 512
179 77
756 72
285 366
591 688
277 60
172 60
590 60
461 77
11 573
316 366
388 3
429 151
157 461
405 151
556 388
505 11
619 60
23 277
385 505
450 596 465 226 
450 596
465 596
226 596
300 413 667 310 753 224 602 530 469 61 674 177 476 364 381 346 241 451 156 219 106 132 174 30 678 189 326 90 94 324 148 147 288 
300 413
667 413
310 413
753 667
224 413
602 224
530 310
469 413
61 602
674 667
177 224
476 753
364 753
381 530
346 674
241 674
451 364
156 753
219 674
106 364
132 469
174 219
30 674
678 451
189 678
326 106
90 451
94 346
324 219
148 90
147 678
288 147
75 565 262 653 
75 565
262 565
653 565
487 740 264 414 
487 740
264 487
414 487
92 
458 464 642 355 
458 464
642 458
355 642
86 427 578 506 
86 427
578 427
506 427
150 377 193 400 794 446 
150 377
193 150
400 377
794 150
446 150
211 594 
211 594
220 777 606 14 644 672 382 630 455 43 386 529 
220 777
606 777
14 777
644 777
672 606
382 606
630 606
455 220
43 14
386 606
529 43
503 540 516 641 208 764 
503 540
516 503
641 516
208 516
764 516
200 762 315 632 659 261 345 240 100 457 539 210 623 21 521 525 657 387 116 735 197 651 
200 762
315 762
632 315
659 762
261 315
345 261
240 261
100 632
457 659
539 100
210 659
623 100
21 457
521 539
525 457
657 539
387 457
116 210
735 210
197 525
651 387
356 633 327 223 686 32 96 511 64 80 290 613 328 371 719 652 699 431 
356 633
327 356
223 356
686 633
32 327
96 327
511 356
64 223
80 64
290 223
613 223
328 511
371 64
719 223
652 64
699 328
431 699
266 649 26 121 771 158 559 732 
266 649
26 266
121 649
771 649
158 26
559 26
732 26
409 481 761 50 276 755 467 
409 481
761 481
50 409
276 50
755 409
467 276
538 797 741 126 408 
538 797
741 797
126 797
408 126
459 713 514 711 
459 713
514 713
711 459
243 552 125 422 98 233 184 118 253 681 131 380 335 112 130 48 294 718 629 726 661 
243 552
125 552
422 243
98 422
233 422
184 243
118 98
253 552
681 233
131 125
380 422
335 233
112 335
130 112
48 131
294 48
718 48
629 48
726 294
661 718
119 519 789 705 736 634 59 350 723 784 769 360 180 393 114 655 695 67 101 
119 519
789 119
705 519
736 119
634 119
59 705
350 59
723 519
784 350
769 736
360 519
180 769
393 789
114 736
655 393
695 393
67 119
101 634
171 722 320 683 231 349 167 792 452 513 9 332 675 35 
171 722
320 171
683 171
231 722
349 171
167 171
792 320
452 320
513 349
9 320
332 792
675 231
35 513
318 579 245 196 561 182 473 361 435 194 129 587 352 199 599 137 256 403 543 750 707 757 
318 579
245 318
196 245
561 196
182 318
473 318
361 318
435 473
194 473
129 361
587 129
352 561
199 561
599 194
137 129
256 194
403 194
543 352
750 199
707 182
757 587
141 419 585 185 471 54 601 420 600 496 477 274 
141 419
585 419
185 419
471 419
54 141
601 185
420 185
600 585
496 600
477 185
274 420
314 412 348 
314 412
314 348
22 257 24 363 671 710 248 768 38 317 462 584 780 658 235 793 374 139 251 222 
22 257
24 22
363 22
671 22
710 671
248 363
768 363
38 671
317 248
462 38
584 248
780 24
658 768
235 710
793 768
374 462
139 768
251 584
222 248
383 510 155 145 282 217 588 558 603 478 247 773 47 289 69 
383 510
155 510
145 155
282 383
217 510
588 145
558 588
603 383
478 588
247 155
773 558
47 282
289 282
69 47
286 754 593 712 625 215 463 12 665 160 143 122 
286 754
593 286
712 754
625 286
215 286
463 625
12 625
665 593
160 12
143 712
122 712
281 444 173 354 562 537 541 555 97 255 576 65 149 758 15 99 423 127 744 358 
281 444
173 444
354 281
562 173
537 173
541 444
555 281
97 555
255 555
576 97
65 576
149 354
758 537
15 537
99 65
423 65
127 15
744 173
358 15
