? 3 459 514 113 
? 3 365 545 303 
? 3 242 497 149 
!
63 501 706 749 616 739 647 
63 501
706 63
749 63
616 749
739 63
647 501
286 593 143 548 138 
286 593
143 286
548 593
138 593
229 344 434 582 
229 344
434 229
582 434
27 742 83 731 304 236 704 407 763 715 502 359 273 575 115 298 479 274 691 190 551 68 146 131 186 418 494 408 392 263 
27 742
83 27
731 742
304 27
236 304
704 742
407 304
763 83
715 304
502 236
359 236
273 359
575 502
115 407
298 731
479 273
274 742
691 83
190 731
551 115
68 236
146 575
131 68
186 190
418 131
494 186
408 691
392 408
263 304
41 428 445 677 17 
41 428
445 41
677 41
17 428
147 714 89 1 482 339 
147 714
89 147
1 147
482 714
339 714
326 652 
326 652
22 257 363 671 24 658 38 462 248 403 710 117 251 278 584 222 317 780 235 
22 257
363 257
671 22
24 22
658 22
38 671
462 38
248 671
403 257
710 671
117 462
251 248
278 363
584 251
222 584
317 584
780 24
235 38
242 497 149 
242 497
242 149
266 649 121 26 158 732 746 713 414 372 
266 649
121 266
26 266
158 26
732 26
746 26
713 732
414 732
372 649
107 211 328 226 
107 211
328 211
226 211
243 552 125 639 118 422 98 184 233 335 253 681 380 48 112 294 130 718 629 
243 552
125 552
639 243
118 243
422 118
98 422
184 243
233 422
335 184
253 335
681 233
380 422
48 125
112 335
294 48
130 112
718 48
629 718
409 481 536 50 276 755 168 136 711 559 740 472 
409 481
536 409
50 481
276 50
755 50
168 755
136 168
711 168
559 711
740 168
472 740
110 518 309 230 373 781 453 499 28 770 665 31 425 624 410 440 533 183 402 463 493 748 754 
110 518
309 110
230 110
373 518
781 373
453 373
499 453
28 518
770 499
665 518
31 665
425 309
624 309
410 453
440 410
533 770
183 518
402 425
463 624
493 183
748 183
754 425
225 520 700 342 337 595 250 680 660 347 5 693 626 396 53 466 795 648 737 13 398 76 608 605 52 88 389 778 571 7 635 421 485 79 426 694 218 95 299 708 283 553 682 698 45 104 91 102 275 568 268 547 456 323 369 244 785 684 612 362 554 340 338 124 515 611 752 18 454 570 216 85 82 760 207 
225 520
700 520
342 520
337 225
595 520
250 225
680 520
660 700
347 225
5 250
693 520
626 520
396 626
53 396
466 700
795 53
648 225
737 250
13 347
398 396
76 5
608 795
605 53
52 737
88 737
389 795
778 737
571 347
7 595
635 396
421 396
485 250
79 7
426 53
694 76
218 605
95 398
299 7
708 218
283 218
553 283
682 88
698 218
45 778
104 7
91 553
102 485
275 104
568 682
268 553
547 283
456 283
323 104
369 323
244 45
785 95
684 104
612 299
362 104
554 785
340 362
338 362
124 244
515 362
611 612
752 45
18 611
454 244
570 218
216 612
85 612
82 85
760 698
207 554
589 775 790 532 
589 775
790 775
532 775
365 545 303 
365 303
545 303
37 259 524 8 550 105 627 523 134 308 212 645 84 640 628 227 610 774 314 170 379 49 743 636 791 563 637 549 33 336 293 205 195 305 747 164 430 249 424 54 178 458 496 370 412 585 600 355 406 419 464 141 495 601 367 291 471 34 583 733 651 
37 259
524 259
8 37
550 524
105 8
627 105
523 550
134 523
308 8
212 308
645 308
84 308
640 105
628 105
227 550
610 640
774 628
314 550
170 308
379 314
49 379
743 628
636 84
791 212
563 640
637 308
549 610
33 549
336 33
293 227
205 636
195 743
305 195
747 549
164 610
430 195
249 33
424 84
54 636
178 549
458 293
496 195
370 164
412 379
585 636
600 585
355 379
406 355
419 636
464 458
141 419
495 458
601 141
367 33
291 585
471 205
34 370
583 370
733 195
651 355
447 687 181 766 615 312 74 71 673 751 745 488 438 492 108 162 546 390 175 25 4 484 152 483 295 475 169 123 57 375 480 78 721 702 269 567 474 
447 687
181 447
766 447
615 687
312 687
74 687
71 766
673 71
751 673
745 71
488 673
438 71
492 74
108 492
162 108
546 488
390 546
175 162
25 175
4 25
484 546
152 484
483 484
295 484
475 484
169 475
123 152
57 295
375 152
480 57
78 152
721 295
702 480
269 169
567 57
474 269
220 777 644 675 606 14 231 672 35 455 43 167 529 386 6 535 513 252 
220 777
644 777
675 777
606 777
14 220
231 675
672 675
35 777
455 606
43 606
167 35
529 644
386 14
6 220
535 529
513 535
252 529
157 653 788 237 
157 653
788 157
237 157
109 395 111 391 470 246 292 581 
109 395
111 109
391 109
470 109
246 109
292 111
581 109
539 657 73 100 441 638 
539 657
73 539
100 657
441 73
638 441
557 716 66 565 517 378 75 436 306 297 221 692 730 401 357 192 
557 716
66 557
565 716
517 557
378 517
75 557
436 565
306 66
297 306
221 565
692 306
730 66
401 378
357 565
192 66
239 296 0 417 348 120 
239 296
0 296
417 296
348 296
120 0
185 420 668 521 725 477 
185 420
668 420
521 185
725 420
477 420
119 519 736 705 59 528 350 729 180 723 784 114 2 67 
119 519
736 119
705 119
59 519
528 119
350 59
729 519
180 736
723 350
784 350
114 705
2 736
67 119
126 697 797 311 538 
126 697
797 126
311 126
538 797
433 542 319 202 676 
433 542
319 542
202 433
676 319
215 508 160 267 
215 508
160 215
267 215
450 596 397 465 442 
450 596
397 596
465 397
442 596
679 
171 320 9 722 792 452 332 683 349 46 70 765 734 
171 320
9 320
722 171
792 320
452 171
332 320
683 9
349 683
46 792
70 349
765 46
734 46
439 779 133 165 772 695 234 709 
439 779
133 439
165 439
772 133
695 439
234 695
709 772
394 798 776 799 663 16 29 330 618 416 77 662 191 228 3 151 586 577 166 72 429 366 512 172 208 573 685 448 60 670 161 179 591 437 11 277 504 316 405 590 756 688 388 597 580 461 690 92 285 505 
394 798
776 394
799 798
663 394
16 394
29 394
330 29
618 798
416 776
77 330
662 330
191 16
228 77
3 228
151 228
586 330
577 416
166 77
72 586
429 228
366 799
512 577
172 366
208 799
573 366
685 77
448 191
60 366
670 685
161 72
179 228
591 512
437 72
11 366
277 60
504 166
316 573
405 3
590 60
756 72
688 591
388 3
597 756
580 577
461 504
690 366
92 330
285 172
505 11
360 617 574 614 
360 617
574 617
614 617
300 413 667 753 310 224 177 602 61 530 364 469 381 674 476 241 346 156 132 30 451 219 288 106 174 678 90 254 94 189 324 353 148 
300 413
667 413
753 300
310 300
224 310
177 667
602 224
61 413
530 310
364 300
469 667
381 224
674 667
476 300
241 674
346 674
156 674
132 674
30 364
451 364
219 674
288 364
106 30
174 219
678 288
90 381
254 678
94 106
189 678
324 219
353 288
148 90
213 522 198 650 
213 522
198 213
650 522
622 759 432 140 
622 759
432 759
140 622
623 
51 525 21 197 
51 525
21 525
197 525
556 560 187 287 
556 560
187 556
287 556
625 741 12 331 341 271 
625 741
12 625
331 741
341 331
271 341
40 42 
40 42
503 540 641 516 661 619 23 669 764 726 498 322 
503 540
641 503
516 641
661 540
619 516
23 641
669 641
764 669
726 669
498 726
322 498
210 735 387 457 642 116 
210 735
387 210
457 210
642 735
116 457
281 444 354 541 562 173 537 555 97 758 255 15 576 744 99 65 127 630 358 423 382 193 
281 444
354 281
541 281
562 281
173 444
537 173
555 281
97 555
758 173
255 97
15 173
576 97
744 562
99 97
65 99
127 15
630 99
358 758
423 65
382 423
193 127
383 510 159 155 145 282 588 385 247 478 217 47 603 558 773 728 69 289 
383 510
159 383
155 510
145 159
282 510
588 510
385 155
247 383
478 159
217 159
47 282
603 145
558 588
773 282
728 47
69 47
289 47
200 762 315 632 757 659 261 240 
200 762
315 200
632 315
757 315
659 762
261 757
240 757
329 404 767 258 631 527 666 
329 404
767 404
258 329
631 329
527 631
666 527
750 793 351 139 374 
750 793
351 793
139 793
374 351
122 712 279 566 
122 712
279 122
566 279
245 318 579 196 194 182 707 435 599 561 352 768 129 137 199 256 473 361 587 543 345 
245 318
579 318
196 579
194 245
182 318
707 245
435 318
599 194
561 196
352 561
768 599
129 318
137 129
199 352
256 318
473 194
361 579
587 361
543 352
345 352
188 232 20 260 36 572 569 654 564 206 176 302 738 643 720 135 272 384 500 
188 232
20 232
260 232
36 260
572 188
569 188
654 188
564 36
206 36
176 572
302 176
738 572
643 20
720 572
135 206
272 20
384 720
500 738
313 443 284 489 771 201 544 214 321 203 399 531 604 701 
313 443
284 443
489 284
771 443
201 284
544 771
214 771
321 214
203 321
399 443
531 544
604 313
701 443
87 696 592 787 101 507 689 578 265 427 655 789 280 238 93 634 86 506 526 270 769 393 
87 696
592 87
787 87
101 87
507 87
689 101
578 696
265 689
427 507
655 427
789 655
280 507
238 87
93 689
634 655
86 427
506 789
526 427
270 101
769 270
393 789
103 325 449 55 646 534 796 264 154 468 376 487 
103 325
449 103
55 325
646 325
534 55
796 325
264 325
154 55
468 103
376 534
487 264
459 514 113 
459 514
514 113
356 633 686 223 64 327 80 32 96 511 290 613 44 431 699 371 719 782 703 594 
356 633
686 633
223 633
64 223
327 356
80 356
32 356
96 327
511 327
290 223
613 64
44 96
431 327
699 431
371 64
719 223
782 431
703 80
594 431
56 491 58 717 411 10 486 598 490 415 343 144 204 39 62 
56 491
58 491
717 56
411 491
10 491
486 717
598 10
490 486
415 717
343 415
144 56
204 144
39 717
62 10
333 368 150 377 620 334 400 81 262 301 446 724 
333 368
150 333
377 150
620 150
334 333
400 150
81 333
262 334
301 81
446 150
724 81
19 128 786 607 509 163 727 142 664 656 609 209 783 460 761 153 621 794 467 307 
19 128
786 19
607 128
509 786
163 509
727 509
142 607
664 607
656 607
609 607
209 727
783 209
460 783
761 460
153 460
621 783
794 142
467 783
307 609
