? 3 36 654 478 
? 3 197 471 424 
? 3 217 247 69 
!
141 419 585 185 205 54 420 
141 419
585 419
185 141
205 419
54 419
420 185
577 580 726 44 790 
577 580
726 577
44 577
790 44
392 508 311 417 
392 508
311 508
417 392
313 443 284 489 201 544 321 203 214 771 701 399 531 604 350 649 428 784 695 59 113 121 17 372 266 234 393 41 427 439 
313 443
284 313
489 284
201 489
544 443
321 201
203 201
214 321
771 214
701 284
399 443
531 544
604 531
350 284
649 214
428 201
784 350
695 531
59 350
113 428
121 214
17 428
372 201
266 649
234 695
393 695
41 428
427 695
439 531
186 494 668 477 291 
186 494
668 494
477 668
291 186
195 430 600 733 563 496 
195 430
600 195
733 195
563 195
496 600
67 614 
67 614
366 573 505 448 643 155 603 316 206 385 510 383 159 260 272 145 500 20 764 
366 573
505 573
448 505
643 366
155 505
603 155
316 155
206 155
385 155
510 155
383 510
159 510
260 206
272 383
145 159
500 159
20 260
764 366
217 247 69 
217 247
217 69
171 320 722 9 683 792 332 452 167 513 
171 320
722 171
9 320
683 171
792 320
332 320
452 722
167 171
513 167
46 442 734 465 
46 442
734 46
465 442
243 552 639 118 681 422 98 233 184 335 112 380 253 130 473 551 403 669 441 
243 552
639 243
118 552
681 552
422 243
98 243
233 422
184 243
335 233
112 335
380 422
253 112
130 335
473 233
551 380
403 233
669 112
441 551
200 762 315 632 240 659 100 457 210 623 21 539 
200 762
315 762
632 315
240 315
659 762
100 240
457 659
210 659
623 457
21 457
539 100
300 413 667 310 753 224 469 602 530 177 61 674 346 476 381 364 156 241 132 254 451 94 219 
300 413
667 413
310 300
753 413
224 310
469 300
602 224
530 310
177 300
61 667
674 667
346 674
476 753
381 310
364 674
156 364
241 674
132 674
254 300
451 364
94 674
219 674
225 520 700 347 342 595 626 466 660 250 337 396 795 680 13 693 635 398 5 389 52 571 778 605 426 608 648 53 737 485 7 76 79 88 421 456 708 694 95 682 299 218 553 283 698 268 102 91 104 275 547 362 684 45 323 785 244 338 369 340 570 124 554 18 454 611 566 612 515 207 568 760 216 312 144 
225 520
700 520
347 520
342 700
595 225
626 520
466 225
660 700
250 225
337 626
396 626
795 396
680 342
13 225
693 795
635 795
398 396
5 693
389 396
52 250
571 595
778 52
605 396
426 605
608 389
648 52
53 396
737 52
485 737
7 571
76 485
79 7
88 485
421 53
456 337
708 605
694 421
95 398
682 485
299 7
218 605
553 218
283 553
698 283
268 283
102 682
91 283
104 7
275 79
547 95
362 104
684 104
45 778
323 362
785 95
244 45
338 275
369 362
340 362
570 682
124 244
554 785
18 299
454 124
611 299
566 570
612 611
515 362
207 554
568 682
760 283
216 611
312 611
144 570
75 565 334 368 
75 565
334 565
368 334
197 471 424 
471 424
197 424
447 687 74 181 615 766 673 85 488 751 745 71 82 438 492 108 546 390 162 175 25 752 4 484 483 152 475 295 375 123 78 57 169 721 480 709 702 567 269 772 474 415 39 526 592 717 434 343 779 679 787 265 87 486 490 165 133 696 58 507 280 
447 687
74 447
181 447
615 447
766 447
673 181
85 673
488 673
751 673
745 766
71 673
82 673
438 71
492 74
108 492
546 488
390 546
162 108
175 108
25 108
752 82
4 25
484 546
483 484
152 484
475 152
295 484
375 475
123 484
78 484
57 295
169 152
721 295
480 57
709 484
702 480
567 702
269 169
772 567
474 269
415 474
39 269
526 702
592 78
717 415
434 269
343 717
779 57
679 343
787 592
265 39
87 592
486 415
490 717
165 480
133 779
696 87
58 39
507 696
280 507
110 518 309 770 781 373 499 665 230 28 453 410 425 183 533 303 624 493 176 140 748 432 31 402 754 622 302 593 188 720 569 122 286 263 463 572 564 
110 518
309 110
770 518
781 518
373 781
499 770
665 110
230 309
28 781
453 499
410 453
425 309
183 518
533 770
303 425
624 309
493 518
176 410
140 453
748 183
432 410
31 309
402 770
754 425
622 410
302 410
593 425
188 748
720 410
569 188
122 402
286 754
263 493
463 286
572 720
564 188
119 519 705 789 114 736 769 723 729 655 528 634 180 360 101 677 2 506 
119 519
705 119
789 119
114 519
736 519
769 736
723 519
729 519
655 789
528 519
634 789
180 769
360 729
101 736
677 360
2 180
506 655
143 712 267 215 
143 712
267 143
215 143
12 625 741 331 548 160 138 365 
12 625
741 12
331 12
548 625
160 331
138 625
365 331
174 765 324 106 198 522 
174 765
324 174
106 765
198 765
522 765
409 481 460 50 153 783 761 209 536 621 276 727 467 755 509 163 
409 481
460 481
50 409
153 481
783 460
761 153
209 153
536 783
621 536
276 783
727 761
467 783
755 50
509 727
163 509
464 495 458 412 355 642 
464 495
458 495
412 458
355 412
642 412
242 357 724 301 262 497 
242 357
724 357
301 724
262 357
497 357
63 616 749 739 501 706 239 296 341 271 545 0 34 647 
63 616
749 63
739 616
501 749
706 501
239 739
296 239
341 706
271 239
545 739
0 271
34 239
647 501
351 793 707 658 256 
351 793
707 793
658 351
256 707
450 596 650 328 213 
450 596
650 450
328 650
213 450
578 689 93 238 
578 689
93 689
238 93
47 282 289 773 597 
47 282
289 47
773 282
597 47
168 
598 759 10 491 56 411 440 384 582 204 738 279 232 
598 759
10 598
491 10
56 491
411 491
440 759
384 759
582 56
204 411
738 384
279 204
232 440
325 449 103 55 154 487 740 472 
325 449
103 325
55 325
154 325
487 325
740 325
472 55
77 330 228 166 151 685 662 461 586 394 437 29 3 72 504 16 663 798 157 618 653 776 161 388 556 287 187 429 92 670 191 179 589 799 405 788 775 756 560 436 237 378 358 532 758 221 416 11 730 401 
77 330
228 77
166 330
151 228
685 77
662 330
461 330
586 77
394 330
437 330
29 662
3 166
72 586
504 461
16 72
663 394
798 394
157 461
618 166
653 157
776 798
161 29
388 151
556 388
287 388
187 556
429 228
92 157
670 72
191 16
179 388
589 556
799 798
405 151
788 157
775 556
756 72
560 388
436 157
237 437
378 237
358 187
532 560
758 358
221 788
416 798
11 799
730 378
401 378
73 657 274 725 
73 657
274 73
725 657
37 259 524 550 8 134 523 105 627 308 628 212 84 645 227 610 640 791 170 743 314 774 637 379 164 336 33 293 747 49 549 305 636 
37 259
524 259
550 524
8 37
134 550
523 550
105 8
627 105
308 8
628 627
212 524
84 308
645 84
227 550
610 628
640 628
791 523
170 84
743 628
314 550
774 610
637 84
379 523
164 610
336 743
33 336
293 227
747 164
49 379
549 164
305 743
636 84
414 713 459 264 
414 713
459 713
264 414
211 252 535 594 
211 252
535 211
594 535
86 
534 646 796 514 
534 646
796 534
514 534
70 349 782 226 
70 349
782 70
226 70
126 697 797 408 120 538 
126 697
797 126
408 126
120 126
538 408
339 652 
339 652
297 306 692 445 617 574 66 557 192 517 716 728 
297 306
692 297
445 306
617 692
574 617
66 692
557 306
192 617
517 66
716 557
728 617
178 583 370 249 367 348 
178 583
370 583
249 583
367 583
348 583
27 742 83 731 304 236 763 715 502 407 691 273 146 298 359 479 575 115 704 68 418 190 
27 742
83 27
731 742
304 742
236 27
763 742
715 731
502 236
407 715
691 27
273 407
146 502
298 731
359 273
479 359
575 502
115 407
704 731
68 502
418 479
190 731
117 462 38 24 235 671 710 329 374 202 22 433 780 258 542 257 42 703 
117 462
38 462
24 38
235 38
671 38
710 671
329 117
374 117
202 235
22 24
433 235
780 329
258 329
542 710
257 22
42 202
703 42
527 666 148 631 89 404 767 40 
527 666
148 666
631 527
89 148
404 631
767 404
40 89
559 732 26 711 158 746 376 
559 732
26 732
711 26
158 26
746 732
376 732
651 735 387 116 406 
651 735
387 651
116 387
406 387
51 525 601 521 
51 525
601 525
521 525
503 540 641 516 48 718 619 629 23 294 208 277 60 135 661 590 125 690 131 285 172 
503 540
641 503
516 641
48 503
718 641
619 503
629 540
23 516
294 48
208 540
277 23
60 277
135 277
661 540
590 60
125 48
690 277
131 125
285 60
172 60
356 633 688 223 591 327 686 64 32 96 511 290 613 512 80 699 719 431 371 
356 633
688 633
223 356
591 688
327 356
686 223
64 223
32 327
96 327
511 32
290 223
613 64
512 688
80 511
699 32
719 512
431 699
371 64
109 111 395 391 558 62 246 292 470 270 344 229 588 581 
109 111
395 109
391 395
558 109
62 111
246 109
292 246
470 391
270 62
344 395
229 270
588 558
581 391
318 579 245 561 129 196 361 587 435 182 261 352 543 194 199 599 137 345 750 768 757 638 
318 579
245 579
561 318
129 318
196 561
361 579
587 318
435 245
182 196
261 318
352 561
543 352
194 245
199 352
599 194
137 194
345 561
750 345
768 599
757 129
638 137
498 584 251 317 319 248 322 139 676 222 363 278 
498 584
251 584
317 584
319 498
248 584
322 498
139 584
676 319
222 317
363 248
278 363
36 654 478 
36 654
36 478
281 444 173 541 354 562 537 555 255 15 97 99 149 744 127 193 620 446 150 400 
281 444
173 444
541 444
354 444
562 444
537 173
555 444
255 281
15 173
97 555
99 97
149 562
744 537
127 15
193 127
620 193
446 193
150 446
400 446
19 128 786 607 142 656 664 609 468 307 136 377 794 333 81 
19 128
786 19
607 19
142 19
656 607
664 142
609 607
468 656
307 468
136 656
377 609
794 664
333 377
81 468
189 678 714 353 288 147 1 482 30 326 397 90 
189 678
714 678
353 714
288 678
147 353
1 353
482 353
30 189
326 189
397 482
90 147
220 777 14 675 606 231 644 43 576 423 630 386 382 672 455 529 6 35 107 65 
220 777
14 777
675 777
606 777
231 675
644 777
43 777
576 220
423 606
630 423
386 606
382 423
672 382
455 220
529 14
6 386
35 644
107 529
65 672
