? 7 416 435 621 754 139 190 514 
? 7 558 701 131 39 433 2 123 
? 7 333 619 546 308 287 512 314 
? 7 201 540 507 209 359 539 83 
? 7 353 529 197 242 574 177 782 
? 7 61 77 112 182 345 141 239 
? 6 422 524 373 168 154 624 
? 6 565 736 618 429 340 310 
? 6 503 610 230 237 746 784 
? 6 277 362 523 595 306 666 
? 6 386 488 366 81 341 598 
? 6 638 795 431 377 615 576 
? 6 185 445 236 437 646 439 
? 5 25 742 790 480 694 
? 5 342 499 384 85 47 
? 5 199 207 79 691 121 
? 5 49 99 217 347 44 
? 4 298 665 206 587 
? 3 135 741 483 
? 3 324 410 727 
? 3 535 717 32 
? 3 292 425 46 
? 3 404 446 122 
? 3 580 625 522 
? 3 689 750 474 
? 3 541 695 351 
!
486 
441 588 254 76 189 730 38 508 734 48 
441 588
254 588
76 588
189 254
730 189
38 254
508 588
734 588
48 189
69 383 440 295 770 567 96 269 45 662 388 
69 383
440 69
295 69
770 383
567 69
96 69
269 96
45 69
662 69
388 383
245 632 525 700 20 648 616 321 56 118 493 464 243 389 780 791 67 669 364 82 417 683 697 786 543 11 380 127 395 438 596 167 725 729 518 628 550 
245 632
525 632
700 632
20 700
648 632
616 525
321 648
56 525
118 245
493 20
464 525
243 648
389 245
780 20
791 118
67 493
669 780
364 648
82 389
417 82
683 417
697 243
786 493
543 780
11 464
380 648
127 67
395 56
438 118
596 438
167 364
725 493
729 417
518 493
628 683
550 82
603 740 313 602 36 613 305 387 285 22 706 713 707 80 54 515 421 627 455 506 
603 740
313 603
602 740
36 740
613 603
305 313
387 602
285 603
22 603
706 305
713 603
707 387
80 603
54 740
515 80
421 305
627 515
455 515
506 80
372 405 
372 405
185 445 236 437 646 439 
185 437
185 445
236 439
445 236
445 646
164 561 589 278 172 674 414 279 
164 561
589 561
278 589
172 589
674 172
414 164
279 164
202 496 132 645 705 88 6 457 
202 496
132 202
645 496
705 202
88 132
6 645
457 496
329 597 551 346 476 763 631 126 134 756 251 252 532 712 248 456 497 31 102 
329 597
551 329
346 329
476 597
763 597
631 551
126 551
134 329
756 329
251 126
252 597
532 346
712 329
248 532
456 532
497 712
31 456
102 248
61 77 112 182 345 141 239 
112 345
77 141
61 141
112 182
61 345
61 239
470 
374 548 349 647 335 608 693 678 57 191 408 620 478 74 275 42 193 
374 548
349 548
647 374
335 374
608 647
693 335
678 647
57 349
191 374
408 374
620 191
478 335
74 620
275 191
42 335
193 335
208 447 86 385 225 94 764 62 276 583 175 186 676 311 334 778 436 171 294 419 183 673 739 634 393 205 626 591 732 605 460 111 428 710 223 403 641 174 204 158 432 138 466 70 233 475 108 361 72 367 472 530 664 703 51 97 573 222 64 1 494 338 581 282 235 684 406 606 
208 447
86 208
385 208
225 447
94 86
764 208
62 208
276 225
583 447
175 276
186 764
676 276
311 175
334 385
778 276
436 385
171 778
294 764
419 94
183 175
673 171
739 419
634 175
393 175
205 294
626 385
591 673
732 175
605 334
460 175
111 778
428 591
710 334
223 710
403 175
641 403
174 710
204 641
158 739
432 174
138 205
466 710
70 111
233 403
475 204
108 475
361 605
72 175
367 205
472 739
530 111
664 108
703 204
51 70
97 403
573 233
222 174
64 573
1 70
494 367
338 367
581 703
282 64
235 710
684 70
406 466
606 1
590 612 698 169 59 687 280 344 604 462 289 745 640 468 
590 612
698 590
169 612
59 612
687 698
280 612
344 698
604 698
462 687
289 604
745 604
640 745
468 698
336 
49 99 217 347 44 
99 217
49 44
217 347
347 44
218 390 10 630 119 423 253 214 498 553 
218 390
10 390
630 390
119 390
423 390
253 423
214 630
498 10
553 10
617 755 477 449 12 793 534 409 744 798 575 5 655 
617 755
477 755
449 755
12 449
793 755
534 755
409 534
744 12
798 409
575 798
5 798
655 744
105 448 787 170 708 241 658 584 179 
105 448
787 448
170 448
708 448
241 448
658 448
584 241
179 658
638 795 431 377 615 576 
431 377
638 377
795 431
377 615
795 576
309 643 412 639 16 569 769 774 719 356 463 758 692 3 
309 643
412 309
639 309
16 309
569 639
769 309
774 639
719 309
356 719
463 309
758 774
692 719
3 309
144 538 772 232 531 382 29 528 320 451 473 73 152 43 330 
144 538
772 144
232 144
531 144
382 144
29 144
528 144
320 531
451 144
473 232
73 473
152 29
43 144
330 29
353 529 197 242 574 177 782 
529 242
197 177
197 782
529 177
353 574
353 177
452 681 60 426 461 140 255 743 479 656 502 151 723 688 766 593 
452 681
60 452
426 60
461 426
140 461
255 60
743 452
479 681
656 140
502 140
151 502
723 656
688 656
766 723
593 140
284 537 228 471 690 120 592 192 396 557 301 78 777 623 75 180 368 465 331 
284 537
228 284
471 284
690 228
120 537
592 537
192 537
396 537
557 690
301 690
78 284
777 284
623 557
75 228
180 228
368 120
465 192
331 557
257 735 266 354 731 434 318 260 767 240 633 547 785 26 
257 735
266 257
354 735
731 735
434 257
318 735
260 266
767 257
240 735
633 767
547 240
785 767
26 767
568 711 63 586 365 91 159 491 675 
568 711
63 711
586 711
365 568
91 63
159 711
491 586
675 159
541 695 351 
541 695
695 351
98 654 381 430 339 484 250 219 
98 654
381 654
430 654
339 98
484 98
250 484
219 430
689 750 474 
689 474
750 474
580 625 522 
580 625
625 522
24 720 188 130 487 511 212 519 722 343 545 663 
24 720
188 720
130 24
487 24
511 24
212 511
519 487
722 720
343 24
545 511
663 519
176 799 
176 799
404 446 122 
404 446
446 122
386 488 366 81 341 598 
81 598
488 81
366 341
488 341
386 488
315 562 65 559 685 216 307 129 7 716 317 
315 562
65 315
559 315
685 315
216 315
307 315
129 216
7 129
716 562
317 129
35 41 443 609 263 544 200 714 
35 41
443 35
609 35
263 443
544 443
200 443
714 35
201 540 507 209 359 539 83 
540 507
201 539
540 83
540 539
201 209
359 539
644 659 147 4 256 303 244 268 566 101 136 247 733 670 450 
644 659
147 644
4 147
256 147
303 644
244 4
268 4
566 244
101 147
136 244
247 101
733 256
670 147
450 4
333 619 546 308 287 512 314 
333 314
619 314
546 314
333 308
287 512
333 287
271 753 19 370 748 622 728 413 14 718 293 517 554 
271 753
19 271
370 271
748 753
622 370
728 753
413 271
14 753
718 728
293 728
517 370
554 622
90 274 411 146 117 737 721 792 181 319 84 150 391 527 585 762 
90 274
411 274
146 90
117 90
737 411
721 411
792 274
181 411
319 90
84 181
150 117
391 319
527 150
585 181
762 721
153 270 715 482 661 481 326 17 582 513 211 210 
153 270
715 270
482 153
661 270
481 715
326 270
17 715
582 715
513 715
211 661
210 715
55 652 599 332 738 485 679 162 299 
55 652
599 55
332 55
738 652
485 599
679 738
162 55
299 55
124 760 555 572 495 155 709 444 504 
124 760
555 760
572 760
495 124
155 760
709 495
444 572
504 555
489 642 749 128 21 781 267 699 442 52 109 751 221 328 516 258 
489 642
749 489
128 749
21 642
781 489
267 128
699 21
442 749
52 781
109 128
751 442
221 21
328 21
516 328
258 328
149 360 231 672 651 215 137 453 402 194 229 378 458 371 571 265 469 771 272 526 533 125 281 726 505 536 104 8 407 15 40 166 369 
149 360
231 149
672 360
651 360
215 149
137 231
453 149
402 231
194 149
229 215
378 651
458 360
371 378
571 231
265 402
469 231
771 469
272 231
526 402
533 526
125 458
281 533
726 378
505 726
536 771
104 726
8 771
407 726
15 526
40 726
166 526
369 40
133 
653 789 680 262 796 259 238 520 560 650 418 611 195 607 
653 789
680 789
262 789
796 653
259 653
238 653
520 789
560 520
650 520
418 259
611 418
195 418
607 520
300 773 649 490 322 145 163 352 66 358 226 37 93 
300 773
649 773
490 300
322 773
145 649
163 649
352 145
66 490
358 66
226 322
37 66
93 145
363 542 34 556 783 564 394 454 570 9 106 290 13 50 213 459 348 224 501 677 196 
363 542
34 363
556 542
783 363
564 363
394 564
454 34
570 394
9 564
106 564
290 564
13 556
50 34
213 290
459 9
348 290
224 9
501 556
677 564
196 348
277 362 523 595 306 666 
595 306
523 666
362 523
277 362
595 666
249 424 
249 424
376 759 765 325 68 500 173 401 657 578 521 323 
376 759
765 759
325 765
68 325
500 325
173 376
401 765
657 68
578 173
521 401
323 657
298 665 206 587 
665 587
298 665
298 206
503 610 230 237 746 784 
610 230
503 610
230 784
230 746
237 784
565 736 618 429 340 310 
565 736
736 429
618 340
565 618
340 310
199 207 79 691 121 
199 691
691 121
207 121
199 79
558 701 131 39 433 2 123 
39 433
558 39
558 701
701 131
131 2
701 123
246 350 768 23 563 113 398 579 702 288 58 71 667 415 18 0 165 397 157 
246 350
768 350
23 350
563 768
113 768
398 23
579 23
702 246
288 563
58 563
71 288
667 288
415 288
18 579
0 288
165 702
397 667
157 288
203 400 
203 400
115 
198 635 
198 635
292 425 46 
292 425
292 46
107 775 797 160 682 379 788 184 312 327 316 420 636 89 668 143 283 30 148 264 161 
107 775
797 775
160 107
682 107
379 682
788 160
184 107
312 184
327 184
316 160
420 682
636 184
89 379
668 312
143 379
283 379
30 312
148 283
264 283
161 420
600 614 95 629 752 552 33 686 304 291 103 227 467 427 110 637 761 87 392 234 261 297 53 27 747 671 142 510 28 776 355 220 116 724 492 
600 614
95 614
629 600
752 600
552 614
33 600
686 600
304 600
291 614
103 552
227 552
467 552
427 614
110 614
637 33
761 33
87 291
392 467
234 552
261 87
297 33
53 629
27 392
747 552
671 53
142 392
510 87
28 297
776 28
355 392
220 87
116 28
724 671
492 355
342 499 384 85 47 
499 384
499 85
342 47
342 499
422 524 373 168 154 624 
524 624
422 524
168 624
524 373
154 624
549 601 779 757 337 286 357 509 375 187 92 100 296 704 
549 601
779 549
757 601
337 601
286 779
357 779
509 286
375 509
187 337
92 187
100 92
296 286
704 92
535 717 32 
535 32
535 717
324 410 727 
324 410
324 727
25 742 790 480 694 
742 790
790 480
25 790
25 694
178 794 696 577 399 594 156 114 273 302 660 
178 794
696 178
577 794
399 178
594 399
156 178
114 794
273 114
302 696
660 114
135 741 483 
135 741
741 483
416 435 621 754 139 190 514 
435 190
435 139
416 190
621 139
416 514
416 754
