? 7 88 202 496 132 6 457 645 
? 7 499 550 618 438 384 217 507 
? 7 604 687 443 462 289 263 468 
? 7 70 111 445 51 530 185 236 
? 7 41 440 567 714 141 295 372 
? 7 308 619 333 480 287 314 331 
? 6 296 509 397 424 239 345 
? 6 85 540 201 446 83 209 
? 6 277 362 523 595 736 347 
? 6 258 328 283 221 646 89 
? 6 561 589 133 414 351 279 
? 6 135 195 483 44 47 342 
? 6 186 294 460 311 393 72 
? 5 253 498 666 541 122 
? 5 401 500 728 657 14 
? 5 25 232 742 790 324 
? 5 512 640 535 717 200 
? 4 503 785 173 230 
? 3 5 323 99 
? 3 368 396 663 
? 3 3 539 17 
? 3 247 670 580 
? 3 121 691 326 
? 3 168 373 425 
? 3 45 182 702 
? 3 46 524 410 
!
729 
178 794 577 399 594 660 486 587 250 156 
178 794
577 794
399 577
594 399
660 794
486 794
587 794
250 794
156 594
416 435 621 139 754 190 514 546 705 114 273 
416 435
621 416
139 416
754 435
190 435
514 190
546 416
705 190
114 416
273 114
603 740 313 602 613 36 305 387 706 54 707 421 713 285 22 196 290 627 80 515 454 394 677 564 348 213 9 106 506 455 459 224 235 34 570 50 470 
603 740
313 740
602 740
613 740
36 740
305 313
387 602
706 305
54 603
707 387
421 603
713 305
285 603
22 603
196 603
290 713
627 290
80 54
515 627
454 515
394 290
677 290
564 394
348 627
213 515
9 564
106 348
506 290
455 515
459 707
224 459
235 459
34 394
570 34
50 394
470 224
90 274 411 737 319 721 117 792 391 181 585 381 146 625 762 527 576 101 422 84 
90 274
411 90
737 411
319 90
721 411
117 274
792 274
391 90
181 391
585 181
381 721
146 90
625 181
762 721
527 381
576 117
101 181
422 721
84 101
684 784 
684 784
186 294 460 311 393 72 
186 393
294 393
294 311
460 393
393 72
55 652 332 738 336 581 303 624 
55 652
332 652
738 652
336 738
581 55
303 581
624 652
98 162 430 654 299 339 485 219 
98 162
430 98
654 430
299 162
339 98
485 162
219 162
680 789 653 259 262 611 796 741 520 560 418 650 310 607 695 340 565 216 429 
680 789
653 789
259 789
262 653
611 680
796 259
741 680
520 789
560 520
418 611
650 520
310 796
607 796
695 259
340 310
565 418
216 520
429 418
308 619 333 480 287 314 331 
480 314
333 314
619 480
308 333
287 331
333 287
404 
153 270 719 715 465 661 582 482 774 356 692 210 513 211 199 167 481 
153 270
719 153
715 270
465 153
661 715
582 661
482 465
774 719
356 719
692 153
210 715
513 715
211 270
199 153
167 582
481 715
149 360 231 215 672 371 137 651 272 194 402 453 378 265 458 571 469 229 533 505 526 726 281 536 771 125 166 369 8 407 15 124 104 760 40 638 538 152 795 366 555 491 377 504 598 93 431 29 772 203 495 451 488 155 405 144 522 330 734 400 48 145 81 352 386 150 43 189 
149 360
231 149
215 360
672 360
371 360
137 149
651 360
272 149
194 231
402 149
453 137
378 371
265 402
458 378
571 231
469 402
229 231
533 265
505 378
526 533
726 378
281 402
536 231
771 469
125 726
166 402
369 726
8 771
407 726
15 526
124 15
104 125
760 124
40 726
638 407
538 281
152 124
795 458
366 795
555 760
491 8
377 407
504 369
598 104
93 491
431 726
29 152
772 538
203 93
495 152
451 469
488 598
155 555
405 93
144 772
522 555
330 152
734 488
400 772
48 366
145 93
81 48
352 93
386 555
150 555
43 451
189 48
127 617 755 534 477 683 497 575 409 798 518 628 293 449 
127 617
755 617
534 127
477 534
683 127
497 755
575 617
409 617
798 575
518 617
628 755
293 575
449 755
252 
512 640 535 717 200 
512 640
512 717
640 535
535 200
448 787 179 105 170 241 584 708 484 353 
448 787
179 448
105 448
170 448
241 179
584 241
708 448
484 170
353 584
300 773 649 490 163 322 66 365 96 37 269 63 662 
300 773
649 773
490 773
163 773
322 649
66 163
365 322
96 66
37 365
269 96
63 66
662 96
489 642 52 699 442 781 21 115 516 
489 642
52 489
699 642
442 489
781 442
21 52
115 442
516 21
135 195 483 44 47 342 
135 342
195 44
195 47
195 342
483 47
60 452 681 426 461 255 140 109 193 267 502 128 749 479 
60 452
681 452
426 452
461 426
255 452
140 426
109 60
193 109
267 255
502 140
128 267
749 128
479 267
208 447 764 86 225 385 276 436 334 94 62 183 175 171 778 
208 447
764 447
86 208
225 447
385 86
276 447
436 385
334 385
94 385
62 447
183 276
175 183
171 94
778 171
41 440 567 714 141 295 372 
714 141
295 372
41 372
41 440
567 714
440 567
309 639 724 643 16 569 769 463 79 758 799 10 390 207 359 553 
309 639
724 309
643 724
16 309
569 724
769 639
463 569
79 769
758 16
799 309
10 463
390 10
207 79
359 79
553 359
563 768 246 350 113 23 398 288 415 779 667 579 549 0 71 58 601 357 165 
563 768
246 768
350 246
113 350
23 350
398 768
288 563
415 288
779 288
667 415
579 23
549 779
0 779
71 288
58 246
601 549
357 667
165 768
244 450 494 4 733 256 147 644 659 566 367 338 136 268 
244 450
494 244
4 450
733 4
256 4
147 256
644 256
659 644
566 659
367 494
338 4
136 338
268 147
108 641 475 205 583 664 676 679 138 
108 641
475 108
205 108
583 641
664 641
676 205
679 641
138 108
46 524 410 
46 410
46 524
558 701 433 658 750 439 545 198 
558 701
433 701
658 558
750 701
439 701
545 439
198 439
45 182 702 
45 182
182 702
168 373 425 
168 373
168 425
370 622 271 19 517 753 278 748 554 521 164 413 
370 622
271 622
19 622
517 622
753 271
278 370
748 271
554 622
521 19
164 370
413 622
572 727 
572 727
121 691 326 
121 326
691 326
561 589 133 414 351 279 
414 279
561 589
133 414
561 351
561 414
254 615 441 38 588 730 76 341 508 444 154 
254 615
441 254
38 615
588 441
730 38
76 441
341 588
508 441
444 76
154 444
112 770 358 69 388 77 61 383 
112 770
358 112
69 770
388 770
77 112
61 77
383 69
70 111 445 51 530 185 236 
70 111
530 185
111 530
445 51
445 185
445 236
257 735 354 266 260 767 731 318 434 547 237 26 131 240 633 
257 735
354 735
266 257
260 266
767 260
731 767
318 731
434 767
547 257
237 767
26 257
131 735
240 266
633 767
604 687 443 462 289 263 468 
604 687
604 263
462 468
443 263
289 468
687 289
24 720 343 519 212 130 487 511 123 722 689 39 2 
24 720
343 24
519 720
212 24
130 24
487 519
511 24
123 24
722 212
689 24
39 722
2 24
284 537 228 471 120 690 592 192 75 301 249 557 180 78 355 623 
284 537
228 284
471 284
120 537
690 228
592 537
192 537
75 537
301 537
249 690
557 690
180 284
78 192
355 228
623 355
382 531 473 73 528 320 694 696 709 665 302 292 
382 531
473 382
73 473
528 531
320 528
694 531
696 73
709 320
665 531
302 696
292 531
223 710 626 605 739 419 673 634 501 
223 710
626 710
605 223
739 710
419 739
673 419
634 673
501 419
590 612 169 698 745 59 280 344 492 
590 612
169 590
698 612
745 612
59 590
280 612
344 59
492 590
329 597 551 126 346 631 763 134 756 248 476 610 251 102 712 31 
329 597
551 597
126 329
346 597
631 597
763 346
134 329
756 597
248 329
476 631
610 597
251 763
102 248
712 329
31 329
525 632 245 700 56 20 616 648 669 493 243 118 321 464 780 697 543 67 791 596 793 725 786 82 395 11 417 635 188 389 364 380 176 
525 632
245 632
700 525
56 632
20 700
616 632
648 632
669 56
493 20
243 648
118 245
321 648
464 118
780 56
697 243
543 780
67 700
791 118
596 632
793 67
725 780
786 700
82 118
395 632
11 243
417 82
635 243
188 697
389 417
364 321
380 364
176 697
74 
376 759 655 12 766 723 68 656 744 765 325 151 593 718 
376 759
655 759
12 655
766 759
723 759
68 655
656 723
744 655
765 655
325 68
151 656
593 151
718 744
363 542 406 606 783 472 13 466 158 222 361 174 432 
363 542
406 542
606 542
783 542
472 606
13 406
466 406
158 363
222 406
361 222
174 466
432 406
374 548 349 647 335 678 478 532 57 456 693 608 408 620 746 743 191 751 275 688 42 
374 548
349 548
647 374
335 374
678 548
478 374
532 647
57 349
456 647
693 548
608 647
408 349
620 532
746 335
743 548
191 647
751 335
275 743
688 620
42 335
258 328 283 221 646 89 
221 89
328 646
258 221
646 89
283 646
238 306 
238 306
65 315 562 559 685 307 129 317 716 172 7 674 
65 315
562 315
559 315
685 315
307 562
129 685
317 129
716 129
172 685
7 317
674 317
503 785 173 230 
503 173
503 785
503 230
277 362 523 595 736 347 
362 523
595 347
523 736
277 362
277 347
85 540 201 446 83 209 
85 540
540 83
446 83
85 201
201 209
25 232 742 790 324 
742 790
25 790
25 324
25 232
499 550 618 438 384 217 507 
550 438
499 550
550 507
438 384
618 507
217 507
64 573 282 197 403 732 529 242 97 233 782 599 703 591 177 574 437 204 428 
64 573
282 64
197 573
403 573
732 403
529 197
242 529
97 573
233 732
782 64
599 782
703 403
591 732
177 782
574 529
437 282
204 703
428 732
474 578 
474 578
49 
206 298 
206 298
247 670 580 
247 670
247 580
107 775 160 379 30 797 682 312 788 327 143 1 184 148 264 420 316 636 668 161 556 
107 775
160 775
379 107
30 775
797 160
682 379
312 775
788 160
327 30
143 788
1 797
184 312
148 682
264 379
420 682
316 143
636 312
668 312
161 420
556 797
600 614 95 629 752 552 291 227 33 467 103 304 761 686 637 87 27 261 392 53 297 110 747 234 671 427 142 777 704 776 28 412 510 119 116 
600 614
95 614
629 95
752 600
552 614
291 600
227 629
33 752
467 552
103 552
304 600
761 600
686 103
637 33
87 33
27 614
261 87
392 467
53 686
297 33
110 392
747 467
234 103
671 227
427 637
142 392
777 392
704 53
776 297
28 297
412 671
510 87
119 671
116 297
401 500 728 657 14 
728 14
401 500
500 728
401 657
296 509 397 424 239 345 
296 239
296 509
509 424
424 345
397 424
92 100 187 630 214 337 757 218 220 157 423 286 18 375 
92 100
187 92
630 100
214 630
337 92
757 337
218 630
220 757
157 220
423 218
286 220
18 757
375 286
3 539 17 
3 17
539 17
368 396 663 
368 396
396 663
253 498 666 541 122 
498 122
498 666
253 122
541 122
568 711 586 159 32 35 544 675 91 609 226 
568 711
586 711
159 711
32 568
35 586
544 159
675 159
91 35
609 35
226 711
5 323 99 
5 323
323 99
88 202 496 132 6 457 645 
88 202
132 457
202 132
6 645
88 496
496 6
