? 7 132 202 496 88 6 457 663 
? 7 308 619 333 287 675 480 314 
? 7 555 760 522 155 572 709 369 
? 7 415 779 0 509 357 375 18 
? 7 339 654 422 46 250 320 292 
? 7 61 77 182 165 45 345 567 
? 6 224 235 459 222 361 50 
? 6 5 798 323 618 384 49 
? 6 340 741 565 135 279 351 
? 6 253 423 498 359 666 541 
? 6 443 544 91 512 41 640 
? 6 170 787 105 206 486 665 
? 6 277 362 523 736 595 306 
? 5 488 734 386 377 598 
? 5 154 373 219 425 624 
? 5 460 475 303 664 566 
? 5 440 714 388 200 424 
? 4 167 446 404 691 
? 3 47 347 483 
? 3 504 576 76 
? 3 44 342 414 
? 3 168 298 410 
? 3 727 742 324 
? 3 239 372 535 
? 3 341 638 580 
? 3 31 252 230 
!
790 
435 621 416 139 705 546 273 190 514 645 
435 621
416 621
139 435
705 435
546 621
273 416
190 705
514 416
645 190
558 701 708 433 179 584 658 241 754 750 448 
558 701
708 701
433 558
179 701
584 708
658 584
241 658
754 179
750 558
448 658
525 632 245 700 56 20 616 648 493 464 669 243 118 543 780 786 697 321 11 121 395 82 67 389 364 725 791 474 417 793 188 628 380 635 127 212 409 
525 632
245 632
700 632
56 525
20 700
616 20
648 245
493 20
464 525
669 525
243 464
118 245
543 669
780 543
786 632
697 243
321 697
11 243
121 632
395 525
82 118
67 82
389 67
364 648
725 493
791 118
474 20
417 82
793 616
188 669
628 417
380 364
635 11
127 67
212 493
409 417
153 270 719 715 465 356 482 661 207 513 17 774 582 192 692 3 481 211 210 643 
153 270
719 153
715 270
465 270
356 719
482 270
661 715
207 270
513 715
17 270
774 719
582 661
192 774
692 465
3 513
481 715
211 715
210 513
643 774
393 684 
393 684
277 362 523 736 595 306 
595 306
362 523
523 736
277 362
277 306
151 502 401 728 74 14 293 102 
151 502
401 151
728 401
74 151
14 728
293 728
102 74
172 589 517 278 561 164 521 657 
172 589
517 589
278 517
561 517
164 561
521 517
657 521
653 789 680 259 238 262 796 520 310 650 560 607 418 429 65 133 695 195 611 
653 789
680 789
259 789
238 789
262 789
796 789
520 262
310 680
650 520
560 520
607 789
418 680
429 418
65 560
133 520
695 796
195 680
611 418
61 77 182 165 45 345 567 
61 567
61 345
182 345
61 77
182 45
61 165
545 
376 759 655 723 12 766 744 656 68 765 325 620 593 275 718 743 500 
376 759
655 376
723 759
12 376
766 759
744 655
656 723
68 655
765 68
325 68
620 766
593 723
275 723
718 68
743 620
500 325
107 775 160 379 797 788 143 316 184 148 682 312 13 89 283 264 783 556 161 420 472 1 185 42 327 501 606 516 478 445 646 34 328 30 363 442 668 751 570 51 636 542 21 394 784 746 503 454 335 52 564 221 236 106 678 699 781 70 348 260 115 266 406 290 111 610 627 515 
107 775
160 775
379 107
797 775
788 379
143 379
316 788
184 775
148 107
682 379
312 184
13 316
89 143
283 379
264 316
783 797
556 783
161 682
420 161
472 556
1 556
185 556
42 682
327 312
501 1
606 556
516 379
478 161
445 312
646 379
34 606
328 379
30 161
363 34
442 42
668 30
751 442
570 783
51 445
636 312
542 363
21 328
394 363
784 184
746 42
503 312
454 34
335 161
52 442
564 394
221 328
236 445
106 394
678 503
699 442
781 42
70 1
348 106
260 312
115 316
266 260
406 363
290 348
111 70
610 503
627 348
515 627
590 612 698 344 59 687 745 280 296 604 289 462 468 263 
590 612
698 590
344 612
59 612
687 698
745 590
280 612
296 59
604 698
289 604
462 604
468 289
263 604
405 
440 714 388 200 424 
388 424
714 424
440 388
440 200
568 711 586 63 159 32 203 491 609 35 
568 711
586 711
63 711
159 711
32 159
203 711
491 711
609 711
35 63
55 652 332 679 738 162 98 484 299 336 430 581 353 
55 652
332 652
679 55
738 652
162 652
98 162
484 162
299 98
336 679
430 738
581 679
353 55
271 753 19 370 622 748 575 413 554 
271 753
19 753
370 19
622 370
748 622
575 753
413 370
554 19
170 787 105 206 486 665 
170 206
170 105
486 665
787 105
206 486
300 773 649 322 490 163 66 145 352 226 93 37 365 295 
300 773
649 773
322 649
490 300
163 773
66 773
145 649
352 322
226 490
93 145
37 322
365 322
295 66
90 274 411 737 721 117 792 625 146 150 319 381 527 444 524 
90 274
411 90
737 274
721 411
117 90
792 117
625 411
146 274
150 737
319 792
381 721
527 381
444 527
524 411
339 654 422 46 250 320 292 
339 320
320 292
339 654
46 250
250 320
654 422
374 548 349 647 57 608 693 456 408 191 479 532 193 173 688 60 
374 548
349 374
647 548
57 374
608 548
693 548
456 647
408 349
191 57
479 374
532 456
193 374
173 532
688 456
60 349
4 147 256 733 101 181 450 585 268 84 644 762 244 494 670 136 659 391 247 
4 147
256 147
733 4
101 733
181 101
450 4
585 181
268 147
84 585
644 4
762 147
244 450
494 244
670 4
136 4
659 644
391 256
247 147
128 749 489 267 642 109 255 681 452 258 426 506 461 140 
128 749
489 749
267 128
642 489
109 267
255 267
681 109
452 681
258 642
426 452
506 258
461 426
140 426
617 755 477 712 683 578 518 449 534 
617 755
477 755
712 755
683 617
578 617
518 617
449 755
534 683
31 252 230 
31 252
252 230
223 710 605 466 626 334 470 174 
223 710
605 710
466 710
626 223
334 223
470 710
174 605
341 638 580 
341 638
341 580
239 372 535 
372 535
239 535
254 615 189 38 441 588 48 730 366 81 431 508 
254 615
189 254
38 189
441 254
588 441
48 189
730 48
366 189
81 48
431 366
508 588
176 729 
176 729
727 742 324 
727 324
742 324
443 544 91 512 41 640 
443 544
443 41
91 640
544 91
512 640
507 540 438 201 499 85 83 539 550 209 596 
507 540
438 540
201 540
499 507
85 507
83 438
539 201
550 499
209 201
596 83
205 294 108 367 676 138 641 338 
205 294
108 205
367 205
676 108
138 205
641 108
338 108
415 779 0 509 357 375 18 
415 779
0 357
779 509
415 375
779 0
0 18
257 735 354 731 318 547 767 240 434 785 633 26 237 131 39 
257 735
354 257
731 257
318 735
547 735
767 257
240 257
434 767
785 257
633 767
26 735
237 731
131 318
39 547
555 760 522 155 572 709 369 
572 709
760 522
522 709
555 760
555 155
155 369
329 597 551 346 126 631 476 763 134 756 497 251 248 
329 597
551 597
346 329
126 597
631 551
476 631
763 329
134 329
756 631
497 329
251 631
248 497
309 639 724 16 412 569 769 79 758 326 119 463 10 390 799 553 
309 639
724 309
16 309
412 724
569 309
769 309
79 639
758 412
326 309
119 569
463 16
10 463
390 463
799 412
553 79
178 577 794 594 73 399 660 696 302 114 587 156 
178 577
794 178
594 178
73 178
399 594
660 178
696 73
302 73
114 794
587 794
156 594
269 358 112 69 96 383 662 770 141 
269 358
112 358
69 269
96 69
383 69
662 269
770 112
141 358
171 778 673 419 225 634 311 530 739 
171 778
673 778
419 171
225 171
634 673
311 673
530 778
739 171
538 772 144 29 152 382 25 232 531 43 330 528 694 473 400 495 
538 772
144 772
29 144
152 144
382 144
25 144
232 382
531 144
43 772
330 772
528 382
694 531
473 382
400 473
495 152
600 614 629 95 467 752 552 33 291 227 103 637 87 304 686 761 110 53 261 297 392 75 427 747 234 142 27 776 671 286 510 28 355 
600 614
629 614
95 600
467 614
752 600
552 467
33 629
291 752
227 629
103 552
637 600
87 600
304 291
686 227
761 33
110 614
53 686
261 87
297 637
392 110
75 103
427 95
747 552
234 103
142 392
27 75
776 297
671 53
286 261
510 87
28 297
355 392
199 
92 100 116 187 630 214 704 337 757 601 157 549 220 218 
92 100
116 92
187 100
630 100
214 116
704 630
337 187
757 337
601 757
157 601
549 601
220 549
218 630
208 447 94 276 86 764 385 436 62 183 175 186 583 
208 447
94 447
276 447
86 208
764 447
385 208
436 385
62 447
183 276
175 183
186 764
583 764
64 573 282 732 242 782 197 574 97 177 599 529 233 703 403 428 437 591 485 72 204 
64 573
282 64
732 573
242 573
782 242
197 242
574 573
97 573
177 197
599 197
529 242
233 573
703 599
403 703
428 732
437 64
591 428
485 599
72 732
204 703
253 423 498 359 666 541 
423 359
498 359
498 666
253 359
498 541
198 717 
198 717
24 720 130 519 123 487 511 722 439 343 2 689 
24 720
130 24
519 720
123 24
487 519
511 24
722 720
439 722
343 24
2 439
689 722
167 446 404 691 
167 446
446 691
446 404
340 741 565 135 279 351 
340 279
340 565
741 565
135 279
135 351
5 798 323 618 384 49 
618 49
5 323
5 384
798 323
798 618
460 475 303 664 566 
460 566
475 664
475 303
460 303
308 619 333 287 675 480 314 
480 314
333 314
619 480
308 333
619 675
333 287
284 537 228 690 471 301 249 557 78 180 120 592 623 492 368 396 331 777 169 
284 537
228 284
690 228
471 537
301 284
249 537
557 690
78 284
180 537
120 284
592 537
623 690
492 228
368 120
396 368
331 690
777 623
169 557
158 432 
158 432
122 
99 217 
99 217
168 298 410 
298 410
168 410
603 740 313 602 36 305 613 285 387 706 713 22 707 213 9 54 80 421 677 196 455 
603 740
313 603
602 740
36 740
305 313
613 740
285 740
387 602
706 313
713 603
22 740
707 387
213 740
9 22
54 36
80 305
421 305
677 213
196 285
455 80
149 360 231 672 215 137 453 651 371 378 402 194 229 272 458 265 571 505 469 771 125 526 281 726 533 795 536 104 166 8 407 124 40 15 451 
149 360
231 149
672 360
215 231
137 149
453 149
651 672
371 137
378 371
402 149
194 149
229 231
272 229
458 371
265 402
571 672
505 265
469 402
771 469
125 371
526 402
281 526
726 378
533 526
795 265
536 771
104 726
166 281
8 771
407 726
124 526
40 795
15 124
451 281
154 373 219 425 624 
219 624
373 219
154 624
219 425
224 235 459 222 361 50 
222 361
224 50
224 361
224 235
235 459
246 350 768 23 113 563 579 398 702 58 397 71 667 288 
246 350
768 350
23 350
113 246
563 768
579 23
398 23
702 246
58 768
397 246
71 563
667 768
288 563
44 342 414 
342 414
44 414
504 576 76 
504 576
576 76
488 734 386 377 598 
734 598
488 377
488 598
488 386
315 562 559 307 216 685 129 317 674 7 716 
315 562
559 315
307 315
216 315
685 307
129 216
317 129
674 317
7 317
716 674
47 347 483 
47 483
47 347
132 202 496 88 6 457 663 
202 88
132 457
132 202
496 88
132 663
496 6
