? 7 355 623 777 392 228 690 557 
? 7 465 482 199 153 692 270 78 
? 7 58 350 113 23 246 398 579 
? 7 177 242 197 485 574 529 353 
? 7 416 621 139 435 190 546 480 
? 7 156 594 486 399 178 577 742 
? 6 88 457 496 368 396 202 
? 6 102 578 712 497 518 755 
? 6 400 451 538 43 25 675 
? 6 120 592 537 284 192 471 
? 6 534 575 477 744 449 617 
? 6 308 333 619 535 287 314 
? 6 377 488 504 431 366 576 
? 5 6 645 717 705 198 
? 5 36 313 305 706 80 
? 5 142 296 424 357 397 
? 5 489 642 258 746 420 
? 4 240 735 354 437 
? 3 438 507 83 
? 3 474 725 476 
? 3 112 182 77 
? 3 300 773 66 
? 3 326 513 553 
? 3 98 162 587 
? 3 10 423 218 
? 3 61 165 702 
!
792 
135 340 279 310 680 618 99 323 49 238 
135 340
279 340
310 135
680 310
618 279
99 618
323 99
49 618
238 680
372 443 263 91 544 604 41 745 462 640 512 
372 443
263 443
91 443
544 91
604 372
41 263
745 604
462 604
640 745
512 640
137 360 149 453 672 194 231 215 651 371 272 378 571 229 402 458 265 125 505 469 726 526 771 281 533 166 104 536 8 407 369 40 795 124 15 760 638 
137 360
149 360
453 137
672 137
194 149
231 194
215 231
651 453
371 651
272 215
378 371
571 272
229 272
402 571
458 378
265 402
125 458
505 458
469 571
726 125
526 265
771 229
281 526
533 281
166 281
104 726
536 771
8 536
407 726
369 104
40 104
795 104
124 526
15 124
760 15
638 407
82 729 417 389 409 683 67 791 550 384 499 118 5 786 127 798 628 793 596 217 
82 729
417 729
389 417
409 417
683 409
67 389
791 82
550 82
384 550
499 384
118 791
5 683
786 67
127 683
798 5
628 127
793 786
596 791
217 596
176 663 
176 663
377 488 504 431 366 576 
377 431
488 431
377 366
504 576
488 504
226 352 405 649 145 93 163 490 
226 352
405 226
649 352
145 649
93 405
163 649
490 163
250 302 206 696 660 299 484 794 
250 302
206 302
696 302
660 206
299 250
484 299
794 660
72 428 634 732 591 673 778 171 111 530 419 64 573 94 282 70 684 62 51 
72 428
634 72
732 428
591 72
673 634
778 673
171 778
111 591
530 111
419 171
64 732
573 64
94 419
282 64
70 111
684 70
62 94
51 684
156 594 486 399 178 577 742 
594 486
178 577
156 399
594 399
486 178
486 742
500 
7 674 561 317 129 172 716 164 554 589 414 216 607 133 517 685 278 
7 674
561 674
317 674
129 317
172 7
716 317
164 561
554 561
589 172
414 716
216 716
607 216
133 607
517 554
685 172
278 517
136 338 566 659 644 367 494 247 244 670 108 475 460 303 4 664 147 450 268 256 205 138 641 84 733 294 580 101 679 204 181 762 581 336 585 186 703 676 524 764 625 403 391 583 311 183 738 422 411 430 55 225 721 393 175 97 652 332 782 599 233 219 381 90 276 447 373 319 
136 338
566 136
659 338
644 659
367 338
494 566
247 644
244 494
670 247
108 367
475 108
460 108
303 659
4 670
664 460
147 4
450 244
268 147
256 4
205 460
138 205
641 664
84 268
733 256
294 205
580 84
101 84
679 303
204 641
181 101
762 580
581 679
336 679
585 101
186 205
703 204
676 186
524 580
764 186
625 585
403 204
391 625
583 676
311 583
183 583
738 336
422 524
411 762
430 422
55 336
225 311
721 411
393 183
175 183
97 703
652 55
332 652
782 97
599 55
233 97
219 430
381 422
90 411
276 225
447 225
373 381
319 391
56 525 616 632 700 464 245 20 669 648 493 780 243 543 
56 525
616 525
632 616
700 616
464 525
245 632
20 700
669 56
648 464
493 20
780 669
243 464
543 669
455 
489 642 258 746 420 
489 642
746 420
489 746
642 258
24 720 689 188 130 343 487 212 519 511 
24 720
689 720
188 24
130 188
343 689
487 343
212 24
519 487
511 212
560 650 520 65 562 315 262 559 789 796 259 307 653 
560 650
520 560
65 650
562 65
315 562
262 560
559 315
789 262
796 789
259 789
307 315
653 262
590 612 169 59 698 280 249 492 344 
590 612
169 612
59 590
698 612
280 59
249 169
492 249
344 280
308 333 619 535 287 314 
333 314
619 314
308 333
333 287
619 535
656 723 593 151 140 759 461 743 376 502 426 765 655 325 
656 723
593 723
151 593
140 151
759 723
461 140
743 461
376 759
502 151
426 461
765 759
655 376
325 765
74 191 532 57 620 548 688 374 766 275 408 349 693 248 12 
74 191
532 191
57 191
620 74
548 57
688 620
374 548
766 688
275 620
408 275
349 408
693 374
248 532
12 766
416 621 139 435 190 546 480 
435 190
139 435
621 546
416 190
621 139
546 480
44 736 565 695 418 347 611 483 429 195 741 595 47 277 523 342 
44 736
565 736
695 736
418 695
347 44
611 695
483 565
429 418
195 483
741 483
595 347
47 565
277 595
523 595
342 47
16 569 309 639 769 758 412 643 724 671 79 463 119 774 799 390 356 719 234 
16 569
309 16
639 309
769 16
758 569
412 309
643 639
724 412
671 758
79 769
463 569
119 758
774 79
799 79
390 463
356 799
719 799
234 724
433 558 39 701 722 439 750 547 131 123 318 2 708 658 
433 558
39 433
701 558
722 39
439 722
750 701
547 433
131 558
123 722
318 547
2 750
708 750
658 708
224 459 235 222 470 707 387 740 602 
224 459
235 224
222 459
470 235
707 224
387 707
740 387
602 387
61 165 702 
165 702
61 702
33 761 752 427 704 53 214 110 
33 761
752 33
427 752
704 427
53 704
214 704
110 752
10 423 218 
10 218
423 218
98 162 587 
98 162
162 587
306 541 666 122 362 539 209 359 85 498 253 540 
306 541
666 541
122 306
362 541
539 122
209 539
359 539
85 122
498 666
253 498
540 209
180 331 
180 331
326 513 553 
513 553
326 513
534 575 477 744 449 617 
744 449
477 617
534 575
534 477
449 617
448 787 179 241 170 105 114 584 514 273 754 
448 787
179 448
241 448
170 787
105 170
114 105
584 241
514 179
273 114
754 514
11 697 395 635 364 167 321 132 
11 697
395 11
635 11
364 395
167 364
321 364
132 635
177 242 197 485 574 529 353 
242 529
177 197
177 529
574 353
177 353
197 485
17 446 481 207 582 404 691 661 121 715 380 211 210 3 201 
17 446
481 17
207 481
582 446
404 17
691 446
661 207
121 582
715 207
380 121
211 691
210 715
3 210
201 404
58 350 113 23 246 398 579 
350 246
23 246
23 398
350 579
58 246
113 246
568 711 586 203 32 63 365 159 37 609 322 35 491 
568 711
586 711
203 586
32 568
63 568
365 203
159 32
37 63
609 63
322 37
35 63
491 365
19 271 657 622 753 413 370 748 521 728 351 718 401 14 68 293 
19 271
657 19
622 19
753 271
413 19
370 622
748 622
521 622
728 657
351 748
718 728
401 413
14 728
68 718
293 14
556 606 472 1 542 363 501 406 158 185 50 236 
556 606
472 606
1 606
542 556
363 542
501 1
406 542
158 472
185 501
50 406
236 185
92 187 28 100 776 116 297 637 630 
92 187
28 92
100 28
776 28
116 28
297 776
637 297
630 116
320 528 694 495 410 324 152 665 29 
320 528
694 528
495 320
410 694
324 410
152 495
665 410
29 152
196 213 677 290 54 613 713 421 22 515 9 394 570 285 627 603 
196 213
677 196
290 677
54 213
613 54
713 54
421 290
22 613
515 421
9 196
394 677
570 394
285 22
627 515
603 613
89 143 788 379 264 316 646 516 160 283 221 107 328 775 13 682 148 52 797 115 21 699 106 506 348 327 783 442 454 42 34 564 781 
89 143
788 143
379 89
264 89
316 264
646 264
516 379
160 788
283 516
221 516
107 160
328 221
775 107
13 160
682 379
148 682
52 516
797 13
115 221
21 115
699 52
106 316
506 115
348 106
327 775
783 13
442 148
454 783
42 442
34 783
564 454
781 699
96 
385 436 334 86 208 626 605 739 223 710 361 174 466 432 
385 436
334 436
86 385
208 86
626 334
605 626
739 626
223 605
710 223
361 605
174 361
466 361
432 466
60 681 452 255 109 193 267 479 128 335 749 751 478 
60 681
452 681
255 681
109 255
193 255
267 109
479 267
128 267
335 479
749 128
751 479
478 335
444 527 154 572 522 737 150 155 624 46 555 709 168 146 274 292 654 425 386 117 339 
444 527
154 444
572 154
522 572
737 527
150 522
155 522
624 527
46 624
555 155
709 572
168 46
146 737
274 146
292 168
654 46
425 292
386 150
117 146
339 425
120 592 537 284 192 471 
537 284
284 471
537 192
120 192
592 284
545 551 
545 551
441 588 76 254 189 38 730 508 598 81 341 734 
441 588
76 588
254 441
189 254
38 189
730 189
508 76
598 730
81 730
341 598
734 598
240 735 354 437 
354 437
735 354
240 354
400 451 538 43 25 675 
538 43
400 25
451 43
43 25
400 675
102 578 712 497 518 755 
578 518
497 755
102 755
712 755
578 712
142 296 424 357 397 
142 296
357 397
296 424
424 357
465 482 199 153 692 270 78 
153 78
153 270
465 153
465 482
482 692
199 78
383 440 69 714 567 289 388 200 239 770 141 662 45 345 269 468 295 687 358 
383 440
69 383
714 69
567 383
289 440
388 567
200 714
239 289
770 567
141 388
662 200
45 770
345 45
269 388
468 289
295 662
687 239
358 141
48 615 
48 615
18 
312 445 
312 445
300 773 66 
300 773
773 66
157 220 510 779 549 288 415 0 87 601 261 757 71 375 286 563 304 337 667 509 768 
157 220
510 220
779 157
549 157
288 779
415 288
0 549
87 510
601 549
261 87
757 601
71 0
375 261
286 375
563 71
304 261
337 757
667 375
509 375
768 563
230 610 503 633 434 785 763 31 756 767 251 260 30 636 668 26 126 346 678 252 134 266 597 647 237 784 173 257 329 184 456 631 731 161 608 
230 610
503 610
633 230
434 633
785 434
763 230
31 763
756 763
767 434
251 756
260 785
30 260
636 30
668 636
26 785
126 251
346 763
678 31
252 346
134 346
266 260
597 252
647 678
237 767
784 668
173 134
257 266
329 597
184 784
456 173
631 126
731 26
161 30
608 647
36 313 305 706 80 
36 313
36 305
313 706
36 80
88 457 496 368 396 202 
88 202
88 457
368 396
88 496
496 368
467 552 103 614 95 227 27 600 747 75 629 686 291 301 
467 552
103 552
614 552
95 614
227 103
27 467
600 95
747 467
75 747
629 95
686 227
291 600
301 75
112 182 77 
112 182
112 77
474 725 476 
725 476
474 725
6 645 717 705 198 
645 717
6 717
645 198
645 705
232 790 382 473 298 144 727 73 531 772 330 
232 790
382 232
473 232
298 473
144 382
727 298
73 298
531 727
772 144
330 531
438 507 83 
438 83
507 83
355 623 777 392 228 690 557 
623 392
690 557
623 777
228 690
355 777
355 690
