!
161 439 80 359 513 261 150 184 155 39 450 602 114 767 165 624 737 481 138 502 673 428 533 226 600 249 620 354 404 543 2 540 100 590 666 387 407 362 693 256 607 633 289 670 313 272 672 314 785 185 604 175 269 111 212 701 579 656 433 773 521 742 421 187 349 443 162 15 623 1 440 470 751 278 587 704 717 364 172 550 380 471 795 59 609 176 794 318 480 709 143 103 337 128 52 523 58 35 89 458 96 619 106 20 691 796 765 260 745 18 652 224 664 284 476 310 109 663 189 461 621 22 32 221 216 295 698 738 721 11 719 240 237 222 586 703 537 678 741 715 515 425 26 167 592 308 479 534 208 614 113 210 520 357 330 682 598 551 17 667 498 784 684 463 160 475 594 549 218 447 339 603 170 622 258 71 793 341 638 194 245 97 489 625 139 169 102 671 786 196 564 142 659 752 452 747 335 643 207 597 430 668 483 201 51 367 445 511 112 214 329 394 231 344 650 591 101 125 350 506 762 137 209 644 451 72 347 219 674 412 55 257 33 383 0 203 294 384 496 601 181 90 327 556 86 615 386 531 309 246 484 200 121 557 292 34 110 403 783 118 320 459 389 677 680 610 429 454 93 42 535 10 135 544 227 397 390 448 735 95 29 286 228 157 31 435 186 554 641 298 319 46 392 482 78 395 791 355 323 45 174 669 648 558 642 469 639 748 306 366 202 605 116 789 297 130 750 577 495 6 788 274 446 584 720 613 637 468 505 65 312 714 244 290 455 696 553 528 3 487 373 53 749 199 60 530 756 197 211 705 146 559 692 612 686 242 311 129 188 417 456 44 393 19 566 726 12 85 76 307 509 716 38 300 532 236 500 627 647 595 348 657 413 352 665 360 681 57 293 416 635 281 589 316 457 343 722 81 232 687 525 631 291 119 153 346 654 134 265 365 797 99 424 499 250 305 706 64 56 152 49 570 757 325 736 567 569 241 655 385 414 192 163 164 345 688 191 48 758 514 16 575 426 204 252 
161 439
80 161
359 161
513 80
261 359
150 439
184 439
155 359
39 359
450 39
602 359
114 359
767 602
165 359
624 602
737 359
481 737
138 80
502 359
673 359
428 767
533 767
226 138
600 226
249 533
620 624
354 481
404 261
543 226
2 543
540 624
100 533
590 502
666 138
387 543
407 543
362 666
693 362
256 387
607 359
633 165
289 673
670 407
313 633
272 624
672 620
314 387
785 314
185 672
604 672
175 481
269 693
111 604
212 269
701 633
579 111
656 701
433 269
773 701
521 604
742 604
421 269
187 604
349 785
443 362
162 773
15 701
623 314
1 604
440 313
470 623
751 693
278 269
587 672
704 701
717 623
364 587
172 470
550 587
380 15
471 421
795 587
59 111
609 364
176 742
794 470
318 433
480 717
709 15
143 162
103 795
337 1
128 794
52 59
523 318
58 587
35 717
89 337
458 318
96 364
619 380
106 623
20 609
691 89
796 128
765 128
260 794
745 128
18 52
652 704
224 106
664 58
284 765
476 796
310 20
109 652
663 128
189 310
461 58
621 796
22 523
32 176
221 128
216 32
295 32
698 20
738 284
721 20
11 189
719 59
240 221
237 22
222 796
586 652
703 461
537 189
678 664
741 189
715 738
515 621
425 738
26 240
167 703
592 621
308 89
479 221
534 237
208 534
614 221
113 515
210 32
520 586
357 719
330 621
682 715
598 703
551 32
17 551
667 295
498 715
784 703
684 698
463 357
160 534
475 479
594 784
549 11
218 678
447 357
339 682
603 784
170 684
622 684
258 520
71 339
793 357
341 703
638 520
194 330
245 479
97 667
489 551
625 551
139 667
169 447
102 357
671 684
786 339
196 498
564 447
142 17
659 614
752 447
452 549
747 622
335 551
643 786
207 498
597 659
430 597
668 210
483 167
201 551
51 483
367 447
445 784
511 367
112 793
214 597
329 786
394 201
231 214
344 445
650 258
591 452
101 196
125 591
350 668
506 394
762 245
137 591
209 625
644 762
451 102
72 350
347 650
219 350
674 169
412 72
55 625
257 350
33 786
383 350
0 137
203 367
294 335
384 0
496 412
601 101
181 451
90 452
327 294
556 55
86 0
615 90
386 511
531 327
309 327
246 327
484 327
200 101
121 33
557 170
292 668
34 386
110 674
403 200
783 200
118 327
320 496
459 386
389 86
677 386
680 257
610 384
429 200
454 33
93 389
42 121
535 118
10 347
135 93
544 412
227 93
397 429
390 181
448 390
735 390
95 735
29 390
286 496
228 34
157 246
31 610
435 506
186 610
554 384
641 286
298 615
319 347
46 90
392 42
482 246
78 610
395 121
791 392
355 610
323 34
45 344
174 157
669 174
648 286
558 174
642 350
469 309
639 42
748 392
306 323
366 228
202 121
605 174
116 46
789 397
297 429
130 135
750 29
577 297
495 130
6 130
788 789
274 554
446 202
584 748
720 286
613 584
637 531
468 286
505 789
65 613
312 135
714 174
244 90
290 244
455 714
696 286
553 244
528 323
3 130
487 274
373 641
53 290
749 65
199 274
60 320
530 93
756 174
197 789
211 495
705 528
146 455
559 312
692 714
612 146
686 559
242 130
311 789
129 319
188 495
417 788
456 714
44 612
393 290
19 3
566 297
726 274
12 756
85 129
76 559
307 274
509 756
716 566
38 290
300 188
532 199
236 605
500 3
627 3
647 612
595 300
348 65
657 199
413 76
352 300
665 413
360 612
681 627
57 455
293 612
416 373
635 146
281 482
589 417
316 300
457 197
343 756
722 348
81 60
232 657
687 566
525 722
631 211
291 716
119 348
153 293
346 38
654 456
134 457
265 687
365 291
797 681
99 509
424 716
499 456
250 589
305 681
706 346
64 654
56 681
152 3
49 44
570 56
757 681
325 57
736 722
567 499
569 665
241 153
655 44
385 281
414 424
192 265
163 457
164 163
345 250
688 153
191 385
48 681
758 385
514 757
16 345
575 360
426 325
204 413
252 163
84 492 402 746 91 753 563 527 646 494 694 508 50 190 23 772 183 739 779 230 725 154 406 588 74 467 634 640 371 606 296 301 464 526 775 574 136 66 776 132 315 541 254 336 683 156 626 83 538 536 790 148 578 755 423 168 358 37 299 787 645 768 504 141 375 267 552 771 782 699 707 462 690 522 54 628 248 781 478 178 282 378 573 391 518 649 229 774 708 131 780 405 5 727 548 432 490 501 220 215 77 431 126 718 182 524 62 472 732 441 251 507 419 488 120 67 333 159 7 73 760 24 243 799 28 764 9 769 555 415 572 302 381 270 79 636 700 697 303 632 372 660 27 123 702 759 105 368 596 676 30 238 408 529 510 766 695 491 585 322 107 356 88 792 444 545 193 399 473 127 740 733 115 166 173 658 382 247 411 571 409 724 304 145 418 497 171 388 436 437 376 582 583 276 547 239 710 546 466 70 516 255 338 179 61 465 662 92 519 400 69 82 198 449 87 539 723 576 679 743 334 608 661 264 474 560 728 140 275 422 25 675 568 761 13 630 273 268 777 517 75 734 225 233 342 711 234 580 206 361 486 593 442 420 262 277 98 14 370 651 629 379 151 763 147 730 177 280 353 332 94 259 778 731 279 213 617 542 562 288 253 324 47 396 43 754 63 321 104 117 398 477 8 377 512 108 317 4 205 618 122 374 798 713 503 616 581 485 351 438 689 434 770 340 328 331 712 611 41 453 599 235 561 68 493 401 653 565 40 133 266 744 326 271 195 263 283 427 729 287 124 460 149 36 369 158 223 180 363 21 285 685 144 217 410 
84 492
402 84
746 84
91 402
753 492
563 91
527 91
646 563
494 91
694 646
508 746
50 508
190 646
23 50
772 646
183 190
739 84
779 563
230 753
725 779
154 494
406 508
588 508
74 508
467 190
634 50
640 154
371 74
606 563
296 467
301 563
464 634
526 508
775 464
574 508
136 508
66 74
776 296
132 640
315 74
541 634
254 296
336 779
683 634
156 683
626 74
83 683
538 725
536 254
790 136
148 156
578 66
755 640
423 50
168 578
358 371
37 296
299 148
787 66
645 156
768 578
504 132
141 37
375 768
267 254
552 634
771 578
782 156
699 148
707 301
462 156
690 156
522 168
54 771
628 690
248 768
781 254
478 375
178 755
282 336
378 178
573 628
391 790
518 141
649 781
229 391
774 699
708 573
131 299
780 690
405 573
5 649
727 5
548 518
432 299
490 178
501 54
220 518
215 790
77 490
431 755
126 727
718 229
182 5
524 229
62 405
472 432
732 229
441 378
251 126
507 518
419 248
488 141
120 248
67 378
333 141
159 472
7 126
73 732
760 431
24 699
243 431
799 126
28 419
764 7
9 62
769 431
555 251
415 120
572 405
302 126
381 708
270 419
79 120
636 732
700 159
697 381
303 799
632 381
372 632
660 270
27 419
123 632
702 378
759 431
105 372
368 302
596 702
676 123
30 105
238 759
408 760
529 759
510 759
766 727
695 510
491 660
585 251
322 649
107 585
356 120
88 660
792 243
444 636
545 491
193 792
399 596
473 368
127 120
740 105
733 507
115 545
166 572
173 193
658 115
382 444
247 792
411 105
571 166
409 79
724 411
304 7
145 799
418 173
497 733
171 444
388 571
436 115
437 388
376 473
582 444
583 388
276 127
547 545
239 88
710 409
546 409
466 409
70 583
516 444
255 545
338 636
179 173
61 409
465 724
662 582
92 409
519 115
400 436
69 107
82 547
198 411
449 465
87 497
539 519
723 171
576 662
679 70
743 497
334 418
608 723
661 583
264 465
474 576
560 547
728 145
140 733
275 239
422 519
25 87
675 70
568 728
761 92
13 368
630 661
273 710
268 576
777 193
517 675
75 140
734 576
225 422
233 675
342 608
711 268
234 13
580 234
206 275
361 711
486 723
593 206
442 225
420 728
262 234
277 777
98 234
14 711
370 728
651 262
629 262
379 728
151 486
763 379
147 379
730 98
177 486
280 679
353 13
332 353
94 711
259 517
778 147
731 98
279 177
213 280
617 213
542 147
562 98
288 213
253 379
324 763
47 379
396 629
43 147
754 94
63 754
321 63
104 98
117 730
398 288
477 562
8 43
377 754
512 8
108 512
317 731
4 47
205 4
618 731
122 317
374 4
798 8
713 63
503 8
616 104
581 616
485 104
351 108
438 374
689 503
434 317
770 47
340 754
328 616
331 340
712 331
611 122
41 104
453 618
599 331
235 689
561 616
68 616
493 317
401 235
653 453
565 561
40 611
133 40
266 653
744 40
326 493
271 561
195 271
263 266
283 266
427 326
729 326
287 561
124 599
460 133
149 266
36 653
369 561
158 149
223 266
180 223
363 263
21 363
285 460
685 460
144 158
217 363
410 124
