!
161 439 80 513 150 359 114 184 602 673 155 450 261 165 39 502 767 624 737 533 481 428 249 600 226 666 620 354 138 404 543 590 2 256 407 540 362 670 550 656 633 387 443 313 289 185 314 272 693 785 111 604 175 579 607 701 212 433 773 521 672 742 269 421 1 100 15 364 278 623 187 751 162 470 795 587 143 349 440 717 103 794 172 480 609 709 471 176 704 318 128 59 380 52 58 96 458 106 89 337 476 20 35 22 691 216 796 652 310 619 738 523 284 664 745 260 18 224 109 189 698 461 621 11 32 295 221 721 222 240 663 719 237 765 586 308 479 703 537 167 741 784 515 715 425 682 678 113 534 598 208 357 218 330 667 793 551 549 614 594 160 17 210 475 26 520 684 498 592 638 341 97 339 447 245 622 445 258 194 603 671 170 71 102 142 139 169 625 196 752 659 786 335 489 643 564 597 112 430 452 72 51 383 668 201 367 747 463 511 329 591 394 231 207 650 483 762 101 209 137 344 214 412 644 350 506 384 125 484 86 557 0 33 451 680 257 454 347 674 55 496 181 219 294 327 203 386 615 531 10 309 601 735 200 246 459 556 403 110 42 535 677 90 783 118 228 429 395 95 34 320 448 121 610 93 157 544 135 78 397 641 355 45 286 389 390 791 292 469 236 31 29 435 642 482 639 46 319 227 323 366 605 648 174 392 130 750 297 202 306 669 312 789 748 720 577 199 495 692 455 274 446 788 705 584 186 558 197 613 487 53 290 554 696 749 373 530 311 528 60 244 65 6 756 3 298 146 242 505 129 714 211 468 612 559 686 726 38 188 566 116 19 553 456 637 85 44 134 307 509 635 291 627 716 316 300 525 348 647 722 417 500 393 595 416 352 281 665 76 12 631 360 99 293 589 657 413 153 681 687 346 457 654 57 757 232 532 81 655 305 736 424 343 365 119 706 152 64 250 192 49 570 569 56 567 325 797 758 265 385 426 345 499 177 514 48 688 328 16 124 414 241 163 195 220 
161 439
80 161
513 439
150 161
359 80
114 161
184 359
602 359
673 359
155 161
450 602
261 359
165 261
39 602
502 359
767 602
624 767
737 673
533 767
481 737
428 767
249 624
600 481
226 600
666 226
620 624
354 481
138 226
404 261
543 226
590 404
2 600
256 543
407 543
540 620
362 600
670 481
550 428
656 673
633 673
387 407
443 362
313 633
289 633
185 767
314 387
272 620
693 362
785 314
111 185
604 111
175 313
579 185
607 481
701 633
212 443
433 607
773 701
521 604
672 604
742 604
269 433
421 269
1 742
100 672
15 433
364 579
278 433
623 314
187 111
751 421
162 701
470 623
795 364
587 795
143 701
349 785
440 633
717 623
103 795
794 470
172 470
480 623
609 795
709 15
471 623
176 162
704 162
318 212
128 470
59 111
380 709
52 59
58 795
96 609
458 318
106 623
89 176
337 89
476 794
20 609
35 480
22 458
691 89
216 89
796 128
652 704
310 609
619 704
738 458
523 738
284 458
664 58
745 128
260 128
18 52
224 745
109 652
189 20
698 96
461 664
621 796
11 96
32 216
295 32
221 260
721 11
222 621
240 221
663 222
719 52
237 458
765 240
586 237
308 89
479 240
703 461
537 58
167 703
741 698
784 461
515 621
715 738
425 715
682 715
678 698
113 515
534 237
598 167
208 586
357 719
218 784
330 515
667 295
793 357
551 32
549 721
614 240
594 678
160 667
17 551
210 667
475 240
26 240
520 534
684 11
498 715
592 621
638 534
341 703
97 667
339 475
447 357
245 479
622 684
445 678
258 520
194 113
603 461
671 684
170 622
71 498
102 357
142 551
139 210
169 703
625 17
196 498
752 793
659 479
786 339
335 625
489 551
643 786
564 102
597 592
112 335
430 597
452 549
72 97
51 169
383 72
668 72
201 551
367 564
747 622
463 752
511 367
329 196
591 622
394 201
231 659
207 786
650 258
483 511
762 786
101 196
209 394
137 671
344 218
214 430
412 72
644 762
350 668
506 394
384 344
125 591
484 394
86 125
557 384
0 86
33 786
451 511
680 350
257 350
454 33
347 412
674 169
55 394
496 347
181 451
219 350
294 181
327 484
203 451
386 367
615 452
531 327
10 650
309 181
601 33
735 451
200 101
246 394
459 483
556 309
403 200
110 674
42 454
535 327
677 110
90 615
783 200
118 327
228 451
429 200
395 42
95 386
34 386
320 347
448 118
121 33
610 384
93 86
157 327
544 10
135 93
78 610
397 783
641 496
355 610
45 355
286 641
389 93
390 735
791 644
292 219
469 294
236 506
31 384
29 228
435 350
642 157
482 435
639 791
46 615
319 72
227 93
323 34
366 390
605 506
648 286
174 157
392 791
130 135
750 95
297 648
202 121
306 323
669 118
312 130
789 397
748 202
720 648
577 789
199 78
495 130
692 390
455 309
274 199
446 202
788 789
705 306
584 748
186 199
558 174
197 577
613 584
487 199
53 46
290 46
554 274
696 648
749 446
373 286
530 312
311 577
528 306
60 319
244 290
65 584
6 130
756 174
3 312
298 290
146 455
242 3
505 789
129 60
714 669
211 3
468 373
612 146
559 312
686 130
726 199
38 244
188 495
566 373
116 244
19 274
553 116
456 714
637 118
85 60
44 612
134 577
307 199
509 756
635 146
291 566
627 3
716 566
316 188
300 188
525 788
348 65
647 44
722 348
417 789
500 627
393 188
595 300
416 716
352 300
281 509
665 199
76 500
12 756
631 595
360 612
99 756
293 612
589 417
657 274
413 76
153 293
681 500
687 566
346 316
457 589
654 714
57 635
757 681
232 657
532 232
81 85
655 293
305 681
736 525
424 416
343 509
365 424
119 736
706 346
152 681
64 99
250 589
192 365
49 293
570 757
569 305
56 627
567 153
325 654
797 757
758 281
265 687
385 758
426 325
345 250
499 654
177 569
514 152
48 305
688 153
328 250
16 250
124 514
414 265
241 153
163 687
195 16
220 758
30 105 372 411 381 632 9 123 724 491 24 465 70 583 545 658 432 740 264 547 697 573 780 198 388 255 708 159 472 62 405 131 676 690 552 462 700 699 82 679 782 628 560 299 437 774 54 571 660 449 501 28 675 661 148 517 645 519 683 115 166 156 270 572 539 593 630 436 771 233 775 422 259 280 419 739 225 541 400 67 617 248 288 213 464 634 206 83 415 239 356 442 574 398 702 120 127 423 88 522 768 168 378 275 154 596 578 79 27 276 50 494 399 23 230 640 490 61 178 626 409 371 375 760 746 478 753 66 74 694 273 92 402 710 132 73 91 408 504 190 787 546 315 755 526 695 508 732 84 466 406 588 582 492 772 183 441 636 662 77 524 576 536 229 527 431 215 474 391 646 358 136 769 444 790 467 382 718 563 254 734 171 761 296 516 510 243 338 759 301 268 707 267 555 529 776 238 781 538 792 727 779 193 575 711 608 7 725 606 361 247 766 649 336 723 764 5 94 251 799 37 304 126 173 585 182 141 518 342 486 548 321 151 107 63 282 754 191 279 777 179 302 418 14 303 322 145 488 333 507 277 713 368 733 69 473 728 204 568 377 334 340 420 497 376 778 331 147 370 712 87 599 379 25 743 234 13 140 542 351 763 353 43 332 503 8 253 108 798 75 324 4 580 98 47 512 262 205 477 235 770 374 117 731 730 689 618 651 562 252 410 122 629 438 317 434 396 104 401 164 40 485 616 453 653 581 133 611 21 460 744 266 263 68 41 285 493 283 149 685 561 565 363 223 144 158 729 180 36 326 427 217 287 271 369 
30 105
372 105
411 105
381 372
632 411
9 105
123 372
724 411
491 411
24 30
465 105
70 411
583 70
545 491
658 105
432 381
740 105
264 70
547 545
697 105
573 9
780 573
198 411
388 583
255 547
708 573
159 545
472 545
62 573
405 573
131 372
676 388
690 573
552 432
462 573
700 159
699 573
82 547
679 583
782 699
628 573
560 70
299 699
437 411
774 131
54 432
571 388
660 159
449 82
501 552
28 660
675 679
661 388
148 628
517 679
645 148
519 465
683 690
115 660
166 571
156 148
270 660
572 405
539 255
593 82
630 661
436 115
771 159
233 675
775 299
422 519
259 233
280 675
419 270
739 148
225 422
541 552
400 436
67 571
617 280
248 419
288 280
213 617
464 645
634 683
206 422
83 683
415 419
239 436
356 239
442 422
574 83
398 288
702 67
120 419
127 239
423 574
88 239
522 501
768 248
168 248
378 702
275 206
154 156
596 378
578 768
79 120
27 248
276 436
50 634
494 154
399 596
23 50
230 494
640 154
490 378
61 127
178 490
626 768
409 79
371 50
375 168
760 178
746 50
478 768
753 494
66 574
74 66
694 154
273 275
92 409
402 494
710 409
132 154
73 415
91 402
408 702
504 178
190 640
787 74
546 409
315 74
755 178
526 74
695 760
508 74
732 73
84 402
466 92
406 66
588 508
582 546
492 84
772 492
183 640
441 178
636 732
662 546
77 178
524 732
576 546
536 178
229 732
527 84
431 760
215 375
474 576
391 229
646 190
358 578
136 508
769 431
444 636
790 136
467 190
382 636
718 229
563 646
254 467
734 474
171 73
761 474
296 467
516 636
510 769
243 431
338 444
759 510
301 296
268 761
707 467
267 296
555 759
529 759
776 563
238 431
781 296
538 301
792 529
727 781
779 776
193 792
575 718
711 516
608 444
7 727
725 779
606 725
361 711
247 792
766 792
649 727
336 776
723 711
764 7
5 649
94 711
251 764
799 7
37 5
304 7
126 799
173 193
585 173
182 5
141 336
518 5
342 723
486 723
548 518
321 94
151 342
107 193
63 321
282 141
754 63
191 141
279 754
777 173
179 107
302 799
418 107
14 486
303 126
322 799
145 251
488 191
333 488
507 518
277 777
713 321
368 322
733 507
69 145
473 322
728 145
204 754
568 304
377 151
334 728
340 63
420 728
497 473
376 497
778 277
331 340
147 778
370 147
712 331
87 376
599 331
379 728
25 87
743 376
234 497
13 234
140 488
542 379
351 147
763 13
353 763
43 379
332 353
503 351
8 503
253 8
108 43
798 8
75 140
324 353
4 763
580 234
98 234
47 798
512 8
262 75
205 4
477 763
235 503
770 8
374 205
117 75
731 98
730 98
689 351
618 353
651 75
562 98
252 98
410 712
122 731
629 75
438 122
317 122
434 122
396 730
104 317
401 689
164 396
40 235
485 252
616 164
453 122
653 453
581 616
133 438
611 122
21 401
460 21
744 21
266 653
263 460
68 616
41 266
285 21
493 41
283 453
149 266
685 285
561 581
565 561
363 685
223 266
144 363
158 363
729 493
180 223
36 180
326 493
427 326
217 363
287 561
271 565
369 561
