!
24 30 123 632 105 372 381 724 411 740 131 491 465 9 697 198 437 264 658 70 547 545 472 432 774 583 449 62 679 82 780 700 255 159 676 708 560 782 573 699 388 690 628 405 299 661 54 660 517 519 462 552 675 28 571 501 539 166 645 115 148 593 270 233 436 572 683 156 400 630 775 771 419 422 280 225 259 739 83 213 464 442 634 288 248 541 206 617 239 88 522 67 398 356 415 120 168 423 574 127 275 276 578 768 626 79 27 154 378 50 596 23 494 230 702 399 409 61 178 66 371 640 375 273 74 710 490 92 402 760 694 746 73 546 753 406 466 91 132 526 478 755 408 441 358 504 315 508 787 524 190 732 582 772 662 84 576 492 636 527 229 183 391 431 646 769 790 734 588 536 77 215 474 136 444 718 567 563 688 426 241 467 761 254 382 695 243 325 516 510 296 171 499 655 338 759 268 301 49 153 707 57 64 555 654 575 293 635 529 727 267 711 606 776 238 608 647 781 792 779 725 538 361 360 193 44 7 637 723 456 692 766 247 146 336 612 5 764 126 649 94 99 343 455 251 714 37 799 585 173 236 141 750 304 179 321 518 12 182 486 366 107 342 385 63 279 669 14 509 191 151 558 756 758 705 302 29 469 754 281 528 390 232 282 657 220 548 177 306 95 532 777 303 735 174 448 322 145 333 228 81 418 487 323 203 605 713 507 307 488 118 377 368 535 726 309 34 181 277 294 204 157 556 531 569 459 451 728 199 327 386 473 484 665 334 733 568 482 497 274 246 642 570 677 340 129 554 376 331 48 435 420 69 110 778 60 85 55 87 112 147 78 367 680 506 511 712 370 413 186 25 564 414 209 379 599 674 752 192 305 102 19 335 394 56 463 757 681 625 142 500 743 319 13 45 257 219 424 793 797 201 468 76 489 253 350 140 234 383 265 447 291 514 152 51 31 169 798 292 542 610 763 341 627 8 503 668 365 43 598 351 124 357 353 603 416 483 332 716 139 355 75 108 47 324 
24 30
123 24
632 123
105 632
372 105
381 372
724 123
411 724
740 411
131 381
491 131
465 411
9 372
697 9
198 491
437 740
264 198
658 264
70 437
547 264
545 491
472 131
432 131
774 472
583 437
449 465
62 9
679 70
82 547
780 62
700 472
255 658
159 472
676 583
708 62
560 449
782 780
573 708
699 782
388 676
690 699
628 573
405 708
299 699
661 583
54 774
660 700
517 661
519 255
462 405
552 54
675 679
28 660
571 388
501 54
539 519
166 571
645 690
115 660
148 645
593 82
270 28
233 517
436 115
572 166
683 552
156 148
400 436
630 233
775 683
771 501
419 270
422 539
280 675
225 422
259 675
739 156
83 501
213 280
464 775
442 225
634 683
288 213
248 771
541 83
206 422
617 213
239 436
88 239
522 541
67 572
398 288
356 88
415 356
120 415
168 522
423 541
574 423
127 88
275 239
276 127
578 168
768 578
626 578
79 415
27 356
154 739
378 67
50 574
596 67
23 50
494 154
230 494
702 596
399 596
409 27
61 409
178 378
66 626
371 23
640 154
375 66
273 61
74 371
710 409
490 178
92 710
402 494
760 490
694 230
746 402
73 79
546 92
753 402
406 74
466 546
91 694
132 640
526 406
478 375
755 178
408 760
441 490
358 526
504 132
315 358
508 406
787 315
524 478
190 694
732 524
582 466
772 91
662 466
84 753
576 662
492 84
636 732
527 772
229 524
183 504
391 229
431 441
646 527
769 431
790 787
734 576
588 508
536 183
77 431
215 790
474 662
136 790
444 636
718 391
567 588
563 646
688 790
426 567
241 136
467 536
761 474
254 467
382 444
695 769
243 769
325 567
516 382
510 243
296 467
171 382
499 325
655 688
338 516
759 510
268 761
301 296
49 655
153 655
707 254
57 426
64 499
555 759
654 499
575 718
293 49
635 57
529 759
727 707
267 301
711 338
606 64
776 606
238 555
608 711
647 293
781 707
792 238
779 606
725 779
538 779
361 711
360 647
193 792
44 647
7 727
637 635
723 608
456 637
692 637
766 193
247 193
146 44
336 538
612 44
5 781
764 7
126 5
649 5
94 361
99 725
343 99
455 692
251 764
714 456
37 336
799 126
585 766
173 585
236 714
141 336
750 146
304 585
179 173
321 94
518 37
12 99
182 126
486 723
366 612
107 304
342 486
385 141
63 321
279 342
669 236
14 279
509 12
191 385
151 342
558 509
756 558
758 191
705 366
302 182
29 750
469 669
754 63
281 385
528 705
390 29
232 486
282 758
657 232
220 518
548 220
177 151
306 366
95 390
532 232
777 179
303 302
735 390
174 558
448 735
322 303
145 303
333 220
228 95
81 282
418 145
487 528
323 306
203 95
605 174
713 177
507 548
307 532
488 333
118 469
377 713
368 322
535 118
726 307
309 448
34 228
181 309
277 777
294 309
204 377
157 174
556 535
531 294
569 204
459 487
451 203
728 418
199 307
327 556
386 34
473 368
484 556
665 726
334 728
733 507
568 728
482 605
497 473
274 199
246 484
642 482
570 204
677 459
340 570
129 642
554 274
376 497
331 340
48 570
435 482
420 334
69 420
110 677
778 277
60 129
85 129
55 327
87 376
112 451
147 778
78 554
367 451
680 435
506 246
511 367
712 340
370 69
413 665
186 78
25 87
564 367
414 733
209 506
379 370
599 712
674 677
752 511
192 414
305 599
102 564
19 413
335 55
394 209
56 305
463 102
757 305
681 757
625 335
142 335
500 681
743 414
319 60
13 87
45 186
257 506
219 257
424 192
793 102
797 56
201 394
468 85
76 500
489 142
253 379
350 257
140 414
234 13
383 350
265 424
447 463
291 468
514 797
152 797
51 674
31 45
169 51
798 147
292 319
542 253
610 31
763 253
341 169
627 76
8 798
503 798
668 350
365 265
43 542
598 341
351 503
124 514
357 447
353 763
603 51
416 291
483 603
332 353
716 416
139 201
355 31
75 140
108 8
47 43
324 353
249 624 450 620 540 602 590 533 39 767 428 150 502 165 114 359 100 272 261 185 521 604 673 155 404 187 184 111 672 742 439 161 737 633 80 579 513 313 1 550 587 481 175 59 103 795 773 656 440 52 609 162 701 289 364 58 354 337 607 176 143 20 600 96 89 15 362 18 226 664 704 433 461 693 138 666 719 269 216 709 189 310 691 380 703 543 698 421 670 256 11 678 443 2 167 537 407 109 652 387 32 721 212 308 741 314 784 295 278 318 785 751 594 218 458 619 684 470 623 549 172 471 622 551 170 523 237 445 794 671 210 717 349 128 17 586 284 22 747 667 738 160 208 534 35 452 344 97 715 480 260 591 520 425 137 476 125 26 221 745 796 258 240 682 0 384 106 498 479 86 765 224 557 638 339 621 475 663 222 615 71 72 196 650 614 412 93 135 786 90 113 515 389 592 245 643 347 207 101 330 329 227 496 659 130 6 312 10 194 495 403 33 200 597 231 762 544 430 783 644 286 298 429 46 320 641 214 530 290 454 53 244 242 3 559 601 397 686 116 553 121 188 211 648 395 38 300 393 297 595 720 42 373 577 789 631 316 696 352 791 392 202 788 346 197 446 566 639 748 505 311 749 706 584 613 417 65 410 687 134 457 589 348 722 525 250 119 163 736 345 164 16 581 252 117 629 195 328 396 271 616 565 561 262 730 287 651 68 104 98 369 485 434 580 731 317 41 562 493 326 122 427 618 729 611 653 36 477 438 453 266 4 374 149 283 180 205 223 40 133 263 158 744 770 512 235 401 685 363 689 460 144 217 21 285 
249 624
450 249
620 624
540 620
602 450
590 540
533 249
39 590
767 533
428 767
150 602
502 39
165 502
114 39
359 114
100 620
272 100
261 359
185 100
521 185
604 521
673 165
155 114
404 673
187 604
184 155
111 521
672 521
742 187
439 155
161 439
737 673
633 404
80 439
579 272
513 80
313 633
1 742
550 579
587 550
481 737
175 313
59 672
103 587
795 103
773 175
656 773
440 773
52 59
609 795
162 773
701 656
289 701
364 609
58 587
354 481
337 1
607 354
176 440
143 162
20 364
600 354
96 20
89 176
15 289
362 607
18 58
226 600
664 18
704 143
433 362
461 18
693 362
138 226
666 600
719 337
269 433
216 89
709 15
189 20
310 189
691 216
380 709
703 461
543 138
698 310
421 693
670 666
256 543
11 310
678 664
443 421
2 256
167 703
537 678
407 543
109 216
652 704
387 256
32 109
721 11
212 443
308 691
741 698
314 387
784 537
295 109
278 443
318 278
785 387
751 278
594 784
218 537
458 318
619 709
684 741
470 670
623 470
549 721
172 470
471 172
622 684
551 308
170 622
523 751
237 619
445 594
794 172
671 684
210 295
717 623
349 717
128 172
17 551
586 237
284 523
22 284
747 170
667 210
738 22
160 586
208 586
534 208
35 717
452 549
344 445
97 667
715 738
480 35
260 128
591 747
520 534
425 715
137 591
476 128
125 137
26 260
221 260
745 476
796 745
258 208
240 26
682 425
0 747
384 344
106 745
498 715
479 240
86 0
765 221
224 476
557 86
638 97
339 682
621 106
475 339
663 224
222 621
615 125
71 498
72 97
196 498
650 638
614 765
412 72
93 557
135 93
786 71
90 615
113 222
515 113
389 93
592 663
245 475
643 786
347 412
207 786
101 196
330 515
329 101
227 93
496 347
659 614
130 389
6 130
312 130
10 347
194 113
495 227
403 496
33 207
200 403
597 592
231 659
762 643
544 10
430 597
783 403
644 762
286 496
298 227
429 783
46 298
320 286
641 320
214 231
530 6
290 46
454 33
53 290
244 298
242 530
3 242
559 3
601 454
397 200
686 559
116 46
553 495
121 601
188 553
211 530
648 286
395 121
38 244
300 188
393 116
297 648
595 211
720 297
42 395
373 320
577 720
789 577
631 595
316 300
696 373
352 595
791 42
392 791
202 121
788 789
346 38
197 577
446 202
566 696
639 202
748 791
505 788
311 197
749 639
706 346
584 748
613 584
417 505
65 749
410 352
687 566
134 311
457 134
589 134
348 65
722 348
525 722
250 525
119 722
163 457
736 525
345 250
164 163
16 345
581 164
252 164
117 252
629 252
195 16
328 345
396 629
271 195
616 396
565 328
561 565
262 117
730 262
287 565
651 262
68 561
104 651
98 651
369 287
485 104
434 485
580 98
731 580
317 434
41 485
562 731
493 41
326 493
122 562
427 326
618 122
729 427
611 618
653 611
36 729
477 618
438 618
453 438
266 653
4 477
374 4
149 266
283 149
180 149
205 4
223 149
40 453
133 40
263 133
158 223
744 263
770 205
512 770
235 770
401 235
685 744
363 685
689 512
460 685
144 363
217 144
21 460
285 21
