!
161 439 80 450 513 359 150 261 155 673 602 184 767 502 39 249 114 540 481 737 428 624 533 600 226 165 620 138 404 590 666 670 354 543 362 256 289 2 407 633 387 185 607 272 100 314 521 313 785 443 579 604 656 672 175 269 433 693 111 15 701 742 773 421 1 751 162 623 172 470 550 440 471 717 278 587 349 212 187 380 35 709 609 364 795 704 794 143 176 59 337 128 318 52 96 103 619 458 480 58 89 20 284 476 523 22 308 106 109 796 216 745 260 652 189 691 621 224 664 461 32 738 240 11 18 221 26 310 237 721 295 719 703 537 425 663 222 741 698 218 765 479 678 715 515 113 167 534 208 330 592 598 682 586 357 339 520 684 784 447 549 551 17 210 594 667 139 475 245 498 483 142 97 489 112 102 71 747 793 622 194 614 160 258 445 671 463 341 170 169 196 786 638 335 659 564 201 51 625 597 125 344 367 643 231 207 452 329 430 752 137 511 603 668 214 257 650 674 101 383 394 591 454 762 55 644 350 412 680 557 0 451 72 86 33 506 209 384 181 294 246 556 327 386 90 615 219 203 309 601 347 403 95 496 200 531 228 783 292 535 484 735 395 118 157 121 34 93 320 448 435 10 392 429 610 110 319 135 389 397 791 42 469 186 677 390 286 544 605 29 31 323 641 669 45 459 748 306 298 227 554 355 648 174 482 53 6 202 130 720 297 78 750 446 696 789 366 505 487 495 584 577 788 46 613 60 558 274 639 455 312 530 642 749 290 199 197 373 65 686 116 244 714 528 242 756 637 146 559 705 468 291 129 236 3 19 612 188 553 44 76 692 38 85 311 307 566 647 456 726 211 393 509 413 635 300 500 348 417 281 12 657 134 595 627 716 722 416 99 665 293 352 631 49 316 589 119 57 365 343 360 654 346 687 681 305 457 153 532 424 232 56 736 706 282 655 265 152 797 250 192 757 385 570 325 575 525 81 163 499 215 345 567 16 538 124 569 758 688 514 48 252 117 191 140 
161 439
80 439
450 161
513 80
359 161
150 439
261 359
155 513
673 359
602 359
184 359
767 602
502 359
39 673
249 767
114 155
540 359
481 359
737 481
428 767
624 602
533 767
600 481
226 600
165 261
620 624
138 226
404 737
590 249
666 226
670 138
354 481
543 226
362 354
256 226
289 737
2 226
407 543
633 673
387 407
185 624
607 362
272 620
100 624
314 387
521 620
313 633
785 314
443 362
579 533
604 521
656 313
672 604
175 313
269 354
433 269
693 362
111 604
15 433
701 633
742 604
773 701
421 269
1 742
751 421
162 701
623 314
172 623
470 623
550 579
440 1
471 623
717 623
278 421
587 111
349 543
212 421
187 272
380 15
35 623
709 380
609 587
364 609
795 609
704 701
794 470
143 701
176 313
59 742
337 742
128 794
318 269
52 59
96 579
103 795
619 709
458 380
480 717
58 609
89 337
20 609
284 421
476 172
523 421
22 458
308 89
106 480
109 89
796 470
216 89
745 172
260 318
652 709
189 20
691 89
621 480
224 128
664 58
461 58
32 216
738 458
240 284
11 189
18 461
221 240
26 523
310 189
237 652
721 11
295 32
719 337
703 461
537 20
425 738
663 623
222 106
741 11
698 11
218 189
765 128
479 240
678 189
715 738
515 621
113 621
167 703
534 237
208 715
330 515
592 796
598 703
682 715
586 534
357 719
339 682
520 586
684 11
784 461
447 357
549 721
551 32
17 551
210 32
594 784
667 210
139 210
475 339
245 339
498 715
483 703
142 295
97 667
489 216
112 357
102 447
71 498
747 698
793 357
622 684
194 330
614 479
160 586
258 520
445 537
671 684
463 357
341 447
170 684
169 703
196 498
786 339
638 520
335 142
659 479
564 357
201 551
51 102
625 551
597 659
125 622
344 594
367 102
643 786
231 659
207 786
452 549
329 207
430 597
752 367
137 622
511 367
603 341
668 210
214 659
257 625
650 258
674 169
101 196
383 668
394 201
591 622
454 643
762 786
55 201
644 762
350 668
412 350
680 350
557 344
0 137
451 511
72 350
86 0
33 207
506 350
209 551
384 344
181 451
294 181
246 394
556 294
327 246
386 674
90 452
615 137
219 72
203 386
309 294
601 196
347 412
403 329
95 451
496 403
200 403
531 181
228 203
783 200
292 347
535 327
484 327
735 451
395 601
118 327
157 246
121 395
34 386
93 0
320 347
448 309
435 350
10 650
392 762
429 200
610 384
110 386
319 350
135 93
389 93
397 200
791 392
42 791
469 309
186 610
677 110
390 735
286 496
544 286
605 157
29 228
31 384
323 34
641 286
669 605
45 610
459 323
748 392
306 323
298 615
227 93
554 186
355 93
648 286
174 157
482 506
53 90
6 389
202 121
130 135
720 648
297 648
78 610
750 735
446 202
696 641
789 397
366 306
505 789
487 306
495 130
584 748
577 429
788 789
46 298
613 584
60 482
558 174
274 78
639 202
455 309
312 130
530 130
642 605
749 202
290 298
199 274
197 577
373 286
65 202
686 130
116 290
244 290
714 455
528 306
242 312
756 174
637 455
146 455
559 242
705 528
468 544
291 468
129 60
236 714
3 130
19 78
612 146
188 290
553 135
44 612
76 355
692 146
38 290
85 60
311 297
307 274
566 696
647 612
456 714
726 199
211 559
393 244
509 756
413 559
635 146
300 188
500 76
348 613
417 505
281 509
12 756
657 199
134 788
595 300
627 3
716 373
722 348
416 468
99 756
665 413
293 612
352 595
631 300
49 293
316 300
589 417
119 348
57 635
365 566
343 756
360 293
654 456
346 38
687 566
681 500
305 500
457 589
153 49
532 657
424 416
232 657
56 305
736 119
706 346
282 85
655 293
265 85
152 681
797 305
250 589
192 716
757 305
385 281
570 681
325 57
575 360
525 446
81 343
163 457
499 654
215 153
345 250
567 325
16 345
538 99
124 757
569 681
758 385
688 153
514 797
48 757
252 566
117 687
191 385
140 424
30 105 372 381 411 123 491 632 9 24 70 465 724 583 740 62 545 472 560 547 679 432 131 159 690 82 708 198 573 782 388 405 780 700 628 699 264 255 675 54 697 658 517 437 299 774 552 660 676 661 571 462 449 28 233 115 645 148 539 519 270 400 156 436 572 683 593 83 501 225 280 630 422 419 166 213 771 739 541 464 775 288 259 634 248 356 415 88 442 617 206 398 127 239 168 120 275 67 423 578 522 626 768 154 79 596 378 50 494 23 61 574 276 230 399 702 27 178 371 66 409 490 375 74 760 546 640 406 132 402 710 466 408 694 91 755 441 358 746 92 753 526 73 273 662 524 504 190 508 527 787 772 732 582 84 769 576 478 492 315 183 431 391 636 474 229 646 790 563 588 718 136 734 467 444 77 243 241 254 296 761 426 510 536 382 64 516 695 759 301 171 338 727 238 268 707 529 781 555 776 711 606 267 725 792 193 7 608 247 251 336 779 723 5 126 37 361 764 649 766 799 94 179 173 304 585 141 182 107 279 518 342 486 321 302 151 220 63 322 777 14 145 754 177 548 418 333 303 488 507 334 368 377 277 204 728 473 713 733 376 568 497 69 340 778 331 87 420 712 147 414 379 370 25 798 599 743 13 234 253 689 542 47 763 503 108 43 8 332 580 75 324 353 351 98 4 477 512 562 205 731 730 651 262 374 770 396 629 618 235 122 410 104 317 401 438 453 40 164 434 616 653 611 485 581 744 460 21 263 266 133 283 41 68 493 328 285 685 561 149 363 223 729 565 326 158 144 36 180 427 217 195 287 271 369 
30 105
372 30
381 105
411 105
123 411
491 30
632 411
9 372
24 105
70 411
465 411
724 411
583 70
740 30
62 9
545 491
472 545
560 70
547 411
679 70
432 491
131 381
159 472
690 62
82 547
708 62
198 545
573 708
782 690
388 583
405 573
780 405
700 545
628 573
699 573
264 545
255 547
675 70
54 432
697 547
658 372
517 388
437 583
299 699
774 491
552 782
660 159
676 70
661 388
571 388
462 62
449 547
28 491
233 675
115 660
645 699
148 645
539 255
519 115
270 660
400 115
156 148
436 115
572 571
683 699
593 82
83 683
501 683
225 593
280 675
630 675
422 225
419 270
166 571
213 280
771 419
739 405
541 54
464 683
775 148
288 280
259 517
634 683
248 419
356 270
415 248
88 270
442 422
617 675
206 442
398 617
127 270
239 436
168 771
120 248
275 239
67 571
423 168
578 168
522 771
626 541
768 578
154 156
79 120
596 67
378 596
50 423
494 154
23 578
61 88
574 578
276 400
230 154
399 596
702 399
27 79
178 378
371 423
66 768
409 127
490 178
375 768
74 66
760 702
546 61
640 154
406 66
132 178
402 494
710 409
466 546
408 760
694 494
91 402
755 178
441 178
358 66
746 50
92 710
753 402
526 74
73 120
273 61
662 710
524 578
504 178
190 91
508 74
527 190
787 74
772 402
732 73
582 546
84 402
769 178
576 546
478 768
492 84
315 478
183 640
431 490
391 732
636 732
474 576
229 732
646 91
790 315
563 646
588 84
718 229
136 790
734 576
467 646
444 636
77 431
243 431
241 790
254 467
296 467
761 662
426 136
510 431
536 467
382 444
64 563
516 761
695 769
759 510
301 467
171 582
338 171
727 243
238 695
268 474
707 467
529 759
781 296
555 759
776 563
711 268
606 563
267 296
725 606
792 759
193 792
7 727
608 711
247 193
251 7
336 606
779 725
723 711
5 296
126 7
37 336
361 268
764 7
649 5
766 247
799 126
94 711
179 251
173 193
304 173
585 173
141 336
182 649
107 304
279 94
518 182
342 279
486 723
321 94
302 518
151 486
220 141
63 321
322 126
777 173
14 63
145 799
754 63
177 754
548 141
418 302
333 220
303 799
488 141
507 518
334 145
368 518
377 754
277 777
204 377
728 145
473 322
713 754
733 473
376 473
568 728
497 368
69 728
340 754
778 277
331 340
87 497
420 728
712 340
147 778
414 733
379 728
370 147
25 379
798 778
599 331
743 473
13 376
234 13
253 379
689 798
542 728
47 689
763 253
503 798
108 503
43 108
8 108
332 13
580 332
75 414
324 43
353 332
351 8
98 234
4 542
477 4
512 8
562 234
205 4
731 98
730 98
651 562
262 98
374 4
770 108
396 98
629 262
618 353
235 108
122 618
410 204
104 651
317 122
401 235
438 4
453 122
40 401
164 629
434 104
616 164
653 618
611 438
485 434
581 616
744 40
460 401
21 460
263 460
266 263
133 744
283 744
41 434
68 616
493 317
328 581
285 460
685 21
561 164
149 266
363 460
223 266
729 611
565 561
326 493
158 223
144 363
36 653
180 223
427 326
217 685
195 565
287 565
271 195
369 287
