!
161 439 80 513 261 359 155 602 184 165 114 249 767 150 502 481 533 450 428 737 673 39 624 138 226 600 590 620 540 354 256 543 404 666 407 607 2 633 521 100 387 289 670 314 272 785 362 111 604 693 672 175 443 773 313 269 550 701 656 433 742 185 421 162 143 579 623 187 349 470 15 212 380 1 587 471 717 59 751 440 709 364 172 103 609 278 176 318 794 35 52 128 795 337 704 96 58 458 480 89 20 652 284 216 691 523 796 741 745 619 260 18 664 476 738 106 621 461 224 22 32 221 237 310 719 11 189 109 295 308 678 703 698 425 765 663 240 715 222 479 167 26 534 682 586 537 113 160 592 475 721 598 210 520 357 515 684 549 447 330 170 218 551 614 17 208 594 667 671 784 498 339 97 622 51 194 752 245 793 71 102 142 196 169 483 747 139 341 258 786 659 643 112 564 445 335 452 463 489 603 430 231 597 201 591 207 638 55 674 344 668 125 625 511 367 650 762 394 209 383 219 214 101 557 412 72 329 350 137 644 294 451 33 257 86 181 0 459 506 347 384 90 246 454 386 327 601 615 448 484 783 200 309 403 496 531 10 395 34 121 228 118 320 735 482 556 677 93 392 610 319 157 535 435 110 95 397 429 203 292 680 45 135 390 227 544 286 31 641 29 791 78 389 42 648 186 355 323 469 669 46 174 554 306 720 748 366 642 202 297 605 130 789 6 750 446 487 584 577 495 197 274 558 637 60 199 373 244 290 705 455 312 613 505 639 714 298 559 696 528 749 146 788 242 686 756 116 553 612 692 129 188 3 291 65 468 236 311 456 566 393 307 417 38 726 85 19 509 53 44 413 12 716 300 211 530 722 657 647 360 76 348 525 665 595 635 416 627 99 346 631 293 134 316 681 589 655 281 352 365 57 500 687 119 654 457 757 81 153 265 532 232 343 424 56 570 49 305 797 250 241 569 706 64 736 567 426 575 328 16 282 152 325 414 192 342 599 191 385 345 758 48 151 514 688 
161 439
80 439
513 80
261 439
359 261
155 439
602 155
184 155
165 359
114 359
249 602
767 602
150 767
502 359
481 359
533 767
450 602
428 767
737 481
673 359
39 359
624 533
138 481
226 138
600 226
590 602
620 624
540 620
354 481
256 138
543 256
404 620
666 226
407 543
607 354
2 600
633 502
521 620
100 249
387 407
289 502
670 600
314 387
272 767
785 387
362 600
111 521
604 111
693 362
672 604
175 633
443 314
773 633
313 773
269 362
550 150
701 773
656 701
433 269
742 604
185 672
421 269
162 773
143 701
579 550
623 314
187 604
349 785
470 623
15 433
212 421
380 15
1 742
587 550
471 470
717 623
59 111
751 421
440 162
709 15
364 587
172 470
103 587
609 587
278 433
176 143
318 421
794 470
35 785
52 59
128 794
795 609
337 440
704 701
96 609
58 795
458 318
480 717
89 337
20 609
652 704
284 458
216 89
691 216
523 458
796 128
741 20
745 717
619 709
260 128
18 609
664 58
476 794
738 751
106 796
621 745
461 58
224 621
22 458
32 652
221 128
237 619
310 20
719 337
11 96
189 20
109 652
295 32
308 89
678 189
703 461
698 20
425 738
765 221
663 796
240 221
715 738
222 621
479 240
167 703
26 479
534 715
682 715
586 534
537 461
113 621
160 32
592 745
475 479
721 96
598 18
210 32
520 534
357 719
515 621
684 698
549 721
447 357
330 113
170 684
218 678
551 109
614 479
17 551
208 534
594 461
667 210
671 170
784 678
498 715
339 682
97 32
622 684
51 598
194 330
752 357
245 240
793 719
71 715
102 357
142 551
196 498
169 703
483 784
747 684
139 551
341 703
258 520
786 339
659 245
643 475
112 102
564 102
445 594
335 551
452 549
463 719
489 335
603 341
430 659
231 659
597 430
201 551
591 622
207 71
638 520
55 335
674 169
344 483
668 201
125 591
625 335
511 752
367 511
650 258
762 643
394 201
209 625
383 668
219 668
214 231
101 196
557 591
412 650
72 412
329 101
350 668
137 591
644 762
294 142
451 367
33 786
257 350
86 591
181 294
0 86
459 674
506 394
347 412
384 0
90 452
246 394
454 33
386 511
327 246
601 33
615 90
448 181
484 294
783 101
200 783
309 181
403 200
496 650
531 181
10 412
395 644
34 386
121 601
228 34
118 327
320 347
735 181
482 506
556 484
677 459
93 0
392 395
610 384
319 219
157 246
535 118
435 319
110 384
95 451
397 200
429 200
203 448
292 319
680 435
45 610
135 93
390 735
227 93
544 10
286 429
31 384
641 286
29 386
791 392
78 110
389 93
42 121
648 641
186 610
355 389
323 34
469 327
669 118
46 615
174 157
554 110
306 323
720 429
748 392
366 323
642 319
202 121
297 648
605 174
130 135
789 397
6 130
750 95
446 202
487 306
584 748
577 648
495 93
197 789
274 78
558 174
637 118
60 319
199 274
373 297
244 46
290 244
705 323
455 735
312 130
613 584
505 789
639 584
714 669
298 244
559 312
696 641
528 306
749 202
146 455
788 505
242 559
686 559
756 174
116 290
553 615
612 146
692 714
129 60
188 495
3 559
291 696
65 202
468 373
236 756
311 505
456 714
566 648
393 290
307 199
417 505
38 290
726 307
85 60
19 312
509 756
53 290
44 146
413 686
12 756
716 468
300 188
211 495
530 610
722 749
657 528
647 612
360 44
76 3
348 722
525 348
665 413
595 300
635 44
416 566
627 3
99 756
346 38
631 188
293 612
134 197
316 300
681 627
589 417
655 146
281 509
352 595
365 716
57 635
500 681
687 566
119 722
654 456
457 589
757 681
81 12
153 293
265 716
532 274
232 665
343 12
424 416
56 681
570 681
49 293
305 757
797 681
250 589
241 293
569 500
706 346
64 12
736 525
567 635
426 654
575 360
328 589
16 250
282 85
152 56
325 635
414 416
192 424
342 232
599 305
191 281
385 191
345 16
758 191
48 757
151 413
514 599
688 153
148 156 645 628 699 690 573 782 62 708 405 683 299 154 780 464 775 634 462 739 494 83 640 552 230 432 381 131 50 9 178 694 372 774 541 378 105 91 423 54 402 697 30 501 67 572 23 132 746 772 472 771 123 190 724 753 632 676 388 571 371 574 522 596 159 527 411 490 166 755 760 740 700 24 504 583 437 536 168 70 491 198 84 492 578 248 646 768 419 658 702 66 406 270 679 660 441 74 264 399 545 467 547 254 508 183 465 563 588 431 408 301 28 77 626 661 243 769 526 255 120 415 517 630 296 233 358 375 787 560 449 82 356 115 315 88 436 79 759 519 27 267 136 606 707 524 695 510 675 790 539 776 239 478 499 400 215 593 127 781 727 259 422 391 73 725 280 732 779 229 409 555 225 466 538 276 617 442 288 61 206 213 529 718 792 275 7 636 766 336 37 193 764 126 546 5 238 92 247 710 799 649 582 273 398 585 141 251 304 518 173 302 182 444 576 338 662 548 171 107 382 734 303 516 220 179 322 474 418 761 507 333 145 777 368 488 268 711 733 473 608 723 334 277 728 497 361 376 420 568 69 94 87 486 778 147 14 370 379 25 279 13 140 321 234 63 177 542 743 754 798 351 108 324 253 477 763 43 353 8 377 204 503 98 580 332 731 47 4 730 713 512 75 205 262 689 651 374 396 117 629 331 562 104 712 618 235 340 770 122 252 434 317 163 438 164 616 453 485 401 581 611 40 653 744 124 41 493 133 266 263 460 685 149 68 561 21 283 285 223 729 158 326 565 144 363 36 427 180 287 195 217 410 271 369 
148 156
645 156
628 148
699 148
690 628
573 628
782 699
62 573
708 573
405 573
683 782
299 699
154 156
780 62
464 683
775 645
634 683
462 708
739 464
494 154
83 683
640 154
552 634
230 640
432 782
381 432
131 432
50 634
9 381
178 640
694 640
372 381
774 381
541 83
378 178
105 372
91 494
423 541
54 432
402 494
697 372
30 105
501 54
67 378
572 628
23 50
132 154
746 402
772 91
472 54
771 541
123 30
190 640
724 30
753 402
632 105
676 105
388 676
571 388
371 50
574 423
522 423
596 378
159 54
527 91
411 30
490 178
166 571
755 178
760 378
740 411
700 159
24 123
504 490
583 388
437 583
536 132
168 83
70 583
491 123
198 411
84 402
492 84
578 168
248 168
646 190
768 578
419 248
658 30
702 596
66 578
406 168
270 419
679 583
660 270
441 490
74 578
264 491
399 596
545 491
467 646
547 491
254 646
508 74
183 254
465 411
563 646
588 508
431 755
408 760
301 467
28 660
77 431
626 248
661 583
243 431
769 431
526 74
255 491
120 419
415 120
517 571
630 517
296 467
233 630
358 66
375 768
787 526
560 70
449 70
82 547
356 415
115 700
315 74
88 270
436 115
79 120
759 431
519 545
27 120
267 296
136 508
606 296
707 267
524 136
695 408
510 759
675 679
790 136
539 519
776 646
239 88
478 768
499 508
400 436
215 136
593 547
127 79
781 296
727 781
259 517
422 436
391 790
73 415
725 776
280 675
732 73
779 725
229 732
409 127
555 510
225 422
466 127
538 725
276 239
617 280
442 422
288 280
61 409
206 422
213 617
529 759
718 391
792 529
275 442
7 727
636 732
766 759
336 725
37 776
193 792
764 7
126 727
546 409
5 126
238 792
92 546
247 529
710 546
799 126
649 126
582 710
273 436
398 288
585 764
141 336
251 7
304 193
518 5
173 304
302 799
182 799
444 636
576 546
338 444
662 576
548 518
171 732
107 173
382 444
734 576
303 126
516 171
220 518
179 173
322 182
474 576
418 251
761 171
507 518
333 141
145 251
777 173
368 302
488 333
268 576
711 516
733 507
473 733
608 711
723 608
334 145
277 777
728 145
497 473
361 734
376 497
420 728
568 420
69 728
94 711
87 473
486 723
778 277
147 778
14 361
370 334
379 728
25 728
279 94
13 87
140 497
321 94
234 13
63 321
177 486
542 334
743 376
754 63
798 542
351 778
108 798
324 13
253 728
477 324
763 379
43 798
353 763
8 108
377 279
204 177
503 8
98 234
580 98
332 353
731 98
47 8
4 8
730 98
713 321
512 8
75 730
205 4
262 730
689 8
651 730
374 205
396 262
117 730
629 730
331 377
562 731
104 98
712 331
618 353
235 8
340 331
770 43
122 618
252 730
434 104
317 122
163 629
438 4
164 629
616 164
453 122
485 104
401 235
581 164
611 122
40 374
653 122
744 40
124 712
41 317
493 41
133 40
266 653
263 266
460 744
685 744
149 653
68 616
561 616
21 460
283 266
285 21
223 266
729 493
158 223
326 493
565 561
144 460
363 263
36 729
427 326
180 223
287 68
195 565
217 363
410 124
271 195
369 287
