? 7 13 795 693 456 350 586 725 
? 7 298 607 360 629 6 51 98 
? 7 15 372 432 664 434 326 588 
? 7 315 779 628 577 584 303 293 
? 7 464 708 278 129 277 579 243 
? 7 274 728 616 415 488 531 602 
? 7 198 433 304 165 534 720 160 
? 6 50 301 209 729 8 505 
? 6 288 468 442 17 627 717 
? 6 302 412 36 75 322 501 
? 6 441 637 774 66 634 621 
? 6 270 329 361 595 680 35 
? 6 27 622 182 502 68 587 
? 6 11 335 287 437 564 373 
? 6 259 511 328 636 649 366 
? 6 207 737 132 699 663 451 
? 6 417 776 332 201 212 193 
? 5 102 231 177 431 460 
? 5 103 773 39 762 631 
? 5 768 785 532 635 224 
? 5 181 661 240 26 138 
? 5 280 760 657 498 147 
? 5 40 308 550 537 601 
? 5 687 782 480 520 651 
? 5 89 200 85 186 605 
? 5 110 337 100 163 536 
? 5 349 748 47 320 543 
? 5 31 300 472 648 92 
? 5 306 732 276 260 117 
? 5 675 691 430 124 155 
? 5 267 551 141 136 169 
? 5 560 750 73 413 5 
? 5 133 256 684 161 135 
? 5 174 741 374 752 251 
? 4 317 458 376 353 
? 4 157 495 206 214 
? 4 701 736 535 745 
? 4 202 479 471 700 
? 4 80 318 1 718 
? 4 176 603 310 383 
? 4 228 777 107 188 
? 4 10 152 275 255 
? 4 435 630 104 406 
? 4 58 742 570 88 
? 4 569 780 652 81 
? 4 204 647 358 344 
? 4 598 689 450 150 
? 4 195 348 71 494 
? 4 76 797 666 592 
? 4 179 714 187 688 
? 4 48 325 585 25 
? 4 112 784 507 171 
? 4 20 145 669 216 
? 4 43 227 125 753 
? 4 65 154 55 414 
? 4 266 696 363 719 
? 4 555 705 711 490 
? 4 546 770 126 398 
? 4 213 504 262 411 
? 4 561 593 625 667 
? 3 53 715 219 
? 3 84 758 517 
? 3 12 423 448 
? 3 222 747 246 
? 3 248 428 405 
? 3 156 491 173 
? 3 427 754 679 
? 3 82 525 703 
? 3 151 478 336 
? 3 166 483 539 
? 3 229 712 778 
? 3 74 79 23 
? 3 658 787 235 
? 3 404 653 273 
? 3 121 380 690 
? 3 83 655 614 
? 3 170 354 264 
? 3 120 385 568 
? 3 624 706 757 
? 3 487 515 583 
? 3 175 203 217 
? 3 294 542 549 
? 3 391 436 521 
? 3 375 751 484 
? 3 91 272 722 
? 3 422 447 452 
? 3 64 638 190 
? 3 399 697 574 
? 3 116 786 101 
? 3 247 799 618 
? 3 377 626 671 
? 3 137 499 552 
? 3 19 122 14 
? 3 379 794 734 
? 3 282 461 599 
? 3 338 766 382 
? 3 148 792 130 
? 3 45 105 662 
? 3 508 566 439 
? 3 61 401 149 
? 3 159 716 764 
? 3 449 789 571 
? 3 421 641 654 
? 3 254 367 445 
? 3 611 639 24 
? 3 63 681 208 
? 3 279 793 759 
? 3 72 769 330 
? 3 93 333 378 
? 3 70 548 244 
!
796 
788 
198 433 304 165 534 720 160 
198 165
198 433
433 160
433 534
198 304
165 720
37 237 
37 237
174 741 374 752 251 
374 251
174 741
174 752
174 374
765 
756 
561 593 625 667 
561 593
593 667
593 625
749 
70 548 244 
548 244
70 244
263 370 558 668 225 199 672 562 281 
263 370
558 263
668 263
225 370
199 668
672 225
562 199
281 263
309 710 
309 710
62 359 
62 359
743 
90 676 
90 676
731 
93 333 378 
93 333
333 378
744 755 
744 755
274 728 616 415 488 531 602 
274 728
488 602
415 488
531 602
274 602
616 415
713 
72 769 330 
769 330
72 769
143 420 
143 420
139 400 
139 400
384 767 
384 767
128 189 
128 189
702 
695 
686 
682 
424 533 
424 533
673 
418 455 
418 455
133 256 684 161 135 
133 256
133 161
256 684
133 135
213 504 262 411 
213 411
213 504
262 411
665 
656 
279 793 759 
279 759
793 759
417 776 332 201 212 193 
417 212
332 212
417 776
417 201
332 193
63 681 208 
63 681
681 208
611 639 24 
639 24
611 639
0 644 
0 644
285 316 
285 316
241 698 
241 698
254 367 445 
367 445
254 367
560 750 73 413 5 
73 413
73 5
560 73
560 750
612 783 
612 783
546 770 126 398 
546 770
770 126
126 398
267 551 141 136 169 
551 136
141 136
267 169
267 551
650 
41 238 
41 238
59 492 
59 492
421 641 654 
421 641
641 654
232 646 
232 646
449 789 571 
449 789
449 571
555 705 711 490 
705 711
555 705
711 490
159 716 764 
159 716
716 764
643 
61 401 149 
61 149
61 401
640 
397 781 
397 781
633 
207 737 132 699 663 451 
207 737
737 132
207 699
207 663
663 451
613 
610 
608 
740 790 
740 790
597 
596 
582 
266 696 363 719 
266 696
696 719
266 363
578 
283 727 
283 727
259 511 328 636 649 366 
328 636
636 366
511 328
259 328
259 649
362 462 
362 462
508 566 439 
566 439
508 566
575 
11 335 287 437 564 373 
437 373
11 287
11 335
335 373
437 564
464 708 278 129 277 579 243 
464 708
129 579
708 277
464 243
129 277
708 278
45 105 662 
45 662
45 105
67 463 
67 463
42 589 
42 589
148 792 130 
148 130
792 130
567 
338 766 382 
338 766
338 382
346 775 
346 775
565 
563 
282 461 599 
461 599
282 461
556 
544 
379 794 734 
379 794
379 734
65 154 55 414 
55 414
154 414
65 154
541 
675 691 430 124 155 
675 691
691 155
675 124
430 155
540 
43 227 125 753 
227 125
43 227
227 753
18 123 
18 123
27 622 182 502 68 587 
27 622
622 68
502 587
27 502
27 182
19 122 14 
19 122
19 14
137 499 552 
137 499
137 552
377 626 671 
377 626
377 671
527 
518 
247 799 618 
247 799
247 618
513 
270 329 361 595 680 35 
270 595
361 35
270 329
361 680
329 361
512 
441 637 774 66 634 621 
66 634
441 637
441 634
634 621
774 66
509 
180 547 
180 547
315 779 628 577 584 303 293 
779 628
315 628
315 577
584 293
577 303
779 584
500 
20 145 669 216 
20 145
145 669
20 216
581 694 
581 694
112 784 507 171 
112 507
112 171
784 507
15 372 432 664 434 326 588 
372 432
15 372
15 588
664 434
434 326
432 664
86 146 
86 146
302 412 36 75 322 501 
302 412
322 501
302 36
412 501
302 75
485 
48 325 585 25 
48 325
585 25
48 25
482 
306 732 276 260 117 
276 260
732 260
306 732
306 117
31 300 472 648 92 
31 92
300 92
472 92
300 648
116 786 101 
116 786
786 101
394 529 99 685 142 331 620 236 
394 529
99 394
685 99
142 529
331 529
620 685
236 529
2 604 
2 604
399 697 574 
399 697
399 574
3 234 
3 234
474 
470 
459 
453 
64 638 190 
64 190
638 190
440 
298 607 360 629 6 51 98 
298 6
298 607
298 51
629 6
360 98
51 98
223 387 
223 387
422 447 452 
422 447
447 452
425 
178 557 
178 557
407 
91 272 722 
272 722
91 722
87 660 
87 660
396 
49 393 
49 393
349 748 47 320 543 
748 543
349 748
320 543
748 47
30 580 
30 580
179 714 187 688 
187 688
179 688
179 714
356 489 109 95 327 707 798 426 
356 489
109 489
95 489
327 356
707 356
798 327
426 489
375 751 484 
375 484
751 484
391 436 521 
391 436
436 521
294 542 549 
294 549
542 549
403 692 
403 692
226 771 
226 771
395 
390 
389 
388 
573 642 
573 642
258 496 409 738 678 609 632 357 
258 496
409 496
738 258
678 496
609 409
632 409
357 678
54 446 94 249 242 670 386 606 473 408 314 
54 446
94 54
249 446
242 94
670 54
386 54
606 242
473 670
408 446
314 386
381 
288 468 442 17 627 717 
288 468
288 442
627 717
442 17
468 717
175 203 217 
175 203
175 217
487 515 583 
487 583
487 515
624 706 757 
624 706
624 757
365 
120 385 568 
120 385
120 568
364 
110 337 100 163 536 
110 100
110 337
110 163
100 536
89 200 85 186 605 
89 200
89 85
200 605
89 186
32 659 
32 659
355 
76 797 666 592 
76 797
797 666
666 592
170 354 264 
170 354
170 264
352 
351 
343 
119 210 
119 210
342 
83 655 614 
83 655
655 614
52 296 493 576 723 730 709 739 
52 296
493 52
576 52
723 296
730 52
709 493
739 52
121 380 690 
121 380
121 690
347 591 33 465 554 519 253 516 
347 591
33 591
465 33
554 347
519 347
253 554
516 554
687 782 480 520 651 
687 782
480 651
782 520
782 480
34 497 
34 497
345 438 
345 438
339 
7 311 168 167 721 429 185 763 
7 311
168 311
167 311
721 168
429 311
185 311
763 429
334 
402 677 
402 677
195 348 71 494 
195 348
348 494
195 71
40 308 550 537 601 
40 601
550 601
40 308
40 537
321 
319 
404 653 273 
404 653
404 273
658 787 235 
787 235
658 235
74 79 23 
74 79
79 23
299 
598 689 450 150 
689 450
450 150
598 450
280 760 657 498 147 
498 147
760 657
280 760
280 147
204 647 358 344 
204 358
204 647
647 344
297 
295 
229 712 778 
712 778
229 712
286 
284 
13 795 693 456 350 586 725 
13 795
693 456
795 350
795 693
456 586
13 725
181 661 240 26 138 
181 240
661 138
661 240
181 26
166 483 539 
166 483
483 539
151 478 336 
478 336
151 336
292 746 524 57 368 115 197 594 
292 746
524 746
57 292
368 746
115 524
197 292
594 292
257 772 674 454 261 291 233 21 
257 772
674 257
454 674
261 454
291 257
233 674
21 257
82 525 703 
82 525
82 703
427 754 679 
427 754
427 679
271 
569 780 652 81 
780 652
652 81
569 81
220 
194 
156 491 173 
156 491
491 173
768 785 532 635 224 
785 532
532 635
785 224
768 785
248 428 405 
248 428
248 405
127 196 528 164 530 108 323 726 600 191 
127 196
528 196
164 127
530 528
108 528
323 528
726 530
600 323
191 530
58 742 570 88 
58 88
570 88
58 742
192 
162 
435 630 104 406 
630 104
435 104
104 406
307 371 
307 371
118 469 791 475 514 205 545 106 503 
118 469
791 118
475 118
514 118
205 791
545 514
106 514
503 791
158 
69 477 
69 477
153 
553 623 
553 623
617 683 340 268 289 239 523 619 
617 683
340 617
268 617
289 617
239 683
523 268
619 239
144 
140 
103 773 39 762 631 
103 773
773 762
39 631
773 39
222 747 246 
222 246
222 747
50 301 209 729 8 505 
301 8
50 8
729 505
8 505
301 209
134 
131 
245 615 
245 615
114 
111 
313 416 
313 416
97 
10 152 275 255 
10 255
152 255
152 275
96 
12 423 448 
12 423
423 448
305 457 9 392 486 733 466 341 
305 457
9 305
392 457
486 457
733 305
466 305
341 9
78 
228 777 107 188 
228 107
777 107
777 188
211 526 
211 526
77 
60 
56 
46 
510 590 
510 590
113 324 724 172 467 183 221 369 252 
113 324
724 113
172 324
467 724
183 467
221 724
369 324
252 113
84 758 517 
758 517
84 758
102 231 177 431 460 
231 177
102 431
102 177
177 460
176 603 310 383 
176 603
176 310
176 383
53 715 219 
53 715
715 219
476 645 
476 645
312 444 
312 444
250 735 
250 735
215 572 
215 572
80 318 1 718 
80 318
80 718
318 1
44 
38 
29 
202 479 471 700 
202 479
202 700
202 471
506 538 
506 538
28 
22 
230 522 
230 522
218 290 
218 290
16 
701 736 535 745 
736 745
701 745
701 535
157 495 206 214 
157 495
495 206
206 214
4 
317 458 376 353 
317 458
458 353
317 376
265 559 269 761 410 184 704 419 443 481 
265 559
269 265
761 559
410 559
184 761
704 184
419 410
443 419
481 761
