? 7 412 443 302 36 596 734 322 
? 7 52 493 296 576 709 723 730 
? 7 292 746 524 57 368 86 115 
? 7 13 795 693 456 350 725 586 
? 7 15 372 432 326 434 222 588 
? 7 288 468 442 717 627 243 522 
? 7 98 614 51 629 360 83 6 
? 6 464 708 278 129 230 579 
? 6 441 637 774 634 241 66 
? 6 40 308 550 537 601 78 
? 6 207 737 132 663 699 352 
? 6 100 110 337 163 695 552 
? 6 298 607 44 439 123 547 
? 6 280 760 498 657 147 575 
? 6 11 287 335 437 373 564 
? 6 39 773 103 762 532 768 
? 6 181 661 240 247 26 706 
? 5 165 198 433 720 304 
? 5 417 776 332 201 212 
? 5 546 770 126 426 398 
? 5 315 628 710 303 293 
? 5 450 598 183 150 689 
? 5 27 182 622 120 68 
? 5 204 647 344 510 42 
? 5 270 361 363 329 696 
? 5 317 458 481 376 621 
? 5 206 495 157 214 797 
? 5 84 758 63 681 517 
? 5 195 348 494 483 223 
? 5 349 748 320 543 769 
? 5 409 632 609 258 738 
? 5 328 511 636 259 595 
? 5 43 227 753 125 353 
? 5 507 784 112 380 781 
? 4 635 785 578 399 
? 4 487 583 90 515 
? 4 82 525 88 171 
? 4 46 531 333 29 
? 4 156 491 173 463 
? 4 235 787 658 232 
? 4 10 152 275 255 
? 4 202 479 700 170 
? 4 276 732 306 260 
? 4 569 780 652 81 
? 4 174 741 374 752 
? 4 267 551 136 169 
? 4 89 200 85 186 
? 4 561 593 625 667 
? 4 310 379 176 794 
? 4 133 256 161 684 
? 4 1 318 316 718 
? 4 383 603 631 343 
? 4 228 777 107 188 
? 4 701 736 745 438 
? 4 213 411 504 499 
? 4 160 623 534 55 
? 4 555 705 711 79 
? 4 413 436 798 476 
? 4 179 714 187 688 
? 4 65 154 414 512 
? 3 675 691 28 
? 3 236 788 142 
? 3 405 428 248 
? 3 48 585 460 
? 3 177 231 102 
? 3 382 729 283 
? 3 70 549 548 
? 3 73 560 750 
? 3 402 516 677 
? 3 687 782 480 
? 3 715 789 571 
? 3 30 580 166 
? 3 91 272 722 
? 3 218 290 744 
? 3 427 754 743 
? 3 266 680 719 
? 3 71 117 539 
? 3 502 587 425 
? 3 58 742 570 
? 3 300 472 31 
? 3 389 662 690 
? 3 422 447 289 
? 3 116 590 786 
? 3 393 556 574 
? 3 0 87 471 
? 3 135 611 639 
? 3 307 451 448 
? 3 20 145 216 
? 3 141 462 362 
? 3 716 764 159 
? 3 712 778 497 
? 3 404 653 309 
? 3 178 557 666 
? 3 294 542 281 
? 3 375 484 354 
? 3 250 735 62 
? 3 140 599 461 
? 3 64 378 638 
? 3 338 766 702 
? 3 25 346 155 
? 3 24 655 540 
? 3 377 703 245 
? 3 191 697 612 
? 3 246 747 53 
? 3 2 563 403 
? 3 325 565 16 
? 3 175 203 34 
? 3 521 645 153 
? 3 474 581 60 
? 3 500 671 771 
!
796 
792 
98 614 51 629 360 83 6 
98 614
629 6
51 6
98 360
98 51
614 83
358 589 
358 589
507 784 112 380 781 
507 112
507 784
112 781
784 380
790 
783 
65 154 414 512 
154 414
65 154
414 512
765 
500 671 771 
671 771
500 771
263 370 558 225 668 672 562 199 767 
263 370
558 263
225 370
668 558
672 370
562 263
199 668
767 263
604 793 
604 793
137 319 
137 319
759 
418 642 
418 642
756 
474 581 60 
474 581
581 60
128 189 
128 189
288 468 442 717 627 243 522 
288 468
468 243
288 442
717 627
717 243
442 522
740 
521 645 153 
521 645
521 153
130 751 
130 751
23 490 
23 490
345 656 
345 656
648 755 
648 755
739 
731 
727 
704 
395 749 
395 749
694 
508 566 
508 566
43 227 753 125 353 
227 125
43 227
227 753
43 353
179 714 187 688 
187 688
179 688
179 714
692 
686 
175 203 34 
175 203
175 34
181 661 240 247 26 706 
181 240
661 247
661 240
26 706
181 26
325 565 16 
325 565
565 16
2 563 403 
2 563
563 403
264 594 
264 594
144 400 
144 400
49 651 
49 651
246 747 53 
246 53
246 747
328 511 636 259 595 
328 636
328 511
328 259
636 595
605 646 
605 646
413 436 798 476 
413 436
436 798
798 476
409 632 609 258 738 
632 609
409 632
409 258
409 738
682 
407 678 
407 678
122 381 
122 381
191 697 612 
191 697
697 612
14 19 
14 19
377 703 245 
377 245
377 703
555 705 711 79 
705 711
705 79
555 705
24 655 540 
655 540
24 655
679 
25 346 155 
25 346
25 155
676 
299 431 
299 431
669 
39 773 103 762 532 768 
773 103
773 762
39 768
39 532
39 773
659 
650 
641 
96 134 
96 134
640 
633 
626 
160 623 534 55 
160 623
623 55
160 534
615 
72 330 
72 330
11 287 335 437 373 564 
437 373
11 287
11 335
335 373
437 564
61 282 
61 282
338 766 702 
338 766
766 702
613 
280 760 498 657 147 575 
498 147
760 657
280 760
280 147
657 575
15 372 432 326 434 222 588 
372 432
15 372
15 588
326 434
222 588
15 434
64 378 638 
64 378
64 638
139 665 
139 665
5 391 
5 391
140 599 461 
599 461
140 599
597 
250 735 62 
250 735
250 62
355 582 
355 582
572 
553 
375 484 354 
375 484
484 354
544 
535 
294 542 281 
542 281
294 542
213 411 504 499 
213 411
213 504
504 499
533 
349 748 320 543 769 
748 543
349 748
320 543
748 769
527 
701 736 745 438 
736 745
701 745
745 438
45 397 
45 397
298 607 44 439 123 547 
298 607
607 547
44 547
439 123
439 547
178 557 666 
178 666
557 666
404 653 309 
404 653
404 309
712 778 497 
712 778
778 497
526 
518 
716 764 159 
716 159
716 764
513 
100 110 337 163 695 552 
100 110
110 337
337 552
110 163
100 695
509 
207 737 132 663 699 352 
207 737
663 352
737 132
207 352
207 699
506 
180 649 
180 649
13 795 693 456 350 725 586 
13 795
693 456
795 350
795 693
456 586
13 725
492 
228 777 107 188 
228 107
777 107
777 188
279 775 
279 775
383 603 631 343 
383 343
603 343
603 631
292 746 524 57 368 86 115 
292 746
524 86
86 115
57 115
292 115
292 368
271 713 
271 713
40 308 550 537 601 78 
40 601
550 601
40 308
40 537
537 78
459 
1 318 316 718 
1 316
318 718
1 318
455 
195 348 494 483 223 
494 223
195 348
348 494
348 483
84 758 63 681 517 
681 517
63 517
84 63
758 517
141 462 362 
462 362
141 362
7 311 167 721 168 429 763 12 
7 311
167 7
721 167
168 721
429 311
763 429
12 167
229 334 
229 334
20 145 216 
20 145
20 216
384 664 
384 664
452 
449 
440 
430 
307 451 448 
307 448
307 451
424 
52 493 296 576 709 723 730 
52 493
52 296
576 709
723 730
52 723
493 576
146 453 
146 453
135 611 639 
135 611
135 639
408 
618 799 
618 799
396 
0 87 471 
87 471
0 471
421 654 
421 654
390 
624 757 
624 757
206 495 157 214 797 
495 157
214 797
206 797
206 495
59 158 
59 158
133 256 161 684 
133 256
133 161
256 684
274 728 602 488 415 616 252 536 
274 728
602 728
488 274
415 488
616 488
252 274
536 728
393 556 574 
393 556
393 574
116 590 786 
116 590
116 786
422 447 289 
422 447
447 289
75 148 
75 148
92 359 
92 359
388 
387 
371 
366 
251 698 
251 698
394 529 99 331 685 47 620 339 
394 529
99 529
331 529
685 529
47 529
620 685
339 529
118 469 791 475 205 545 514 503 106 423 138 
118 469
791 118
475 118
205 118
545 469
514 545
503 791
106 475
423 503
138 118
365 
441 637 774 634 241 66 
634 66
441 637
441 634
774 241
774 66
389 662 690 
389 662
389 690
300 472 31 
300 31
300 472
58 742 570 
58 742
58 570
364 
502 587 425 
502 587
587 425
351 
317 458 481 376 621 
317 458
481 376
317 376
376 621
270 361 363 329 696 
361 696
361 363
270 329
363 329
284 568 
284 568
342 
310 379 176 794 
310 176
310 379
379 794
71 117 539 
71 539
71 117
321 
314 
313 
644 660 
644 660
297 
266 680 719 
266 680
680 719
347 591 554 465 33 162 519 253 
347 591
554 347
465 591
33 465
162 591
519 347
253 554
427 754 743 
427 754
754 743
600 630 104 435 406 445 367 254 
600 630
104 630
435 630
406 630
445 630
367 445
254 445
204 647 344 510 42 
204 647
647 510
344 510
344 42
101 416 
101 416
77 219 
77 219
295 
356 489 109 95 327 707 38 401 
356 489
109 489
95 489
327 356
707 356
38 489
401 707
286 
273 608 
273 608
561 593 625 667 
561 593
593 667
593 625
27 182 622 120 68 
120 68
27 622
622 120
27 182
262 
244 
218 290 744 
218 290
290 744
91 272 722 
272 722
91 722
30 580 166 
580 166
30 166
238 
89 200 85 186 
89 200
89 85
89 186
450 598 183 150 689 
450 689
450 150
598 183
183 689
267 551 136 169 
551 136
267 169
267 551
237 
234 
715 789 571 
715 789
715 571
233 
226 
412 443 302 36 596 734 322 
412 443
412 302
302 36
412 322
302 734
596 734
315 628 710 303 293 
315 628
628 710
628 293
315 303
687 782 480 
687 782
782 480
402 516 677 
402 516
516 677
617 683 340 523 268 239 619 210 
617 683
340 617
523 683
268 617
239 683
619 617
210 268
113 324 724 172 467 221 482 369 
113 324
724 113
172 324
467 113
221 324
482 172
369 467
73 560 750 
73 560
560 750
70 549 548 
70 548
70 549
224 
174 741 374 752 
174 741
174 752
174 374
220 
217 
382 729 283 
382 729
382 283
546 770 126 426 398 
126 426
546 770
426 398
770 126
177 231 102 
177 231
177 102
54 446 94 249 670 386 606 242 473 541 
54 446
94 54
249 54
670 446
386 54
606 54
242 94
473 446
541 446
569 780 652 81 
780 652
652 81
569 81
197 
193 
276 732 306 260 
276 260
732 260
732 306
80 285 
80 285
305 457 9 486 392 466 733 496 341 
305 457
9 457
486 457
392 457
466 9
733 9
496 392
341 466
192 
3 277 
3 277
190 
35 567 
35 567
301 584 50 779 209 505 478 577 
301 584
50 584
779 584
209 584
505 301
478 584
577 779
185 
149 
417 776 332 201 212 
417 212
332 212
417 776
417 201
48 585 460 
48 460
48 585
464 708 278 129 230 579 
464 708
708 230
129 579
278 230
708 129
121 
119 
211 357 
211 357
114 
111 
485 573 
485 573
105 
202 479 700 170 
202 479
202 700
700 170
97 
405 428 248 
428 248
405 248
257 772 261 291 674 21 454 124 
257 772
261 257
291 772
674 772
21 257
454 674
124 772
93 
10 152 275 255 
10 255
152 255
152 275
194 643 
194 643
74 
69 
67 
56 
37 520 
37 520
127 196 528 164 323 108 530 131 726 
127 196
528 127
164 127
323 528
108 528
530 528
131 196
726 528
236 788 142 
236 142
236 788
165 198 433 720 304 
165 198
198 433
198 304
165 720
235 787 658 232 
787 232
235 787
235 658
675 691 28 
675 691
675 28
76 592 
76 592
143 420 
143 420
151 336 
151 336
208 538 
208 538
156 491 173 463 
156 491
491 173
491 463
41 
32 
22 
46 531 333 29 
46 531
46 333
333 29
385 610 
385 610
18 
17 
215 673 
215 673
312 444 
312 444
8 
82 525 88 171 
525 88
82 525
82 171
487 583 90 515 
583 90
487 583
487 515
4 
635 785 578 399 
635 785
785 578
578 399
265 559 269 410 761 184 470 477 501 419 
265 559
269 265
410 265
761 559
184 761
470 184
477 761
501 269
419 269
