? 7 617 683 340 268 523 289 619 
? 7 356 489 327 109 95 398 38 
? 7 147 498 280 788 349 331 142 
? 7 464 708 278 129 230 522 579 
? 7 394 529 99 685 47 620 17 
? 7 328 511 636 259 366 595 35 
? 7 441 637 353 774 634 621 458 
? 6 7 311 167 168 721 185 
? 6 98 614 51 360 83 6 
? 6 288 468 442 627 330 243 
? 6 302 412 36 596 322 734 
? 6 133 256 684 161 611 180 
? 6 40 308 550 601 537 638 
? 6 207 737 132 663 352 307 
? 6 415 488 616 274 284 568 
? 6 298 607 629 547 508 44 
? 6 292 746 524 57 368 115 
? 5 50 301 156 505 8 
? 5 675 691 430 239 178 
? 5 110 337 100 163 552 
? 5 176 310 379 603 383 
? 5 39 773 103 762 768 
? 5 195 348 223 539 494 
? 5 212 332 417 193 312 
? 5 276 732 306 260 381 
? 5 687 782 480 49 520 
? 5 546 770 426 126 391 
? 5 240 451 181 661 247 
? 5 436 798 413 282 513 
? 5 136 551 267 141 421 
? 5 107 777 228 188 384 
? 5 204 647 344 42 510 
? 5 27 622 182 502 68 
? 5 555 711 705 79 490 
? 4 88 742 58 570 
? 4 487 583 515 90 
? 4 65 154 512 750 
? 4 409 609 632 258 
? 4 46 531 602 728 
? 4 10 152 275 792 
? 4 401 707 61 422 
? 4 213 504 411 216 
? 4 380 662 784 45 
? 4 140 625 593 561 
? 4 435 630 104 406 
? 4 374 741 174 251 
? 4 102 231 431 177 
? 4 624 706 26 757 
? 4 20 145 669 500 
? 4 635 785 532 738 
? 4 715 789 575 657 
? 4 157 495 206 214 
? 4 318 718 1 80 
? 4 125 227 375 43 
? 4 202 479 471 700 
? 4 450 689 598 150 
? 4 91 272 722 682 
? 4 84 758 681 517 
? 4 666 797 76 557 
? 4 73 560 5 521 
? 3 173 491 189 
? 3 698 752 241 
? 3 201 444 776 
? 3 64 378 93 
? 3 382 729 78 
? 3 569 780 74 
? 3 82 525 171 
? 3 116 786 590 
? 3 743 754 427 
? 3 399 697 574 
? 3 270 329 699 
? 3 34 778 497 
? 3 48 585 460 
? 3 215 677 572 
? 3 701 736 535 
? 3 31 648 472 
? 3 179 187 714 
? 3 222 246 53 
? 3 25 325 346 
? 3 89 200 186 
? 3 175 203 22 
? 3 393 556 612 
? 3 235 658 135 
? 3 334 712 455 
? 3 29 408 425 
? 3 12 448 423 
? 3 404 653 273 
? 3 248 428 405 
? 3 166 483 30 
? 3 114 516 566 
? 3 210 233 447 
? 3 294 710 244 
? 3 720 740 485 
? 3 377 703 626 
? 3 92 300 359 
? 3 0 87 660 
? 3 385 482 120 
? 3 112 507 397 
? 3 77 748 320 
? 3 367 445 787 
? 3 357 526 211 
? 3 121 690 97 
? 3 170 354 144 
? 3 474 767 581 
? 3 146 197 580 
? 3 119 667 149 
? 3 358 589 62 
? 3 615 713 749 
? 3 81 339 796 
? 3 71 117 59 
!
799 
783 
441 637 353 774 634 621 458 
637 353
441 353
441 634
634 621
637 458
774 634
364 709 
364 709
555 711 705 79 490 
711 705
705 79
555 705
711 490
781 
765 
73 560 5 521 
73 5
73 560
560 521
756 
71 117 59 
117 59
71 117
257 772 261 291 674 454 16 21 124 
257 772
261 257
291 257
674 261
454 674
16 257
21 772
124 291
283 463 
283 463
105 271 
105 271
755 
317 376 
317 376
753 
81 339 796 
81 339
339 796
414 606 
414 606
328 511 636 259 366 595 35 
366 595
328 636
636 366
328 511
328 259
511 35
751 
615 713 749 
713 749
615 713
333 541 
333 541
158 342 
158 342
155 759 
155 759
264 594 
264 594
747 
731 
727 
717 
351 794 
351 794
702 
143 420 
143 420
27 622 182 502 68 
27 622
622 68
27 502
27 182
666 797 76 557 
797 76
666 557
666 797
694 
686 
358 589 62 
358 589
358 62
292 746 524 57 368 115 
292 746
57 115
524 115
292 115
292 368
119 667 149 
119 667
667 149
146 197 580 
146 197
146 580
63 506 
63 506
236 543 
236 543
191 578 
191 578
474 767 581 
767 581
474 581
204 647 344 42 510 
204 647
647 510
344 510
344 42
123 439 
123 439
84 758 681 517 
681 517
758 517
84 758
107 777 228 188 384 
107 228
107 777
777 384
777 188
679 
250 735 
250 735
70 542 
70 542
170 354 144 
170 354
170 144
220 462 
220 462
121 690 97 
121 690
121 97
91 272 722 682 
272 722
91 722
722 682
357 526 211 
357 526
357 211
678 
367 445 787 
367 445
445 787
676 
32 659 
32 659
673 
298 607 629 547 508 44 
298 607
607 547
547 44
298 629
629 508
665 
656 
652 
476 645 
476 645
651 
650 
649 
450 689 598 150 
450 689
450 150
450 598
644 
286 461 
286 461
415 488 616 274 284 568 
284 568
616 568
415 488
415 568
415 274
290 744 
290 744
77 748 320 
77 748
748 320
643 
207 737 132 663 352 307 
207 737
663 352
207 307
352 307
737 132
394 529 99 685 47 620 17 
47 620
394 529
99 17
394 17
685 620
620 17
112 507 397 
112 507
112 397
285 316 
285 316
130 192 
130 192
385 482 120 
385 120
482 120
642 
0 87 660 
0 660
0 87
671 771 
671 771
640 
633 
92 300 359 
92 300
300 359
618 
613 
377 703 626 
377 626
703 626
202 479 471 700 
202 479
202 700
202 471
610 
136 551 267 141 421 
136 551
136 141
136 421
551 267
608 
125 227 375 43 
125 227
227 43
227 375
252 695 
252 695
40 308 550 601 537 638 
308 638
40 601
550 601
40 638
40 537
720 740 485 
740 485
720 740
294 710 244 
294 710
294 244
210 233 447 
210 233
233 447
597 
592 
114 516 566 
114 566
516 566
587 
133 256 684 161 611 180 
133 256
133 161
256 684
611 180
684 180
567 
302 412 36 596 322 734 
302 412
302 36
412 322
302 734
596 734
565 
716 764 
716 764
464 708 278 129 230 522 579 
464 708
708 230
129 579
278 230
278 522
708 129
544 
318 718 1 80 
318 80
718 80
318 1
424 533 
424 533
157 495 206 214 
157 495
495 206
206 214
147 498 280 788 349 331 142 
498 331
147 331
280 788
147 788
280 349
331 142
18 24 
18 24
288 468 442 627 330 243 
288 468
468 243
288 442
468 330
627 243
540 
715 789 575 657 
715 575
715 657
789 657
527 
436 798 413 282 513 
436 413
798 282
436 798
436 513
240 451 181 661 247 
240 181
661 247
451 181
240 661
166 483 30 
166 483
166 30
347 591 465 554 162 402 33 169 
347 591
465 591
554 347
162 465
402 554
33 465
169 162
553 623 
553 623
248 428 405 
248 428
248 405
400 484 
400 484
518 
509 
501 
499 
404 653 273 
404 653
404 273
492 
356 489 327 109 95 398 38 
356 489
327 109
356 95
489 327
95 398
356 38
219 760 
219 760
12 448 423 
12 423
448 423
459 
137 362 
137 362
453 
29 408 425 
29 408
29 425
254 639 
254 639
452 
72 769 
72 769
546 770 426 126 391 
426 126
546 770
770 126
426 391
69 470 
69 470
635 785 532 738 
785 532
635 532
635 738
15 372 432 326 3 434 588 664 
15 372
432 372
326 15
3 432
434 326
588 434
664 434
334 712 455 
334 712
334 455
235 658 135 
658 135
235 658
393 556 612 
393 556
393 612
37 416 
37 416
582 775 
582 775
440 
438 
418 
407 
343 631 
343 631
11 335 287 719 41 564 519 680 
11 335
287 11
719 335
41 335
564 287
519 11
680 11
265 559 410 269 184 761 704 477 443 419 481 
265 559
410 265
269 559
184 559
761 184
704 184
477 761
443 269
419 443
481 761
403 
98 614 51 360 83 6 
98 614
51 6
98 360
98 51
614 83
175 203 22 
175 203
203 22
89 200 186 
89 200
89 186
25 325 346 
25 325
25 346
396 
222 246 53 
246 53
222 246
395 
687 782 480 49 520 
687 782
480 49
782 520
782 480
276 732 306 260 381 
276 260
732 260
732 306
260 381
548 549 
548 549
390 
20 145 669 500 
20 145
145 669
20 500
179 187 714 
179 714
179 187
387 
371 
365 
563 604 
563 604
345 
31 648 472 
31 472
31 648
13 795 693 350 456 586 725 745 
13 795
693 795
350 795
456 693
586 456
725 13
745 725
701 736 535 
701 535
701 736
198 433 165 304 229 599 160 534 
198 433
165 198
304 433
229 198
599 433
160 433
534 160
212 332 417 193 312 
212 417
212 332
332 193
193 312
14 19 
14 19
646 655 
646 655
321 
113 324 724 172 467 183 369 536 
113 324
724 324
172 324
467 724
183 467
369 113
536 172
313 
338 766 
338 766
624 706 26 757 
624 706
624 26
26 757
195 348 223 539 494 
223 494
195 539
195 348
348 494
299 
297 
215 677 572 
215 677
215 572
48 585 460 
48 460
48 585
34 778 497 
778 497
34 497
295 
102 231 431 177 
231 177
102 431
102 177
39 773 103 762 768 
773 103
773 762
39 768
39 773
374 741 174 251 
374 251
741 174
374 174
279 
277 
270 329 699 
329 699
270 329
262 
238 
617 683 340 268 523 289 619 
617 683
617 340
683 268
523 619
683 523
340 289
176 310 379 603 383 
176 603
176 310
310 379
176 383
399 697 574 
399 697
399 574
743 754 427 
754 427
743 754
52 493 296 576 253 723 730 739 
52 493
296 52
576 493
253 576
723 296
730 52
739 493
266 763 429 363 696 373 361 437 
266 763
429 763
363 266
696 266
373 696
361 696
437 373
116 786 590 
116 590
116 786
82 525 171 
82 525
82 171
237 
435 630 104 406 
630 104
435 104
104 406
234 
232 
569 780 74 
569 74
569 780
110 337 100 163 552 
110 100
110 337
337 552
110 163
382 729 78 
382 729
382 78
127 196 528 108 164 323 131 530 600 726 
127 196
528 127
108 196
164 196
323 196
131 127
530 528
600 323
726 530
140 625 593 561 
593 561
140 625
140 593
226 
224 
380 662 784 45 
380 784
662 45
380 45
449 571 
449 571
54 446 94 249 242 386 670 473 314 
54 446
94 54
249 446
242 94
386 54
670 94
473 54
314 54
217 
208 538 
208 538
194 
75 218 
75 218
263 370 558 225 668 199 672 562 
263 370
558 263
225 370
668 558
199 668
672 225
562 199
190 
159 
675 691 430 239 178 
675 691
675 239
691 430
430 178
64 378 93 
64 378
64 93
7 311 167 168 721 185 
168 185
7 311
311 168
311 167
167 721
153 
151 
573 790 
573 790
148 
139 
96 688 
96 688
134 
213 504 411 216 
213 411
213 504
411 216
128 
201 444 776 
444 776
201 444
315 779 628 577 584 303 293 478 
315 779
628 779
577 779
584 779
303 577
293 779
478 577
122 
401 707 61 422 
707 61
401 707
61 422
221 319 
221 319
111 
101 
86 
67 
355 793 
355 793
305 457 9 392 486 733 341 466 496 
305 457
9 305
392 457
486 457
733 305
341 733
466 341
496 392
698 752 241 
698 752
752 241
50 301 156 505 8 
301 8
50 8
50 156
156 505
10 152 275 792 
10 152
152 792
152 275
173 491 189 
173 491
491 189
281 309 
281 309
85 605 
85 605
255 388 
255 388
2 692 
2 692
46 531 602 728 
46 531
531 602
602 728
66 
60 
56 
409 609 632 258 
609 632
409 632
409 258
641 654 
641 654
55 
28 
245 389 
245 389
209 336 
209 336
23 
65 154 512 750 
154 750
65 154
154 512
487 583 515 90 
583 90
487 583
487 515
4 
88 742 58 570 
88 58
88 570
742 58
118 469 791 514 475 205 545 503 106 138 
118 469
791 118
514 469
475 118
205 469
545 514
503 514
106 545
138 791
