? 7 394 529 99 142 331 330 47 
? 7 441 637 774 634 66 621 241 
? 7 315 779 577 628 303 584 293 
? 7 340 617 683 268 619 289 523 
? 7 302 412 36 359 75 322 744 
? 7 415 488 120 385 274 616 610 
? 7 7 167 721 168 185 487 583 
? 6 132 737 207 663 352 451 
? 6 347 591 554 465 33 253 
? 6 40 308 550 537 601 669 
? 6 524 746 292 115 368 146 
? 6 517 758 84 208 681 63 
? 6 502 622 27 587 68 182 
? 6 103 773 39 762 343 351 
? 6 107 777 228 188 664 384 
? 6 276 732 306 19 122 260 
? 6 89 200 605 186 646 85 
? 5 176 603 310 383 250 
? 5 110 337 163 137 552 
? 5 50 301 8 505 336 
? 5 198 433 165 304 534 
? 5 417 776 332 201 212 
? 5 104 630 323 406 367 
? 5 344 510 647 358 42 
? 5 546 770 126 38 391 
? 5 280 760 147 657 498 
? 5 532 785 768 635 578 
? 5 46 531 728 602 695 
? 5 133 684 180 256 611 
? 5 666 797 206 495 775 
? 5 240 661 181 247 26 
? 5 349 748 320 543 788 
? 5 174 741 374 752 535 
? 5 317 458 376 69 353 
? 4 348 494 195 112 
? 4 409 609 632 258 
? 4 10 290 152 255 
? 4 202 479 471 170 
? 4 151 478 766 396 
? 4 88 742 671 570 
? 4 507 784 781 380 
? 4 140 625 593 599 
? 4 125 375 751 227 
? 4 511 636 328 259 
? 4 235 658 787 135 
? 4 65 154 414 55 
? 4 171 173 491 377 
? 4 48 325 585 177 
? 4 82 525 226 463 
? 4 675 691 239 430 
? 4 245 615 662 45 
? 4 102 231 431 565 
? 4 318 718 285 312 
? 4 555 705 711 74 
? 4 169 267 551 640 
? 4 687 782 520 480 
? 4 413 645 560 436 
? 4 405 428 248 116 
? 4 404 653 273 59 
? 4 91 272 722 117 
? 3 71 483 539 
? 3 73 750 5 
? 3 179 714 187 
? 3 129 754 743 
? 3 382 729 78 
? 3 81 339 236 
? 3 399 697 574 
? 3 141 462 499 
? 3 160 623 512 
? 3 569 652 780 
? 3 183 689 450 
? 3 1 80 32 
? 3 83 655 614 
? 3 161 254 639 
? 3 6 566 508 
? 3 354 484 139 
? 3 12 515 448 
? 3 20 145 58 
? 3 34 778 497 
? 3 31 648 472 
? 3 246 747 53 
? 3 270 329 595 
? 3 449 789 715 
? 3 96 688 271 
? 3 275 400 735 
? 3 447 452 422 
? 3 482 568 284 
? 3 213 216 504 
? 3 379 734 794 
? 3 701 736 438 
? 3 175 203 217 
? 3 215 739 572 
? 3 624 706 757 
? 3 178 557 214 
? 3 72 769 230 
? 3 548 764 70 
? 3 402 516 114 
? 3 229 720 712 
? 3 393 556 49 
? 3 401 707 149 
? 3 561 667 119 
? 3 251 575 698 
? 3 29 378 541 
? 3 234 277 427 
? 3 87 345 0 
? 3 211 357 56 
? 3 362 731 150 
? 3 294 542 710 
? 3 166 580 97 
? 3 421 654 136 
!
796 
755 
7 167 721 168 185 487 583 
168 185
7 168
167 721
487 583
167 168
185 583
193 579 
193 579
317 458 376 69 353 
317 69
376 69
317 458
458 353
749 
740 
91 272 722 117 
272 722
91 722
722 117
738 
421 654 136 
654 136
421 136
257 772 291 261 233 674 454 21 25 
257 772
291 772
261 772
233 772
674 772
454 261
21 257
25 257
162 220 
162 220
60 581 
60 581
727 
316 444 
316 444
726 
166 580 97 
166 97
166 580
673 677 
673 677
415 488 120 385 274 616 610 
488 120
415 610
488 610
274 610
120 385
415 616
717 
294 542 710 
542 710
294 542
283 338 
283 338
123 686 
123 686
262 411 
262 411
418 642 
418 642
716 
702 
699 
694 
518 627 
518 627
665 
62 390 
62 390
174 741 374 752 535 
741 535
174 535
174 752
174 374
404 653 273 59 
404 653
273 59
404 273
659 
656 
362 731 150 
362 731
362 150
89 200 605 186 646 85 
89 200
89 85
200 605
89 186
605 646
211 357 56 
357 56
211 357
87 345 0 
87 345
345 0
204 300 
204 300
563 692 
563 692
650 756 
650 756
234 277 427 
234 427
277 427
349 748 320 543 788 
748 543
349 748
320 543
349 788
582 793 
582 793
405 428 248 116 
428 248
405 248
428 116
240 661 181 247 26 
240 181
661 247
240 661
181 26
649 
562 767 
562 767
130 297 
130 297
29 378 541 
378 541
29 378
144 264 
144 264
251 575 698 
251 575
251 698
413 645 560 436 
645 560
413 436
413 645
561 667 119 
667 119
561 667
633 
401 707 149 
707 149
401 707
613 
105 389 
105 389
608 
276 732 306 19 122 260 
276 260
122 260
276 19
732 19
732 306
597 
596 
589 
219 571 
219 571
573 
553 
549 
687 782 520 480 
687 782
782 520
782 480
544 
194 643 
194 643
107 777 228 188 664 384 
664 384
107 228
777 664
107 777
777 188
612 783 
612 783
393 556 49 
393 556
393 49
540 
103 773 39 762 343 351 
762 351
773 351
103 773
773 39
103 343
302 412 36 359 75 322 744 
302 412
302 36
412 744
412 322
302 75
36 359
229 720 712 
229 712
229 720
355 424 
355 424
57 86 
57 86
402 516 114 
402 516
402 114
538 
548 764 70 
548 764
764 70
590 786 
590 786
536 
533 
72 769 230 
72 769
769 230
527 
526 
178 557 214 
178 557
178 214
169 267 551 640 
169 267
267 551
551 640
513 
666 797 206 495 775 
797 206
206 495
666 797
666 775
506 
555 705 711 74 
711 74
705 711
555 705
485 790 
485 790
502 622 27 587 68 182 
622 27
622 68
502 587
502 27
27 182
624 706 757 
624 706
624 757
215 739 572 
215 739
215 572
175 203 217 
175 203
175 217
500 
492 
701 736 438 
701 736
701 438
490 
517 758 84 208 681 63 
517 681
517 63
84 63
517 758
758 208
473 
524 746 292 115 368 146 
746 292
524 146
292 146
115 146
292 368
461 
156 189 
156 189
340 617 683 268 619 289 523 
617 683
340 617
683 268
619 523
683 523
340 289
459 
318 718 285 312 
318 718
318 312
318 285
307 618 
307 618
102 231 431 565 
102 431
231 565
102 231
315 779 577 628 303 584 293 
779 628
315 628
315 577
584 293
577 303
779 584
30 453 
30 453
40 308 550 537 601 669 
40 601
550 601
40 308
40 537
537 669
455 
245 615 662 45 
615 662
245 662
615 45
445 
133 684 180 256 611 
133 256
684 256
180 611
684 180
46 531 728 602 695 
46 531
602 695
531 602
728 602
379 734 794 
379 794
379 734
298 607 629 360 44 98 51 547 
298 607
629 298
360 607
44 298
98 629
51 629
547 607
703 713 
703 713
213 216 504 
213 504
213 216
223 682 
223 682
440 
439 
420 
416 
482 568 284 
568 284
482 568
408 
441 637 774 634 66 621 241 
634 66
441 637
441 634
774 241
634 621
774 66
366 567 
366 567
447 452 422 
447 422
447 452
407 
2 604 
2 604
398 
275 400 735 
275 735
275 400
644 660 
644 660
397 
279 759 
279 759
532 785 768 635 578 
532 785
532 635
785 768
768 578
314 425 
314 425
675 691 239 430 
675 691
675 239
691 430
288 468 442 620 522 278 243 464 
288 468
442 468
620 442
522 468
278 468
243 288
464 278
96 688 271 
688 271
96 688
449 789 715 
449 789
789 715
270 329 595 
270 595
270 329
101 651 
101 651
37 313 
37 313
387 
381 
371 
365 
470 477 
470 477
52 493 296 576 730 641 709 723 
52 493
296 52
576 493
730 52
641 493
709 641
723 576
265 559 410 269 184 761 501 481 443 419 704 
265 559
410 559
269 410
184 559
761 184
501 265
481 184
443 269
419 443
704 184
364 
347 591 554 465 33 253 
465 33
347 591
591 465
347 554
554 253
246 747 53 
246 53
246 747
31 648 472 
31 472
31 648
34 778 497 
778 497
34 497
346 
20 145 58 
20 145
20 58
342 
280 760 147 657 498 
147 498
760 657
280 760
280 147
546 770 126 38 391 
546 770
770 126
126 391
126 38
395 771 
395 771
334 
82 525 226 463 
82 226
82 525
525 463
12 515 448 
12 515
12 448
333 
321 
319 
43 753 
43 753
309 
354 484 139 
354 484
484 139
13 795 693 456 350 586 725 745 
13 795
693 795
456 693
350 456
586 456
725 13
745 725
6 566 508 
6 566
6 508
356 489 109 95 327 426 798 61 
356 489
109 489
95 489
327 356
426 489
798 356
61 356
344 510 647 358 42 
510 647
344 510
647 358
344 42
18 24 
18 24
295 765 
295 765
299 
15 372 432 3 326 434 588 222 
15 372
432 372
3 15
326 432
434 326
588 326
222 15
286 
388 792 
388 792
48 325 585 177 
48 325
48 585
325 177
104 630 323 406 367 
104 630
630 323
104 367
104 406
282 
244 
161 254 639 
161 254
254 639
83 655 614 
83 655
655 614
1 80 32 
1 32
80 32
238 
171 173 491 377 
171 377
171 173
171 491
417 776 332 201 212 
417 212
332 212
417 776
417 201
65 154 414 55 
414 55
154 414
65 154
237 
232 
183 689 450 
689 450
183 689
218 
210 
394 529 99 142 331 330 47 
394 529
529 47
330 47
394 99
529 331
394 142
198 433 165 304 534 
198 165
198 433
433 534
198 304
569 652 780 
652 780
569 780
160 623 512 
160 623
623 512
266 763 429 363 696 680 361 311 
266 763
429 763
363 266
696 266
680 266
361 363
311 429
11 335 287 437 564 719 373 519 
11 335
287 11
437 11
564 11
719 335
373 287
519 335
141 462 499 
141 499
462 499
399 697 574 
399 697
399 574
209 
235 658 787 135 
658 135
235 787
235 658
197 
192 
81 339 236 
339 236
81 236
50 301 8 505 336 
301 8
50 8
301 336
8 505
382 729 78 
382 729
382 78
305 457 9 486 392 733 466 341 496 678 
305 457
9 305
486 457
392 457
733 457
466 305
341 466
496 392
678 392
511 636 328 259 
636 328
511 328
328 259
191 
190 
125 375 751 227 
125 227
375 227
375 751
281 403 
281 403
113 324 724 172 467 221 252 369 100 
113 324
724 113
172 324
467 724
221 467
252 324
369 724
100 369
158 
121 690 
121 690
157 
159 460 
159 460
54 446 94 249 670 242 386 606 
54 446
94 54
249 94
670 446
242 94
386 54
606 242
155 
148 
110 337 163 137 552 
110 337
163 137
337 552
110 137
129 754 743 
129 754
754 743
132 737 207 663 352 451 
737 207
663 352
132 737
207 352
352 451
143 
134 
509 521 
509 521
128 
124 
679 708 
679 708
93 
140 625 593 599 
140 625
140 593
625 599
92 
179 714 187 
179 714
179 187
263 558 370 668 199 225 672 474 
263 558
370 263
668 263
199 668
225 370
672 225
474 263
90 
507 784 781 380 
507 784
784 781
784 380
153 476 
153 476
79 
77 
67 
41 
598 676 
598 676
127 196 528 108 530 435 164 131 600 
127 196
528 196
108 127
530 528
435 196
164 127
131 196
600 435
73 750 5 
73 5
73 750
176 603 310 383 250 
310 250
176 603
176 310
176 383
88 742 671 570 
88 570
88 742
88 671
71 483 539 
71 539
71 483
138 799 
138 799
64 638 
64 638
23 685 
23 685
224 631 
224 631
151 478 766 396 
478 766
151 478
151 396
35 
28 
22 
202 479 471 170 
202 479
202 471
479 170
594 700 
594 700
17 
16 
111 626 
111 626
76 592 
76 592
14 
10 290 152 255 
10 255
152 255
290 255
409 609 632 258 
609 632
409 632
409 258
4 
348 494 195 112 
348 195
494 112
348 494
118 469 791 475 514 205 545 503 106 423 
118 469
791 118
475 469
514 469
205 791
545 514
503 205
106 545
423 503
