? 7 31 334 303 394 198 128 780 
? 7 587 634 170 194 82 85 183 
? 7 104 523 38 466 12 650 320 
? 7 435 531 535 275 566 472 709 
? 7 516 663 555 221 467 172 439 
? 7 456 711 563 579 11 687 433 
? 7 209 765 450 593 796 469 792 
? 7 473 550 609 286 142 631 630 
? 6 168 512 785 333 688 758 
? 6 99 657 580 243 52 715 
? 6 68 704 791 105 145 236 
? 6 122 273 119 520 193 366 
? 6 239 477 187 773 637 0 
? 6 15 743 362 518 569 437 
? 6 45 788 574 226 447 705 
? 5 130 237 659 101 592 
? 5 150 763 728 161 462 
? 5 144 564 641 330 188 
? 5 350 644 304 556 311 
? 5 155 295 79 399 284 
? 5 81 674 445 770 103 
? 5 380 543 774 143 173 
? 5 427 680 204 598 391 
? 5 65 586 76 777 736 
? 5 156 701 129 625 444 
? 5 124 217 259 321 13 
? 5 137 452 754 90 591 
? 5 352 595 485 265 459 
? 5 213 465 619 618 339 
? 4 487 710 338 503 
? 4 96 583 572 308 
? 4 95 577 707 26 
? 4 547 729 431 56 
? 4 147 670 720 319 
? 4 521 725 760 136 
? 4 57 397 244 18 
? 3 203 567 690 
? 3 208 584 768 
? 3 219 349 714 
? 3 2 742 405 
? 3 234 794 171 
? 3 342 496 111 
? 3 471 528 292 
? 3 332 628 401 
? 3 643 724 30 
? 3 251 635 21 
? 3 151 620 480 
? 3 731 745 33 
? 3 86 211 415 
? 3 34 361 322 
? 3 22 749 356 
? 3 207 451 706 
? 3 278 529 453 
!
213 465 619 618 339 
619 618
213 618
465 339
619 339
113 750 24 377 97 622 40 632 67 560 315 385 795 158 335 684 177 
113 750
24 750
377 750
97 24
622 97
40 377
632 622
67 40
560 622
315 40
385 315
795 40
158 377
335 632
684 335
177 560
784 
278 529 453 
278 529
278 453
599 675 310 125 133 94 87 786 
599 675
310 675
125 675
133 125
94 599
87 133
786 310
45 788 574 226 447 705 
45 574
788 574
447 705
226 705
574 705
762 
57 397 244 18 
57 18
57 244
397 244
207 451 706 
451 706
207 706
22 749 356 
22 749
22 356
448 612 
448 612
617 683 
617 683
34 361 322 
34 361
34 322
86 211 415 
211 415
86 211
352 595 485 265 459 
352 265
352 595
265 459
595 485
118 654 29 672 746 27 134 277 440 
118 654
29 118
672 654
746 29
27 29
134 746
277 672
440 746
731 745 33 
731 33
745 33
379 739 781 267 180 719 640 647 291 761 533 474 174 55 381 712 121 205 260 53 197 721 358 652 717 162 653 
379 739
781 739
267 781
180 781
719 180
640 379
647 379
291 267
761 719
533 647
474 647
174 533
55 647
381 761
712 640
121 712
205 474
260 291
53 205
197 381
721 197
358 205
652 358
717 721
162 712
653 260
15 743 362 518 569 437 
362 569
743 362
15 362
362 518
518 437
521 725 760 136 
521 136
521 725
760 136
147 670 720 319 
670 720
147 720
147 319
32 696 
32 696
62 718 345 421 737 160 629 224 491 69 
62 718
345 718
421 62
737 345
160 421
629 421
224 737
491 421
69 629
716 
137 452 754 90 591 
452 90
137 90
754 90
137 591
679 
649 
88 681 476 790 532 607 727 357 19 411 6 36 766 669 66 787 51 655 
88 681
476 88
790 476
532 88
607 532
727 681
357 532
19 790
411 19
6 727
36 6
766 6
669 766
66 357
787 669
51 787
655 66
1 403 229 428 489 202 430 726 797 693 110 667 152 551 671 218 254 416 798 120 312 16 14 676 759 771 779 553 268 159 327 470 163 
1 403
229 1
428 229
489 229
202 428
430 1
726 430
797 489
693 726
110 430
667 693
152 797
551 667
671 667
218 202
254 218
416 551
798 218
120 218
312 110
16 416
14 152
676 671
759 798
771 14
779 759
553 254
268 120
159 268
327 771
470 16
163 676
256 610 597 558 500 753 189 241 41 250 127 404 75 
256 610
597 256
558 610
500 558
753 500
189 256
241 597
41 500
250 41
127 41
404 250
75 404
151 620 480 
620 480
151 620
64 695 386 314 371 230 501 255 484 530 
64 695
386 695
314 695
371 386
230 314
501 230
255 230
484 371
530 314
299 511 
299 511
258 627 606 7 519 72 545 367 360 216 
258 627
606 627
7 606
519 258
72 7
545 627
367 545
360 519
216 7
124 217 259 321 13 
124 217
217 13
217 321
124 259
71 685 
71 685
37 608 744 283 343 384 181 92 
37 608
744 608
283 37
343 744
384 283
181 37
92 608
473 550 609 286 142 631 630 
550 631
142 631
609 630
609 286
550 286
473 142
305 400 
305 400
156 701 129 625 444 
156 625
701 444
701 625
701 129
239 477 187 773 637 0 
239 477
637 0
187 637
187 773
477 0
251 635 21 
251 21
251 635
364 463 
364 463
65 586 76 777 736 
65 76
65 777
586 76
777 736
387 677 
387 677
643 724 30 
724 30
643 30
209 765 450 593 796 469 792 
765 469
593 469
209 450
209 796
450 593
209 792
604 
368 699 
368 699
332 628 401 
628 401
332 628
78 346 
78 346
9 513 507 573 410 195 215 248 374 382 370 581 115 146 735 698 351 
9 513
507 9
573 513
410 507
195 410
215 195
248 573
374 410
382 248
370 573
581 370
115 215
146 581
735 374
698 382
351 370
220 232 418 799 658 46 210 165 694 70 276 423 132 559 4 660 614 271 537 263 288 590 689 
220 232
418 232
799 220
658 799
46 799
210 220
165 418
694 165
70 658
276 70
423 276
132 694
559 210
4 559
660 423
614 4
271 46
537 4
263 210
288 263
590 132
689 590
336 509 540 100 525 666 623 48 
336 509
540 509
100 336
525 540
666 100
623 525
48 100
395 751 412 517 196 93 365 733 318 
395 751
412 751
517 751
196 395
93 517
365 196
733 196
318 93
456 711 563 579 11 687 433 
687 433
563 579
563 433
456 579
456 711
11 433
427 680 204 598 391 
427 391
204 598
680 598
204 391
578 
536 585 240 373 42 167 233 424 296 242 344 446 740 482 206 398 502 616 50 457 732 176 
536 585
240 585
373 240
42 585
167 240
233 42
424 167
296 424
242 42
344 373
446 373
740 242
482 344
206 740
398 296
502 398
616 482
50 206
457 446
732 616
176 457
238 249 169 59 186 214 664 538 764 376 460 
238 249
169 249
59 169
186 59
214 169
664 169
538 59
764 214
376 214
460 376
527 
547 729 431 56 
729 431
547 56
547 729
552 757 355 107 178 272 557 228 582 287 601 
552 757
355 757
107 552
178 355
272 107
557 272
228 557
582 178
287 582
601 287
471 528 292 
471 528
528 292
95 577 707 26 
95 26
95 707
577 26
407 633 697 562 116 294 570 611 486 378 613 741 624 673 164 576 748 289 522 112 388 235 
407 633
697 633
562 633
116 562
294 697
570 562
611 294
486 294
378 611
613 486
741 486
624 378
673 378
164 613
576 624
748 562
289 116
522 570
112 289
388 289
235 164
122 273 119 520 193 366 
520 193
273 366
273 193
273 119
122 520
504 
96 583 572 308 
96 583
96 308
572 308
342 496 111 
342 496
342 111
363 481 755 331 138 703 20 262 419 
363 481
755 481
331 481
138 331
703 755
20 138
262 703
419 138
516 663 555 221 467 172 439 
663 221
221 467
516 467
221 172
516 555
467 439
298 372 
298 372
468 
458 464 149 270 192 656 603 227 524 479 571 123 191 
458 464
149 458
270 464
192 270
656 458
603 192
227 603
524 656
479 227
571 603
123 524
191 524
47 126 702 348 668 494 8 153 723 
47 126
702 126
348 47
668 47
494 348
8 348
153 668
723 702
425 
140 662 756 449 341 648 290 789 406 
140 662
756 140
449 662
341 140
648 449
290 341
789 449
406 290
261 539 43 282 89 778 490 775 245 414 383 28 222 
261 539
43 539
282 43
89 261
778 89
490 43
775 89
245 282
414 775
383 778
28 414
222 28
435 531 535 275 566 472 709 
435 472
435 709
435 275
535 709
531 275
535 566
380 543 774 143 173 
380 543
380 774
543 143
380 173
326 638 
326 638
68 704 791 105 145 236 
68 791
68 105
105 236
704 105
145 236
81 674 445 770 103 
674 770
445 103
81 770
674 445
212 495 131 565 279 35 475 588 
212 495
131 495
565 495
279 565
35 565
475 279
588 35
39 323 108 83 182 526 106 117 309 488 
39 323
108 39
83 39
182 108
526 108
106 83
117 182
309 106
488 323
375 
104 523 38 466 12 650 320 
104 523
12 320
523 466
466 12
38 650
38 320
587 634 170 194 82 85 183 
587 85
634 82
82 85
194 82
587 183
170 82
487 710 338 503 
487 710
710 338
487 503
402 420 157 747 691 347 514 639 185 408 782 544 148 413 678 436 23 316 
402 420
157 402
747 420
691 402
347 747
514 157
639 347
185 639
408 639
782 514
544 185
148 544
413 782
678 413
436 544
23 782
316 23
301 390 
301 390
442 534 767 461 306 546 324 257 738 184 568 
442 534
767 442
461 534
306 534
546 442
324 461
257 324
738 324
184 546
568 184
231 499 
231 499
80 409 
80 409
225 274 596 252 166 61 455 114 
225 274
596 274
252 225
166 596
61 596
455 61
114 166
155 295 79 399 284 
79 399
295 79
399 284
155 79
492 515 354 328 17 98 722 642 646 179 
492 515
354 492
328 515
17 328
98 328
722 354
642 98
646 354
179 354
350 644 304 556 311 
350 304
644 304
644 556
350 311
99 657 580 243 52 715 
580 243
99 243
99 52
657 243
580 715
10 84 661 730 626 772 600 269 63 686 25 549 297 302 645 300 
10 84
661 10
730 84
626 730
772 661
600 730
269 600
63 772
686 600
25 600
549 269
297 25
302 549
645 686
300 297
168 512 785 333 688 758 
512 785
168 688
785 758
168 512
512 333
144 564 641 330 188 
144 641
641 188
564 188
144 330
234 794 171 
794 171
234 794
102 281 621 602 441 199 454 91 60 329 589 665 154 783 575 443 429 636 432 498 
102 281
621 102
602 621
441 602
199 602
454 441
91 621
60 454
329 441
589 199
665 91
154 589
783 60
575 783
443 665
429 443
636 154
432 589
498 329
31 334 303 394 198 128 780 
334 198
334 780
31 128
394 128
303 198
31 780
141 542 200 422 280 293 340 246 700 493 
141 542
200 141
422 200
280 542
293 280
340 280
246 340
700 340
493 542
692 776 393 505 190 417 734 793 247 77 74 651 44 5 
692 776
393 776
505 393
190 505
417 190
734 505
793 417
247 734
77 734
74 77
651 247
44 247
5 793
359 
150 763 728 161 462 
150 763
150 462
150 728
763 161
313 389 
313 389
3 135 
3 135
2 742 405 
2 742
2 405
130 237 659 101 592 
130 237
237 592
130 101
130 659
317 
264 483 
264 483
541 713 561 353 266 497 337 139 510 285 307 605 426 478 
541 713
561 713
353 713
266 561
497 353
337 541
139 266
510 337
285 497
307 510
605 337
426 605
478 497
219 349 714 
219 349
349 714
208 584 768 
584 768
208 768
253 
201 554 
201 554
54 109 392 49 325 506 434 369 438 682 548 58 175 396 708 508 752 769 615 594 
54 109
392 54
49 392
325 109
506 325
434 49
369 434
438 325
682 369
548 392
58 438
175 58
396 175
708 396
508 506
752 508
769 508
615 58
594 769
223 
73 
203 567 690 
203 567
567 690
