? 7 761 781 180 379 717 719 381 
? 7 380 774 684 543 173 97 143 
? 7 362 569 522 196 570 733 743 
? 7 280 340 15 700 293 66 200 
? 7 218 779 798 428 229 254 120 
? 7 264 619 483 465 339 399 223 
? 7 198 303 780 641 31 394 334 
? 7 354 492 17 598 328 722 515 
? 6 279 475 387 193 35 588 
? 6 2 742 707 101 96 572 
? 6 78 104 466 38 33 346 
? 6 121 420 157 514 747 402 
? 6 187 637 0 773 94 675 
? 6 352 595 265 459 299 511 
? 6 151 699 480 368 638 326 
? 5 448 625 21 635 251 
? 5 132 694 418 171 232 
? 5 52 744 608 547 343 
? 5 56 508 506 752 787 
? 5 100 509 685 336 304 
? 5 23 316 413 782 712 
? 5 68 704 105 791 145 
? 5 192 270 458 149 464 
? 5 278 529 115 391 735 
? 5 284 463 92 79 580 
? 5 219 349 433 405 579 
? 5 30 319 367 789 301 
? 5 86 211 587 158 415 
? 5 308 583 687 714 584 
? 4 474 533 640 739 
? 4 191 390 123 656 
? 4 469 644 350 796 
? 4 11 563 76 456 
? 4 128 786 310 528 
? 4 12 650 320 531 
? 4 197 721 291 267 
? 3 445 728 150 
? 3 63 457 122 
? 3 155 295 277 
? 3 273 520 794 
? 3 202 797 152 
? 3 453 736 711 
? 3 392 548 422 
? 3 87 599 292 
? 3 22 497 478 
? 3 144 188 332 
? 3 427 680 668 
? 3 162 691 53 
? 3 236 356 139 
? 3 125 133 471 
? 3 425 745 398 
? 3 696 762 32 
? 3 431 729 323 
!
308 583 687 714 584 
308 714
308 583
308 584
687 714
348 708 175 325 369 8 682 438 58 396 494 126 313 54 488 226 179 
348 708
175 708
325 708
369 708
8 175
682 369
438 325
58 175
396 708
494 348
126 682
313 8
54 682
488 313
226 494
179 348
784 
431 729 323 
431 729
729 323
64 386 501 314 695 759 484 147 
64 386
501 64
314 64
695 64
759 386
484 386
147 501
151 699 480 368 638 326 
480 326
699 638
151 638
699 480
151 368
748 
197 721 291 267 
197 721
291 267
197 291
696 762 32 
696 32
696 762
425 745 398 
425 398
745 398
165 423 
165 423
24 315 
24 315
125 133 471 
133 471
125 133
236 356 139 
236 356
356 139
86 211 587 158 415 
86 587
211 158
211 415
86 158
83 309 39 106 462 108 527 705 389 
83 309
39 83
106 83
462 309
108 309
527 309
705 309
389 83
162 691 53 
162 53
162 691
235 440 613 741 554 29 201 134 27 746 486 253 164 294 118 654 673 697 669 378 407 51 633 611 99 672 657 
235 440
613 235
741 235
554 741
29 235
201 235
134 741
27 201
746 440
486 27
253 741
164 27
294 613
118 29
654 27
673 294
697 741
669 673
378 673
407 697
51 669
633 294
611 378
99 51
672 118
657 99
352 595 265 459 299 511 
352 265
352 595
265 459
265 299
459 511
12 650 320 531 
12 320
320 531
650 531
128 786 310 528 
128 528
786 310
128 310
260 679 
260 679
148 544 185 408 26 436 639 653 577 347 
148 544
185 544
408 544
26 544
436 26
639 185
653 185
577 148
347 408
677 
30 319 367 789 301 
367 301
30 319
319 367
319 789
664 
655 
269 600 730 10 25 626 686 645 297 84 732 661 302 689 772 590 731 523 
269 600
730 600
10 730
25 600
626 730
686 269
645 25
297 25
84 600
732 269
661 626
302 269
689 297
772 10
590 10
731 269
523 645
363 481 755 138 20 271 331 262 80 212 703 419 46 495 658 631 131 286 799 409 276 71 70 322 666 263 565 65 220 660 777 586 48 
363 481
755 481
138 481
20 481
271 363
331 755
262 755
80 271
212 262
703 262
419 481
46 271
495 212
658 46
631 80
131 212
286 631
799 46
409 80
276 212
71 262
70 799
322 631
666 71
263 631
565 212
65 20
220 799
660 565
777 65
586 777
48 666
421 491 452 62 160 90 718 181 137 683 754 538 224 
421 491
452 491
62 421
160 421
90 491
718 62
181 491
137 452
683 181
754 452
538 421
224 62
427 680 668 
427 668
680 668
609 630 136 361 142 34 468 473 550 698 
609 630
136 630
361 136
142 609
34 630
468 630
473 609
550 609
698 468
312 760 
312 760
216 648 662 72 530 290 756 140 449 406 
216 648
662 648
72 216
530 662
290 648
756 530
140 662
449 216
406 648
219 349 433 405 579 
219 349
349 579
219 433
219 405
170 564 
170 564
400 792 305 525 209 540 765 623 
400 792
305 400
525 400
209 792
540 525
765 525
623 525
354 492 17 598 328 722 515 
354 17
354 492
492 328
17 515
598 515
354 722
174 205 
174 205
284 463 92 79 580 
284 580
463 92
284 79
284 463
187 637 0 773 94 675 
637 0
187 637
187 773
94 675
637 675
144 188 332 
144 188
188 332
47 49 
47 49
278 529 115 391 735 
529 391
278 391
278 115
278 735
249 307 
249 307
22 497 478 
22 497
22 478
198 303 780 641 31 394 334 
198 334
780 334
198 303
780 31
31 394
198 641
652 
234 366 
234 366
87 599 292 
87 292
87 599
300 720 
300 720
532 607 88 476 624 357 727 790 681 19 6 112 388 411 116 562 36 
532 607
88 607
476 607
624 607
357 607
727 88
790 532
681 727
19 88
6 727
112 532
388 532
411 19
116 624
562 116
36 624
261 539 282 43 89 490 245 414 28 383 778 222 618 345 775 629 617 69 364 213 620 737 372 
261 539
282 261
43 282
89 261
490 539
245 282
414 539
28 414
383 261
778 383
222 414
618 245
345 222
775 222
629 383
617 629
69 629
364 383
213 618
620 43
737 28
372 414
358 706 646 647 678 451 207 55 
358 706
646 706
647 358
678 706
451 706
207 706
55 647
248 382 573 374 9 195 215 507 513 
248 382
573 382
374 248
9 573
195 374
215 382
507 573
513 195
264 619 483 465 339 399 223 
264 223
264 619
465 339
619 339
619 399
483 399
192 270 458 149 464 
458 149
192 270
192 458
192 464
615 
692 776 393 505 190 793 77 247 734 5 651 44 556 74 690 417 593 546 767 450 649 442 
692 776
393 776
505 393
190 505
793 190
77 692
247 393
734 247
5 793
651 247
44 247
556 651
74 77
690 44
417 190
593 651
546 793
767 5
450 593
649 44
442 5
244 709 18 57 435 124 535 566 217 397 275 
244 709
18 709
57 18
435 244
124 709
535 57
566 57
217 124
397 57
275 124
576 
11 563 76 456 
563 456
563 76
11 76
512 785 758 333 444 168 13 156 688 129 701 
512 785
758 785
333 512
444 512
168 512
13 785
156 512
688 785
129 444
701 156
392 548 422 
548 422
392 548
469 644 350 796 
469 350
644 350
644 796
536 585 240 42 167 424 373 233 296 344 446 242 502 740 482 176 206 612 50 616 119 549 
536 585
240 585
42 585
167 240
424 167
373 240
233 42
296 424
344 167
446 240
242 42
502 344
740 233
482 344
176 242
206 740
612 502
50 740
616 482
119 233
549 482
121 420 157 514 747 402 
420 157
157 402
121 157
514 747
121 514
526 
191 390 123 656 
123 656
390 123
191 656
453 736 711 
453 736
736 711
214 460 604 376 770 764 14 510 285 
214 460
604 460
376 460
770 604
764 214
14 460
510 214
285 764
218 779 798 428 229 254 120 
798 254
218 798
218 779
229 254
218 120
428 120
172 521 
172 521
524 
241 558 597 723 610 500 98 642 256 702 75 485 189 
241 558
597 241
723 558
610 558
500 241
98 597
642 597
256 558
702 98
75 610
485 723
189 642
177 560 622 632 335 268 749 341 750 
177 560
622 560
632 622
335 632
268 177
749 268
341 560
750 177
403 
337 426 713 238 541 186 605 59 169 
337 426
713 337
238 337
541 426
186 426
605 186
59 238
169 59
487 710 338 591 496 103 384 503 342 283 111 117 182 
487 710
338 710
591 487
496 710
103 710
384 487
503 710
342 496
283 487
111 103
117 338
182 117
280 340 15 700 293 66 200 
340 15
280 340
280 293
340 700
280 66
280 200
68 704 105 791 145 
68 791
68 105
704 105
68 145
289 766 
289 766
78 104 466 38 33 346 
466 33
104 466
78 104
78 38
78 346
23 316 413 782 712 
316 782
23 782
316 413
23 712
401 634 82 85 628 578 194 183 
401 634
82 634
85 634
628 401
578 634
194 578
183 85
40 795 266 385 67 561 377 113 353 159 
40 795
266 795
385 40
67 795
561 266
377 40
113 40
353 266
159 795
375 
362 569 522 196 570 733 743 
569 522
362 522
570 743
522 570
362 196
196 733
380 774 684 543 173 97 143 
774 97
380 543
380 684
380 774
684 173
543 143
474 533 640 739 
533 640
474 739
474 533
667 671 726 676 416 551 16 470 327 163 771 693 161 81 1 763 489 674 
667 671
726 667
676 671
416 671
551 667
16 726
470 16
327 676
163 671
771 327
693 771
161 667
81 327
1 726
763 671
489 1
674 327
298 359 
298 359
93 517 395 751 437 499 365 231 318 412 518 
93 517
395 517
751 93
437 517
499 93
365 395
231 93
318 231
412 365
518 437
109 434 
109 434
208 592 
208 592
574 788 45 146 153 447 204 410 
574 788
45 788
146 45
153 788
447 574
204 153
410 574
100 509 685 336 304 
100 685
100 509
100 336
685 304
429 443 665 602 589 432 477 636 239 330 
429 443
665 429
602 443
589 602
432 602
477 432
636 477
239 477
330 602
56 508 506 752 787 
506 752
508 506
56 508
56 787
2 742 707 101 96 572 
742 707
2 742
2 96
2 572
101 572
461 534 257 306 738 324 184 716 203 568 567 659 130 95 237 768 
461 534
257 461
306 534
738 257
324 738
184 257
716 257
203 257
568 184
567 184
659 567
130 567
95 203
237 130
768 130
279 475 387 193 35 588 
279 588
475 35
279 387
279 475
387 193
52 744 608 547 343 
52 744
744 608
52 343
608 547
202 797 152 
797 152
202 797
355 757 178 552 557 107 272 582 228 601 287 542 127 493 141 246 250 753 41 404 
355 757
178 355
552 757
557 757
107 757
272 757
582 178
228 757
601 355
287 582
542 601
127 601
493 287
141 542
246 557
250 601
753 127
41 127
404 601
761 781 180 379 717 719 381 
761 781
379 381
761 379
781 180
719 381
717 719
351 516 370 467 439 221 581 555 725 663 
351 516
370 351
467 516
439 467
221 351
581 370
555 351
725 467
663 516
60 454 575 783 441 281 498 621 154 329 91 102 199 73 
60 454
575 60
783 575
441 454
281 441
498 454
621 281
154 454
329 281
91 281
102 281
199 441
73 783
371 
132 694 418 171 232 
132 171
694 171
694 418
694 232
110 430 
110 430
594 769 
594 769
273 520 794 
273 520
273 794
448 625 21 635 251 
21 251
448 625
448 251
635 251
311 
243 715 
243 715
360 519 627 258 227 504 571 606 3 479 7 545 135 603 
360 519
627 519
258 627
227 519
504 227
571 360
606 627
3 519
479 519
7 627
545 627
135 571
603 519
155 295 277 
155 295
295 277
63 457 122 
457 122
63 457
259 
321 472 
321 472
225 274 252 537 455 596 61 114 4 614 166 643 559 553 210 317 255 724 670 288 
225 274
252 225
537 274
455 225
596 274
61 455
114 225
4 537
614 4
166 596
643 537
559 537
553 455
210 4
317 252
255 166
724 4
670 255
288 317
230 
37 
445 728 150 
445 728
728 150
