? 7 15 280 293 743 196 733 522 
? 7 248 382 374 410 9 507 195 
? 7 352 595 485 265 17 299 511 
? 7 358 706 646 647 451 55 207 
? 7 214 460 376 770 764 14 674 
? 7 362 569 570 499 748 655 141 
? 7 480 638 151 326 298 699 94 
? 7 129 625 448 21 251 635 612 
? 6 264 619 339 483 465 399 
? 6 56 508 506 752 744 343 
? 6 183 194 401 82 85 634 
? 6 177 560 622 632 268 341 
? 6 218 798 779 371 759 428 
? 6 316 782 514 23 678 533 
? 6 30 319 147 789 720 346 
? 5 379 781 640 180 761 
? 5 68 791 105 704 236 
? 5 408 544 679 639 436 
? 5 279 387 588 475 677 
? 5 270 458 464 397 123 
? 5 433 563 11 579 687 
? 5 717 721 308 96 381 
? 5 158 578 211 86 587 
? 5 278 529 735 391 680 
? 5 334 786 303 31 128 
? 5 599 675 87 133 125 
? 5 398 502 745 425 731 
? 5 567 659 584 690 208 
? 5 132 694 418 590 423 
? 4 193 520 273 794 
? 4 159 797 202 478 
? 4 354 492 515 598 
? 4 301 390 566 535 
? 4 119 122 366 305 
? 4 260 291 712 691 
? 4 572 583 2 405 
? 3 592 649 349 
? 3 392 434 422 
? 3 145 394 528 
? 3 290 449 72 
? 3 453 736 586 
? 3 22 749 315 
? 3 300 643 724 
? 3 188 332 170 
? 3 547 729 608 
? 3 163 445 161 
? 3 668 722 205 
? 3 110 312 430 
? 3 32 696 762 
? 3 215 513 456 
? 3 474 652 719 
? 3 155 277 79 
? 3 356 471 139 
!
132 694 418 590 423 
418 590
694 423
132 423
694 590
421 491 452 90 683 160 737 137 754 181 224 538 664 604 591 186 463 
421 491
452 491
90 491
683 491
160 421
737 421
137 452
754 452
181 683
224 737
538 754
664 538
604 754
591 754
186 737
463 181
715 
356 471 139 
356 471
471 139
380 774 335 173 543 684 97 143 
380 774
335 380
173 380
543 774
684 335
97 774
143 380
30 319 147 789 720 346 
147 720
30 319
30 346
319 147
147 789
714 
572 583 2 405 
583 2
572 2
572 405
155 277 79 
155 79
277 79
474 652 719 
474 719
474 652
197 711 
197 711
162 174 
162 174
215 513 456 
215 513
513 456
32 696 762 
32 696
696 762
567 659 584 690 208 
567 690
659 584
584 208
567 208
707 768 130 26 95 742 237 101 577 
707 768
130 768
26 707
95 26
742 707
237 130
101 742
577 707
110 312 430 
312 430
110 312
235 440 741 134 29 27 613 201 554 253 486 746 164 294 118 673 378 697 766 654 669 407 51 611 576 633 672 
235 440
741 235
134 440
29 440
27 440
613 440
201 27
554 440
253 741
486 741
746 134
164 440
294 613
118 29
673 294
378 673
697 294
766 673
654 118
669 673
407 697
51 669
611 294
576 294
633 407
672 118
316 782 514 23 678 533 
514 678
316 782
782 23
678 533
782 678
260 291 712 691 
712 691
260 712
291 712
119 122 366 305 
122 305
119 366
122 366
288 473 
288 473
93 517 395 231 437 751 318 365 412 518 
93 517
395 517
231 517
437 517
751 517
318 517
365 395
412 395
518 517
616 
398 502 745 425 731 
398 425
502 425
502 745
745 731
564 
459 
348 708 175 682 58 8 313 369 325 396 438 494 226 179 488 126 54 615 
348 708
175 708
682 708
58 175
8 348
313 8
369 682
325 58
396 8
438 175
494 8
226 494
179 348
488 313
126 369
54 438
615 325
363 481 755 331 20 138 271 409 80 262 419 212 46 703 495 631 799 131 71 658 322 666 276 565 70 286 220 232 142 263 609 660 468 
363 481
755 481
331 363
20 481
138 481
271 481
409 481
80 271
262 755
419 363
212 262
46 80
703 212
495 212
631 80
799 46
131 495
71 20
658 799
322 409
666 71
276 212
565 495
70 799
286 322
220 799
232 220
142 409
263 142
609 322
660 495
468 322
558 597 241 753 98 610 642 75 723 702 256 328 189 
558 597
241 558
753 558
98 597
610 597
642 241
75 558
723 241
702 597
256 558
328 558
189 702
668 722 205 
668 722
722 205
83 309 106 323 527 462 221 728 526 150 
83 309
106 309
323 83
527 309
462 309
221 309
728 106
526 462
150 728
37 283 
37 283
45 788 574 146 447 204 389 153 115 427 
45 788
574 788
146 788
447 788
204 146
389 45
153 204
115 788
427 204
599 675 87 133 125 
675 87
599 675
87 133
599 125
400 623 
400 623
361 630 136 34 550 698 521 760 
361 630
136 361
34 630
550 630
698 34
521 136
760 136
129 625 448 21 251 635 612 
129 625
129 448
21 251
448 251
251 635
448 612
49 109 
49 109
334 786 303 31 128 
31 128
334 786
334 303
334 31
218 798 779 371 759 428 
798 759
218 759
218 779
371 759
218 428
163 445 161 
163 445
163 161
35 234 
35 234
278 529 735 391 680 
529 391
278 391
278 735
529 680
120 152 
120 152
547 729 608 
547 608
547 729
480 638 151 326 298 699 94 
480 326
638 699
638 151
480 699
298 94
326 94
457 
292 359 
292 359
188 332 170 
188 332
332 170
217 259 
217 259
225 274 596 252 537 61 4 455 166 614 553 670 559 317 210 114 255 
225 274
596 274
252 225
537 274
61 596
4 537
455 61
166 596
614 537
553 252
670 596
559 537
317 252
210 4
114 596
255 670
261 539 282 43 89 245 778 414 490 383 28 618 620 617 775 222 718 629 62 69 364 345 213 
261 539
282 539
43 539
89 261
245 282
778 261
414 261
490 43
383 89
28 414
618 245
620 490
617 383
775 89
222 414
718 617
629 617
62 629
69 629
364 383
345 414
213 618
337 426 238 510 169 59 713 353 
337 426
238 337
510 337
169 238
59 169
713 337
353 713
104 523 78 33 466 650 38 320 12 
104 523
78 104
33 523
466 104
650 104
38 466
320 104
12 466
362 569 570 499 748 655 141 
362 748
569 748
569 570
499 748
655 141
362 655
158 578 211 86 587 
86 587
158 578
158 211
578 86
431 
532 607 88 476 357 624 727 790 681 388 19 289 411 112 36 6 562 116 594 66 548 769 
532 607
88 532
476 607
357 607
624 607
727 88
790 532
681 607
388 357
19 88
289 532
411 476
112 681
36 790
6 727
562 388
116 562
594 19
66 532
548 19
769 19
575 783 60 73 641 498 330 144 628 198 780 
575 783
60 575
73 783
641 73
498 60
330 73
144 73
628 73
198 641
780 198
415 
301 390 566 535 
301 390
301 566
566 535
461 534 306 257 738 767 324 184 442 203 716 
461 534
306 534
257 461
738 461
767 534
324 534
184 257
442 461
203 184
716 738
300 643 724 
300 643
300 724
354 492 515 598 
354 492
354 515
515 598
355 757 178 552 582 557 107 287 601 272 127 493 542 246 700 375 250 404 228 500 340 41 
355 757
178 355
552 355
582 178
557 552
107 178
287 355
601 757
272 557
127 601
493 582
542 601
246 557
700 246
375 246
250 127
404 601
228 552
500 127
340 246
41 127
177 560 622 632 268 341 
560 632
560 622
177 560
177 268
632 341
406 
159 797 202 478 
159 797
797 202
797 478
22 749 315 
22 749
22 315
18 709 244 57 472 435 124 275 531 
18 709
244 709
57 244
472 709
435 709
124 472
275 124
531 435
214 460 376 770 764 14 674 
460 674
770 674
460 14
214 460
214 376
376 764
24 750 
24 750
403 
487 710 338 503 111 496 342 384 117 103 39 182 108 
487 710
338 710
503 338
111 338
496 338
342 111
384 487
117 338
103 111
39 117
182 39
108 39
40 795 385 266 377 541 67 113 561 
40 795
385 795
266 795
377 40
541 266
67 795
113 40
561 266
372 
347 420 747 121 653 157 402 185 148 
347 420
747 347
121 347
653 347
157 420
402 347
185 347
148 185
48 685 100 76 336 311 509 304 65 796 777 540 219 
48 685
100 48
76 685
336 100
311 685
509 100
304 685
65 76
796 100
777 76
540 509
219 76
358 706 646 647 451 55 207 
358 55
706 55
647 451
358 647
706 646
646 207
717 721 308 96 381 
308 96
717 721
717 381
717 96
223 295 
223 295
183 194 401 82 85 634 
82 85
82 634
194 82
401 634
183 85
433 563 11 579 687 
433 687
563 579
433 563
433 11
99 580 52 657 787 284 92 243 
99 580
52 99
657 580
787 99
284 580
92 284
243 99
758 785 512 333 168 13 156 688 701 444 
758 785
512 785
333 512
168 512
13 785
156 758
688 785
701 156
444 512
368 
352 595 485 265 17 299 511 
17 511
352 265
352 595
595 485
265 299
485 17
248 382 374 410 9 507 195 
248 374
374 195
248 382
248 410
382 507
9 195
193 520 273 794 
193 520
193 273
193 794
692 776 393 190 505 417 247 793 734 77 644 74 651 44 5 556 546 568 
692 776
393 776
190 692
505 190
417 776
247 190
793 190
734 505
77 734
644 247
74 734
651 247
44 247
5 793
556 651
546 793
568 793
172 725 
172 725
530 662 501 140 64 648 386 756 314 216 695 
530 662
501 530
140 662
64 501
648 662
386 64
756 64
314 501
216 648
695 314
230 484 
230 484
267 739 
267 739
209 450 593 469 765 350 525 792 
209 450
593 450
469 593
765 209
350 593
525 209
792 525
270 458 464 397 123 
270 458
270 464
464 397
464 123
432 477 239 187 0 637 784 773 636 310 
432 477
239 432
187 239
0 187
637 187
784 637
773 637
636 0
310 0
279 387 588 475 677 
387 677
279 588
279 677
279 475
56 508 506 752 744 343 
506 752
508 506
56 508
744 343
56 744
667 671 676 416 726 551 16 470 327 763 81 693 1 229 489 771 
667 671
676 671
416 667
726 671
551 667
16 726
470 16
327 676
763 671
81 327
693 416
1 726
229 1
489 1
771 327
264 619 339 483 465 399 
264 619
339 465
619 339
619 399
483 399
408 544 679 639 436 
408 639
544 679
679 436
408 544
453 736 586 
453 736
453 586
360 519 504 3 627 571 227 135 149 603 192 606 479 258 367 545 656 191 7 524 
360 519
504 360
3 519
627 519
571 360
227 504
135 3
149 360
603 360
192 149
606 627
479 227
258 627
367 504
545 367
656 149
191 504
7 627
524 504
15 280 293 743 196 733 522 
15 733
15 196
280 293
15 280
196 522
743 522
351 516 370 467 439 705 573 581 555 663 
351 516
370 351
467 516
439 516
705 351
573 370
581 370
555 516
663 351
536 585 240 167 42 424 373 233 296 740 242 344 50 206 
536 585
240 585
167 240
42 536
424 167
373 585
233 42
296 167
740 233
242 740
344 167
50 740
206 740
321 
68 791 105 704 236 
68 791
68 105
105 236
105 704
285 497 
285 497
53 413 
53 413
290 449 72 
290 449
290 72
379 781 640 180 761 
781 761
379 761
781 180
379 640
254 
307 605 
307 605
429 443 91 665 621 281 602 102 441 199 454 154 329 589 
429 443
91 429
665 91
621 665
281 621
602 281
102 281
441 281
199 441
454 441
154 199
329 441
589 199
145 394 528 
394 528
145 394
392 434 422 
392 422
392 434
249 
165 171 
165 171
269 600 730 10 25 482 626 549 645 772 661 302 84 689 732 176 63 686 446 297 
269 600
730 600
10 730
25 600
482 269
626 10
549 269
645 600
772 600
661 10
302 549
84 482
689 600
732 600
176 10
63 10
686 645
446 482
297 25
200 
47 
592 649 349 
592 349
592 649
