? 7 761 781 180 379 381 640 647 
? 7 362 569 522 570 407 562 112 
? 7 83 309 106 39 150 488 108 
? 7 646 706 358 678 207 354 652 
? 7 347 420 653 121 747 185 514 
? 7 401 634 82 578 183 587 628 
? 7 198 303 780 144 334 641 31 
? 7 104 523 33 38 78 466 12 
? 6 380 774 335 684 173 543 
? 6 148 544 408 639 679 402 
? 6 52 657 580 56 744 343 
? 6 124 275 472 531 435 217 
? 6 181 683 463 92 608 491 
? 6 622 632 560 97 24 377 
? 6 339 483 619 264 223 155 
? 5 32 696 3 143 603 
? 5 360 571 135 192 149 
? 5 0 637 784 675 310 
? 5 68 704 105 791 67 
? 5 374 735 115 456 507 
? 5 433 563 219 579 11 
? 5 413 782 23 533 162 
? 5 489 797 22 152 120 
? 5 85 211 194 170 158 
? 5 308 717 721 572 583 
? 5 356 528 292 128 87 
? 5 736 777 711 349 714 
? 5 508 769 36 787 506 
? 5 137 754 160 90 664 
? 4 270 464 656 390 
? 4 237 584 101 592 
? 4 251 321 21 635 
? 4 94 599 326 133 
? 4 109 392 54 49 
? 4 197 687 719 739 
? 4 132 694 165 171 
? 3 122 273 520 
? 3 598 680 668 
? 3 316 511 474 
? 3 55 174 53 
? 3 157 712 260 
? 3 284 295 79 
? 3 521 725 161 
? 3 350 644 304 
? 3 252 317 110 
? 3 145 786 394 
? 3 346 650 259 
? 3 431 547 752 
? 3 330 332 188 
? 3 2 96 405 
? 3 290 406 72 
? 3 75 422 189 
? 3 448 688 13 
!
137 754 160 90 664 
160 664
137 90
754 90
754 664
367 545 627 301 319 524 504 258 606 7 191 789 123 519 30 479 227 
367 545
627 545
301 367
319 367
524 367
504 524
258 545
606 627
7 627
191 504
789 319
123 504
519 627
30 319
479 519
227 504
724 
448 688 13 
448 688
688 13
400 792 305 525 540 765 623 796 
400 792
305 400
525 400
540 525
765 792
623 525
796 540
339 483 619 264 223 155 
264 223
619 264
619 155
339 619
483 223
722 
132 694 165 171 
132 171
694 171
132 165
75 422 189 
75 189
422 189
290 406 72 
406 72
290 406
315 541 
315 541
480 773 
480 773
2 96 405 
2 96
2 405
330 332 188 
332 188
330 188
508 769 36 787 506 
769 506
508 506
36 787
508 36
214 460 376 770 14 764 169 604 538 
214 460
376 214
770 460
14 214
764 214
169 376
604 770
538 770
431 547 752 
547 752
431 752
235 440 741 134 613 29 201 27 164 554 746 253 486 294 118 673 669 654 697 766 378 633 51 277 99 611 672 
235 440
741 235
134 440
613 235
29 235
201 235
27 201
164 440
554 201
746 134
253 741
486 741
294 613
118 27
673 294
669 673
654 29
697 613
766 669
378 673
633 697
51 669
277 654
99 51
611 294
672 118
622 632 560 97 24 377 
632 560
622 560
622 97
24 377
622 24
197 687 719 739 
197 719
719 739
197 687
109 392 54 49 
109 49
54 49
392 54
224 359 
224 359
609 630 361 34 322 142 286 550 263 760 
609 630
361 630
34 630
322 609
142 609
286 609
550 609
263 142
760 361
691 
736 777 711 349 714 
349 714
736 777
736 711
736 349
663 
660 
269 600 730 10 626 176 661 549 25 645 302 686 772 745 731 84 590 689 
269 600
730 600
10 600
626 730
176 600
661 10
549 269
25 730
645 25
302 645
686 730
772 730
745 302
731 302
84 176
590 772
689 590
261 539 282 43 490 89 245 778 383 414 222 718 28 775 617 618 629 62 69 364 345 372 298 620 213 737 368 699 421 465 151 399 638 
261 539
282 261
43 282
490 282
89 261
245 282
778 245
383 89
414 261
222 414
718 261
28 414
775 539
617 383
618 245
629 617
62 629
69 629
364 383
345 69
372 414
298 222
620 490
213 618
737 222
368 245
699 368
421 629
465 245
151 699
399 364
638 620
93 517 395 437 751 196 231 365 499 412 318 518 733 
93 517
395 93
437 517
751 93
196 93
231 93
365 395
499 93
412 517
318 93
518 517
733 517
346 650 259 
346 650
650 259
385 795 40 266 561 177 353 713 478 749 
385 795
40 795
266 795
561 795
177 385
353 385
713 353
478 795
749 177
63 457 
63 457
248 382 698 468 9 555 195 410 136 453 
248 382
698 382
468 698
9 698
555 248
195 382
410 9
136 698
453 468
356 528 292 128 87 
356 128
292 87
528 128
128 87
527 763 
527 763
57 397 244 18 535 566 709 458 
57 397
244 57
18 244
535 397
566 244
709 244
458 397
104 523 33 38 78 466 12 
104 523
33 466
523 466
466 12
523 78
38 78
615 729 
615 729
308 717 721 572 583 
308 583
308 572
717 721
717 583
181 683 463 92 608 491 
92 608
181 463
683 491
181 92
181 683
145 786 394 
786 394
145 394
323 526 
323 526
85 211 194 170 158 
194 158
211 158
85 194
194 170
249 307 
249 307
252 317 110 
252 317
252 110
198 303 780 144 334 641 31 
198 334
144 641
780 334
198 144
303 144
780 31
564 
243 715 
243 715
350 644 304 
350 304
644 304
159 285 
159 285
355 757 178 552 107 557 272 287 582 601 127 493 542 250 41 246 228 
355 757
178 355
552 355
107 757
557 757
272 557
287 757
582 178
601 355
127 601
493 582
542 601
250 601
41 601
246 557
228 246
363 481 755 331 138 20 271 262 80 212 495 46 71 131 703 409 658 799 631 419 276 70 473 
363 481
755 481
331 363
138 363
20 138
271 363
262 755
80 271
212 755
495 212
46 271
71 138
131 495
703 755
409 331
658 46
799 46
631 271
419 409
276 799
70 46
473 631
707 768 577 742 130 436 95 26 
707 768
577 707
742 768
130 768
436 707
95 707
26 95
147 670 255 61 455 230 695 553 484 
147 670
255 670
61 670
455 61
230 147
695 230
553 455
484 695
401 634 82 578 183 587 628 
634 82
634 587
401 634
183 587
82 578
401 628
489 797 22 152 120 
797 120
489 120
797 152
489 22
502 
536 585 240 42 373 167 233 296 424 740 344 612 206 482 446 119 242 50 732 616 398 425 
536 585
240 585
42 585
373 585
167 240
233 42
296 167
424 167
740 233
344 373
612 167
206 740
482 344
446 240
119 740
242 740
50 740
732 482
616 446
398 296
425 296
351 516 370 467 581 439 221 462 172 573 705 
351 516
370 351
467 516
581 370
439 467
221 516
462 516
172 516
573 370
705 351
445 
94 599 326 133 
94 599
94 326
599 133
241 597 558 642 753 98 723 500 610 702 404 
241 597
558 241
642 597
753 558
98 597
723 241
500 241
610 597
702 597
404 558
521 725 161 
521 725
521 161
251 321 21 635 
251 321
251 21
321 635
692 776 393 505 190 247 793 5 77 74 734 651 417 556 44 649 450 593 568 209 690 469 
692 776
393 692
505 692
190 505
247 393
793 190
5 793
77 505
74 77
734 505
651 734
417 190
556 651
44 556
649 44
450 651
593 450
568 417
209 450
690 568
469 593
124 275 472 531 435 217 
124 275
472 217
472 435
275 217
124 531
415 
237 584 101 592 
237 584
584 592
237 101
284 295 79 
295 79
284 295
337 426 238 510 59 605 186 497 139 
337 426
238 337
510 337
59 510
605 426
186 59
497 337
139 426
347 420 653 121 747 185 514 
347 420
420 121
420 185
420 653
747 514
121 514
86 762 
86 762
366 
60 575 783 454 441 281 91 102 73 154 602 329 621 
60 575
783 575
454 60
441 454
281 454
91 281
102 441
73 575
154 281
602 441
329 441
621 441
280 340 293 15 700 743 748 200 375 
280 340
293 280
15 280
700 340
743 340
748 15
200 280
375 700
320 
279 565 588 35 387 475 193 234 677 
279 565
588 565
35 565
387 279
475 279
193 279
234 565
677 387
530 662 501 140 386 648 216 756 64 449 314 341 759 
530 662
501 530
140 662
386 530
648 662
216 648
756 662
64 386
449 662
314 64
341 662
759 530
646 706 358 678 207 354 652 
706 358
646 706
354 652
646 207
646 354
706 678
413 782 23 533 162 
782 23
23 162
413 782
782 533
391 427 
391 427
52 657 580 56 744 343 
52 56
580 343
52 744
52 343
657 343
433 563 219 579 11 
563 219
563 579
433 563
433 11
352 595 485 265 299 328 17 459 
352 595
485 352
265 595
299 265
328 485
17 485
459 299
45 788 574 146 226 204 513 529 447 153 
45 788
574 788
146 788
226 574
204 788
513 146
529 204
447 226
153 204
256 
83 309 106 39 150 488 108 
106 488
83 108
83 309
488 108
106 39
309 150
362 569 522 570 407 562 112 
407 112
569 522
362 522
570 562
522 570
407 562
270 464 656 390 
270 464
656 390
464 656
4 537 559 210 274 614 225 220 720 300 418 643 288 596 232 166 114 297 
4 537
559 537
210 4
274 4
614 537
225 274
220 4
720 537
300 559
418 220
643 300
288 210
596 225
232 220
166 274
114 166
297 300
236 471 
236 471
429 443 665 589 199 432 239 477 187 498 636 
429 443
665 429
589 443
199 589
432 199
239 432
477 432
187 239
498 199
636 199
492 515 
492 515
423 794 
423 794
218 798 779 254 428 202 371 268 
218 798
779 218
254 798
428 218
202 218
371 779
268 779
374 735 115 456 507 
374 507
374 735
374 115
735 456
48 685 100 666 76 65 509 336 311 586 
48 685
100 48
666 100
76 48
65 76
509 100
336 509
311 76
586 65
68 704 105 791 67 
791 67
68 791
68 105
704 67
148 544 408 639 679 402 
408 639
544 679
148 544
544 408
148 402
348 708 175 369 682 8 438 396 179 389 47 494 325 434 58 313 
348 708
175 708
369 708
682 708
8 708
438 175
396 708
179 348
389 348
47 708
494 348
325 438
434 682
58 438
313 8
380 774 335 684 173 543 
380 543
380 684
380 774
684 173
774 335
0 637 784 675 310 
0 637
0 310
675 310
637 784
157 712 260 
157 712
712 260
667 671 726 676 551 416 16 470 693 403 430 327 81 1 674 163 771 229 312 728 
667 671
726 667
676 671
551 667
416 667
16 726
470 551
693 671
403 667
430 671
327 676
81 327
1 726
674 327
163 327
771 327
229 1
312 726
728 163
761 781 180 379 381 640 647 
761 781
379 381
761 379
781 180
781 647
640 647
156 701 129 512 625 758 333 168 444 785 
156 701
129 701
512 701
625 512
758 512
333 512
168 512
444 625
785 512
487 710 338 111 503 384 103 496 182 283 117 342 591 452 
487 710
338 710
111 487
503 710
384 487
103 111
496 338
182 338
283 487
117 338
342 496
591 103
452 487
208 
360 571 135 192 149 
192 149
360 571
360 149
135 149
215 278 
215 278
113 750 
113 750
55 174 53 
55 174
55 53
32 696 3 143 603 
3 143
32 603
32 3
696 603
141 
267 291 
267 291
461 534 257 767 306 738 324 184 442 546 716 203 567 659 
461 534
257 461
767 534
306 461
738 257
324 461
184 257
442 534
546 461
716 257
203 257
567 184
659 567
316 511 474 
316 511
316 474
598 680 668 
598 680
598 668
126 
205 451 
205 451
88 532 607 476 357 727 624 790 19 411 681 6 388 576 289 66 548 655 116 594 
88 532
607 532
476 88
357 532
727 88
624 727
790 532
19 88
411 19
681 727
6 727
388 607
576 607
289 88
66 88
548 19
655 532
116 624
594 727
125 
37 
122 273 520 
273 520
122 520
