!
456 780 174 189 431 778 30 458 433 208 745 306 605 119 209 541 51 302 483 598 200 4 345 352 327 97 358 401 26 592 383 66 87 567 521 533 94 514 168 479 260 18 526 624 595 550 420 738 69 54 77 695 469 298 81 153 732 798 610 646 632 289 429 143 573 639 773 631 572 677 562 515 799 161 435 369 700 111 590 233 236 602 723 476 303 19 370 264 60 681 470 670 394 519 43 748 336 577 667 537 589 772 99 183 599 305 684 150 591 138 32 346 701 570 539 644 601 614 559 321 551 307 673 195 414 190 725 237 498 333 241 180 167 253 127 797 57 315 680 172 392 766 284 739 437 546 339 453 447 114 63 207 563 389 343 250 507 495 393 239 301 53 603 787 720 795 756 85 692 405 58 400 628 731 286 419 493 175 162 478 165 477 371 374 707 633 490 22 552 647 398 409 432 41 654 61 600 133 350 176 124 529 471 310 752 626 263 575 503 178 135 750 314 148 484 98 474 653 441 366 547 530 716 658 105 777 338 308 73 741 501 356 359 252 399 146 714 283 618 659 678 555 177 491 497 248 549 527 757 536 578 125 103 665 698 791 556 424 606 764 462 68 272 309 121 708 645 464 83 710 299 141 203 660 160 278 671 313 348 455 210 56 212 651 382 596 597 544 170 322 273 422 461 397 355 785 428 80 588 360 587 351 230 511 762 187 538 325 363 482 672 675 396 280 719 291 440 295 75 423 450 267 266 91 749 166 52 565 221 615 341 535 257 86 196 27 727 494 426 753 140 354 158 157 532 569 586 223 
456 780
174 780
189 456
431 780
778 431
30 431
458 189
433 458
208 778
745 458
306 433
605 30
119 605
209 745
541 778
51 605
302 306
483 306
598 605
200 598
4 208
345 200
352 302
327 345
97 200
358 745
401 352
26 345
592 26
383 358
66 592
87 26
567 401
521 567
533 97
94 521
514 94
168 533
479 514
260 479
18 168
526 260
624 526
595 479
550 18
420 168
738 18
69 420
54 624
77 54
695 595
469 550
298 69
81 695
153 69
732 153
798 469
610 732
646 732
632 732
289 798
429 632
143 798
573 289
639 289
773 143
631 639
572 639
677 429
562 143
515 773
799 677
161 677
435 631
369 435
700 515
111 562
590 369
233 700
236 161
602 435
723 435
476 723
303 236
19 723
370 602
264 303
60 303
681 476
470 370
670 233
394 681
519 670
43 470
748 519
336 470
577 43
667 394
537 577
589 667
772 537
99 537
183 537
599 577
305 577
684 772
150 748
591 684
138 183
32 591
346 305
701 346
570 138
539 150
644 539
601 346
614 32
559 701
321 614
551 32
307 570
673 551
195 701
414 539
190 195
725 414
237 673
498 190
333 725
241 614
180 190
167 601
253 333
127 241
797 237
57 237
315 57
680 498
172 315
392 797
766 333
284 680
739 766
437 680
546 284
339 437
453 680
447 546
114 437
63 739
207 127
563 114
389 546
343 207
250 343
507 343
495 339
393 495
239 389
301 389
53 389
603 563
787 53
720 495
795 603
756 507
85 301
692 795
405 795
58 85
400 720
628 53
731 628
286 400
419 692
493 286
175 419
162 400
478 405
165 405
477 400
371 731
374 165
707 162
633 175
490 165
22 628
552 707
647 490
398 633
409 552
432 647
41 478
654 371
61 707
600 374
133 41
350 409
176 22
124 61
529 133
471 61
310 529
752 310
626 124
263 752
575 263
503 263
178 626
135 575
750 263
314 135
148 654
484 135
98 314
474 148
653 263
441 263
366 350
547 148
530 653
716 474
658 471
105 653
777 716
338 777
308 338
73 474
741 750
501 366
356 626
359 777
252 105
399 658
146 359
714 105
283 501
618 547
659 714
678 314
555 678
177 678
491 73
497 618
248 555
549 618
527 252
757 283
536 399
578 536
125 491
103 536
665 714
698 555
791 125
556 698
424 549
606 527
764 536
462 714
68 757
272 764
309 698
121 177
708 757
645 309
464 121
83 764
710 708
299 708
141 549
203 698
660 68
160 272
278 491
671 741
313 645
348 606
455 645
210 606
56 671
212 313
651 56
382 210
596 141
597 382
544 606
170 382
322 382
273 121
422 160
461 544
397 299
355 422
785 56
428 785
80 428
588 313
360 428
587 355
351 273
230 351
511 597
762 588
187 511
538 351
325 187
363 351
482 428
672 187
675 360
396 675
280 482
719 396
291 719
440 675
295 675
75 280
423 440
450 423
267 75
266 267
91 440
749 91
166 266
52 291
565 266
221 565
615 52
341 615
535 221
257 341
86 257
196 257
27 86
727 535
494 196
426 727
753 494
140 753
354 140
158 140
157 140
532 354
569 532
586 532
223 586
64 204 616 585 115 181 156 254 300 473 109 373 436 452 733 713 16 71 8 531 42 95 59 608 709 517 380 640 381 769 571 395 711 722 0 768 617 194 726 625 188 754 238 329 144 275 24 316 192 737 217 717 663 234 100 765 736 593 554 638 78 439 2 259 505 361 93 9 528 564 311 139 540 82 641 193 79 553 173 376 72 39 574 391 340 580 751 451 611 790 240 29 242 245 512 44 697 14 656 446 293 648 404 357 38 35 407 128 652 375 384 636 427 516 619 385 664 312 110 486 676 387 108 746 504 45 268 705 49 411 760 261 235 774 388 117 287 131 297 442 683 794 344 247 331 642 390 443 779 154 488 796 688 229 347 258 781 584 421 475 402 485 740 525 500 353 463 408 744 65 759 691 116 418 629 771 70 113 649 430 12 46 277 502 623 213 198 186 620 627 784 10 655 185 3 413 467 323 696 13 650 279 607 89 704 445 225 231 67 106 92 130 243 613 702 792 292 699 767 84 403 724 274 112 40 318 557 199 415 510 454 256 255 761 465 104 149 142 276 90 520 499 417 386 246 372 412 23 147 337 17 742 7 163 666 33 21 747 152 216 262 410 568 296 368 679 1 492 468 583 151 558 689 669 560 775 637 220 37 729 434 226 244 215 251 123 171 55 155 674 770 523 328 228 367 630 179 5 334 789 734 449 513 755 281 686 612 249 6 776 36 782 657 232 788 634 786 668 288 324 706 416 728 576 282 11 330 48 126 265 211 88 448 712 224 378 326 25 693 379 685 270 406 96 579 184 122 136 543 205 783 269 690 15 534 545 472 290 76 129 102 481 50 34 548 518 31 159 763 735 662 164 201 47 542 444 715 285 132 169 377 20 101 609 28 459 703 335 687 342 317 460 365 191 661 304 682 206 62 182 349 319 137 219 218 145 635 197 480 561 643 134 294 508 74 487 107 466 364 320 227 120 425 496 202 721 622 506 489 743 214 362 758 438 271 566 509 730 694 222 604 524 457 621 793 581 594 582 332 718 522 118 
64 204
616 64
585 64
115 204
181 115
156 204
254 585
300 181
473 254
109 585
373 254
436 373
452 436
733 181
713 254
16 733
71 156
8 16
531 16
42 531
95 8
59 42
608 59
709 452
517 373
380 71
640 71
381 71
769 380
571 381
395 608
711 381
722 381
0 769
768 395
617 517
194 711
726 0
625 768
188 769
754 768
238 194
329 722
144 329
275 329
24 0
316 617
192 329
737 754
217 188
717 217
663 24
234 238
100 737
765 192
736 0
593 329
554 726
638 593
78 765
439 100
2 554
259 736
505 275
361 717
93 78
9 554
528 505
564 528
311 316
139 528
540 505
82 528
641 505
193 717
79 564
553 193
173 553
376 93
72 9
39 72
574 311
391 82
340 173
580 39
751 193
451 72
611 173
790 580
240 82
29 139
242 311
245 240
512 245
44 451
697 790
14 376
656 29
446 580
293 44
648 751
404 697
357 240
38 697
35 648
407 512
128 648
652 240
375 652
384 656
636 38
427 35
516 293
619 427
385 14
664 384
312 427
110 385
486 312
676 611
387 38
108 636
746 619
504 375
45 746
268 664
705 504
49 664
411 312
760 49
261 516
235 110
774 705
388 268
117 676
287 387
131 676
297 131
442 45
683 705
794 297
344 108
247 774
331 287
642 287
390 117
443 131
779 297
154 390
488 642
796 683
688 442
229 488
347 390
258 796
781 247
584 331
421 390
475 258
402 131
485 258
740 331
525 488
500 779
353 247
463 688
408 463
744 421
65 485
759 740
691 258
116 794
418 402
629 740
771 116
70 418
113 744
649 744
430 744
12 796
46 402
277 408
502 430
623 781
213 418
198 12
186 649
620 353
627 781
784 277
10 186
655 525
185 620
3 186
413 655
467 185
323 65
696 323
13 3
650 116
279 620
607 277
89 607
704 113
445 607
225 13
231 116
67 607
106 198
92 185
130 655
243 46
613 620
702 67
792 323
292 67
699 704
767 500
84 699
403 699
724 186
274 67
112 613
40 67
318 106
557 792
199 792
415 704
510 92
454 650
256 454
255 130
761 454
465 761
104 243
149 112
142 465
276 792
90 149
520 255
499 40
417 318
386 767
246 454
372 104
412 149
23 417
147 276
337 246
17 499
742 520
7 415
163 415
666 465
33 499
21 33
747 17
152 255
216 152
262 386
410 33
568 520
296 337
368 465
679 262
1 276
492 1
468 21
583 568
151 337
558 23
689 296
669 747
560 403
775 337
637 558
220 560
37 262
729 558
434 1
226 669
244 147
215 244
251 368
123 17
171 244
55 434
155 669
674 410
770 7
523 251
328 583
228 244
367 523
630 410
179 372
5 220
334 123
789 334
734 55
449 789
513 151
755 558
281 334
686 228
612 251
249 55
6 612
776 151
36 755
782 560
657 513
232 770
788 37
634 612
786 634
668 568
288 755
324 288
706 513
416 334
728 416
576 612
282 770
11 674
330 782
48 232
126 416
265 634
211 634
88 126
448 288
712 734
224 6
378 11
326 513
25 378
693 330
379 326
685 11
270 712
406 326
96 712
579 728
184 270
122 685
136 579
543 96
205 448
783 152
269 224
690 282
15 265
534 693
545 205
472 136
290 379
76 545
129 270
102 416
481 290
50 543
34 76
548 788
518 15
31 102
159 548
763 290
735 102
662 545
164 34
201 763
47 548
542 31
444 579
715 159
285 662
132 542
169 47
377 534
20 690
101 132
609 763
28 269
459 132
703 20
335 703
687 542
342 28
317 34
460 342
365 783
191 444
661 129
304 191
682 31
206 335
62 735
182 28
349 317
319 534
137 548
219 342
218 349
145 319
635 304
197 137
480 50
561 444
643 661
134 661
294 687
508 201
74 76
487 137
107 62
466 682
364 508
320 218
227 335
120 609
425 377
496 682
202 661
721 342
622 120
506 191
489 28
743 137
214 622
362 425
758 508
438 721
271 107
566 425
509 506
730 643
694 120
222 271
604 480
524 489
457 489
621 438
793 214
581 362
594 134
582 227
332 222
718 222
522 74
118 496
