!
456 780 174 431 189 778 30 458 433 745 209 208 541 306 119 483 302 598 605 200 345 358 51 4 352 327 97 592 26 383 401 66 87 567 521 94 533 514 168 479 260 18 624 420 550 526 595 695 69 54 298 77 469 81 153 732 798 610 646 632 289 429 573 143 572 677 773 631 639 562 161 515 435 700 369 111 590 236 723 233 602 476 303 264 19 670 60 621 370 681 470 43 519 748 394 336 537 99 589 577 667 183 599 305 684 138 150 570 346 32 601 539 701 644 614 559 321 195 551 307 414 582 673 190 725 237 167 498 253 333 180 797 315 241 57 127 172 680 766 392 339 739 284 453 437 546 581 114 447 207 63 563 389 343 239 250 393 495 301 507 756 53 603 787 720 85 692 795 405 58 400 628 731 419 477 286 493 175 478 162 165 371 707 374 633 647 490 552 22 41 409 654 432 61 398 176 600 133 124 350 471 529 752 310 178 626 263 503 750 575 135 314 148 716 658 441 653 98 366 530 484 105 547 474 741 777 338 73 501 356 359 252 618 659 146 308 718 399 714 283 549 678 555 491 177 665 497 536 757 248 527 125 332 103 578 791 462 698 556 764 464 424 606 203 671 68 272 309 299 121 708 83 278 348 455 141 660 645 160 710 210 382 56 313 651 212 322 170 597 544 596 273 422 397 461 785 355 428 80 588 511 360 187 230 587 325 762 351 538 363 672 675 396 719 295 450 440 291 75 423 91 266 267 749 166 52 565 221 615 341 535 86 257 196 727 27 594 426 494 140 753 354 157 158 569 532 586 223 
456 780
174 780
431 780
189 456
778 431
30 174
458 189
433 458
745 458
209 433
208 431
541 778
306 745
119 541
483 306
302 209
598 541
605 541
200 605
345 200
358 302
51 541
4 541
352 302
327 345
97 200
592 345
26 345
383 97
401 352
66 592
87 200
567 401
521 567
94 521
533 26
514 94
168 533
479 514
260 479
18 168
624 479
420 18
550 18
526 514
595 260
695 595
69 18
54 526
298 69
77 54
469 550
81 695
153 69
732 153
798 469
610 732
646 153
632 732
289 798
429 632
573 289
143 573
572 289
677 429
773 143
631 572
639 631
562 143
161 677
515 773
435 631
700 631
369 435
111 562
590 369
236 161
723 435
233 723
602 161
476 723
303 590
264 303
19 700
670 700
60 303
621 590
370 476
681 723
470 370
43 370
519 670
748 519
394 670
336 470
537 470
99 470
589 394
577 537
667 589
183 577
599 537
305 537
684 599
138 305
150 667
570 138
346 305
32 684
601 138
539 150
701 570
644 539
614 32
559 644
321 614
195 701
551 601
307 570
414 539
582 614
673 601
190 195
725 414
237 673
167 237
498 190
253 190
333 725
180 195
797 237
315 797
241 582
57 315
127 241
172 315
680 498
766 333
392 797
339 680
739 766
284 680
453 339
437 680
546 284
581 127
114 339
447 546
207 581
63 766
563 114
389 546
343 207
239 389
250 343
393 114
495 114
301 389
507 207
756 507
53 301
603 250
787 53
720 495
85 787
692 603
795 692
405 795
58 85
400 720
628 787
731 628
419 405
477 400
286 400
493 286
175 477
478 507
162 400
165 419
371 731
707 162
374 165
633 175
647 165
490 374
552 707
22 371
41 478
409 552
654 371
432 490
61 633
398 61
176 22
600 374
133 41
124 61
350 409
471 61
529 41
752 529
310 752
178 61
626 61
263 752
503 263
750 263
575 503
135 575
314 135
148 654
716 148
658 432
441 263
653 263
98 314
366 350
530 653
484 135
105 530
547 148
474 716
741 441
777 474
338 777
73 338
501 366
356 178
359 777
252 105
618 547
659 105
146 359
308 73
718 741
399 658
714 530
283 501
549 618
678 484
555 678
491 549
177 659
665 714
497 549
536 399
757 283
248 678
527 252
125 491
332 718
103 536
578 536
791 125
462 714
698 555
556 698
764 536
464 714
424 497
606 527
203 555
671 332
68 757
272 764
309 556
299 757
121 665
708 299
83 309
278 125
348 332
455 309
141 424
660 68
645 309
160 83
710 708
210 606
382 121
56 671
313 455
651 56
212 455
322 121
170 382
597 170
544 210
596 791
273 322
422 160
397 299
461 651
785 56
355 422
428 785
80 428
588 313
511 597
360 785
187 511
230 273
587 588
325 511
762 588
351 230
538 351
363 538
672 187
675 360
396 675
719 675
295 396
450 675
440 450
291 295
75 291
423 440
91 440
266 75
267 266
749 91
166 291
52 295
565 266
221 565
615 52
341 615
535 221
86 341
257 86
196 257
727 221
27 257
594 727
426 594
494 196
140 494
753 140
354 140
157 753
158 140
569 354
532 354
586 532
223 586
64 204 616 115 181 585 109 156 300 254 473 733 373 436 713 71 452 531 16 42 59 8 709 95 517 640 608 380 381 769 571 395 722 617 768 711 194 0 754 726 188 625 238 24 737 329 275 2 192 217 717 663 100 736 765 144 554 316 234 78 361 593 259 505 528 9 439 93 139 638 311 553 376 641 193 564 82 72 173 574 580 39 540 79 391 340 451 790 29 611 44 242 240 245 697 751 512 14 656 293 357 648 446 38 35 404 407 652 128 427 384 619 385 636 312 664 375 516 110 676 486 705 504 108 411 387 746 268 774 760 261 117 235 287 49 388 45 131 247 794 344 297 443 154 442 331 390 475 683 642 779 688 796 488 258 347 229 781 584 421 402 485 740 353 500 408 525 691 744 10 759 463 418 649 116 627 65 771 70 12 430 629 277 113 46 198 623 620 186 655 502 323 467 784 413 213 185 3 89 650 13 231 696 279 607 704 445 92 67 106 130 243 292 225 792 702 613 767 699 84 724 40 274 199 112 256 761 510 318 454 142 415 465 403 104 255 149 499 557 520 276 417 90 17 386 246 147 412 337 742 372 296 1 262 21 23 163 666 747 33 468 216 410 492 679 568 368 226 7 583 5 630 558 152 689 669 434 775 637 220 55 244 560 151 155 171 37 328 523 674 449 686 228 251 179 668 770 123 334 734 215 789 729 513 249 612 281 776 657 786 324 755 6 706 232 788 36 576 367 282 782 634 416 288 211 11 728 126 265 48 712 224 330 88 448 326 378 690 693 379 25 685 406 472 96 122 270 579 269 184 543 205 783 545 534 15 136 290 548 102 444 76 481 34 50 735 31 129 763 542 164 662 518 201 159 47 285 715 132 377 169 197 335 182 101 28 703 317 459 304 191 609 218 460 635 342 206 62 682 145 349 365 134 661 20 643 294 219 487 687 480 319 137 496 508 524 74 694 466 320 227 743 107 214 202 622 425 561 721 489 362 364 506 758 438 120 222 730 772 566 271 799 793 457 482 604 509 522 280 591 118 738 
64 204
616 204
115 204
181 64
585 115
109 64
156 109
300 585
254 616
473 254
733 181
373 254
436 373
713 254
71 156
452 713
531 733
16 733
42 531
59 42
8 16
709 452
95 8
517 713
640 71
608 59
380 709
381 71
769 709
571 381
395 608
722 381
617 517
768 395
711 722
194 640
0 617
754 768
726 0
188 769
625 768
238 194
24 188
737 768
329 722
275 329
2 726
192 238
217 188
717 217
663 24
100 625
736 726
765 192
144 329
554 2
316 617
234 765
78 765
361 663
593 329
259 736
505 275
528 505
9 554
439 100
93 765
139 528
638 275
311 316
553 663
376 93
641 505
193 553
564 528
82 641
72 9
173 663
574 311
580 9
39 580
540 638
79 139
391 641
340 173
451 72
790 580
29 391
611 553
44 451
242 311
240 391
245 240
697 790
751 340
512 245
14 376
656 245
293 44
357 14
648 751
446 72
38 790
35 648
404 38
407 512
652 245
128 648
427 35
384 29
619 427
385 376
636 404
312 427
664 384
375 652
516 293
110 385
676 611
486 35
705 375
504 705
108 636
411 384
387 404
746 312
268 664
774 705
760 619
261 516
117 676
235 385
287 387
49 411
388 268
45 746
131 676
247 705
794 131
344 261
297 794
443 297
154 45
442 746
331 287
390 154
475 235
683 247
642 287
779 297
688 442
796 247
488 642
258 475
347 390
229 488
781 247
584 331
421 390
402 131
485 475
740 584
353 781
500 344
408 688
525 488
691 485
744 408
10 347
759 740
463 408
418 402
649 744
116 443
627 781
65 691
771 116
70 418
12 796
430 744
629 740
277 463
113 430
46 402
198 475
623 627
620 623
186 10
655 525
502 113
323 65
467 353
784 277
413 655
213 418
185 467
3 10
89 277
650 46
13 3
231 116
696 323
279 623
607 89
704 113
445 89
92 185
67 607
106 198
130 413
243 231
292 784
225 213
792 198
702 67
613 92
767 650
699 704
84 699
724 186
40 67
274 40
199 792
112 613
256 767
761 231
510 92
318 510
454 761
142 761
415 704
465 761
403 704
104 225
255 130
149 112
499 607
557 106
520 255
276 199
417 318
90 149
17 499
386 256
246 454
147 417
412 149
337 246
742 520
372 104
296 454
1 276
262 386
21 445
23 318
163 415
666 372
747 17
33 747
468 33
216 255
410 33
492 276
679 262
568 679
368 666
226 747
7 415
583 568
5 410
630 5
558 23
152 216
689 337
669 33
434 492
775 337
637 23
220 7
55 492
244 147
560 220
151 246
155 226
171 244
37 679
328 568
523 368
674 155
449 412
686 637
228 686
251 523
179 372
668 328
770 220
123 747
334 123
734 55
215 244
789 449
729 558
513 151
249 55
612 251
281 789
776 246
657 776
786 523
324 558
755 324
6 689
706 513
232 770
788 37
36 755
576 612
367 612
282 232
782 220
634 786
416 334
288 755
211 786
11 674
728 334
126 416
265 612
48 282
712 734
224 6
330 782
88 11
448 288
326 776
378 11
690 48
693 330
379 326
25 378
685 378
406 379
472 126
96 712
122 685
270 96
579 472
269 224
184 270
543 96
205 448
783 668
545 205
534 693
15 265
136 579
290 379
548 788
102 579
444 579
76 545
481 290
34 76
50 543
735 102
31 88
129 184
763 290
542 31
164 34
662 545
518 15
201 763
159 548
47 548
285 662
715 47
132 542
377 534
169 290
197 548
335 377
182 269
101 132
28 269
703 335
317 164
459 101
304 136
191 304
609 763
218 317
460 28
635 191
342 460
206 703
62 735
682 542
145 534
349 218
365 783
134 129
661 184
20 335
643 661
294 31
219 460
487 197
687 682
480 50
319 145
137 487
496 682
508 609
524 182
74 317
694 169
466 682
320 218
227 703
743 197
107 62
214 694
202 661
622 214
425 377
561 191
721 342
489 524
362 425
364 508
506 191
758 508
438 721
120 622
222 635
730 202
772 219
566 425
271 222
799 758
793 214
457 489
482 317
604 480
509 506
522 482
280 522
591 518
118 466
738 793
