!
456 780 174 431 189 778 30 458 745 208 433 541 209 605 306 302 51 119 483 345 200 4 598 358 97 383 352 26 327 592 401 87 521 567 94 514 168 18 479 260 533 595 550 526 624 420 69 54 738 298 77 469 81 695 153 732 798 610 632 646 289 573 429 143 572 639 677 773 631 562 515 799 161 435 700 369 590 111 236 233 602 723 476 19 303 621 264 670 370 681 60 470 519 43 748 99 336 394 537 589 577 183 667 599 772 305 150 591 138 570 32 346 539 601 701 614 644 559 307 195 321 673 414 551 190 725 237 498 333 167 253 172 180 241 797 315 127 680 57 392 284 766 739 339 453 437 546 447 114 207 63 563 389 343 495 250 507 393 301 239 603 787 53 720 85 692 756 795 58 405 400 628 731 419 286 493 175 162 478 477 374 165 647 371 490 707 633 22 552 41 398 654 409 600 432 61 176 133 124 310 350 471 626 752 178 750 503 263 135 98 529 314 575 441 366 474 653 148 658 530 547 484 716 777 741 105 338 356 73 308 501 146 252 618 359 714 283 659 399 555 678 497 248 527 536 177 125 332 757 549 103 491 578 698 464 791 764 556 665 462 606 348 424 272 309 121 708 68 83 203 299 645 710 671 141 660 160 455 278 651 210 212 313 56 382 322 509 597 170 596 273 544 422 397 461 785 428 355 588 80 762 360 587 511 325 351 187 230 363 538 672 675 396 280 450 291 75 440 295 423 267 91 749 266 719 166 52 565 221 615 535 341 86 196 257 727 27 494 426 140 753 157 569 158 354 532 586 223 
456 780
174 780
431 780
189 174
778 431
30 778
458 174
745 458
208 778
433 458
541 778
209 745
605 541
306 745
302 306
51 208
119 778
483 306
345 605
200 345
4 541
598 200
358 209
97 200
383 97
352 302
26 345
327 26
592 26
401 302
87 345
521 401
567 521
94 521
514 94
168 87
18 168
479 514
260 479
533 168
595 479
550 18
526 514
624 260
420 18
69 18
54 624
738 69
298 69
77 54
469 550
81 595
695 81
153 69
732 153
798 469
610 420
632 732
646 153
289 798
573 289
429 632
143 573
572 573
639 572
677 429
773 143
631 639
562 143
515 773
799 677
161 677
435 289
700 631
369 435
590 369
111 562
236 161
233 700
602 369
723 700
476 602
19 723
303 236
621 303
264 303
670 233
370 602
681 723
60 590
470 370
519 670
43 19
748 519
99 43
336 470
394 681
537 43
589 394
577 537
183 99
667 589
599 537
772 599
305 599
150 667
591 772
138 183
570 138
32 591
346 577
539 150
601 346
701 570
614 32
644 539
559 644
307 346
195 701
321 614
673 601
414 539
551 673
190 195
725 414
237 673
498 195
333 725
167 237
253 414
172 167
180 498
241 614
797 237
315 172
127 241
680 498
57 315
392 797
284 680
766 333
739 766
339 680
453 339
437 680
546 284
447 546
114 339
207 127
63 766
563 392
389 546
343 207
495 114
250 343
507 207
393 495
301 389
239 389
603 343
787 389
53 787
720 393
85 301
692 603
756 250
795 692
58 85
405 795
400 720
628 787
731 628
419 795
286 400
493 286
175 419
162 493
478 756
477 400
374 478
165 374
647 374
371 628
490 647
707 162
633 707
22 731
552 707
41 478
398 633
654 371
409 552
600 647
432 647
61 398
176 22
133 41
124 61
310 133
350 409
471 61
626 124
752 133
178 626
750 752
503 133
263 750
135 503
98 503
529 263
314 98
575 135
441 263
366 350
474 176
653 263
148 474
658 471
530 653
547 148
484 575
716 474
777 474
741 752
105 530
338 716
356 626
73 338
308 474
501 366
146 777
252 653
618 547
359 777
714 105
283 501
659 714
399 658
555 314
678 555
497 618
248 555
527 252
536 399
177 659
125 497
332 741
757 283
549 497
103 536
491 125
578 536
698 555
464 177
791 549
764 536
556 698
665 714
462 527
606 527
348 527
424 125
272 764
309 578
121 659
708 757
68 757
83 764
203 678
299 708
645 309
710 299
671 332
141 424
660 68
160 83
455 645
278 125
651 671
210 606
212 455
313 455
56 671
382 121
322 121
509 671
597 210
170 382
596 141
273 382
544 210
422 83
397 299
461 651
785 56
428 785
355 422
588 212
80 428
762 588
360 428
587 762
511 170
325 360
351 273
187 511
230 351
363 351
538 363
672 187
675 360
396 675
280 509
450 396
291 396
75 280
440 450
295 675
423 440
267 75
91 440
749 91
266 267
719 295
166 266
52 295
565 266
221 565
615 52
535 221
341 615
86 341
196 221
257 196
727 535
27 86
494 196
426 535
140 494
753 140
157 753
569 140
158 140
354 569
532 569
586 354
223 586
64 204 616 585 181 115 156 109 300 254 733 373 473 436 713 452 16 71 531 59 42 8 95 517 571 709 640 381 380 769 608 395 0 722 194 617 768 726 711 625 238 188 754 24 329 275 144 737 192 316 217 663 100 717 765 234 361 593 638 2 554 439 78 505 259 736 9 93 528 564 139 376 311 641 540 553 72 193 82 574 173 39 79 580 391 451 790 751 29 44 611 340 697 245 240 512 242 357 446 293 648 656 38 35 407 652 14 128 384 404 427 385 636 375 619 664 486 110 312 676 516 504 108 387 705 746 411 268 261 235 45 49 774 388 287 117 760 131 794 247 344 297 154 443 390 331 442 779 642 683 796 488 584 258 688 229 347 475 421 781 402 485 740 500 353 408 744 525 691 771 418 463 629 116 759 70 65 12 649 627 502 430 277 10 279 113 620 198 467 213 413 186 46 231 185 784 3 323 655 623 607 650 13 89 696 225 292 704 445 613 792 106 243 92 67 130 702 699 84 318 274 767 40 112 403 199 510 724 761 256 454 104 557 255 417 149 499 465 520 142 415 276 246 296 666 386 742 17 412 90 147 337 23 1 163 372 679 7 747 262 33 21 410 216 368 568 637 492 729 328 152 669 583 558 434 220 560 244 468 775 37 55 215 226 151 630 251 367 689 674 523 171 179 5 228 155 789 281 334 686 513 770 734 232 657 706 449 123 6 668 755 782 612 786 776 249 634 576 788 324 288 416 282 36 265 126 48 11 690 728 330 712 211 88 326 448 378 224 685 25 693 379 579 96 270 472 136 122 406 184 205 15 543 783 269 545 534 290 129 548 102 34 76 444 481 50 164 735 31 159 201 542 47 763 518 285 662 169 132 377 101 20 687 335 703 609 62 459 28 218 342 206 319 365 191 661 715 134 635 197 304 317 349 682 294 480 643 460 508 219 137 496 145 74 182 561 227 487 320 425 107 466 364 622 524 362 743 214 721 506 120 202 489 758 438 271 222 793 694 604 581 730 594 118 66 522 457 566 582 718 482 684 
64 204
616 204
585 204
181 64
115 64
156 204
109 204
300 585
254 181
733 64
373 254
473 254
436 373
713 373
452 436
16 733
71 156
531 473
59 254
42 531
8 16
95 8
517 436
571 71
709 452
640 71
381 571
380 709
769 709
608 59
395 608
0 709
722 381
194 640
617 517
768 395
726 0
711 194
625 768
238 194
188 769
754 768
24 188
329 722
275 329
144 275
737 768
192 711
316 617
217 188
663 24
100 737
717 217
765 192
234 765
361 717
593 329
638 329
2 316
554 2
439 100
78 765
505 638
259 554
736 259
9 554
93 765
528 505
564 217
139 217
376 93
311 316
641 505
540 505
553 361
72 9
193 717
82 528
574 311
173 553
39 9
79 528
580 72
391 528
451 72
790 580
751 173
29 391
44 451
611 173
340 173
697 790
245 391
240 245
512 245
242 697
357 240
446 39
293 44
648 751
656 82
38 697
35 648
407 357
652 245
14 407
128 35
384 656
404 697
427 35
385 14
636 38
375 652
619 427
664 384
486 35
110 385
312 427
676 611
516 44
504 375
108 446
387 38
705 375
746 486
411 664
268 664
261 516
235 110
45 746
49 664
774 705
388 268
287 387
117 676
760 312
131 676
794 131
247 774
344 261
297 794
154 117
443 297
390 154
331 287
442 746
779 297
642 287
683 247
796 683
488 642
584 331
258 796
688 442
229 488
347 390
475 258
421 442
781 388
402 131
485 258
740 584
500 344
353 247
408 688
744 421
525 740
691 258
771 500
418 402
463 408
629 740
116 771
759 740
70 418
65 691
12 796
649 421
627 781
502 649
430 744
277 408
10 347
279 353
113 430
620 279
198 12
467 353
213 418
413 525
186 10
46 116
231 116
185 467
784 277
3 186
323 65
655 413
623 784
607 277
650 116
13 3
89 607
696 323
225 13
292 784
704 649
445 607
613 620
792 198
106 198
243 225
92 185
67 607
130 655
702 89
699 704
84 699
318 106
274 67
767 500
40 67
112 613
403 699
199 792
510 92
724 403
761 231
256 767
454 761
104 225
557 106
255 130
417 318
149 112
499 40
465 761
520 255
142 761
415 724
276 792
246 454
296 246
666 465
386 767
742 520
17 499
412 149
90 412
147 276
337 246
23 318
1 147
163 403
372 104
679 386
7 415
747 17
262 386
33 747
21 33
410 21
216 255
368 666
568 679
637 23
492 276
729 90
328 568
152 216
669 747
583 568
558 729
434 492
220 7
560 220
244 147
468 669
775 337
37 679
55 492
215 244
226 468
151 337
630 410
251 368
367 251
689 337
674 410
523 251
171 244
179 367
5 220
228 244
155 669
789 412
281 789
334 281
686 228
513 151
770 220
734 55
232 770
657 513
706 513
449 789
123 334
6 689
668 328
755 558
782 220
612 251
786 523
776 657
249 55
634 612
576 251
788 37
324 755
288 324
416 334
282 770
36 324
265 634
126 416
48 282
11 155
690 48
728 416
330 782
712 734
211 265
88 126
326 6
448 288
378 11
224 576
685 378
25 378
693 330
379 326
579 728
96 712
270 96
472 579
136 472
122 685
406 326
184 270
205 448
15 265
543 712
783 668
269 224
545 448
534 693
290 406
129 184
548 290
102 472
34 545
76 34
444 136
481 290
50 543
164 34
735 102
31 102
159 548
201 290
542 31
47 548
763 201
518 15
285 545
662 285
169 201
132 542
377 534
101 132
20 377
687 101
335 20
703 335
609 763
62 735
459 132
28 15
218 164
342 28
206 703
319 534
365 783
191 444
661 129
715 47
134 661
635 191
197 365
304 191
317 34
349 218
682 31
294 682
480 50
643 661
460 342
508 201
219 342
137 159
496 682
145 319
74 317
182 508
561 191
227 206
487 137
320 349
425 377
107 62
466 682
364 508
622 169
524 342
362 425
743 137
214 622
721 342
506 191
120 214
202 643
489 524
758 508
438 721
271 107
222 107
793 214
694 214
604 480
581 362
730 202
594 134
118 496
66 137
522 317
457 489
566 362
582 20
718 222
482 522
684 219
