? 5 45 667 467 436 270 
? 5 201 683 482 240 336 
? 5 328 578 517 476 342 
? 5 155 528 157 352 798 
? 5 0 706 613 378 773 
? 5 10 423 737 765 295 
? 5 15 797 266 670 520 
? 5 498 713 308 758 736 
? 5 30 478 712 87 153 
? 4 302 738 127 655 
? 4 99 449 258 799 
? 4 3 371 204 730 
? 4 43 776 11 38 
? 4 182 575 163 587 
? 4 370 548 787 18 
? 4 274 727 239 492 
? 4 114 744 556 630 
? 4 85 720 402 418 
? 4 493 749 503 130 
? 4 76 428 75 64 
? 4 354 634 237 337 
? 4 50 98 129 384 
? 4 318 461 750 444 
? 4 238 479 445 540 
? 4 332 703 755 621 
? 4 33 279 450 8 
? 4 471 549 732 515 
? 3 37 122 596 
? 3 269 439 531 
? 3 405 623 441 
? 3 234 714 312 
? 3 65 729 63 
? 3 35 164 489 
? 3 573 666 121 
? 3 654 759 27 
? 3 283 635 751 
? 3 111 250 429 
? 3 51 340 48 
? 3 223 724 307 
? 3 183 513 638 
? 3 126 618 333 
? 3 40 757 523 
? 3 202 564 32 
? 3 19 514 159 
? 3 17 20 259 
!
693 700 179 569 546 267 
693 700
179 693
569 179
546 179
267 179
764 
17 20 259 
17 20
20 259
19 514 159 
19 514
19 159
471 549 732 515 
471 549
471 732
732 515
386 529 268 511 560 311 
386 529
268 386
511 268
560 386
311 560
94 358 747 369 321 547 205 
94 358
747 358
369 358
321 94
547 358
205 547
650 743 497 379 117 175 341 196 507 
650 743
497 743
379 650
117 497
175 743
341 117
196 175
507 341
380 780 
380 780
225 382 
225 382
228 344 525 786 335 708 485 414 595 165 696 373 726 190 557 316 377 393 463 357 23 674 78 735 
228 344
525 344
786 344
335 344
708 344
485 708
414 525
595 335
165 485
696 708
373 595
726 525
190 165
557 726
316 557
377 373
393 557
463 165
357 316
23 377
674 377
78 463
735 463
33 279 450 8 
33 279
33 450
279 8
134 383 53 508 252 536 123 470 376 615 390 484 774 372 739 
134 383
53 134
508 134
252 383
536 383
123 134
470 536
376 383
615 508
390 508
484 508
774 123
372 615
739 376
30 478 712 87 153 
30 153
478 712
478 87
87 153
67 792 
67 792
108 561 
108 561
202 564 32 
564 32
202 564
332 703 755 621 
332 703
332 755
332 621
40 757 523 
40 523
757 523
126 618 333 
126 618
618 333
496 614 
496 614
183 513 638 
183 513
513 638
158 438 143 68 168 494 215 227 242 385 197 138 577 649 597 110 567 459 
158 438
143 438
68 438
168 438
494 68
215 494
227 158
242 227
385 215
197 385
138 242
577 68
649 138
597 649
110 385
567 385
459 385
104 374 391 365 433 73 261 740 
104 374
391 374
365 391
433 374
73 391
261 374
740 73
61 790 748 795 288 610 273 
61 790
748 61
795 61
288 795
610 795
273 795
502 538 
502 538
407 427 
407 427
36 475 100 300 39 310 499 684 626 620 426 704 
36 475
100 36
300 475
39 475
310 300
499 100
684 39
626 300
620 684
426 626
704 426
223 724 307 
724 307
223 724
292 543 
292 543
2 631 291 198 782 290 264 672 257 
2 631
291 2
198 291
782 631
290 291
264 782
672 198
257 264
88 109 301 465 392 156 771 55 174 539 657 217 
88 109
301 88
465 109
392 109
156 301
771 301
55 392
174 771
539 55
657 156
217 539
754 
154 464 421 244 368 272 680 636 728 54 690 424 209 
154 464
421 154
244 421
368 464
272 368
680 421
636 421
728 272
54 728
690 680
424 728
209 424
124 495 255 112 287 367 
124 495
255 495
112 255
287 124
367 255
238 479 445 540 
479 540
238 540
238 445
79 251 725 282 474 363 206 
79 251
725 79
282 251
474 251
363 79
206 474
172 535 733 457 297 687 44 303 107 360 388 41 184 213 194 265 681 299 
172 535
733 535
457 733
297 172
687 297
44 733
303 457
107 733
360 44
388 297
41 457
184 44
213 107
194 107
265 303
681 194
299 265
318 461 750 444 
750 444
318 461
461 750
498 713 308 758 736 
498 713
713 308
758 736
498 758
718 
51 340 48 
51 340
51 48
437 691 788 642 226 315 12 685 777 432 419 5 7 120 236 582 241 81 
437 691
788 437
642 788
226 437
315 642
12 315
685 788
777 788
432 691
419 788
5 777
7 432
120 432
236 419
582 315
241 5
81 236
678 
639 
111 250 429 
250 429
111 250
400 555 70 361 31 553 181 
400 555
70 555
361 555
31 361
553 31
181 31
604 
50 98 129 384 
98 384
129 384
50 98
602 
516 641 139 794 770 580 150 619 136 131 387 606 
516 641
139 516
794 641
770 794
580 139
150 580
619 770
136 150
131 136
387 131
606 136
214 552 56 413 599 92 676 16 434 397 345 351 682 366 339 
214 552
56 552
413 552
599 56
92 214
676 214
16 92
434 92
397 413
345 676
351 599
682 434
366 351
339 351
101 769 105 210 189 191 97 664 144 
101 769
105 101
210 105
189 105
191 189
97 101
664 97
144 210
298 783 440 673 612 633 576 756 752 627 192 249 709 95 116 723 705 
298 783
440 298
673 440
612 298
633 440
576 783
756 298
752 440
627 783
192 673
249 440
709 440
95 752
116 249
723 576
705 612
284 408 161 403 132 113 571 
284 408
161 284
403 284
132 403
113 132
571 113
93 160 644 224 442 483 200 119 719 656 722 565 221 
93 160
644 160
224 93
442 93
483 442
200 224
119 442
719 93
656 119
722 119
565 200
221 200
96 176 349 188 741 591 220 
96 176
349 176
188 96
741 176
591 349
220 741
326 766 453 60 411 177 588 346 715 57 187 710 554 355 660 262 28 468 14 462 643 533 481 688 106 21 
326 766
453 766
60 453
411 766
177 411
588 766
346 766
715 60
57 326
187 715
710 60
554 715
355 57
660 355
262 715
28 554
468 715
14 28
462 715
643 177
533 710
481 468
688 643
106 28
21 533
304 677 203 524 745 91 791 247 
304 677
203 304
524 677
745 203
91 524
791 745
247 745
283 635 751 
283 751
283 635
354 634 237 337 
634 237
354 634
237 337
654 759 27 
654 759
759 27
455 763 491 510 551 162 695 230 4 692 669 281 545 74 
455 763
491 763
510 491
551 491
162 455
695 510
230 551
4 763
692 695
669 4
281 692
545 230
74 695
15 797 266 670 520 
670 520
15 797
15 266
797 670
598 
581 
10 423 737 765 295 
423 295
737 765
423 737
10 295
62 716 294 170 29 58 574 
62 716
294 62
170 62
29 170
58 716
574 170
317 784 
317 784
137 625 
137 625
180 521 480 775 69 679 603 320 256 768 628 1 80 
180 521
480 521
775 521
69 775
679 521
603 480
320 775
256 180
768 256
628 320
1 628
80 775
199 658 404 761 185 624 86 13 
199 658
404 658
761 199
185 761
624 404
86 199
13 658
76 428 75 64 
76 75
76 428
75 64
572 778 
572 778
167 600 406 594 77 356 542 544 568 84 243 562 125 
167 600
406 167
594 167
77 600
356 406
542 594
544 77
568 77
84 406
243 542
562 542
125 544
522 
504 662 447 585 398 145 296 717 331 309 425 82 415 
504 662
447 504
585 504
398 447
145 447
296 145
717 296
331 296
309 296
425 398
82 717
415 425
118 668 430 530 254 469 395 324 734 443 233 248 253 289 793 330 
118 668
430 118
530 668
254 668
469 430
395 668
324 254
734 668
443 324
233 430
248 668
253 233
289 324
793 289
330 734
375 
488 509 
488 509
229 671 550 115 707 381 490 
229 671
550 229
115 671
707 229
381 671
490 229
47 343 
47 343
348 477 313 473 24 566 286 772 532 
348 477
313 477
473 348
24 313
566 348
286 477
772 313
532 24
493 749 503 130 
493 749
503 130
749 503
573 666 121 
573 666
573 121
607 686 235 460 207 622 211 500 446 
607 686
235 607
460 686
207 686
622 686
211 686
500 686
446 622
186 451 
186 451
35 164 489 
35 489
164 489
0 706 613 378 773 
706 613
0 613
0 378
706 773
65 729 63 
65 63
65 729
85 720 402 418 
85 402
85 720
402 418
114 744 556 630 
744 630
114 630
744 556
274 727 239 492 
727 492
274 239
239 492
370 548 787 18 
370 18
370 548
548 787
155 528 157 352 798 
155 528
352 798
528 352
157 798
329 
6 26 675 767 319 454 271 584 314 616 537 
6 26
675 6
767 6
319 675
454 767
271 454
584 675
314 454
616 584
537 454
182 575 163 587 
182 575
575 587
182 163
43 776 11 38 
776 11
43 776
11 38
590 663 350 231 789 579 
590 663
350 663
231 350
789 231
579 590
169 396 409 431 435 420 417 216 347 583 
169 396
409 396
431 409
435 396
420 409
417 396
216 431
347 417
583 216
22 222 245 276 140 697 59 306 559 541 334 746 146 
22 222
245 222
276 222
140 276
697 245
59 276
306 59
559 222
541 306
334 559
746 306
146 559
71 781 665 42 637 593 293 586 305 
71 781
665 781
42 781
637 71
593 71
293 781
586 293
305 637
151 277 762 505 689 652 563 702 611 701 527 
151 277
762 277
505 277
689 151
652 505
563 689
702 762
611 151
701 563
527 611
3 371 204 730 
3 371
371 204
3 730
394 698 
394 698
9 661 648 359 721 401 
9 661
648 661
359 661
721 9
401 9
280 
486 651 
486 651
263 
327 456 
327 456
389 466 195 25 260 592 232 753 218 399 640 519 
389 466
195 466
25 389
260 466
592 25
232 592
753 25
218 466
399 218
640 592
519 195
99 449 258 799 
449 799
99 449
258 799
328 578 517 476 342 
328 342
517 476
328 578
328 476
219 
234 714 312 
234 714
714 312
405 623 441 
405 441
623 441
66 659 653 364 142 608 711 617 570 208 472 325 49 278 353 46 90 362 512 422 458 141 506 601 
66 659
653 659
364 653
142 66
608 66
711 653
617 364
570 617
208 617
472 608
325 66
49 66
278 49
353 66
46 608
90 353
362 90
512 46
422 617
458 353
141 353
506 458
601 46
269 439 531 
269 531
269 439
201 683 482 240 336 
201 683
482 240
482 336
683 336
149 632 487 285 338 518 
149 632
487 149
285 487
338 149
518 487
193 
609 731 760 103 646 605 526 275 647 779 412 629 694 410 
609 731
760 731
103 731
646 609
605 646
526 609
275 605
647 275
779 526
412 609
629 779
694 647
410 412
45 667 467 436 270 
667 467
45 667
436 270
45 436
52 135 102 89 448 501 416 212 
52 135
102 135
89 102
448 135
501 102
416 102
212 89
147 
171 742 83 178 558 534 452 
171 742
83 742
178 742
558 742
534 83
452 558
322 645 152 173 128 246 785 148 589 323 166 
322 645
152 322
173 152
128 173
246 152
785 645
148 173
589 128
323 152
166 645
302 738 127 655 
302 738
738 127
302 655
133 
72 
37 122 596 
37 122
37 596
699 796 
699 796
34 
