? 5 2 631 672 782 264 
? 5 308 713 498 604 758 
? 5 37 122 596 451 329 
? 5 302 738 127 205 547 
? 5 240 482 778 336 657 
? 5 322 645 152 128 173 
? 5 313 477 348 24 772 
? 5 113 386 529 560 268 
? 5 40 523 757 323 111 
? 4 85 720 402 520 
? 4 328 517 476 133 
? 4 699 796 21 106 
? 4 407 736 701 427 
? 4 137 553 31 181 
? 4 182 587 456 63 
? 4 15 797 266 670 
? 4 71 637 665 737 
? 4 493 749 492 503 
? 4 487 518 285 439 
? 4 121 573 515 666 
? 4 27 638 125 759 
? 4 51 340 432 7 
? 4 202 564 32 263 
? 4 98 129 450 384 
? 4 287 683 791 55 
? 4 36 100 499 755 
? 4 114 744 186 630 
? 3 257 625 361 
? 3 130 238 479 
? 3 161 403 496 
? 3 163 575 75 
? 3 220 654 714 
? 3 116 678 614 
? 3 394 441 375 
? 3 290 581 698 
? 3 338 639 47 
? 3 486 688 519 
? 3 13 284 86 
? 3 258 449 99 
? 3 91 700 267 
? 3 149 632 531 
? 3 317 556 410 
? 3 19 514 225 
? 3 243 562 565 
? 3 148 589 250 
!
45 667 436 18 423 730 
45 667
436 45
18 667
423 436
730 436
785 
148 589 250 
148 589
148 250
243 562 565 
243 562
243 565
114 744 186 630 
744 630
114 630
744 186
3 371 305 204 579 295 
3 371
305 3
204 371
579 305
295 3
79 251 282 682 1 363 474 
79 251
282 251
682 251
1 282
363 79
474 79
62 716 294 170 58 29 108 183 473 
62 716
294 62
170 62
58 716
29 170
108 58
183 170
473 58
321 655 
321 655
602 799 
602 799
228 344 525 786 485 335 595 414 165 373 708 726 557 190 377 393 316 463 357 23 674 718 735 78 
228 344
525 228
786 344
485 786
335 485
595 344
414 595
165 485
373 595
708 165
726 525
557 726
190 708
377 373
393 557
316 557
463 165
357 316
23 377
674 23
718 190
735 463
78 735
36 100 499 755 
36 100
100 499
36 755
504 662 390 447 585 372 484 398 717 508 296 145 309 331 615 
504 662
390 504
447 662
585 662
372 390
484 585
398 372
717 662
508 390
296 717
145 717
309 717
331 398
615 372
40 523 757 323 111 
40 523
523 757
523 323
323 111
82 286 
82 286
445 540 
445 540
19 514 225 
19 514
19 225
287 683 791 55 
683 791
287 791
287 55
317 556 410 
317 556
317 410
149 632 531 
149 632
149 531
234 312 
234 312
91 700 267 
91 267
91 700
172 535 733 687 457 297 44 107 303 388 184 360 681 74 265 194 213 41 
172 535
733 535
687 535
457 733
297 687
44 172
107 733
303 457
388 297
184 44
360 184
681 107
74 107
265 303
194 107
213 194
41 681
239 274 724 727 223 34 327 307 
239 274
724 274
727 274
223 724
34 239
327 239
307 239
30 153 87 712 478 159 283 
30 153
87 30
712 87
478 30
159 87
283 87
120 259 
120 259
193 732 
193 732
607 686 211 622 207 235 500 446 460 380 780 412 
607 686
211 607
622 607
207 211
235 211
500 622
446 207
460 446
380 686
780 211
412 780
258 449 99 
449 99
258 449
67 94 
67 94
25 592 232 389 753 195 640 574 513 
25 592
232 592
389 25
753 592
195 389
640 592
574 592
513 640
52 135 102 89 212 448 501 566 754 416 428 563 
52 135
102 52
89 102
212 89
448 102
501 135
566 52
754 135
416 89
428 212
563 501
765 
134 383 53 123 252 536 470 376 774 10 739 38 548 
134 383
53 134
123 383
252 383
536 123
470 536
376 383
774 123
10 376
739 10
38 376
548 739
155 528 157 798 352 280 
155 528
157 155
798 157
352 798
280 157
98 129 450 384 
98 384
129 384
129 450
229 550 671 741 707 115 381 
229 550
671 229
741 550
707 229
115 671
381 671
118 668 469 430 254 530 395 324 248 443 233 734 253 289 117 793 619 606 
118 668
469 118
430 118
254 668
530 469
395 469
324 118
248 118
443 324
233 530
734 443
253 233
289 248
117 248
793 289
619 793
606 793
202 564 32 263 
564 32
32 263
202 564
113 386 529 560 268 
386 529
529 268
113 529
386 560
705 
13 284 86 
13 284
284 86
5 777 241 577 489 72 685 572 788 226 691 437 419 642 740 68 35 494 
5 777
241 5
577 5
489 777
72 241
685 72
572 489
788 685
226 788
691 788
437 691
419 72
642 437
740 72
68 577
35 489
494 577
694 
561 
486 688 519 
486 688
688 519
112 255 495 17 367 124 20 
112 255
495 112
17 112
367 17
124 495
20 17
429 
51 340 432 7 
432 7
51 340
51 432
405 
6 26 319 767 675 454 271 584 616 537 164 314 
6 26
319 26
767 6
675 319
454 767
271 454
584 675
616 584
537 271
164 537
314 537
298 783 440 673 633 612 576 756 192 249 752 627 95 723 709 
298 783
440 298
673 440
633 783
612 673
576 783
756 298
192 673
249 440
752 633
627 612
95 752
723 576
709 192
151 277 762 689 505 652 611 702 527 
151 277
762 277
689 151
505 762
652 762
611 151
702 652
527 611
158 438 215 143 227 385 168 242 197 138 649 597 567 433 110 418 459 
158 438
215 158
143 438
227 158
385 215
168 143
242 227
197 385
138 242
649 168
597 649
567 385
433 567
110 567
418 242
459 385
179 546 0 706 613 693 569 
179 546
0 179
706 179
613 706
693 179
569 179
93 160 224 442 483 644 119 200 719 656 221 722 598 
93 160
224 93
442 93
483 160
644 160
119 442
200 224
719 200
656 119
221 200
722 119
598 719
590 663 350 231 70 789 555 
590 663
350 663
231 350
70 663
789 231
555 70
66 659 653 364 608 142 617 711 325 208 570 49 353 362 46 278 141 90 472 422 318 601 458 512 506 696 
66 659
653 659
364 653
608 66
142 659
617 364
711 653
325 617
208 653
570 142
49 608
353 711
362 353
46 617
278 49
141 353
90 353
472 608
422 208
318 49
601 617
458 353
512 208
506 458
696 422
9 661 648 401 366 359 721 621 
9 661
648 661
401 661
366 648
359 401
721 9
621 721
338 639 47 
639 47
338 639
27 638 125 759 
27 759
638 759
638 125
290 581 698 
290 581
581 698
455 763 551 491 510 162 695 230 4 669 692 784 545 281 
455 763
551 763
491 763
510 763
162 455
695 551
230 162
4 455
669 4
692 695
784 230
545 230
281 692
313 477 348 24 772 
477 348
348 24
313 772
313 24
400 
343 
322 645 152 128 173 
322 645
152 173
645 173
645 128
650 743 497 379 341 507 279 
650 743
497 743
379 743
341 497
507 341
279 379
219 532 
219 532
444 750 
444 750
426 626 339 300 620 310 704 80 39 684 320 703 475 
426 626
339 426
300 626
620 339
310 300
704 620
80 300
39 300
684 39
320 80
703 339
475 310
516 641 139 794 770 580 330 387 
516 641
139 516
794 516
770 794
580 139
330 770
387 580
121 573 515 666 
515 666
573 515
121 573
378 773 
378 773
101 769 105 218 191 210 189 97 399 664 466 144 260 
101 769
105 101
218 101
191 105
210 105
189 191
97 101
399 218
664 97
466 218
144 210
260 466
333 
154 464 244 421 680 636 54 690 209 342 237 358 792 
154 464
244 154
421 244
680 421
636 421
54 636
690 680
209 54
342 636
237 54
358 690
792 342
140 276 22 222 697 245 59 306 559 746 334 541 272 368 728 424 
140 276
22 276
222 276
697 22
245 222
59 140
306 59
559 222
746 59
334 559
541 746
272 541
368 272
728 746
424 728
332 
511 571 
511 571
624 658 404 199 185 761 408 
624 658
404 658
199 658
185 199
761 199
408 761
270 461 
270 461
136 549 8 471 175 131 150 196 50 
136 549
8 136
471 549
175 471
131 471
150 136
196 8
50 131
487 518 285 439 
487 518
518 439
487 285
394 441 375 
394 441
441 375
171 742 83 178 558 452 382 48 206 
171 742
83 742
178 83
558 742
452 558
382 452
48 171
206 558
311 623 
311 623
116 678 614 
116 678
116 614
240 482 778 336 657 
482 778
240 778
482 336
778 657
220 654 714 
220 654
654 714
493 749 492 503 
493 749
492 503
749 492
71 637 665 737 
71 637
71 665
637 737
15 797 266 670 
15 797
15 266
797 670
182 587 456 63 
587 63
182 587
182 456
302 738 127 205 547 
302 738
738 547
738 127
302 205
299 
43 776 586 293 11 593 781 522 502 538 42 
43 776
586 776
293 776
11 776
593 776
781 293
522 781
502 586
538 586
42 781
137 553 31 181 
31 181
137 553
137 181
407 736 701 427 
736 427
701 427
407 701
415 425 370 787 764 467 
415 425
370 425
787 370
764 415
467 370
167 600 594 77 406 544 356 542 84 568 
167 600
594 167
77 600
406 594
544 77
356 406
542 406
84 406
568 77
214 552 413 599 56 92 16 434 397 676 345 351 725 
214 552
413 552
599 552
56 599
92 214
16 214
434 92
397 413
676 16
345 676
351 599
725 345
88 109 156 465 392 301 539 174 771 
88 109
156 109
465 109
392 109
301 156
539 392
174 301
771 301
180 521 480 775 69 679 603 256 768 628 269 
180 521
480 521
775 521
69 775
679 775
603 480
256 180
768 256
628 69
269 768
699 796 21 106 
699 21
699 796
699 106
65 729 
65 729
354 634 509 337 488 578 
354 634
509 634
337 509
488 337
578 488
273 
126 618 
126 618
246 
369 747 
369 747
169 396 420 431 409 435 417 216 347 583 198 291 
169 396
420 169
431 396
409 396
435 396
417 169
216 431
347 417
583 409
198 435
291 198
328 517 476 133 
476 133
517 476
328 133
37 122 596 451 329 
37 122
37 596
596 329
451 329
217 
163 575 75 
163 75
163 575
161 403 496 
161 403
403 496
326 766 453 411 60 588 177 715 346 57 187 14 710 355 554 28 660 262 462 533 643 468 481 651 
326 766
453 326
411 453
60 766
588 411
177 411
715 60
346 453
57 177
187 715
14 187
710 411
355 57
554 187
28 554
660 355
262 715
462 262
533 710
643 411
468 715
481 468
651 643
130 238 479 
130 238
238 479
308 713 498 604 758 
713 498
308 713
308 604
498 758
96 176 349 188 490 591 
96 176
349 96
188 176
490 96
591 349
166 
81 236 610 73 61 790 315 795 582 12 751 748 288 534 
81 236
610 81
73 610
61 236
790 61
315 790
795 61
582 790
12 315
751 795
748 61
288 795
534 582
2 631 672 782 264 
782 264
2 631
2 672
631 782
374 391 104 365 261 292 635 543 
374 391
104 374
365 374
261 391
292 261
635 292
543 292
147 
304 677 203 524 745 247 201 
304 677
203 304
524 677
745 203
247 745
201 247
609 731 646 103 605 760 526 275 779 629 647 
609 731
646 731
103 731
605 731
760 103
526 609
275 605
779 526
629 779
647 275
85 720 402 520 
85 402
85 720
85 520
146 
132 
257 625 361 
257 625
625 361
64 76 
64 76
33 
