? 5 527 561 611 58 108 
? 5 342 792 67 578 636 
? 5 81 236 610 419 642 
? 5 194 213 74 333 692 
? 5 134 383 53 123 508 
? 5 307 727 274 239 492 
? 5 478 712 87 159 591 
? 5 62 716 294 29 170 
? 5 155 528 157 352 798 
? 4 358 747 94 547 
? 4 227 242 138 418 
? 4 283 288 795 273 
? 4 590 663 350 231 
? 4 54 209 237 337 
? 4 180 521 679 256 
? 4 154 244 421 680 
? 4 354 634 601 509 
? 4 373 377 166 223 
? 4 341 507 243 280 
? 4 97 664 125 638 
? 4 382 748 61 790 
? 4 654 759 220 27 
? 4 470 536 252 484 
? 4 277 762 183 381 
? 4 202 545 564 230 
? 4 557 726 357 75 
? 4 165 190 696 718 
? 3 338 639 149 
? 3 270 667 730 
? 3 304 677 524 
? 3 579 637 665 
? 3 47 363 343 
? 3 85 720 221 
? 3 332 755 648 
? 3 137 553 625 
? 3 3 371 305 
? 3 685 788 777 
? 3 308 713 604 
? 3 444 750 461 
? 3 126 618 531 
? 3 452 558 206 
? 3 397 413 79 
? 3 205 302 655 
? 3 71 522 295 
? 3 264 782 257 
!
122 329 451 37 186 784 
122 329
451 329
37 122
186 451
784 451
774 
264 782 257 
264 782
264 257
71 522 295 
71 522
71 295
165 190 696 718 
165 190
165 696
190 718
406 594 356 542 84 167 
406 594
356 406
542 594
84 356
167 594
56 599 351 552 704 339 366 
56 599
351 599
552 56
704 351
339 704
366 351
265 299 603 303 457 41 480 733 681 
265 299
603 299
303 265
457 303
41 303
480 603
733 457
681 41
757 785 
757 785
493 724 
493 724
66 142 659 653 608 711 325 364 617 208 570 472 49 46 353 278 141 512 362 458 90 422 506 318 
66 142
659 66
653 659
608 142
711 653
325 653
364 325
617 364
208 617
570 364
472 608
49 608
46 472
353 711
278 49
141 353
512 46
362 141
458 353
90 141
422 617
506 458
318 278
557 726 357 75 
557 726
557 357
357 75
118 668 254 469 430 530 395 324 443 248 734 233 253 289 117 
118 668
254 118
469 668
430 469
530 430
395 430
324 254
443 324
248 254
734 443
233 530
253 233
289 324
117 248
155 528 157 352 798 
155 528
352 798
528 352
157 798
513 574 
513 574
502 538 
502 538
205 302 655 
205 655
205 302
202 545 564 230 
202 545
545 564
202 230
397 413 79 
397 413
413 79
452 558 206 
452 558
558 206
184 360 
184 360
126 618 531 
126 618
126 531
68 494 438 385 158 197 567 577 215 143 110 72 433 241 459 740 168 5 
68 494
438 494
385 68
158 438
197 385
567 385
577 494
215 197
143 438
110 567
72 567
433 567
241 72
459 110
740 433
168 143
5 241
92 434 682 16 251 282 214 725 
92 434
682 434
16 92
251 682
282 251
214 16
725 282
298 783 673 612 756 576 723 
298 783
673 298
612 673
756 612
576 783
723 576
258 602 
258 602
114 596 
114 596
548 787 370 425 615 372 398 18 415 467 447 45 
548 787
370 787
425 787
615 548
372 615
398 425
18 370
415 425
467 18
447 398
45 467
444 750 461 
444 750
750 461
369 690 
369 690
240 482 778 336 572 35 745 203 147 
240 482
778 482
336 240
572 778
35 572
745 336
203 745
147 35
6 26 319 597 767 675 649 271 454 584 616 314 
6 26
319 6
597 319
767 26
675 319
649 597
271 767
454 271
584 675
616 584
314 454
721 
261 292 635 543 391 153 365 30 374 266 73 104 751 
261 292
635 292
543 261
391 261
153 292
365 391
30 153
374 391
266 543
73 391
104 365
751 635
426 626 620 80 703 684 
426 626
620 426
80 626
703 620
684 620
277 762 183 381 
277 762
762 183
183 381
51 340 401 621 359 661 9 
51 340
401 340
621 401
359 401
661 359
9 661
140 276 222 22 697 245 306 59 559 746 334 541 272 368 728 424 146 464 
140 276
222 276
22 222
697 222
245 22
306 697
59 306
559 697
746 306
334 559
541 746
272 541
368 272
728 541
424 728
146 559
464 368
470 536 252 484 
470 484
536 252
470 536
62 716 294 29 170 
62 294
29 170
62 716
294 29
709 
308 713 604 
308 713
308 604
326 766 453 588 60 411 346 177 715 187 57 14 710 262 660 355 554 28 
326 766
453 326
588 326
60 766
411 588
346 60
177 411
715 60
187 346
57 453
14 187
710 588
262 715
660 57
355 660
554 14
28 14
694 
671 
685 788 777 
685 788
685 777
285 518 487 632 269 768 439 
285 518
487 518
632 487
269 285
768 269
439 269
623 
654 759 220 27 
654 759
759 27
654 220
600 
96 176 349 188 707 702 652 741 505 550 229 490 
96 176
349 96
188 176
707 96
702 188
652 702
741 702
505 652
550 707
229 550
490 550
4 669 127 111 629 455 763 779 523 510 491 162 738 250 40 
4 669
127 669
111 4
629 127
455 669
763 455
779 629
523 111
510 763
491 510
162 455
738 127
250 111
40 523
701 736 427 407 563 498 758 689 151 
701 736
427 736
407 427
563 701
498 407
758 498
689 563
151 689
235 607 500 686 622 211 207 380 460 446 780 412 317 630 410 744 556 
235 607
500 607
686 500
622 686
211 500
207 500
380 686
460 380
446 460
780 235
412 780
317 412
630 317
410 780
744 630
556 317
1 628 320 69 345 775 676 
1 628
320 628
69 320
345 628
775 69
676 345
182 575 456 163 587 327 729 65 63 414 393 34 316 
182 575
456 182
163 575
587 575
327 456
729 587
65 729
63 65
414 456
393 414
34 63
316 393
10 739 423 765 376 737 436 
10 739
423 10
765 423
376 10
737 765
436 423
33 279 144 196 98 210 519 129 50 450 384 105 189 379 471 8 743 175 486 651 549 101 650 688 131 643 
33 279
144 33
196 279
98 279
210 144
519 33
129 98
50 98
450 129
384 129
105 210
189 210
379 189
471 196
8 471
743 379
175 8
486 519
651 486
549 8
101 105
650 743
688 651
131 471
643 688
133 429 78 476 328 735 517 463 
133 429
78 133
476 78
328 476
735 78
517 328
463 735
3 371 305 
3 371
3 305
382 748 61 790 
748 61
61 790
382 748
137 553 625 
137 553
553 625
13 284 408 761 161 199 403 462 658 185 624 132 404 86 
13 284
408 13
761 284
161 284
199 761
403 161
462 761
658 199
185 199
624 658
132 161
404 624
86 185
478 712 87 159 591 
712 159
478 712
478 87
87 591
598 
585 
307 727 274 239 492 
727 492
274 239
307 727
239 492
36 475 100 310 300 39 499 
36 475
100 36
310 475
300 310
39 310
499 100
191 769 
191 769
225 474 
225 474
260 466 389 195 25 753 592 232 218 399 21 533 640 
260 466
389 466
195 260
25 389
753 25
592 25
232 25
218 260
399 218
21 753
533 21
640 592
145 717 296 309 331 764 76 662 
145 717
296 145
309 296
331 296
764 309
76 309
662 717
97 664 125 638 
97 125
97 664
97 638
19 514 
19 514
52 89 102 135 416 212 448 566 286 501 754 772 428 
52 89
102 52
135 102
416 102
212 89
448 135
566 416
286 212
501 135
754 448
772 286
428 212
571 
387 732 193 150 580 515 136 121 573 666 619 606 793 
387 732
193 387
150 732
580 150
515 193
136 150
121 515
573 121
666 573
619 136
606 136
793 606
55 539 217 392 683 109 287 88 465 657 124 259 156 201 791 247 
55 539
217 55
392 217
683 217
109 392
287 683
88 109
465 392
657 465
124 287
259 657
156 465
201 683
791 201
247 201
551 
390 504 
390 504
70 555 400 181 31 361 789 
70 555
400 555
181 70
31 181
361 31
789 361
17 20 
17 20
468 481 496 799 311 99 511 113 449 
468 481
496 481
799 468
311 496
99 799
511 311
113 511
449 99
341 507 243 280 
341 507
243 280
341 243
332 755 648 
332 648
755 648
293 586 776 11 38 593 43 42 781 
293 586
776 293
11 293
38 11
593 11
43 776
42 586
781 42
281 695 
281 695
85 720 221 
85 720
85 221
134 383 53 123 508 
134 123
53 123
53 508
134 383
47 363 343 
47 363
47 343
373 377 166 223 
166 223
373 377
377 166
354 634 601 509 
634 601
354 634
601 509
154 244 421 680 
154 421
154 244
154 680
180 521 679 256 
180 521
180 256
521 679
194 213 74 333 692 
333 692
194 213
194 692
74 333
540 
24 219 532 313 82 705 477 192 348 627 473 
24 219
532 219
313 219
82 313
705 24
477 313
192 24
348 477
627 192
473 705
54 209 237 337 
54 337
54 209
237 337
590 663 350 231 
590 663
663 231
350 231
130 445 238 503 749 479 
130 445
238 445
503 130
749 503
479 238
128 674 246 148 589 645 173 152 322 23 
128 674
246 674
148 246
589 148
645 128
173 246
152 173
322 645
23 128
93 160 224 644 442 483 200 119 719 656 722 565 562 
93 160
224 160
644 160
442 644
483 442
200 224
119 442
719 93
656 119
722 119
565 200
562 483
646 731 609 760 605 103 275 526 647 
646 731
609 731
760 731
605 646
103 760
275 605
526 609
647 275
15 797 670 568 520 77 234 115 544 714 402 
15 797
670 797
568 670
520 670
77 568
234 15
115 234
544 77
714 234
402 520
283 288 795 273 
288 795
288 273
283 795
394 698 
394 698
516 641 139 794 770 330 
516 641
139 516
794 641
770 794
330 770
497 
164 537 
164 537
489 
112 495 
112 495
7 432 120 771 301 174 226 48 691 12 437 315 
7 432
120 7
771 7
301 771
174 771
226 432
48 174
691 226
12 691
437 691
315 12
227 242 138 418 
242 138
242 418
227 138
81 236 610 419 642 
81 236
81 610
419 642
81 419
488 
579 637 665 
579 665
579 637
304 677 524 
677 524
304 677
169 396 409 420 431 435 216 417 347 198 583 291 290 581 672 2 631 529 386 375 560 268 441 405 
169 396
409 169
420 409
431 420
435 396
216 409
417 420
347 417
198 435
583 216
291 198
290 435
581 290
672 290
2 198
631 2
529 583
386 529
375 417
560 386
268 386
441 375
405 441
270 667 730 
270 730
270 667
342 792 67 578 636 
342 67
342 792
67 636
792 578
83 178 534 742 582 171 
83 178
534 178
742 83
582 534
171 742
323 
0 613 569 378 179 773 706 267 546 693 700 367 91 255 
0 613
569 613
378 0
179 569
773 569
706 569
267 773
546 179
693 546
700 693
367 706
91 700
255 367
527 561 611 58 108 
527 611
561 58
58 108
561 611
228 344 525 786 335 708 595 485 
228 344
525 228
786 344
335 344
708 786
595 335
485 708
321 
172 535 687 297 44 107 388 
172 535
687 172
297 687
44 535
107 172
388 687
116 678 249 106 796 95 440 699 752 633 614 
116 678
249 116
106 678
796 106
95 249
440 249
699 796
752 95
633 440
614 95
358 747 94 547 
358 747
747 94
747 547
312 
204 
338 639 149 
639 149
338 149
32 263 
32 263
64 
