? 5 94 747 358 369 67 
? 5 269 439 531 768 285 
? 5 240 482 778 336 217 
? 5 17 20 706 378 51 
? 5 179 546 613 0 693 
? 5 30 153 712 87 478 
? 5 166 223 239 724 274 
? 5 98 129 384 450 515 
? 5 113 386 529 268 511 
? 4 2 631 782 291 
? 4 31 181 361 553 
? 4 410 780 235 500 
? 4 307 727 492 503 
? 4 354 634 424 237 
? 4 55 539 392 683 
? 4 7 432 259 206 
? 4 630 744 317 114 
? 4 234 714 654 759 
? 4 569 773 267 700 
? 4 47 363 343 639 
? 4 65 729 63 587 
? 4 487 632 149 518 
? 4 323 589 148 111 
? 4 441 623 375 405 
? 4 493 749 445 338 
? 4 333 681 41 213 
? 4 15 797 266 543 
? 3 99 449 258 
? 3 186 784 451 
? 3 130 238 479 
? 3 182 575 163 
? 3 32 263 596 
? 3 19 514 159 
? 3 299 603 480 
? 3 342 792 488 
? 3 75 76 357 
? 3 33 279 573 
? 3 327 456 34 
? 3 122 329 556 
? 3 257 625 264 
? 3 126 618 256 
? 3 106 796 614 
? 3 202 564 74 
? 3 79 682 725 
? 3 737 765 10 
!
124 495 255 112 287 367 
124 495
255 495
112 255
287 124
367 255
774 
737 765 10 
737 765
737 10
79 682 725 
79 682
682 725
15 797 266 543 
15 797
15 266
266 543
3 371 204 305 295 146 
3 371
204 371
305 3
295 3
146 204
415 425 370 548 787 331 764 
415 425
370 425
548 370
787 548
331 415
764 331
45 667 467 18 436 270 730 461 423 
45 667
467 45
18 467
436 667
270 436
730 436
461 18
423 436
474 540 
474 540
132 496 
132 496
5 777 241 788 72 489 577 572 437 685 419 691 226 642 740 433 35 147 68 143 164 567 120 12 
5 777
241 777
788 5
72 241
489 777
577 241
572 489
437 788
685 241
419 788
691 437
226 437
642 437
740 72
433 740
35 489
147 489
68 72
143 68
164 35
567 740
120 226
12 642
333 681 41 213 
681 41
681 213
333 213
455 763 491 510 551 162 695 230 669 545 4 523 692 37 281 
455 763
491 763
510 491
551 491
162 455
695 551
230 162
669 763
545 230
4 669
523 669
692 695
37 230
281 695
113 386 529 268 511 
386 529
529 268
113 529
113 511
64 309 
64 309
394 698 
394 698
202 564 74 
202 74
202 564
493 749 445 338 
493 749
749 338
445 338
106 796 614 
106 796
106 614
126 618 256 
126 618
126 256
444 750 
444 750
257 625 264 
257 625
257 264
200 224 93 221 160 565 644 719 418 483 85 720 442 598 242 138 119 402 
200 224
93 224
221 200
160 93
565 224
644 93
719 221
418 221
483 644
85 644
720 85
442 483
598 719
242 418
138 242
119 442
402 720
78 735 578 463 476 328 429 517 
78 735
578 735
463 735
476 78
328 78
429 78
517 328
590 663 350 231 789 70 555 
590 663
350 663
231 350
789 231
70 789
555 70
27 513 
27 513
225 273 
225 273
25 389 592 232 195 753 21 640 574 519 699 486 
25 389
592 25
232 592
195 389
753 25
21 232
640 592
574 640
519 195
699 21
486 519
122 329 556 
122 556
329 556
125 638 
125 638
504 662 585 447 145 372 398 296 717 
504 662
585 504
447 662
145 504
372 447
398 447
296 145
717 296
609 731 760 103 605 646 526 779 275 647 629 412 
609 731
760 731
103 731
605 731
646 609
526 609
779 526
275 605
647 103
629 779
412 609
694 
167 600 594 406 356 542 77 544 84 312 670 243 568 
167 600
594 167
406 594
356 594
542 594
77 167
544 77
84 356
312 544
670 77
243 594
568 77
332 703 755 620 426 340 
332 703
755 332
620 703
426 620
340 332
441 623 375 405 
441 405
441 623
375 405
229 550 671 115 707 381 490 
229 550
671 229
115 671
707 229
381 671
490 671
298 783 440 673 612 633 576 249 192 752 756 627 95 709 723 116 678 24 
298 783
440 298
673 440
612 673
633 298
576 783
249 298
192 673
752 783
756 612
627 612
95 752
709 440
723 576
116 249
678 116
24 192
323 589 148 111 
323 589
323 148
323 111
98 129 384 450 515 
98 384
129 384
129 515
129 450
672 
327 456 34 
327 34
327 456
228 344 525 786 335 485 595 165 708 726 696 414 373 557 377 190 316 393 
228 344
525 228
786 228
335 344
485 786
595 344
165 485
708 165
726 525
696 165
414 595
373 595
557 726
377 373
190 165
316 557
393 414
635 
571 
33 279 573 
33 279
33 573
155 528 352 798 656 722 562 
155 528
352 528
798 352
656 798
722 798
562 722
547 
487 632 149 518 
487 518
487 632
632 149
537 
158 438 494 215 227 385 197 459 104 374 365 520 
158 438
494 158
215 494
227 158
385 215
197 385
459 385
104 197
374 104
365 104
520 104
140 276 22 222 697 245 59 306 334 559 541 746 272 728 368 
140 276
22 276
222 22
697 140
245 22
59 276
306 59
334 697
559 334
541 59
746 59
272 541
728 746
368 272
62 716 294 170 29 58 108 473 183 
62 716
294 716
170 62
29 170
58 716
108 58
473 58
183 170
277 762 151 505 652 702 689 188 611 563 176 527 561 96 701 349 741 
277 762
151 277
505 277
652 277
702 762
689 151
188 505
611 151
563 689
176 188
527 611
561 527
96 176
701 563
349 96
741 176
43 776 586 38 293 11 593 
43 776
586 776
38 776
293 776
11 776
593 586
6 26 675 319 767 597 649 454 271 584 168 616 314 
6 26
675 6
319 675
767 26
597 675
649 597
454 767
271 454
584 675
168 649
616 584
314 454
71 781 665 637 42 579 522 
71 781
665 781
637 71
42 665
579 71
522 781
326 766 453 60 411 588 177 715 346 187 710 355 554 660 28 262 57 14 468 651 462 533 799 643 481 688 
326 766
453 326
60 766
411 766
588 326
177 411
715 60
346 766
187 60
710 60
355 453
554 715
660 355
28 554
262 715
57 355
14 60
468 28
651 177
462 715
533 710
799 355
643 651
481 468
688 643
320 775 628 1 69 679 521 180 
320 775
628 320
1 320
69 775
679 775
521 775
180 521
75 76 357 
75 76
75 357
65 729 63 587 
65 587
65 63
729 587
342 792 488 
342 792
792 488
172 535 457 733 687 303 297 44 107 388 184 360 194 265 
172 535
457 172
733 457
687 172
303 457
297 687
44 172
107 457
388 297
184 44
360 44
194 107
265 303
166 223 239 724 274 
166 223
239 274
239 724
223 239
532 
427 
30 153 712 87 478 
30 153
712 478
87 478
153 87
348 477 313 705 772 82 219 
348 477
313 477
705 348
772 313
82 313
219 313
308 604 
308 604
509 718 
509 718
81 236 610 61 73 315 790 795 582 110 748 391 288 
81 236
610 81
61 236
73 610
315 236
790 61
795 61
582 790
110 73
748 790
391 73
288 795
156 301 771 465 174 88 657 109 
156 301
771 156
465 301
174 771
88 465
657 301
109 88
47 363 343 639 
47 639
47 363
343 639
502 538 
502 538
134 383 53 508 252 536 123 376 470 390 615 484 739 
134 383
53 134
508 53
252 383
536 383
123 134
376 134
470 536
390 53
615 390
484 508
739 615
400 
606 793 175 136 549 619 8 471 117 196 131 743 150 
606 793
175 606
136 606
549 136
619 793
8 136
471 549
117 606
196 8
131 549
743 117
150 136
214 552 413 599 56 92 16 676 434 397 345 282 351 339 251 704 
214 552
413 552
599 552
56 599
92 214
16 214
676 214
434 92
397 413
345 676
282 92
351 599
339 56
251 92
704 599
380 
311 560 
311 560
341 507 280 157 497 650 379 
341 507
280 507
157 507
497 341
650 497
379 650
40 757 
40 757
304 677 203 524 745 247 91 201 791 
304 677
203 677
524 677
745 677
247 745
91 524
201 247
791 247
569 773 267 700 
569 700
267 700
773 700
299 603 480 
299 603
603 480
154 464 244 421 680 636 209 54 690 
154 464
244 464
421 244
680 421
636 421
209 421
54 209
690 680
290 581 
290 581
19 514 159 
19 514
19 159
179 546 613 0 693 
179 693
613 0
546 693
179 0
32 263 596 
263 596
32 263
234 714 654 759 
654 759
234 714
234 654
630 744 317 114 
630 744
630 114
744 317
7 432 259 206 
7 432
7 259
432 206
55 539 392 683 
55 539
392 683
539 392
17 20 706 378 51 
706 378
17 20
17 706
20 51
337 
169 396 431 409 420 216 347 435 417 583 198 
169 396
431 396
409 396
420 396
216 409
347 396
435 396
417 347
583 216
198 435
354 634 424 237 
634 237
354 634
424 237
307 727 492 503 
727 492
307 727
492 503
302 738 205 127 655 321 
302 738
205 302
127 738
655 205
321 738
36 475 100 310 300 39 499 684 80 626 
36 475
100 36
310 475
300 475
39 300
499 100
684 39
80 300
626 300
101 769 105 218 210 191 189 97 399 664 144 260 466 
101 769
105 101
218 101
210 105
191 105
189 210
97 769
399 218
664 97
144 210
260 218
466 260
171 742 83 534 558 178 452 382 48 
171 742
83 742
534 83
558 742
178 83
452 558
382 534
48 171
52 135 102 89 212 416 501 448 428 754 566 
52 135
102 135
89 52
212 52
416 52
501 135
448 102
428 212
754 416
566 89
410 780 235 500 
235 500
410 780
780 235
261 292 
261 292
591 758 498 713 736 407 
591 758
498 758
713 498
736 498
407 736
318 
246 674 
246 674
286 
602 666 
602 666
199 761 658 185 404 284 86 624 408 13 403 161 
199 761
658 199
185 199
404 658
284 199
86 185
624 404
408 284
13 408
403 284
161 408
31 181 361 553 
31 361
31 181
361 553
240 482 778 336 217 
482 778
240 778
482 336
482 217
250 
182 575 163 
182 575
182 163
130 238 479 
130 238
238 479
66 659 653 364 608 617 711 142 570 325 278 208 353 362 46 141 49 472 90 512 422 458 506 601 
66 659
653 659
364 653
608 66
617 364
711 653
142 66
570 364
325 653
278 66
208 617
353 711
362 353
46 208
141 353
49 278
472 608
90 362
512 46
422 617
458 353
506 458
601 208
186 784 451 
186 451
784 451
269 439 531 768 285 
531 768
269 531
269 439
768 285
322 645 173 128 785 152 
322 645
173 322
128 173
785 322
152 173
220 
118 668 430 469 254 395 530 324 443 734 248 233 253 289 
118 668
430 118
469 118
254 668
395 118
530 430
324 118
443 324
734 443
248 118
233 530
253 233
289 248
94 747 358 369 67 
747 358
94 67
358 369
94 747
9 661 648 401 359 721 366 621 
9 661
648 661
401 661
359 661
721 9
366 648
621 401
137 
607 686 207 446 460 211 622 
607 686
207 686
446 686
460 686
211 207
622 607
516 641 139 794 770 580 330 387 732 193 50 
516 641
139 516
794 641
770 794
580 770
330 770
387 580
732 387
193 387
50 732
2 631 782 291 
2 291
2 631
631 782
133 
121 
99 449 258 
99 449
449 258
283 751 
283 751
23 
