? 5 24 313 82 477 219 
? 5 229 671 115 550 707 
? 5 202 545 564 281 122 
? 5 239 274 727 724 34 
? 5 152 173 323 322 128 
? 5 269 439 531 285 518 
? 5 98 129 50 384 33 
? 5 32 263 114 596 744 
? 5 81 610 61 795 751 
? 4 85 720 402 221 
? 4 166 223 492 645 
? 4 78 735 476 429 
? 4 155 528 157 352 
? 4 584 616 319 598 
? 4 30 87 478 712 
? 4 354 634 601 237 
? 4 517 578 328 342 
? 4 302 738 127 205 
? 4 386 529 268 583 
? 4 683 791 287 539 
? 4 149 632 493 487 
? 4 283 288 273 382 
? 4 47 363 343 639 
? 4 498 713 308 758 
? 4 737 765 423 593 
? 4 15 670 714 312 
? 4 257 625 264 553 
? 3 259 657 120 
? 3 479 540 238 
? 3 174 432 51 
? 3 193 732 131 
? 3 121 573 515 
? 3 0 378 700 
? 3 63 587 327 
? 3 309 764 506 
? 3 31 181 70 
? 3 41 333 618 
? 3 651 688 486 
? 3 130 503 749 
? 3 106 796 496 
? 3 65 729 575 
? 3 148 589 250 
? 3 79 725 628 
? 3 40 523 111 
? 3 19 514 159 
!
586 776 293 38 43 11 
586 776
293 586
38 776
43 776
11 586
757 
19 514 159 
19 514
19 159
40 523 111 
40 523
40 111
257 625 264 553 
257 625
257 553
257 264
358 747 369 94 547 321 
358 747
369 358
94 747
547 747
321 547
220 759 654 381 490 741 234 
220 759
654 220
381 220
490 381
741 490
234 381
36 475 39 100 499 684 703 755 332 
36 475
39 36
100 475
499 100
684 39
703 684
755 684
332 755
405 560 
405 560
137 361 
137 361
66 659 653 364 142 711 608 617 570 208 325 49 46 353 512 472 362 90 422 141 278 318 726 458 
66 659
653 66
364 653
142 653
711 66
608 659
617 364
570 364
208 653
325 711
49 608
46 617
353 325
512 46
472 46
362 353
90 362
422 208
141 353
278 49
318 278
726 90
458 353
15 670 714 312 
714 312
15 714
15 670
298 783 612 440 673 633 576 756 752 249 95 627 192 108 709 
298 783
612 783
440 298
673 440
633 440
576 783
756 576
752 298
249 633
95 752
627 612
192 612
108 192
709 108
81 610 61 795 751 
610 751
81 610
795 751
61 795
280 798 
280 798
126 785 
126 785
79 725 628 
725 628
79 628
737 765 423 593 
765 593
737 593
737 423
148 589 250 
148 589
148 250
65 729 575 
729 575
65 575
488 718 
488 718
106 796 496 
106 796
106 496
172 535 733 457 687 297 44 303 107 388 184 360 299 194 213 265 74 681 
172 535
733 172
457 733
687 172
297 172
44 535
303 457
107 733
388 687
184 44
360 44
299 303
194 107
213 194
265 299
74 107
681 194
88 109 156 465 301 55 392 771 
88 109
156 109
465 156
301 156
55 109
392 55
771 301
71 665 781 579 42 637 522 
71 665
781 71
579 665
42 665
637 665
522 71
502 538 
502 538
279 519 
279 519
93 160 224 644 200 483 442 119 722 719 656 565 
93 160
224 160
644 160
200 224
483 160
442 483
119 442
722 119
719 93
656 119
565 200
130 503 749 
130 503
503 749
556 630 
556 630
134 383 123 536 252 376 470 774 10 
134 383
123 383
536 123
252 536
376 134
470 536
774 252
10 376
455 763 491 551 510 162 695 230 4 669 692 37 
455 763
491 763
551 491
510 551
162 455
695 491
230 510
4 455
669 4
692 695
37 230
705 
25 592 389 232 195 753 21 640 574 513 29 699 170 
25 592
389 25
232 25
195 389
753 195
21 753
640 232
574 753
513 640
29 574
699 21
170 513
394 698 441 375 723 623 
394 698
441 394
375 441
723 394
623 441
498 713 308 758 
498 713
713 308
498 758
590 663 350 231 555 400 789 
590 663
350 663
231 350
555 663
400 555
789 231
158 438 494 227 215 168 385 197 242 138 649 567 597 459 110 418 675 6 
158 438
494 158
227 158
215 438
168 158
385 215
197 385
242 227
138 242
649 138
567 385
597 649
459 197
110 567
418 242
675 649
6 597
47 363 343 639 
47 639
47 363
343 639
32 263 114 596 744 
596 744
263 744
263 114
32 263
655 
651 688 486 
688 486
651 688
228 344 525 786 708 335 485 595 165 414 373 557 696 377 190 393 23 463 
228 344
525 228
786 344
708 228
335 344
485 786
595 228
165 485
414 595
373 595
557 525
696 708
377 373
190 165
393 557
23 377
463 165
638 
614 
41 333 618 
41 333
333 618
45 667 18 467 436 730 270 
45 667
18 45
467 45
436 667
730 436
270 667
604 
283 288 273 382 
288 273
283 288
273 382
591 
154 464 244 421 680 636 690 209 54 424 337 792 
154 464
244 154
421 154
680 154
636 421
690 680
209 636
54 209
424 209
337 54
792 636
140 276 222 245 22 697 59 306 559 334 541 272 746 728 368 
140 276
222 276
245 222
22 245
697 276
59 140
306 59
559 222
334 559
541 306
272 306
746 306
728 746
368 272
62 716 294 58 183 678 561 27 116 
62 716
294 716
58 716
183 294
678 716
561 58
27 183
116 678
504 662 447 390 585 372 484 398 717 296 145 508 331 532 615 53 425 
504 662
447 504
390 504
585 662
372 390
484 585
398 447
717 662
296 717
145 717
508 390
331 296
532 717
615 372
53 508
425 398
430 530 668 395 469 233 253 
430 530
668 530
395 530
469 668
233 469
253 233
650 743 497 379 117 175 248 341 196 84 356 507 289 
650 743
497 650
379 743
117 497
175 117
248 117
341 497
196 175
84 341
356 84
507 341
289 175
284 408 403 161 113 511 571 
284 408
403 284
161 408
113 408
511 113
571 113
326 766 453 411 60 588 177 57 14 715 346 660 710 187 355 28 262 554 468 533 481 799 86 643 99 462 
326 766
453 326
411 766
60 766
588 766
177 453
57 326
14 766
715 60
346 60
660 57
710 411
187 715
355 660
28 715
262 715
554 28
468 28
533 710
481 468
799 660
86 660
643 411
99 799
462 715
9 661 648 721 359 401 621 340 
9 661
648 661
721 9
359 9
401 9
621 401
340 401
31 181 70 
31 181
181 70
149 632 493 487 
632 493
632 487
149 632
309 764 506 
764 506
309 764
426 626 300 339 704 620 310 676 80 345 599 320 56 351 
426 626
300 626
339 426
704 426
620 626
310 300
676 426
80 300
345 676
599 676
320 80
56 599
351 599
98 129 50 384 33 
98 384
129 384
384 33
98 50
509 
482 
269 439 531 285 518 
269 531
269 439
439 518
285 518
316 357 75 456 163 64 182 
316 357
75 357
456 316
163 75
64 75
182 163
427 701 
427 701
246 674 
246 674
609 731 646 103 605 760 526 275 629 647 779 694 410 
609 731
646 731
103 731
605 646
760 103
526 609
275 605
629 103
647 275
779 629
694 275
410 605
179 546 569 693 613 267 773 706 
179 546
569 179
693 546
613 179
267 179
773 179
706 613
683 791 287 539 
683 791
791 287
683 539
132 311 
132 311
214 552 413 92 16 434 397 682 366 251 282 452 1 
214 552
413 214
92 214
16 214
434 92
397 413
682 92
366 552
251 434
282 251
452 682
1 282
474 
607 686 207 235 211 500 622 460 446 380 780 317 412 
607 686
207 607
235 607
211 686
500 686
622 607
460 500
446 460
380 686
780 235
317 460
412 317
151 277 762 505 652 689 188 563 702 527 501 611 736 176 96 349 
151 277
762 277
505 277
652 505
689 151
188 762
563 689
702 188
527 151
501 563
611 527
736 563
176 652
96 176
349 96
450 
186 329 
186 329
454 537 271 314 767 26 240 
454 537
271 454
314 537
767 271
26 767
240 537
444 750 
444 750
203 304 677 745 336 524 201 247 91 
203 304
677 304
745 203
336 203
524 677
201 745
247 201
91 524
386 529 268 583 
386 529
529 268
386 583
63 587 327 
63 327
587 327
169 396 409 420 431 435 216 347 417 
169 396
409 396
420 396
431 409
435 396
216 409
347 169
417 347
451 784 
451 784
0 378 700 
0 378
0 700
152 173 323 322 128 
152 173
173 323
152 322
173 128
121 573 515 
573 515
121 573
302 738 127 205 
302 738
738 127
302 205
517 578 328 342 
328 342
578 328
517 578
354 634 601 237 
601 237
634 601
354 634
30 87 478 712 
478 712
87 478
30 87
239 274 727 724 34 
727 724
239 274
239 724
727 34
445 
171 742 83 534 558 178 582 790 48 748 12 
171 742
83 742
534 83
558 742
178 83
582 83
790 582
48 171
748 790
12 790
584 616 319 598 
584 616
584 319
616 598
155 528 157 352 
155 528
528 352
155 157
3 371 305 204 295 146 
3 371
305 3
204 371
295 3
146 204
516 641 139 794 770 580 150 734 443 387 
516 641
139 516
794 641
770 794
580 139
150 580
734 770
443 734
387 580
101 769 105 210 189 191 218 399 97 664 144 260 466 
101 769
105 101
210 105
189 210
191 189
218 101
399 218
97 399
664 97
144 210
260 218
466 260
180 521 480 775 679 69 256 603 768 
180 521
480 521
775 521
679 775
69 775
256 521
603 480
768 256
606 793 136 8 619 549 471 324 330 118 254 
606 793
136 606
8 136
619 793
549 136
471 549
324 619
330 619
118 324
254 118
78 735 476 429 
78 735
735 476
476 429
206 225 
206 225
370 548 787 415 461 739 
370 548
787 370
415 370
461 370
739 548
338 
258 449 
258 449
315 
602 666 
602 666
104 365 374 391 261 73 292 520 543 635 266 797 
104 365
374 104
391 374
261 391
73 374
292 261
520 104
543 292
635 292
266 543
797 266
166 223 492 645 
166 223
223 492
166 645
202 545 564 281 122 
202 545
545 564
545 122
202 281
307 
193 732 131 
193 732
732 131
174 432 51 
174 432
174 51
5 777 241 577 788 489 72 572 685 437 691 419 226 642 740 68 433 35 236 143 778 147 164 7 
5 777
241 777
577 777
788 777
489 577
72 241
572 489
685 72
437 788
691 437
419 685
226 437
642 437
740 72
68 72
433 419
35 489
236 419
143 577
778 572
147 489
164 35
7 226
479 540 238 
479 540
540 238
229 671 115 550 707 
229 671
115 707
229 707
671 550
112 255 495 17 367 124 
112 255
495 255
17 112
367 255
124 495
217 
102 135 52 89 212 448 566 416 754 286 772 428 76 407 
102 135
52 135
89 102
212 52
448 102
566 102
416 52
754 448
286 212
772 566
428 212
76 428
407 754
24 313 82 477 219 
24 82
313 82
82 219
24 477
198 291 631 290 672 2 581 782 
198 291
631 198
290 198
672 291
2 631
581 672
782 2
153 
199 658 761 404 185 624 13 
199 658
761 199
404 658
185 199
624 658
13 199
167 600 594 77 406 542 544 568 562 243 125 
167 600
594 167
77 600
406 594
542 594
544 77
568 77
562 542
243 562
125 544
85 720 402 221 
85 402
402 221
85 720
133 
67 
259 657 120 
657 120
259 120
348 473 
348 473
20 
