? 4 214 630 778 798 
? 4 5 799 615 297 
? 3 229 519 206 
!
4 731 762 361 595 290 418 74 358 709 
4 731
762 4
361 731
595 762
290 762
418 361
74 418
358 418
709 358
313 395 579 723 737 7 424 333 638 180 533 427 197 371 613 155 10 667 465 145 372 244 492 416 659 
313 395
579 313
723 313
737 579
7 395
424 7
333 7
638 579
180 333
533 180
427 180
197 427
371 424
613 427
155 197
10 197
667 427
465 427
145 10
372 145
244 667
492 372
416 145
659 372
5 799 615 297 
799 615
5 799
799 297
153 761 510 200 30 139 322 68 532 679 215 705 292 516 787 669 566 687 14 188 256 695 289 42 315 100 225 779 
153 761
510 153
200 153
30 761
139 761
322 200
68 761
532 153
679 532
215 510
705 215
292 679
516 532
787 705
669 679
566 68
687 215
14 787
188 687
256 200
695 669
289 669
42 787
315 787
100 695
225 188
779 68
214 630 778 798 
214 630
778 798
214 778
13 757 122 317 127 436 103 544 276 531 542 307 552 343 260 264 172 506 219 714 408 265 72 177 
13 757
122 757
317 757
127 317
436 317
103 436
544 127
276 103
531 276
542 531
307 542
552 531
343 307
260 552
264 552
172 343
506 343
219 172
714 264
408 264
265 343
72 265
177 714
173 560 741 116 238 151 450 671 754 760 302 405 88 789 274 16 662 770 434 673 284 102 393 209 509 559 639 254 471 730 362 129 29 45 178 208 348 548 661 660 160 747 549 784 594 268 250 267 432 321 154 689 711 576 499 379 700 357 565 701 191 774 213 36 545 475 344 425 677 686 242 474 445 640 676 247 240 602 83 270 564 765 279 226 599 663 90 49 251 261 
173 560
741 560
116 560
238 741
151 238
450 151
671 173
754 560
760 116
302 671
405 560
88 173
789 302
274 238
16 760
662 16
770 760
434 760
673 151
284 671
102 673
393 302
209 770
509 151
559 238
639 450
254 770
471 639
730 284
362 730
129 789
29 789
45 254
178 559
208 178
348 471
548 302
661 730
660 348
160 129
747 45
549 129
784 661
594 559
268 208
250 268
267 548
432 784
321 660
154 789
689 784
711 747
576 267
499 549
379 321
700 711
357 549
565 700
701 160
191 594
774 268
213 774
36 267
545 191
475 700
344 213
425 576
677 379
686 213
242 379
474 344
445 686
640 191
676 565
247 445
240 344
602 640
83 640
270 36
564 83
765 379
279 475
226 676
599 344
663 213
90 602
49 270
251 765
261 765
149 527 245 9 314 86 529 681 157 347 257 617 335 293 
149 527
245 527
9 527
314 149
86 314
529 314
681 314
157 529
347 314
257 314
617 347
335 681
293 335
118 258 353 466 459 692 439 230 82 736 26 703 330 253 447 691 366 46 
118 258
353 258
466 258
459 258
692 258
439 258
230 439
82 230
736 230
26 230
703 82
330 353
253 258
447 230
691 253
366 459
46 26
478 520 176 430 680 428 469 493 678 224 420 95 113 327 355 93 171 523 222 572 603 142 664 299 320 553 768 518 391 451 588 749 719 25 729 150 563 390 557 203 75 326 198 458 725 148 446 136 496 196 92 187 162 33 591 614 332 107 504 649 300 365 
478 520
176 520
430 520
680 478
428 478
469 520
493 176
678 478
224 430
420 680
95 420
113 176
327 420
355 430
93 224
171 430
523 327
222 95
572 222
603 113
142 95
664 113
299 222
320 93
553 320
768 171
518 664
391 420
451 664
588 523
749 451
719 320
25 572
729 588
150 768
563 142
390 222
557 768
203 518
75 451
326 563
198 518
458 749
725 749
148 25
446 518
136 768
496 222
196 719
92 523
187 25
162 664
33 162
591 326
614 603
332 614
107 458
504 563
649 451
300 591
365 458
657 795 70 73 489 624 298 27 631 57 11 421 726 282 444 161 690 738 94 
657 795
70 657
73 657
489 70
624 70
298 489
27 298
631 27
57 73
11 631
421 11
726 11
282 726
444 282
161 282
690 444
738 690
94 690
47 541 388 634 105 551 598 409 712 304 384 696 97 323 698 133 255 
47 541
388 47
634 388
105 47
551 105
598 47
409 47
712 551
304 598
384 551
696 634
97 696
323 97
698 384
133 698
255 133
64 470 567 592 479 205 417 413 721 50 
64 470
567 470
592 567
479 592
205 592
417 479
413 417
721 413
50 417
472 535 498 339 223 481 338 606 336 334 694 554 571 193 182 383 8 345 0 406 675 604 32 583 34 141 85 28 744 781 618 120 130 377 306 543 797 628 51 382 764 236 650 642 653 18 794 
472 535
498 472
339 472
223 535
481 223
338 339
606 223
336 472
334 338
694 223
554 338
571 223
193 571
182 334
383 554
8 338
345 606
0 571
406 182
675 182
604 0
32 182
583 604
34 182
141 8
85 141
28 554
744 583
781 32
618 383
120 34
130 32
377 141
306 130
543 141
797 141
628 377
51 675
382 130
764 675
236 85
650 377
642 0
653 650
18 130
794 642
237 241 775 684 668 745 398 399 3 786 488 38 648 511 17 146 585 316 706 112 622 60 308 41 743 522 76 772 550 503 483 514 600 443 708 512 593 84 526 625 
237 241
775 237
684 241
668 775
745 668
398 745
399 398
3 399
786 399
488 3
38 399
648 786
511 648
17 648
146 648
585 146
316 146
706 585
112 146
622 585
60 112
308 146
41 622
743 60
522 743
76 743
772 76
550 76
503 76
483 503
514 503
600 483
443 483
708 443
512 514
593 708
84 443
526 708
625 526
22 324 619 410 114 658 181 269 192 185 707 189 12 53 473 91 415 441 491 796 249 87 546 311 635 217 211 422 55 52 633 400 462 77 587 96 218 375 414 234 656 608 79 467 158 403 125 412 235 301 349 170 697 515 601 464 490 581 61 652 39 69 460 641 558 
22 324
619 22
410 324
114 324
658 619
181 324
269 114
192 22
185 114
707 410
189 324
12 619
53 22
473 12
91 12
415 53
441 473
491 473
796 12
249 53
87 441
546 12
311 12
635 546
217 415
211 635
422 796
55 422
52 441
633 52
400 53
462 249
77 52
587 635
96 217
218 400
375 633
414 211
234 414
656 587
608 491
79 587
467 96
158 52
403 587
125 467
412 234
235 403
301 403
349 77
170 234
697 467
515 301
601 697
464 412
490 158
581 349
61 125
652 515
39 601
69 490
460 170
641 460
558 39
229 519 206 
229 206
519 206
152 607 204 294 683 578 303 756 356 783 537 637 386 318 517 201 431 246 186 207 751 763 497 341 577 138 232 547 352 621 616 575 194 175 291 755 243 782 507 368 666 44 132 482 239 295 626 199 728 337 296 769 643 611 748 627 457 713 381 536 99 404 131 167 277 419 435 63 37 48 734 693 501 477 508 732 596 259 777 40 561 81 688 442 397 452 739 227 727 463 271 646 66 280 325 329 623 331 773 396 156 285 521 309 407 524 793 23 401 109 423 231 791 210 455 753 632 367 540 685 735 411 589 168 43 115 392 449 720 716 380 126 495 644 169 166 
152 607
204 607
294 607
683 152
578 152
303 578
756 683
356 204
783 356
537 783
637 356
386 356
318 303
517 204
201 204
431 356
246 318
186 683
207 246
751 756
763 431
497 356
341 751
577 431
138 318
232 186
547 517
352 547
621 138
616 517
575 352
194 232
175 352
291 352
755 751
243 756
782 577
507 431
368 497
666 497
44 637
132 755
482 431
239 666
295 352
626 577
199 341
728 207
337 751
296 199
769 295
643 337
611 482
748 547
627 482
457 199
713 44
381 132
536 748
99 626
404 769
131 643
167 337
277 536
419 404
435 381
63 435
37 167
48 37
734 277
693 63
501 167
477 99
508 477
732 37
596 501
259 508
777 501
40 734
561 508
81 777
688 40
442 732
397 63
452 381
739 397
227 40
727 739
463 501
271 40
646 463
66 739
280 66
325 463
329 227
623 442
331 325
773 329
396 739
156 396
285 259
521 66
309 463
407 442
524 156
793 521
23 227
401 156
109 521
423 156
231 309
791 285
210 407
455 331
753 331
632 231
367 401
540 280
685 407
735 309
411 23
589 521
168 367
43 109
115 231
392 285
449 411
720 43
716 753
380 632
126 392
495 632
644 540
169 735
166 126
137 402 389 59 35 342 468 212 742 426 54 111 119 2 350 373 788 487 394 286 24 184 584 202 752 288 233 134 528 346 104 370 655 216 609 480 376 758 121 378 340 502 538 374 328 433 19 674 429 586 195 710 555 67 56 123 252 
137 402
389 402
59 402
35 402
342 35
468 342
212 389
742 389
426 137
54 742
111 468
119 426
2 119
350 468
373 111
788 212
487 2
394 111
286 373
24 119
184 286
584 24
202 184
752 212
288 119
233 752
134 742
528 184
346 528
104 286
370 528
655 487
216 584
609 655
480 752
376 752
758 119
121 655
378 24
340 609
502 655
538 376
374 370
328 340
433 528
19 502
674 374
429 538
586 655
195 433
710 121
555 538
67 502
56 429
123 378
252 195
65 699 733 319 359 570 597 437 750 110 513 1 248 485 740 722 275 767 98 771 476 310 461 776 135 272 534 766 704 144 718 759 505 143 582 6 724 15 654 453 500 80 484 590 573 562 273 612 78 220 440 20 21 530 610 71 263 605 281 163 636 124 174 580 364 574 31 682 785 651 448 262 312 702 486 494 106 665 629 645 58 117 790 165 351 780 363 183 556 438 287 164 128 
65 699
733 65
319 65
359 65
570 359
597 733
437 570
750 319
110 437
513 319
1 513
248 570
485 513
740 248
722 248
275 722
767 513
98 485
771 110
476 98
310 513
461 771
776 310
135 359
272 275
534 275
766 461
704 722
144 461
718 476
759 704
505 461
143 505
582 505
6 310
724 6
15 776
654 718
453 654
500 505
80 272
484 272
590 144
573 534
562 15
273 573
612 453
78 273
220 590
440 484
20 505
21 500
530 573
610 453
71 15
263 590
605 453
281 273
163 654
636 15
124 590
174 636
580 484
364 163
574 580
31 21
682 530
785 530
651 636
448 590
262 20
312 281
702 605
486 702
494 785
106 580
665 785
629 448
645 629
58 562
117 629
790 281
165 364
351 574
780 682
363 580
183 651
556 117
438 486
287 780
164 556
128 790
62 221 101 620 539 568 715 670 89 360 140 385 228 147 266 454 108 278 525 647 283 569 190 672 159 387 792 305 354 456 746 717 369 179 
62 221
101 221
620 62
539 62
568 539
715 221
670 101
89 101
360 101
140 62
385 62
228 620
147 101
266 620
454 62
108 266
278 266
525 266
647 539
283 454
569 147
190 147
672 266
159 190
387 190
792 387
305 792
354 283
456 305
746 283
717 283
369 647
179 369
