? 4 615 799 5 84 
? 4 149 314 86 681 
? 3 279 475 495 
!
252 335 293 50 290 721 413 417 347 257 
252 335
293 335
50 252
290 252
721 252
413 721
417 413
347 335
257 293
266 672 525 372 278 108 620 659 145 703 492 82 304 416 439 539 647 736 369 179 230 409 244 140 118 
266 672
525 672
372 672
278 266
108 372
620 266
659 372
145 672
703 659
492 372
82 659
304 82
416 525
439 82
539 620
647 539
736 439
369 647
179 369
230 492
409 369
244 492
140 539
118 82
149 314 86 681 
149 86
149 681
314 86
13 757 166 317 436 103 544 276 794 642 363 542 307 552 531 343 172 260 506 264 714 219 408 72 229 265 519 177 
13 757
166 757
317 166
436 166
103 436
544 317
276 103
794 276
642 276
363 544
542 276
307 642
552 363
531 552
343 307
172 343
260 552
506 343
264 552
714 264
219 172
408 714
72 506
229 408
265 72
519 408
177 714
615 799 5 84 
615 799
5 84
799 5
70 657 795 73 489 624 298 631 27 57 438 726 421 282 444 161 738 94 709 366 418 778 798 206 
70 657
795 657
73 657
489 70
624 70
298 73
631 298
27 631
57 631
438 631
726 57
421 726
282 726
444 282
161 282
738 421
94 738
709 738
366 738
418 366
778 738
798 161
206 798
478 520 176 428 430 469 224 680 420 493 113 678 327 95 93 171 355 523 222 572 664 391 603 451 518 768 719 553 142 299 326 588 162 749 203 25 198 75 725 390 148 458 150 496 591 563 320 196 557 92 187 446 729 33 300 136 205 332 214 365 712 47 614 504 388 630 107 479 74 541 649 460 105 592 157 464 315 598 551 634 170 97 9 245 323 527 255 412 696 14 
478 520
176 520
428 520
430 520
469 428
224 430
680 428
420 428
493 176
113 176
678 420
327 176
95 420
93 224
171 430
355 171
523 327
222 95
572 222
664 113
391 420
603 113
451 664
518 664
768 171
719 224
553 719
142 222
299 572
326 391
588 327
162 518
749 451
203 113
25 572
198 518
75 749
725 75
390 222
148 25
458 749
150 768
496 299
591 326
563 142
320 553
196 719
557 768
92 523
187 148
446 518
729 523
33 518
300 588
136 768
205 25
332 300
214 749
365 458
712 33
47 33
614 332
504 142
388 47
630 458
107 458
479 299
74 725
541 47
649 446
460 214
105 47
592 205
157 591
464 725
315 504
598 33
551 47
634 388
170 107
97 300
9 315
245 504
323 97
527 9
255 446
412 464
696 97
14 390
653 667 746 283 454 361 717 4 354 595 731 762 617 529 
653 667
746 667
283 746
454 283
361 746
717 283
4 283
354 283
595 4
731 4
762 4
617 4
529 731
258 466 353 459 692 46 330 253 447 26 691 698 133 384 297 236 650 628 
258 466
353 258
459 258
692 353
46 353
330 459
253 466
447 46
26 447
691 253
698 253
133 698
384 698
297 447
236 297
650 236
628 650
22 324 619 410 114 658 181 269 707 185 12 91 192 473 415 189 87 441 53 796 249 546 491 311 635 422 217 52 55 462 633 211 656 400 77 587 96 375 158 79 218 414 234 467 235 349 125 403 608 581 301 515 490 61 697 39 690 641 11 358 652 601 
22 324
619 22
410 324
114 324
658 22
181 324
269 114
707 181
185 269
12 658
91 12
192 12
473 658
415 410
189 658
87 473
441 473
53 415
796 12
249 415
546 12
491 473
311 91
635 546
422 796
217 249
52 441
55 422
462 217
633 52
211 635
656 52
400 415
77 52
587 635
96 400
375 633
158 77
79 211
218 400
414 422
234 546
467 96
235 79
349 77
125 467
403 587
608 79
581 349
301 403
515 301
490 158
61 125
697 125
39 218
690 235
641 422
11 581
358 301
652 690
601 697
64 100 470 779 695 566 68 669 516 532 567 679 292 289 30 139 761 510 153 
64 100
470 100
779 100
695 100
566 64
68 779
669 779
516 669
532 779
567 516
679 669
292 669
289 567
30 779
139 669
761 30
510 761
153 761
191 640 677 382 242 306 18 130 261 765 251 28 565 764 226 676 543 
191 640
677 640
382 677
242 677
306 382
18 382
130 382
261 18
765 261
251 765
28 306
565 765
764 765
226 565
676 226
543 28
200 322 687 256 215 188 705 42 225 787 
200 322
687 322
256 687
215 687
188 687
705 215
42 705
225 188
787 42
137 402 389 35 59 342 742 54 468 212 288 111 2 487 119 394 286 426 350 584 373 24 184 752 134 346 233 528 370 202 104 758 788 216 376 374 340 538 378 480 433 328 674 772 195 123 555 
137 402
389 402
35 402
59 389
342 35
742 389
54 389
468 342
212 137
288 137
111 35
2 137
487 2
119 487
394 111
286 111
426 119
350 468
584 350
373 342
24 584
184 742
752 212
134 742
346 184
233 134
528 184
370 528
202 742
104 111
758 487
788 742
216 24
376 233
374 528
340 758
538 376
378 24
480 538
433 370
328 340
674 538
772 340
195 433
123 378
555 538
237 241 684 775 668 36 745 398 270 425 49 399 488 3 786 38 357 648 511 240 17 316 585 146 706 60 344 112 599 622 41 474 308 743 774 213 686 522 700 76 
237 241
684 237
775 237
668 775
36 668
745 668
398 745
270 398
425 270
49 270
399 49
488 49
3 488
786 399
38 399
357 488
648 38
511 648
240 357
17 648
316 17
585 648
146 585
706 17
60 240
344 240
112 146
599 344
622 585
41 622
474 344
308 112
743 599
774 474
213 774
686 774
522 599
700 774
76 743
313 395 579 792 305 723 387 456 19 159 638 593 333 737 7 424 708 190 180 385 586 371 533 427 90 710 89 512 67 526 443 600 670 197 101 483 56 502 360 625 121 247 221 569 147 503 83 62 10 514 550 602 715 429 663 609 655 228 465 613 445 155 545 564 568 
313 395
579 313
792 395
305 792
723 313
387 313
456 305
19 313
159 395
638 313
593 395
333 723
737 19
7 593
424 7
708 593
190 792
180 159
385 792
586 737
371 180
533 180
427 180
90 593
710 305
89 792
512 737
67 737
526 7
443 708
600 443
670 89
197 180
101 670
483 600
56 710
502 67
360 101
625 424
121 67
247 90
221 101
569 427
147 101
503 483
83 90
62 221
10 427
514 483
550 503
602 90
715 221
429 56
663 443
609 502
655 502
228 221
465 10
613 180
445 247
155 10
545 602
564 90
568 62
279 475 495 
279 475
279 495
152 607 204 294 386 756 578 303 683 637 356 201 318 783 497 763 431 537 186 517 755 751 341 243 246 232 138 577 352 621 575 175 368 194 616 207 547 291 666 44 782 507 239 482 295 728 132 337 199 643 626 296 611 457 769 748 713 99 536 131 627 167 381 404 435 277 419 63 37 48 734 693 777 501 477 508 596 732 259 40 688 442 793 397 561 81 452 727 739 463 66 325 646 156 623 271 329 285 280 396 309 227 521 331 773 407 423 524 210 791 753 23 109 231 367 685 401 632 589 540 735 411 716 455 168 122 126 449 392 51 43 115 720 380 169 262 
152 607
204 152
294 152
386 607
756 607
578 607
303 152
683 607
637 756
356 637
201 356
318 303
783 356
497 637
763 356
431 356
537 783
186 683
517 294
755 497
751 756
341 751
243 751
246 303
232 186
138 232
577 431
352 577
621 318
575 246
175 352
368 497
194 621
616 246
207 246
547 352
291 352
666 368
44 783
782 577
507 431
239 431
482 666
295 352
728 207
132 44
337 132
199 341
643 337
626 577
296 199
611 626
457 199
769 175
748 769
713 132
99 626
536 769
131 337
627 239
167 337
381 666
404 536
435 381
277 99
419 769
63 627
37 643
48 37
734 277
693 63
777 435
501 777
477 99
508 477
596 167
732 37
259 508
40 734
688 40
442 732
793 693
397 693
561 508
81 777
452 435
727 397
739 397
463 777
66 452
325 463
646 501
156 397
623 442
271 40
329 40
285 259
280 66
396 397
309 463
227 271
521 739
331 452
773 227
407 623
423 259
524 156
210 623
791 285
753 325
23 227
109 521
231 309
367 156
685 407
401 156
632 646
589 280
540 589
735 309
411 23
716 753
455 540
168 367
122 367
126 122
449 411
392 122
51 735
43 109
115 632
720 43
380 231
169 735
262 449
173 560 741 116 238 151 405 450 274 754 102 760 671 88 302 434 662 789 770 16 673 284 393 559 209 471 639 254 362 178 730 509 29 129 45 160 548 660 250 348 549 747 268 594 661 711 267 689 321 379 701 154 208 576 784 432 499 
173 560
741 560
116 560
238 741
151 238
405 560
450 151
274 151
754 560
102 238
760 116
671 116
88 173
302 671
434 760
662 760
789 302
770 760
16 760
673 450
284 671
393 284
559 238
209 770
471 673
639 471
254 662
362 284
178 559
730 393
509 471
29 754
129 789
45 209
160 178
548 302
660 639
250 160
348 660
549 129
747 509
268 178
594 559
661 393
711 45
267 548
689 362
321 660
379 321
701 160
154 549
208 160
576 548
784 689
432 784
499 549
65 699 733 319 570 597 437 1 110 750 359 248 513 485 740 722 275 98 310 771 767 476 135 461 534 776 704 143 759 718 6 144 505 15 582 654 500 453 272 766 484 612 610 590 573 78 220 273 263 724 20 530 80 682 562 440 21 636 605 163 574 71 174 364 281 629 448 665 785 645 580 702 58 106 124 651 486 183 494 31 312 117 128 165 351 790 780 127 556 69 558 164 287 
65 699
733 65
319 699
570 319
597 733
437 597
1 319
110 437
750 319
359 570
248 570
513 319
485 1
740 570
722 248
275 722
98 485
310 513
771 110
767 98
476 98
135 275
461 110
534 275
776 740
704 722
143 461
759 704
718 476
6 310
144 461
505 461
15 310
582 505
654 718
500 505
453 654
272 534
766 505
484 272
612 15
610 453
590 144
573 534
78 6
220 590
273 573
263 590
724 15
20 505
530 573
80 573
682 530
562 78
440 135
21 766
636 15
605 610
163 610
574 263
71 636
174 562
364 163
281 273
629 590
448 629
665 272
785 682
645 629
580 574
702 612
58 174
106 665
124 590
651 636
486 702
183 651
494 785
31 21
312 281
117 629
128 281
165 364
351 574
790 174
780 682
127 351
556 629
69 780
558 486
164 556
287 780
472 535 336 606 223 644 334 694 338 339 498 481 345 182 193 554 571 8 383 675 32 34 120 583 141 781 406 0 744 604 618 85 797 377 
472 535
336 535
606 472
223 606
644 606
334 535
694 223
338 472
339 472
498 336
481 498
345 472
182 535
193 472
554 338
571 223
8 338
383 554
675 182
32 182
34 182
120 34
583 481
141 8
781 32
406 675
0 571
744 583
604 744
618 554
85 141
797 141
377 141
