? 4 406 675 115 799 
? 4 85 628 481 366 
? 3 84 279 45 
!
306 382 130 120 34 182 339 141 193 543 
306 382
130 382
120 130
34 120
182 34
339 130
141 339
193 339
543 141
348 660 321 471 639 747 509 102 450 565 151 242 677 673 765 251 226 676 261 18 711 700 5 764 475 
348 660
321 660
471 660
639 660
747 348
509 348
102 471
450 471
565 747
151 450
242 321
677 242
673 471
765 242
251 765
226 565
676 226
261 765
18 261
711 747
700 711
5 226
764 251
475 711
85 628 481 366 
85 628
85 481
628 366
70 657 795 73 489 624 298 27 165 631 57 601 69 11 726 444 282 421 161 690 94 738 358 778 709 798 206 418 
70 657
795 657
73 657
489 70
624 70
298 657
27 298
165 73
631 795
57 631
601 631
69 601
11 69
726 11
444 726
282 726
421 282
161 282
690 726
94 690
738 690
358 690
778 94
709 358
798 161
206 798
418 358
406 675 115 799 
406 675
115 799
406 799
153 761 200 510 139 532 30 322 68 215 566 787 705 292 779 669 679 687 256 695 188 42 516 289 
153 761
200 153
510 761
139 153
532 761
30 761
322 200
68 30
215 322
566 68
787 153
705 787
292 68
779 532
669 292
679 669
687 322
256 322
695 779
188 705
42 705
516 68
289 679
478 520 176 430 428 680 469 493 678 420 355 224 95 93 327 113 391 171 222 572 523 664 603 326 719 320 496 451 390 557 768 142 518 299 25 553 749 148 725 75 150 588 458 563 203 198 630 187 33 136 729 365 446 196 162 591 107 332 92 614 47 504 214 649 712 460 205 300 157 388 541 105 592 315 479 464 170 323 74 9 634 255 245 598 551 696 97 412 14 414 
478 520
176 520
430 478
428 520
680 428
469 680
493 680
678 680
420 469
355 478
224 430
95 420
93 224
327 680
113 176
391 95
171 430
222 95
572 222
523 327
664 113
603 664
326 420
719 93
320 224
496 572
451 664
390 496
557 171
768 557
142 222
518 664
299 222
25 572
553 320
749 93
148 25
725 749
75 725
150 768
588 327
458 749
563 142
203 451
198 664
630 320
187 148
33 518
136 768
729 327
365 458
446 518
196 719
162 518
591 588
107 458
332 588
92 33
614 729
47 33
504 142
214 458
649 749
712 446
460 630
205 25
300 332
157 591
388 47
541 47
105 541
592 136
315 504
479 148
464 725
170 214
323 300
74 725
9 315
634 541
255 446
245 9
598 541
551 47
696 300
97 323
412 464
14 187
414 464
413 721 50 290 100 470 64 567 691 698 133 625 526 236 
413 721
50 413
290 50
100 413
470 100
64 100
567 470
691 290
698 691
133 691
625 691
526 625
236 625
258 353 466 118 459 82 692 230 46 703 330 736 447 439 304 26 659 297 
258 353
466 258
118 258
459 258
82 466
692 466
230 82
46 353
703 82
330 459
736 230
447 230
439 82
304 703
26 447
659 82
297 447
137 402 389 59 35 342 212 742 373 468 54 788 426 288 584 394 119 111 487 184 350 24 286 202 104 2 752 134 758 346 528 233 655 370 216 376 609 121 502 378 340 374 538 480 41 710 429 674 328 586 512 67 195 555 123 56 433 252 76 503 762 19 
137 402
389 402
59 137
35 402
342 137
212 59
742 389
373 342
468 342
54 342
788 742
426 35
288 426
584 426
394 35
119 59
111 468
487 119
184 788
350 468
24 584
286 373
202 742
104 286
2 487
752 212
134 742
758 119
346 184
528 184
233 752
655 758
370 528
216 24
376 134
609 655
121 655
502 655
378 24
340 609
374 528
538 376
480 752
41 378
710 502
429 480
674 134
328 340
586 502
512 502
67 512
195 104
555 538
123 378
56 429
433 195
252 195
76 328
503 76
762 538
19 67
149 527 314 86 257 529 681 347 617 225 731 354 293 361 595 335 717 4 417 
149 527
314 527
86 149
257 149
529 149
681 314
347 314
617 347
225 681
731 617
354 731
293 257
361 354
595 617
335 293
717 731
4 731
417 225
539 568 715 283 746 647 369 140 179 525 454 416 409 456 737 384 253 
539 568
715 539
283 539
746 283
647 746
369 647
140 283
179 369
525 369
454 283
416 525
409 525
456 715
737 456
384 179
253 384
338 554 32 498 383 334 8 781 618 336 
338 554
32 554
498 338
383 554
334 554
8 338
781 32
618 781
336 338
180 427 533 197 159 155 465 10 387 190 667 569 360 333 613 792 650 371 395 313 670 385 653 89 147 7 723 372 424 244 797 638 305 101 266 145 28 492 579 672 620 108 228 377 221 62 278 
180 427
533 427
197 180
159 180
155 180
465 180
10 197
387 159
190 533
667 533
569 155
360 569
333 159
613 667
792 159
650 667
371 667
395 792
313 395
670 360
385 360
653 667
89 190
147 360
7 395
723 395
372 155
424 7
244 653
797 667
638 395
305 723
101 670
266 372
145 266
28 667
492 372
579 313
672 266
620 266
108 372
228 620
377 653
221 101
62 221
278 620
13 757 126 436 317 103 544 276 794 642 307 0 542 552 531 604 343 264 571 172 506 494 260 223 744 714 408 219 606 345 694 583 72 265 229 644 535 177 472 519 
13 757
126 757
436 757
317 126
103 436
544 317
276 103
794 276
642 276
307 276
0 642
542 276
552 542
531 542
604 0
343 307
264 552
571 0
172 552
506 343
494 552
260 172
223 571
744 604
714 260
408 714
219 343
606 223
345 571
694 571
583 744
72 343
265 72
229 714
644 223
535 644
177 714
472 535
519 177
237 241 684 775 668 36 784 745 432 267 689 398 661 362 270 548 425 576 730 49 393 284 302 399 671 405 499 3 488 154 754 789 38 29 88 549 786 357 129 434 116 511 701 648 760 173 560 770 662 17 16 254 240 741 160 146 585 706 209 238 344 622 60 112 316 
237 241
684 237
775 237
668 775
36 668
784 36
745 668
432 784
267 36
689 267
398 745
661 689
362 432
270 398
548 267
425 270
576 548
730 784
49 270
393 661
284 393
302 393
399 398
671 284
405 302
499 548
3 399
488 3
154 499
754 302
789 302
38 399
29 789
88 302
549 499
786 3
357 499
129 549
434 671
116 671
511 399
701 549
648 511
760 116
173 116
560 173
770 760
662 770
17 511
16 760
254 770
240 357
741 560
160 701
146 648
585 146
706 146
209 770
238 741
344 240
622 585
60 240
112 146
316 146
84 279 45 
84 279
279 45
152 607 303 386 204 637 294 683 783 756 578 356 537 517 318 201 431 497 763 186 751 246 341 138 232 575 243 547 352 755 175 621 194 368 577 44 239 291 207 666 782 482 507 295 337 616 728 199 296 626 457 132 769 748 643 404 611 627 536 99 131 419 381 167 435 713 277 37 63 734 48 501 693 477 508 259 777 596 732 40 688 81 397 442 452 561 66 739 271 463 727 325 329 396 773 646 309 280 285 524 623 156 521 331 227 793 423 407 23 401 791 109 367 210 685 753 632 168 455 411 540 231 735 589 495 716 43 169 449 122 720 380 51 392 166 615 
152 607
303 607
386 152
204 152
637 607
294 607
683 152
783 204
756 637
578 303
356 783
537 637
517 204
318 303
201 204
431 356
497 637
763 431
186 683
751 756
246 318
341 751
138 186
232 578
575 517
243 756
547 246
352 547
755 637
175 352
621 138
194 232
368 497
577 352
44 756
239 431
291 352
207 291
666 368
782 577
482 356
507 431
295 352
337 341
616 517
728 246
199 337
296 199
626 577
457 199
132 243
769 295
748 295
643 296
404 748
611 626
627 239
536 769
99 626
131 337
419 748
381 368
167 337
435 381
713 167
277 769
37 167
63 239
734 277
48 37
501 167
693 63
477 99
508 477
259 508
777 501
596 167
732 37
40 734
688 40
81 501
397 693
442 732
452 381
561 259
66 452
739 397
271 40
463 501
727 397
325 463
329 271
396 397
773 329
646 463
309 463
280 452
285 259
524 739
623 442
156 396
521 66
331 325
227 329
793 739
423 285
407 732
23 773
401 396
791 285
109 739
367 401
210 407
685 210
753 331
632 623
168 524
455 331
411 23
540 280
231 632
735 309
589 540
495 632
716 455
43 739
169 735
449 411
122 423
720 43
380 632
51 735
392 367
166 122
615 380
22 324 619 114 410 181 185 269 658 707 12 91 192 473 87 53 415 441 189 546 491 249 311 635 217 796 52 422 55 633 211 400 462 77 587 656 234 158 375 96 79 218 467 608 235 349 301 403 581 697 125 490 515 641 39 652 61 
22 324
619 22
114 324
410 324
181 324
185 114
269 114
658 619
707 619
12 658
91 12
192 22
473 12
87 658
53 324
415 53
441 473
189 658
546 12
491 12
249 415
311 546
635 546
217 249
796 546
52 441
422 269
55 422
633 52
211 635
400 415
462 633
77 52
587 635
656 546
234 635
158 52
375 633
96 249
79 656
218 400
467 96
608 79
235 608
349 52
301 587
403 301
581 349
697 467
125 467
490 581
515 301
641 422
39 697
652 301
61 39
65 699 733 319 570 359 597 437 750 110 1 513 485 740 248 722 275 767 771 98 461 310 476 759 135 776 534 704 718 766 144 143 505 582 724 654 6 15 610 272 453 80 500 440 612 484 573 273 590 220 562 78 20 605 636 530 21 174 163 124 682 71 281 448 364 263 580 702 574 312 785 183 106 665 31 651 486 58 262 629 645 128 117 780 790 556 127 351 287 363 164 558 438 
65 699
733 65
319 699
570 319
359 65
597 733
437 570
750 319
110 437
1 750
513 319
485 513
740 319
248 570
722 570
275 722
767 319
771 110
98 1
461 771
310 513
476 98
759 248
135 275
776 740
534 722
704 248
718 476
766 461
144 110
143 766
505 461
582 505
724 310
654 718
6 776
15 776
610 654
272 534
453 654
80 135
500 505
440 272
612 724
484 440
573 272
273 573
590 144
220 590
562 15
78 573
20 582
605 453
636 15
530 573
21 20
174 562
163 654
124 590
682 440
71 15
281 273
448 590
364 163
263 590
580 484
702 605
574 580
312 281
785 682
183 636
106 580
665 785
31 21
651 636
486 702
58 174
262 21
629 448
645 262
128 281
117 629
780 682
790 58
556 117
127 556
351 127
287 780
363 106
164 556
558 486
438 558
213 774 686 268 474 208 445 250 599 663 178 247 483 522 514 600 550 443 594 708 90 83 191 559 602 772 743 640 545 593 308 564 274 379 
213 774
686 774
268 774
474 774
208 213
445 774
250 208
599 474
663 686
178 268
247 445
483 663
522 599
514 483
600 483
550 514
443 600
594 268
708 443
90 247
83 594
191 594
559 594
602 191
772 483
743 550
640 602
545 640
593 708
308 743
564 640
274 559
379 559
