? 4 188 687 256 215 
? 4 138 194 232 329 
? 3 200 322 566 
!
166 757 317 436 103 794 276 271 227 773 
166 757
317 166
436 317
103 436
794 103
276 794
271 757
227 271
773 227
223 694 345 606 571 644 193 472 535 481 589 498 43 540 336 0 109 604 339 334 583 793 338 720 521 
223 694
345 223
606 694
571 345
644 694
193 606
472 193
535 472
481 193
589 644
498 193
43 571
540 644
336 472
0 571
109 43
604 0
339 336
334 339
583 604
793 109
338 339
720 43
521 793
138 194 232 329 
138 232
138 194
138 329
259 508 561 477 285 611 423 156 627 99 626 482 791 63 396 524 277 239 401 397 734 507 782 392 693 367 168 577 
259 508
561 259
477 508
285 561
611 508
423 285
156 423
627 611
99 477
626 99
482 611
791 285
63 627
396 156
524 156
277 99
239 627
401 524
397 396
734 277
507 482
782 626
392 791
693 63
367 401
168 401
577 782
188 687 256 215 
188 687
687 215
188 256
152 607 204 294 386 303 537 201 683 756 637 578 783 356 186 318 517 431 497 751 763 575 341 246 
152 607
204 152
294 204
386 204
303 294
537 386
201 386
683 607
756 537
637 537
578 303
783 201
356 783
186 683
318 303
517 294
431 356
497 637
751 756
763 431
575 517
341 751
246 517
595 731 354 361 4 762 717 283 746 529 617 97 323 140 454 696 555 674 539 538 568 347 314 300 149 715 86 647 376 429 179 332 369 62 221 134 202 634 233 228 681 101 56 480 752 257 620 409 388 670 614 742 788 346 374 184 541 293 105 528 335 385 370 290 525 47 89 278 710 360 416 266 212 42 92 252 147 50 225 54 433 108 672 121 551 705 389 286 417 195 
595 731
354 595
361 354
4 354
762 4
717 4
283 717
746 361
529 731
617 762
97 746
323 97
140 283
454 717
696 97
555 454
674 617
539 140
538 555
568 539
347 617
314 347
300 696
149 314
715 568
86 314
647 746
376 538
429 555
179 647
332 300
369 647
62 715
221 62
134 376
202 134
634 179
233 376
228 62
681 86
101 221
56 429
480 56
752 233
257 681
620 228
409 369
388 634
670 101
614 388
742 202
788 742
346 202
374 346
184 346
541 388
293 257
105 541
528 346
335 293
385 670
370 528
290 335
525 620
47 541
89 385
278 525
710 56
360 385
416 525
266 278
212 788
42 681
92 47
252 290
147 360
50 335
225 257
54 184
433 252
108 266
672 108
121 710
551 92
705 42
389 54
286 54
417 225
195 433
381 435 132 44 452 280 66 755 325 727 331 739 243 753 
381 435
132 381
44 132
452 435
280 452
66 280
755 44
325 452
727 66
331 325
739 727
243 755
753 331
291 547 175 352 616 295 207 748 769 536 404 419 728 40 666 368 688 621 
291 547
175 291
352 175
616 547
295 175
207 616
748 295
769 748
536 769
404 748
419 404
728 207
40 536
666 352
368 666
688 40
621 728
503 514 550 772 483 76 512 600 522 443 67 340 663 328 609 743 19 758 502 586 708 655 737 593 686 579 247 456 487 474 213 445 599 774 2 119 288 344 90 60 723 305 638 313 395 250 208 240 112 268 792 426 7 424 308 602 160 387 24 83 333 178 
503 514
550 503
772 550
483 514
76 772
512 514
600 483
522 76
443 600
67 512
340 772
663 522
328 772
609 340
743 522
19 67
758 340
502 609
586 19
708 443
655 502
737 19
593 708
686 663
579 737
247 708
456 737
487 758
474 686
213 686
445 686
599 474
774 213
2 487
119 2
288 2
344 474
90 247
60 599
723 579
305 723
638 723
313 638
395 638
250 774
208 250
240 599
112 60
268 208
792 313
426 119
7 593
424 7
308 112
602 90
160 250
387 792
24 426
83 602
333 387
178 268
526 625 382 306 130 618 781 32 120 383 554 34 8 182 764 675 406 716 455 
526 625
382 625
306 382
130 382
618 306
781 130
32 781
120 32
383 618
554 383
34 120
8 554
182 34
764 34
675 182
406 675
716 182
455 716
505 766 500 20 21 262 31 645 449 117 411 164 556 23 13 122 126 
505 766
500 505
20 766
21 500
262 21
31 21
645 262
449 31
117 645
411 449
164 117
556 117
23 411
13 556
122 13
126 122
432 784 684 237 241 104 721 642 413 307 
432 784
684 432
237 684
241 237
104 784
721 104
642 104
413 721
307 642
151 274 450 238 102 741 673 560 471 639 173 509 116 660 348 321 379 16 760 747 209 662 770 434 671 565 45 711 242 191 254 677 700 284 545 765 640 676 251 564 226 261 475 18 362 279 5 
151 274
450 151
238 274
102 450
741 238
673 102
560 741
471 102
639 471
173 560
509 673
116 173
660 471
348 660
321 660
379 321
16 116
760 16
747 509
209 16
662 16
770 662
434 760
671 434
565 747
45 209
711 565
242 321
191 379
254 770
677 242
700 711
284 671
545 191
765 242
640 545
676 565
251 765
564 640
226 676
261 765
475 700
18 261
362 284
279 475
5 226
82 439 736 703 230 659 492 304 372 145 447 244 46 26 465 297 10 155 569 236 653 628 650 197 667 543 377 427 613 85 180 533 190 141 506 797 159 371 744 28 
82 439
736 82
703 439
230 736
659 703
492 736
304 703
372 659
145 372
447 230
244 447
46 447
26 46
465 372
297 26
10 465
155 10
569 155
236 244
653 244
628 236
650 653
197 155
667 650
543 628
377 543
427 197
613 667
85 628
180 427
533 427
190 180
141 85
506 26
797 377
159 190
371 613
744 85
28 797
192 658 91 12 22 619 324 546 181 707 410 269 114 635 185 796 211 587 53 415 55 403 422 301 234 414 400 218 358 709 697 61 418 39 601 366 57 27 631 255 133 691 698 298 384 253 459 165 712 73 364 33 692 657 795 598 118 258 466 353 70 489 163 72 624 
192 658
91 192
12 91
22 658
619 22
324 22
546 12
181 324
707 181
410 181
269 707
114 707
635 546
185 707
796 635
211 635
587 211
53 410
415 53
55 796
403 587
422 55
301 403
234 796
414 234
400 53
218 400
358 301
709 358
697 218
61 697
418 709
39 61
601 39
366 418
57 601
27 57
631 57
255 418
133 255
691 133
698 691
298 57
384 691
253 698
459 366
165 631
712 255
73 165
364 165
33 712
692 459
657 73
795 657
598 384
118 692
258 118
466 118
353 258
70 795
489 70
163 364
72 353
624 70
200 322 566 
200 322
200 566
80 573 530 273 272 281 682 534 78 440 312 780 785 135 128 484 776 287 275 665 11 69 58 740 722 562 790 726 282 581 174 421 6 349 704 494 15 248 106 310 570 490 177 444 359 161 580 651 636 158 229 513 759 519 71 375 264 408 714 319 77 574 724 767 750 52 363 633 485 183 552 98 437 531 699 612 798 65 263 260 476 590 144 462 738 1 542 220 656 608 172 110 652 206 124 690 733 94 544 467 610 219 486 453 441 125 87 235 351 461 605 558 654 330 582 249 597 702 96 778 217 189 143 127 718 311 79 343 448 265 629 515 771 438 491 473 
80 573
530 80
273 573
272 573
281 273
682 530
534 272
78 273
440 530
312 281
780 682
785 440
135 534
128 312
484 440
776 273
287 312
275 135
665 785
11 287
69 287
58 281
740 275
722 275
562 78
790 58
726 11
282 726
581 128
174 562
421 282
6 776
349 581
704 135
494 665
15 6
248 722
106 494
310 6
570 248
490 69
177 282
444 421
359 570
161 177
580 106
651 174
636 651
158 349
229 177
513 310
759 704
519 229
71 636
375 790
264 494
408 229
714 408
319 513
77 158
574 580
724 15
767 310
750 319
52 77
363 106
633 375
485 767
183 71
552 264
98 767
437 248
531 552
699 319
612 724
798 519
65 699
263 574
260 552
476 98
590 263
144 590
462 633
738 444
1 485
542 531
220 590
656 490
608 656
172 260
110 437
652 738
206 798
124 263
690 652
733 65
94 738
544 363
467 462
610 612
219 260
486 183
453 610
441 52
125 467
87 441
235 608
351 544
461 144
605 610
558 125
654 453
330 206
582 144
249 462
597 110
702 486
96 467
778 94
217 249
189 441
143 582
127 351
718 654
311 87
79 235
343 172
448 124
265 219
629 448
515 79
771 110
438 558
491 311
473 491
316 706 146 17 585 622 41 648 511 123 786 378 38 488 3 399 216 49 357 584 154 499 701 549 425 270 398 129 350 29 745 137 576 402 59 468 548 342 35 789 754 668 36 267 302 88 111 373 405 393 730 775 394 661 559 689 594 
316 706
146 316
17 146
585 706
622 706
41 622
648 17
511 648
123 41
786 648
378 123
38 786
488 786
3 488
399 38
216 378
49 3
357 488
584 216
154 357
499 154
701 357
549 154
425 49
270 425
398 270
129 701
350 584
29 549
745 398
137 584
576 425
402 137
59 137
468 350
548 576
342 468
35 342
789 29
754 789
668 745
36 576
267 548
302 789
88 754
111 35
373 111
405 88
393 302
730 393
775 668
394 373
661 730
559 754
689 661
594 559
150 557 768 171 196 136 355 719 430 592 572 553 205 224 25 428 469 478 299 320 148 222 93 520 289 567 95 187 479 680 678 176 292 390 420 630 142 496 493 669 516 391 679 460 458 214 327 749 113 504 107 365 563 470 14 695 315 100 641 451 326 532 779 75 523 139 725 664 203 9 603 68 170 64 588 518 787 245 761 30 591 464 510 162 153 198 527 649 446 729 412 74 157 
150 557
768 557
171 768
196 150
136 768
355 171
719 196
430 355
592 136
572 355
553 719
205 592
224 430
25 572
428 430
469 428
478 428
299 25
320 553
148 25
222 299
93 224
520 478
289 205
567 289
95 222
187 148
479 148
680 428
678 680
176 520
292 289
390 187
420 678
630 320
142 390
496 390
493 176
669 292
516 669
391 420
679 669
460 630
458 630
214 460
327 680
749 458
113 493
504 496
107 458
365 107
563 391
470 516
14 479
695 516
315 504
100 470
641 460
451 749
326 391
532 679
779 695
75 451
523 327
139 532
725 75
664 113
203 451
9 315
603 664
68 532
170 365
64 100
588 327
518 603
787 14
245 9
761 139
30 761
591 326
464 725
510 761
162 518
153 510
198 518
527 245
649 203
446 198
729 588
412 464
74 649
157 591
210 685 407 623 442 632 799 732 115 495 231 615 84 596 48 37 380 309 646 131 463 735 167 643 81 501 457 777 296 51 337 199 713 169 
210 685
407 685
623 407
442 623
632 623
799 632
732 442
115 632
495 115
231 495
615 115
84 799
596 442
48 732
37 732
380 495
309 231
646 309
131 37
463 646
735 380
167 131
643 131
81 463
501 81
457 131
777 501
296 457
51 735
337 643
199 296
713 167
169 51
