? 4 133 255 709 418 
? 4 74 358 649 297 
? 3 721 762 236 
!
615 799 84 495 51 764 261 382 593 628 
615 799
84 799
495 615
51 615
764 51
261 764
382 261
593 382
628 382
13 757 166 122 317 436 794 103 544 276 642 542 307 531 552 343 172 506 260 219 72 265 206 26 543 
13 757
166 757
122 13
317 166
436 166
794 436
103 436
544 317
276 103
642 276
542 276
307 276
531 307
552 531
343 307
172 343
506 343
260 552
219 343
72 506
265 72
206 265
26 265
543 26
74 358 649 297 
74 649
358 649
358 297
70 657 795 73 489 624 631 298 27 438 57 558 726 421 282 444 690 738 161 177 229 94 519 264 408 714 778 798 
70 657
795 657
73 657
489 70
624 70
631 657
298 73
27 298
438 631
57 438
558 438
726 558
421 726
282 421
444 421
690 444
738 690
161 421
177 282
229 177
94 690
519 177
264 177
408 177
714 408
778 94
798 408
133 255 709 418 
133 255
709 418
133 709
153 761 30 200 510 322 139 68 679 215 256 532 779 14 687 669 787 566 705 516 292 479 42 188 
153 761
30 153
200 153
510 153
322 200
139 761
68 761
679 139
215 322
256 322
532 30
779 68
14 215
687 256
669 679
787 215
566 68
705 787
516 669
292 139
479 679
42 787
188 687
173 560 741 116 238 151 405 754 450 760 88 671 789 673 434 302 16 770 102 284 662 274 209 559 393 471 509 639 254 29 45 730 129 348 660 594 178 362 160 548 701 747 268 549 208 267 321 576 250 499 711 154 689 784 379 565 700 357 661 432 191 545 774 213 242 36 425 677 686 344 475 676 445 474 765 640 83 564 240 602 270 599 226 5 279 663 488 251 49 18 
173 560
741 560
116 173
238 741
151 238
405 173
754 560
450 151
760 116
88 754
671 116
789 754
673 450
434 760
302 789
16 760
770 760
102 151
284 671
662 434
274 741
209 770
559 238
393 284
471 450
509 471
639 471
254 770
29 754
45 209
730 284
129 789
348 471
660 348
594 559
178 559
362 730
160 129
548 302
701 160
747 509
268 160
549 129
208 268
267 548
321 660
576 548
250 208
499 549
711 747
154 499
689 362
784 689
379 321
565 747
700 711
357 549
661 730
432 689
191 594
545 191
774 268
213 774
242 379
36 267
425 499
677 379
686 213
344 213
475 700
676 565
445 686
474 344
765 321
640 191
83 191
564 191
240 344
602 640
270 576
599 344
226 676
5 226
279 475
663 774
488 499
251 660
49 270
18 765
205 592 567 289 470 695 100 64 460 413 214 97 105 50 
205 592
567 592
289 205
470 567
695 470
100 470
64 100
460 205
413 289
214 460
97 413
105 97
50 413
427 533 10 667 371 613 650 465 653 28 424 7 244 492 145 526 306 625 
427 533
10 427
667 533
371 533
613 10
650 667
465 10
653 667
28 650
424 371
7 424
244 653
492 244
145 492
526 424
306 526
625 424
22 324 619 410 114 658 269 181 192 185 12 707 189 249 473 91 53 415 441 87 796 546 311 55 491 635 217 422 52 633 587 211 400 462 656 77 79 218 375 158 96 608 234 414 467 125 235 515 349 403 170 581 301 412 490 697 652 601 464 61 39 641 
22 324
619 324
410 324
114 619
658 619
269 619
181 410
192 22
185 269
12 658
707 269
189 12
249 324
473 658
91 473
53 410
415 53
441 473
87 441
796 12
546 12
311 546
55 707
491 12
635 546
217 415
422 55
52 441
633 52
587 635
211 546
400 53
462 249
656 491
77 52
79 587
218 400
375 633
158 77
96 400
608 79
234 211
414 234
467 96
125 467
235 608
515 235
349 158
403 587
170 234
581 77
301 587
412 234
490 158
697 125
652 235
601 697
464 412
61 125
39 125
641 170
149 527 9 245 314 86 681 315 257 529 157 225 293 595 347 731 417 361 335 
149 527
9 527
245 527
314 149
86 527
681 527
315 9
257 314
529 245
157 529
225 681
293 225
595 529
347 314
731 595
417 293
361 731
335 293
258 353 466 118 459 692 230 82 736 46 330 447 439 659 366 703 253 
258 353
466 258
118 258
459 353
692 353
230 258
82 230
736 230
46 353
330 459
447 230
439 230
659 82
366 459
703 82
253 466
541 634 551 598 323 696 384 691 698 304 
541 634
551 541
598 541
323 634
696 323
384 551
691 384
698 384
304 598
237 241 684 775 668 745 398 399 3 38 786 648 511 316 585 17 706 146 112 622 60 308 123 41 743 378 216 522 76 550 328 772 247 503 514 483 600 24 340 584 443 90 758 708 288 119 426 
237 241
684 237
775 237
668 775
745 668
398 745
399 398
3 399
38 399
786 3
648 786
511 648
316 648
585 316
17 585
706 585
146 585
112 146
622 585
60 112
308 17
123 622
41 622
743 60
378 123
216 378
522 112
76 743
550 522
328 76
772 76
247 522
503 76
514 503
483 503
600 483
24 378
340 328
584 24
443 600
90 247
758 340
708 90
288 340
119 758
426 24
137 402 389 59 35 212 342 54 742 468 346 788 394 487 2 111 350 184 752 373 134 286 528 655 370 202 104 374 609 502 586 512 195 674 433 252 67 290 617 19 
137 402
389 402
59 389
35 402
212 402
342 35
54 35
742 389
468 342
346 54
788 742
394 342
487 212
2 487
111 468
350 468
184 346
752 212
373 468
134 742
286 111
528 184
655 487
370 528
202 134
104 373
374 370
609 655
502 655
586 609
512 502
195 374
674 202
433 195
252 195
67 512
290 104
617 674
19 67
478 520 176 430 428 469 680 224 678 355 420 327 95 493 113 93 523 171 222 572 664 391 553 142 729 603 320 749 768 518 150 203 496 719 451 25 588 299 326 458 563 725 198 187 557 365 630 196 148 446 136 33 47 162 300 591 75 92 390 712 332 504 614 388 107 
478 520
176 520
430 520
428 176
469 520
680 520
224 430
678 428
355 430
420 678
327 680
95 420
493 176
113 176
93 224
523 327
171 430
222 95
572 222
664 113
391 95
553 224
142 222
729 523
603 664
320 553
749 93
768 171
518 664
150 768
203 518
496 95
719 224
451 749
25 572
588 327
299 222
326 391
458 749
563 391
725 749
198 664
187 25
557 768
365 458
630 458
196 553
148 25
446 518
136 25
33 198
47 33
162 446
300 588
591 588
75 725
92 47
390 142
712 33
332 300
504 563
614 332
388 47
107 458
721 762 236 
721 762
762 236
152 607 204 683 294 756 303 356 637 537 578 517 318 783 186 201 431 755 763 386 497 246 751 243 232 341 207 577 782 575 352 138 291 368 175 482 194 547 616 621 507 666 44 132 295 337 728 626 239 131 199 748 643 296 404 627 769 457 611 713 536 99 277 381 167 419 435 37 734 63 48 693 477 501 508 259 596 40 732 777 646 397 561 442 727 280 452 688 81 463 271 739 66 325 423 329 156 227 285 396 623 521 773 309 331 231 524 793 109 407 401 791 23 210 753 367 632 392 589 685 540 455 411 168 735 169 126 449 716 115 644 380 43 645 262 720 
152 607
204 152
683 607
294 204
756 607
303 607
356 204
637 356
537 356
578 303
517 356
318 578
783 356
186 683
201 356
431 356
755 756
763 783
386 356
497 356
246 294
751 683
243 751
232 186
341 751
207 246
577 431
782 577
575 497
352 577
138 318
291 352
368 356
175 352
482 782
194 138
547 291
616 352
621 194
507 431
666 368
44 666
132 243
295 352
337 132
728 246
626 577
239 507
131 337
199 341
748 295
643 199
296 199
404 748
627 577
769 404
457 199
611 239
713 44
536 295
99 295
277 769
381 44
167 337
419 769
435 381
37 167
734 277
63 482
48 37
693 63
477 99
501 167
508 477
259 508
596 167
40 734
732 48
777 501
646 596
397 693
561 477
442 732
727 397
280 727
452 280
688 40
81 501
463 501
271 688
739 397
66 452
325 463
423 508
329 40
156 397
227 329
285 561
396 156
623 442
521 739
773 329
309 463
331 325
231 309
524 396
793 521
109 521
407 442
401 156
791 285
23 791
210 623
753 325
367 401
632 231
392 285
589 66
685 407
540 589
455 331
411 773
168 156
735 309
169 735
126 168
449 411
716 540
115 231
644 540
380 632
43 109
645 23
262 449
720 43
62 221 101 568 539 360 715 670 89 620 228 56 429 190 266 147 283 385 278 555 454 108 140 672 525 710 369 717 746 792 647 569 723 155 305 179 480 638 737 159 456 197 538 372 313 416 4 333 121 387 180 409 395 376 354 233 579 
62 221
101 221
568 62
539 568
360 62
715 221
670 568
89 62
620 539
228 568
56 221
429 56
190 670
266 620
147 670
283 539
385 670
278 266
555 429
454 555
108 266
140 539
672 266
525 672
710 56
369 525
717 454
746 539
792 89
647 369
569 360
723 792
155 360
305 792
179 369
480 56
638 305
737 305
159 723
456 737
197 155
538 555
372 672
313 792
416 525
4 717
333 313
121 56
387 313
180 197
409 179
395 313
376 538
354 717
233 376
579 305
65 699 733 319 570 359 597 437 750 110 1 740 513 248 485 275 722 771 98 310 767 476 461 6 135 776 534 704 759 144 718 582 505 272 143 220 15 766 453 500 654 80 612 440 724 273 573 610 484 590 20 530 78 562 21 71 605 163 574 174 281 263 636 364 448 580 124 651 785 58 682 486 702 312 665 183 31 106 117 494 629 790 128 165 780 363 351 164 556 11 69 127 287 
65 699
733 65
319 699
570 699
359 699
597 733
437 570
750 319
110 437
1 319
740 319
513 319
248 570
485 1
275 248
722 275
771 110
98 485
310 513
767 98
476 98
461 110
6 98
135 722
776 310
534 275
704 135
759 704
144 461
718 476
582 461
505 461
272 534
143 505
220 582
15 6
766 505
453 718
500 505
654 453
80 534
612 453
440 80
724 654
273 776
573 273
610 453
484 440
590 220
20 766
530 573
78 573
562 15
21 20
71 724
605 610
163 654
574 704
174 562
281 573
263 590
636 15
364 163
448 582
580 574
124 263
651 636
785 440
58 562
682 785
486 605
702 486
312 573
665 785
183 636
31 21
106 580
117 448
494 580
629 117
790 562
128 78
165 702
780 530
363 580
351 574
164 117
556 164
11 312
69 11
127 351
287 69
472 535 481 498 606 338 193 336 339 223 694 182 571 554 345 334 8 383 32 583 675 141 0 34 781 406 120 604 744 618 797 85 377 130 
472 535
481 472
498 535
606 472
338 498
193 472
336 535
339 498
223 498
694 472
182 336
571 223
554 338
345 694
334 554
8 338
383 338
32 182
583 481
675 182
141 8
0 694
34 182
781 32
406 675
120 34
604 0
744 583
618 554
797 8
85 141
377 141
130 781
