? 13 36 99 497 353 208 159 314 63 67 552 576 790 119 
? 12 196 522 643 781 120 376 38 389 629 553 789 558 
? 11 245 641 616 415 161 748 646 484 143 785 32 
? 11 478 795 585 650 262 130 21 761 237 214 233 
? 10 89 654 718 731 60 694 337 768 600 179 
? 9 260 740 662 23 474 362 95 594 676 
? 8 453 521 107 405 547 168 631 200 
? 7 175 719 475 671 627 361 343 
? 7 534 798 440 593 678 331 687 
? 6 230 235 559 281 368 217 
? 6 447 742 537 543 570 712 
? 6 125 602 632 24 455 432 
? 6 180 298 49 572 62 485 
? 5 1 451 64 45 3 
? 5 79 422 797 90 427 
? 5 350 588 714 652 730 
? 4 157 759 335 467 
? 3 51 754 381 
? 3 471 792 606 
? 3 128 321 254 
!
128 321 254 
321 254
128 254
350 588 714 652 730 
714 730
588 730
350 588
588 652
501 
494 607 137 336 309 555 410 132 525 407 71 375 551 131 402 266 160 396 18 684 190 713 640 187 133 575 581 193 430 
494 607
137 494
336 137
309 607
555 607
410 607
132 336
525 336
407 336
71 137
375 407
551 71
131 551
402 410
266 551
160 555
396 551
18 71
684 396
190 266
713 375
640 266
187 160
133 607
575 713
581 160
193 581
430 18
289 612 103 300 241 328 599 578 85 659 431 636 228 793 533 707 395 154 548 306 93 357 721 44 780 535 91 151 637 460 31 26 672 502 490 689 370 610 419 390 318 621 767 496 
289 612
103 612
300 289
241 103
328 103
599 328
578 103
85 328
659 85
431 599
636 241
228 241
793 636
533 431
707 636
395 793
154 395
548 395
306 85
93 154
357 85
721 306
44 721
780 431
535 93
91 44
151 548
637 85
460 151
31 636
26 548
672 780
502 26
490 151
689 793
370 91
610 780
419 636
390 659
318 533
621 390
767 26
496 370
260 740 662 23 474 362 95 594 676 
740 474
260 23
662 474
362 676
662 362
23 594
95 594
260 740
534 798 440 593 678 331 687 
440 593
534 678
534 798
331 687
798 440
440 687
180 298 49 572 62 485 
180 298
572 62
180 49
298 572
49 485
166 762 259 70 505 720 441 351 8 19 589 313 207 106 231 722 323 186 590 746 796 359 628 320 282 148 737 363 268 322 498 763 234 697 78 404 630 696 597 680 286 147 673 711 199 188 573 507 134 619 530 139 165 633 197 272 20 532 263 275 487 327 77 794 604 691 155 609 122 579 634 105 135 162 701 486 153 775 100 252 48 784 83 622 37 567 764 587 22 454 349 292 539 239 682 580 642 776 
166 762
259 762
70 762
505 70
720 505
441 762
351 720
8 441
19 720
589 505
313 166
207 166
106 505
231 207
722 441
323 589
186 313
590 8
746 19
796 207
359 722
628 313
320 796
282 320
148 796
737 282
363 8
268 796
322 628
498 363
763 322
234 282
697 363
78 363
404 19
630 763
696 746
597 282
680 322
286 763
147 404
673 268
711 282
199 363
188 763
573 697
507 268
134 199
619 507
530 630
139 134
165 680
633 619
197 619
272 147
20 147
532 573
263 165
275 199
487 139
327 619
77 188
794 633
604 507
691 487
155 487
609 134
122 139
579 630
634 794
105 122
135 77
162 604
701 609
486 680
153 155
775 275
100 263
252 794
48 252
784 48
83 155
622 83
37 634
567 100
764 619
587 135
22 701
454 37
349 162
292 775
539 486
239 100
682 634
580 349
642 37
776 292
116 462 225 255 232 211 163 392 528 733 444 595 681 667 201 117 698 373 620 688 15 591 429 638 212 611 399 
116 462
225 116
255 462
232 225
211 232
163 225
392 225
528 392
733 116
444 232
595 232
681 232
667 681
201 733
117 733
698 667
373 667
620 201
688 373
15 373
591 117
429 667
638 373
212 15
611 591
399 611
478 795 585 650 262 130 21 761 237 214 233 
795 761
237 233
650 262
795 21
795 262
585 761
262 130
478 130
130 237
585 214
223 302 476 418 219 563 400 582 118 184 715 88 436 345 788 443 515 668 747 428 76 250 283 356 692 411 50 777 74 332 30 391 695 110 513 366 299 461 479 146 129 466 178 541 725 
223 302
476 223
418 223
219 302
563 219
400 302
582 223
118 219
184 219
715 418
88 118
436 223
345 476
788 715
443 219
515 184
668 118
747 582
428 668
76 788
250 747
283 715
356 283
692 747
411 582
50 515
777 668
74 692
332 250
30 332
391 76
695 332
110 250
513 668
366 332
299 30
461 299
479 747
146 479
129 366
466 479
178 513
541 466
725 299
471 792 606 
792 606
471 606
87 269 164 756 545 285 542 651 124 744 657 613 102 526 495 319 185 708 374 660 35 773 426 92 743 11 
87 269
164 87
756 87
545 87
285 87
542 756
651 756
124 651
744 124
657 756
613 164
102 613
526 613
495 102
319 526
185 495
708 185
374 319
660 708
35 374
773 374
426 185
92 426
743 319
11 773
196 522 643 781 120 376 38 389 629 553 789 558 
376 558
643 781
38 553
196 629
522 120
196 643
196 522
629 789
522 389
120 553
781 376
158 488 
158 488
25 315 605 308 420 710 470 288 648 47 145 677 222 84 270 291 635 693 517 504 536 66 205 398 301 423 94 565 577 752 304 2 371 81 516 674 473 791 557 384 799 251 61 
25 315
605 315
308 315
420 605
710 25
470 308
288 308
648 25
47 605
145 308
677 25
222 605
84 605
270 47
291 420
635 288
693 47
517 635
504 47
536 635
66 635
205 66
398 270
301 635
423 504
94 423
565 301
577 94
752 693
304 752
2 752
371 304
81 304
516 66
674 577
473 94
791 66
557 301
384 473
799 516
251 557
61 557
175 719 475 671 627 361 343 
175 627
475 627
719 627
475 361
719 343
671 343
36 99 497 353 208 159 314 63 67 552 576 790 119 
314 576
63 576
67 119
99 790
99 497
353 790
63 552
36 790
36 208
208 159
353 119
208 314
438 569 226 229 509 311 209 615 749 425 303 330 598 755 531 771 685 236 101 706 520 571 17 5 568 169 284 
438 569
226 569
229 569
509 226
311 438
209 226
615 509
749 438
425 615
303 749
330 311
598 749
755 209
531 755
771 598
685 755
236 303
101 303
706 236
520 101
571 330
17 520
5 571
568 571
169 101
284 571
79 422 797 90 427 
422 427
79 427
797 90
90 427
89 654 718 731 60 694 337 768 600 179 
89 654
694 179
694 337
718 731
60 337
89 179
654 718
337 600
60 768
435 617 388 195 666 765 745 4 728 191 68 452 481 787 524 770 508 514 445 512 171 264 156 98 43 664 753 256 297 194 86 717 608 623 138 779 202 489 142 326 774 41 150 121 
435 617
388 617
195 617
666 435
765 666
745 435
4 388
728 388
191 728
68 191
452 435
481 745
787 745
524 435
770 388
508 728
514 728
445 745
512 728
171 745
264 4
156 728
98 452
43 264
664 4
753 264
256 664
297 745
194 514
86 98
717 512
608 728
623 256
138 512
779 68
202 86
489 86
142 779
326 623
774 264
41 514
150 664
121 779
257 735 783 240 459 550 649 716 683 59 546 305 686 367 439 276 218 385 82 702 0 561 203 618 409 772 442 416 141 55 358 144 656 
257 735
783 257
240 257
459 257
550 735
649 257
716 459
683 735
59 649
546 240
305 546
686 240
367 546
439 550
276 367
218 240
385 439
82 305
702 683
0 367
561 367
203 82
618 385
409 367
772 82
442 203
416 203
141 203
55 367
358 141
144 385
656 409
112 626 267 310 449 182 499 339 554 414 709 468 406 464 760 448 645 529 
112 626
267 626
310 112
449 267
182 267
499 310
339 182
554 339
414 554
709 554
468 554
406 709
464 112
760 464
448 760
645 760
529 645
329 347 333 421 757 249 624 493 403 273 387 556 246 113 73 346 149 751 136 290 647 401 583 216 644 325 56 
329 347
333 347
421 347
757 421
249 333
624 347
493 333
403 249
273 329
387 329
556 387
246 556
113 493
73 113
346 757
149 757
751 556
136 73
290 136
647 73
401 421
583 421
216 583
644 273
325 149
56 73
111 723 9 12 274 177 7 173 477 380 734 170 57 738 523 16 340 465 172 457 42 123 469 
111 723
9 723
12 111
274 111
177 723
7 723
173 9
477 7
380 7
734 12
170 734
57 477
738 57
523 12
16 734
340 12
465 170
172 57
457 173
42 172
123 734
469 16
1 451 64 45 3 
1 451
64 45
451 64
64 3
157 759 335 467 
335 467
759 467
157 759
307 463 206 354 344 360 549 227 519 271 614 480 393 663 379 601 736 
307 463
206 463
354 463
344 206
360 307
549 307
227 354
519 344
271 206
614 354
480 206
393 206
663 271
379 271
601 379
736 601
51 754 381 
754 381
51 754
453 521 107 405 547 168 631 200 
631 200
453 107
107 547
453 521
521 405
521 168
168 200
125 602 632 24 455 432 
125 602
632 432
125 24
602 432
125 455
447 742 537 543 570 712 
447 742
742 537
570 712
543 570
537 543
247 670 544 703 312 732 729 52 80 261 334 39 221 293 482 97 355 456 364 413 675 661 727 192 562 782 220 127 527 
247 670
544 670
703 247
312 544
732 247
729 544
52 670
80 312
261 544
334 544
39 312
221 670
293 729
482 261
97 221
355 221
456 729
364 261
413 482
675 413
661 97
727 364
192 293
562 675
782 80
220 661
127 782
527 482
167 383 584 560 58 372 596 316 215 506 27 72 108 53 669 75 324 491 446 369 500 13 377 540 213 69 518 279 566 726 741 394 472 295 437 115 679 114 433 
167 383
584 383
560 383
58 584
372 167
596 167
316 560
215 316
506 372
27 383
72 58
108 58
53 58
669 584
75 506
324 372
491 596
446 324
369 53
500 324
13 369
377 372
540 500
213 669
69 596
518 13
279 369
566 369
726 324
741 13
394 500
472 726
295 394
437 369
115 566
679 394
114 726
433 726
245 641 616 415 161 748 646 484 143 785 32 
245 641
415 748
646 785
616 161
245 161
641 748
161 484
616 32
415 143
646 484
230 235 559 281 368 217 
230 217
230 281
559 368
559 281
235 281
10 386 625 739 705 352 65 140 450 769 104 96 109 655 778 181 294 287 253 378 704 
10 386
625 10
739 625
705 625
352 625
65 352
140 65
450 65
769 65
104 769
96 769
109 769
655 352
778 655
181 778
294 778
287 181
253 655
378 253
704 294
176 224 242 510 511 382 258 280 189 639 786 538 29 348 14 492 424 458 183 46 483 699 574 766 397 434 6 341 152 54 408 243 34 338 278 653 342 174 586 603 265 244 592 210 503 365 700 412 204 126 665 658 724 296 690 317 33 238 417 198 40 758 277 564 248 
176 224
242 224
510 176
511 176
382 224
258 511
280 258
189 510
639 510
786 280
538 189
29 189
348 511
14 538
492 348
424 492
458 786
183 538
46 458
483 29
699 29
574 538
766 29
397 424
434 766
6 574
341 434
152 6
54 341
408 434
243 29
34 492
338 408
278 408
653 458
342 408
174 342
586 342
603 342
265 152
244 265
592 34
210 603
503 34
365 244
700 408
412 265
204 653
126 503
665 174
658 265
724 126
296 204
690 296
317 126
33 412
238 658
417 317
198 296
40 317
758 296
277 758
564 33
248 198
28 750 
28 750
