? 13 49 298 114 180 433 726 472 572 3 501 62 485 377 
? 12 307 463 206 549 360 227 354 271 393 614 379 736 
? 11 447 537 742 570 712 488 601 51 790 119 663 
? 11 390 621 637 398 659 306 81 693 328 85 789 
? 10 362 473 384 287 423 94 676 2 577 610 
? 9 123 718 654 734 731 600 350 714 606 
? 8 295 394 175 540 500 593 678 679 
? 7 36 99 497 353 159 63 576 
? 7 116 225 462 454 255 528 392 
? 6 120 558 376 792 629 444 
? 6 534 798 440 585 795 475 
? 6 301 565 536 401 733 644 
? 6 67 552 314 455 237 233 
? 5 130 478 761 650 214 
? 5 627 719 797 671 79 
? 5 201 583 216 620 117 
? 4 21 208 262 750 
? 3 125 632 128 
? 3 427 687 331 
? 3 90 422 343 
!
90 422 343 
422 343
90 343
201 583 216 620 117 
583 117
583 620
583 216
201 620
754 
396 551 684 266 410 453 402 640 547 107 521 168 405 772 416 133 442 203 545 581 539 218 82 193 465 269 340 170 17 
396 551
684 551
266 684
410 684
453 266
402 266
640 266
547 684
107 453
521 453
168 402
405 521
772 405
416 405
133 402
442 416
203 416
545 551
581 402
539 545
218 442
82 203
193 133
465 581
269 545
340 581
170 581
17 465
13 369 566 1 741 279 53 115 253 437 584 215 316 451 560 213 108 58 518 383 669 72 378 64 167 27 596 281 489 372 230 491 45 217 69 559 506 368 202 86 75 655 324 446 
13 369
566 13
1 13
741 369
279 369
53 13
115 566
253 369
437 115
584 53
215 584
316 53
451 253
560 584
213 279
108 316
58 584
518 566
383 584
669 213
72 383
378 279
64 378
167 383
27 383
596 383
281 64
489 378
372 167
230 378
491 213
45 281
217 230
69 596
559 45
506 372
368 45
202 489
86 202
75 506
655 86
324 372
446 324
123 718 654 734 731 600 350 714 606 
718 731
718 654
123 718
714 606
123 734
350 606
654 600
600 714
116 225 462 454 255 528 392 
225 454
528 392
462 255
116 225
225 528
462 528
67 552 314 455 237 233 
237 233
552 455
552 233
314 237
67 455
166 762 259 70 505 720 313 8 441 207 351 589 19 106 722 590 231 186 746 796 320 148 234 359 628 268 323 363 673 697 322 282 763 711 498 597 404 78 630 680 147 286 696 737 199 188 507 20 139 619 134 573 272 197 165 633 532 691 487 327 263 784 275 530 604 155 794 122 634 622 105 764 252 609 77 162 701 153 100 486 22 135 579 775 682 37 83 567 587 776 48 211 349 292 239 543 580 642 
166 762
259 762
70 166
505 70
720 505
313 166
8 70
441 8
207 441
351 505
589 505
19 589
106 505
722 8
590 8
231 207
186 313
746 106
796 207
320 796
148 186
234 320
359 796
628 186
268 320
323 19
363 8
673 320
697 589
322 148
282 320
763 322
711 796
498 363
597 320
404 746
78 363
630 322
680 322
147 404
286 597
696 19
737 286
199 722
188 763
507 673
20 323
139 363
619 507
134 139
573 20
272 20
197 619
165 680
633 197
532 20
691 199
487 199
327 619
263 680
784 188
275 199
530 263
604 507
155 487
794 597
122 532
634 794
622 155
105 532
764 619
252 597
609 139
77 322
162 327
701 139
153 155
100 263
486 100
22 609
135 188
579 135
775 275
682 634
37 634
83 155
567 486
587 135
776 622
48 587
211 794
349 162
292 775
239 100
543 153
580 349
642 211
257 735 240 550 459 783 649 716 59 546 683 305 686 523 12 706 723 284 111 5 477 406 172 449 274 380 499 
257 735
240 257
550 735
459 257
783 257
649 257
716 783
59 649
546 240
683 546
305 240
686 546
523 305
12 523
706 12
723 12
284 706
111 723
5 284
477 284
406 5
172 284
449 406
274 111
380 111
499 406
390 621 637 398 659 306 81 693 328 85 789 
390 398
659 85
81 693
306 85
306 328
637 328
390 621
398 693
621 328
81 789
224 242 176 511 258 280 786 348 492 34 653 503 126 592 204 317 296 40 277 758 724 515 356 417 178 88 50 283 443 109 184 777 513 563 450 219 715 428 668 118 557 541 533 418 318 
224 242
176 224
511 224
258 511
280 511
786 258
348 280
492 786
34 492
653 492
503 34
126 503
592 503
204 592
317 126
296 204
40 317
277 296
758 204
724 317
515 758
356 40
417 515
178 758
88 356
50 515
283 356
443 515
109 178
184 515
777 50
513 178
563 184
450 109
219 563
715 283
428 184
668 184
118 184
557 109
541 513
533 541
418 219
318 109
427 687 331 
427 687
687 331
185 708 426 660 374 92 102 773 429 495 613 768 200 35 157 638 11 688 759 373 285 743 335 337 60 89 
185 708
426 185
660 708
374 708
92 426
102 708
773 374
429 426
495 374
613 102
768 773
200 374
35 374
157 768
638 429
11 773
688 638
759 768
373 638
285 102
743 768
335 768
337 768
60 768
89 768
307 463 206 549 360 227 354 271 393 614 379 736 
206 393
354 271
271 393
463 271
307 463
206 360
614 736
614 379
354 736
463 227
549 360
163 591 
163 591
435 617 388 666 195 4 745 787 481 765 728 445 524 191 508 512 68 514 770 452 171 156 43 297 264 194 608 98 779 138 142 41 717 121 674 778 516 704 294 181 205 235 66 
435 617
388 617
666 617
195 617
4 388
745 435
787 745
481 745
765 617
728 388
445 745
524 617
191 728
508 191
512 191
68 728
514 191
770 728
452 195
171 745
156 191
43 770
297 171
264 43
194 728
608 191
98 156
779 770
138 194
142 779
41 68
717 41
121 779
674 779
778 41
516 43
704 41
294 41
181 41
205 516
235 294
66 516
36 99 497 353 159 63 576 
63 576
99 497
99 353
36 159
36 99
36 63
49 298 114 180 433 726 472 572 3 501 62 485 377 
114 572
726 377
298 433
726 472
298 180
114 62
180 3
114 433
49 3
501 485
298 377
472 501
246 387 556 260 249 740 493 333 273 23 95 329 751 347 624 403 662 421 113 371 594 304 752 321 73 474 647 
246 387
556 246
260 246
249 246
740 260
493 249
333 249
273 246
23 260
95 246
329 333
751 246
347 329
624 347
403 347
662 740
421 347
113 493
371 23
594 113
304 371
752 304
321 273
73 113
474 662
647 594
627 719 797 671 79 
627 719
719 797
671 79
719 79
362 473 384 287 423 94 676 2 577 610 
473 384
287 577
94 577
473 423
473 577
362 676
362 287
423 2
94 610
223 302 476 582 400 436 788 250 345 747 76 695 411 391 110 692 332 30 479 366 74 299 461 129 93 466 725 612 146 182 300 289 578 468 103 339 154 267 431 535 241 490 626 599 
223 302
476 223
582 223
400 302
436 223
788 302
250 476
345 400
747 250
76 788
695 476
411 476
391 76
110 250
692 747
332 110
30 76
479 747
366 332
74 747
299 391
461 76
129 366
93 332
466 479
725 299
612 110
146 466
182 725
300 612
289 612
578 110
468 299
103 612
339 182
154 93
267 93
431 466
535 154
241 103
490 154
626 267
599 103
247 670 544 729 312 703 261 221 39 334 732 52 456 80 293 482 355 364 661 413 97 727 782 562 675 432 192 127 527 220 381 24 602 
247 670
544 670
729 670
312 544
703 670
261 544
221 670
39 670
334 312
732 729
52 729
456 52
80 312
293 729
482 261
355 221
364 482
661 355
413 544
97 661
727 482
782 80
562 80
675 562
432 355
192 293
127 782
527 727
220 432
381 220
24 127
602 432
645 760 389 419 643 529 457 448 196 469 781 522 158 38 228 631 16 553 
645 760
389 760
419 645
643 760
529 645
457 645
448 643
196 643
469 645
781 643
522 196
158 645
38 522
228 419
631 158
16 158
553 38
25 308 315 605 470 420 288 496 710 291 222 91 648 44 370 145 721 780 672 357 635 47 84 270 517 677 504 
25 308
315 308
605 315
470 25
420 605
288 420
496 420
710 25
291 315
222 315
91 288
648 420
44 91
370 91
145 470
721 91
780 44
672 780
357 370
635 780
47 420
84 315
270 47
517 635
677 420
504 420
554 709 414 112 42 460 738 151 57 767 26 7 395 548 9 502 689 31 173 707 793 636 464 
554 709
414 554
112 414
42 112
460 42
738 42
151 460
57 42
767 151
26 738
7 57
395 26
548 26
9 7
502 26
689 502
31 395
173 9
707 767
793 31
636 793
464 31
130 478 761 650 214 
130 478
761 650
130 650
478 214
21 208 262 750 
21 750
262 750
208 750
399 611 641 245 616 484 785 161 415 480 646 143 748 344 519 254 32 
399 611
641 611
245 641
616 611
484 399
785 245
161 484
415 641
480 641
646 245
143 415
748 415
344 480
519 344
254 143
32 143
125 632 128 
632 128
125 128
295 394 175 540 500 593 678 679 
394 679
295 175
295 500
394 500
593 679
540 500
593 678
301 565 536 401 733 644 
301 565
401 644
565 536
401 733
301 644
534 798 440 585 795 475 
534 798
585 795
798 585
798 440
440 475
375 713 407 542 575 336 555 137 18 651 525 526 744 607 756 494 132 124 187 657 309 430 71 319 190 164 87 131 160 
375 713
407 375
542 713
575 542
336 407
555 375
137 336
18 542
651 542
525 336
526 542
744 542
607 137
756 542
494 607
132 494
124 18
187 555
657 756
309 607
430 18
71 430
319 526
190 71
164 756
87 164
131 71
160 187
438 569 226 509 229 311 656 144 618 55 425 209 615 409 303 330 276 598 0 367 385 749 561 771 531 702 685 236 439 177 755 520 101 358 571 141 169 310 568 
438 569
226 569
509 226
229 569
311 438
656 438
144 569
618 569
55 438
425 226
209 425
615 509
409 656
303 438
330 311
276 409
598 409
0 276
367 656
385 144
749 303
561 409
771 409
531 425
702 409
685 531
236 303
439 385
177 236
755 685
520 303
101 303
358 749
571 330
141 358
169 101
310 330
568 571
447 537 742 570 712 488 601 51 790 119 663 
447 742
537 742
712 488
570 712
601 663
51 119
790 119
601 51
537 570
488 51
120 558 376 792 629 444 
558 376
120 629
120 376
792 629
376 444
15 212 681 698 471 290 667 652 346 136 595 56 179 588 325 467 149 232 694 730 757 
15 212
681 15
698 212
471 681
290 471
667 212
652 212
346 290
136 290
595 681
56 290
179 652
588 652
325 681
467 652
149 346
232 681
694 179
730 136
757 346
244 265 412 6 658 365 243 152 338 238 574 434 33 586 739 483 699 341 10 386 700 766 564 603 705 408 625 342 29 150 538 54 278 174 352 183 424 210 326 397 248 189 623 665 104 774 664 140 639 46 256 690 96 65 510 769 198 799 61 14 791 382 251 458 753 
244 265
412 244
6 265
658 265
365 412
243 244
152 265
338 244
238 658
574 265
434 243
33 238
586 434
739 238
483 152
699 483
341 586
10 238
386 10
700 586
766 574
564 33
603 586
705 564
408 603
625 739
342 603
29 766
150 625
538 29
54 408
278 342
174 342
352 625
183 766
424 766
210 278
326 150
397 424
248 700
189 29
623 326
665 248
104 248
774 705
664 150
140 104
639 189
46 424
256 664
690 174
96 248
65 140
510 189
769 96
198 690
799 774
61 769
14 397
791 769
382 639
251 61
458 46
753 664
28 361 
28 361
