? 13 49 298 180 501 572 62 3 627 343 175 361 797 90 
? 12 150 625 326 664 10 352 623 256 386 774 287 94 
? 11 99 497 36 353 790 159 119 552 67 63 576 
? 11 15 212 373 759 667 698 595 179 652 588 600 
? 10 89 654 731 60 694 467 631 158 350 606 
? 9 399 611 484 616 785 161 415 32 748 
? 8 211 225 232 116 462 255 392 688 
? 7 384 473 474 423 362 2 662 
? 7 478 795 650 585 262 761 21 
? 6 196 522 553 643 376 781 
? 6 534 798 593 440 687 475 
? 6 38 120 714 789 629 464 
? 6 447 537 570 712 543 488 
? 5 79 671 422 719 427 
? 5 51 736 663 455 237 
? 5 448 645 457 529 469 
? 4 304 752 81 677 
? 3 143 254 125 
? 3 208 314 233 
? 3 28 331 750 
!
28 331 750 
331 750
28 750
448 645 457 529 469 
645 529
457 469
448 529
457 529
269 
61 557 769 251 96 565 248 318 301 536 65 140 109 450 791 635 610 66 541 198 205 517 146 780 516 799 672 705 721 
61 557
769 61
251 61
96 769
565 557
248 769
318 557
301 565
536 557
65 565
140 557
109 61
450 769
791 96
635 301
610 635
66 301
541 318
198 109
205 66
517 610
146 541
780 635
516 66
799 516
672 610
705 799
721 780
247 670 544 729 312 261 732 52 703 221 39 334 293 80 413 355 482 456 97 364 661 562 727 192 381 24 675 782 432 127 527 602 128 220 556 321 740 260 644 632 273 387 130 246 
247 670
544 670
729 247
312 544
261 544
732 247
52 670
703 312
221 670
39 247
334 312
293 729
80 312
413 544
355 221
482 261
456 293
97 355
364 729
661 97
562 80
727 364
192 293
381 221
24 80
675 562
782 24
432 381
127 782
527 482
602 432
128 661
220 432
556 97
321 661
740 192
260 556
644 661
632 381
273 661
387 556
130 127
246 556
399 611 484 616 785 161 415 32 748 
399 616
415 748
611 161
399 161
611 748
484 161
616 32
399 785
478 795 650 585 262 761 21 
795 761
650 262
795 21
795 262
585 761
478 262
447 537 570 712 543 488 
447 537
712 488
570 712
570 543
537 543
166 762 259 70 505 720 207 8 351 19 313 186 441 231 589 106 590 722 320 796 359 148 746 628 268 696 363 282 498 322 763 404 711 78 323 697 234 597 737 286 147 680 188 673 199 619 197 139 165 507 630 272 20 532 263 487 573 275 633 530 691 604 327 794 701 155 135 134 609 622 122 486 105 784 252 634 764 579 22 162 153 775 100 682 83 37 776 567 239 77 587 48 454 349 292 742 580 429 
166 762
259 762
70 166
505 166
720 505
207 166
8 505
351 720
19 8
313 259
186 313
441 8
231 207
589 70
106 505
590 8
722 590
320 207
796 320
359 722
148 313
746 19
628 320
268 207
696 19
363 8
282 320
498 363
322 628
763 322
404 106
711 282
78 363
323 106
697 696
234 320
597 282
737 234
286 597
147 697
680 322
188 763
673 796
199 363
619 673
197 619
139 363
165 680
507 619
630 763
272 139
20 147
532 272
263 165
487 139
573 272
275 199
633 619
530 263
691 199
604 507
327 619
794 633
701 139
155 487
135 188
134 487
609 701
622 155
122 272
486 680
105 573
784 286
252 794
634 794
764 619
579 135
22 701
162 604
153 155
775 275
100 263
682 794
83 155
37 634
776 83
567 100
239 100
77 188
587 135
48 37
454 634
349 162
292 775
742 22
580 349
429 587
86 202 489 217 171 378 655 297 445 778 481 294 230 745 787 281 235 451 666 704 765 181 577 674 45 559 676 
86 202
489 86
217 86
171 202
378 217
655 202
297 171
445 171
778 202
481 297
294 778
230 378
745 481
787 745
281 378
235 294
451 655
666 745
704 235
765 745
181 778
577 181
674 181
45 281
559 45
676 704
15 212 373 759 667 698 595 179 652 588 600 
759 652
15 373
15 212
212 698
373 595
759 600
759 179
588 600
667 595
698 652
223 302 476 563 219 418 118 582 400 184 715 88 788 436 668 747 76 250 283 428 515 50 391 356 411 345 777 417 110 332 692 513 695 366 479 74 129 30 461 299 466 533 178 93 725 
223 302
476 223
563 302
219 563
418 302
118 219
582 223
400 563
184 219
715 302
88 223
788 418
436 788
668 118
747 668
76 436
250 476
283 715
428 668
515 184
50 184
391 76
356 283
411 250
345 219
777 668
417 563
110 250
332 476
692 747
513 777
695 332
366 332
479 668
74 747
129 332
30 332
461 76
299 461
466 513
533 479
178 513
93 366
725 299
208 314 233 
314 233
208 314
257 735 783 550 240 459 649 716 59 305 686 523 12 465 380 111 723 274 9 170 734 16 173 123 11 718 
257 735
783 257
550 735
240 257
459 735
649 783
716 649
59 649
305 735
686 257
523 686
12 523
465 12
380 12
111 12
723 111
274 723
9 723
170 465
734 170
16 734
173 9
123 734
11 123
718 123
150 625 326 664 10 352 623 256 386 774 287 94 
326 623
664 256
150 623
625 352
326 256
664 352
287 94
10 386
150 10
352 774
774 94
227 368 
227 368
112 626 42 535 154 267 460 499 5 182 310 339 414 468 568 554 172 57 151 709 548 449 738 395 767 406 571 26 284 490 477 502 531 755 425 330 685 706 707 31 236 300 7 
112 626
42 112
535 626
154 112
267 535
460 535
499 112
5 42
182 535
310 5
339 182
414 310
468 339
568 42
554 182
172 42
57 172
151 460
709 554
548 151
449 414
738 57
395 548
767 151
406 709
571 568
26 548
284 571
490 151
477 172
502 548
531 406
755 406
425 755
330 571
685 425
706 571
707 395
31 26
236 284
300 490
7 284
384 473 474 423 362 2 662 
384 473
473 423
474 662
384 474
384 362
423 2
49 298 180 501 572 62 3 627 343 175 361 797 90 
627 175
501 90
298 180
572 62
180 3
797 90
49 3
501 627
49 797
343 797
298 572
627 361
396 551 684 266 190 547 107 402 453 640 521 168 405 133 772 416 442 193 203 160 545 82 539 581 218 87 340 
396 551
684 396
266 396
190 396
547 266
107 266
402 266
453 107
640 547
521 453
168 521
405 521
133 168
772 405
416 405
442 416
193 133
203 416
160 193
545 190
82 203
539 545
581 160
218 442
87 539
340 581
51 736 663 455 237 
51 736
736 455
455 237
663 237
89 654 731 60 694 467 631 158 350 606 
89 467
89 654
89 631
654 731
60 631
60 694
350 606
694 350
731 158
167 383 584 58 560 506 372 316 596 72 215 27 53 108 75 324 213 446 669 369 13 500 491 518 69 279 540 472 377 394 433 295 566 726 115 437 114 679 253 485 678 741 64 1 
167 383
584 383
58 383
560 584
506 167
372 167
316 383
596 372
72 383
215 584
27 167
53 316
108 53
75 506
324 372
213 560
446 324
669 213
369 53
13 369
500 446
491 584
518 13
69 669
279 369
540 446
472 324
377 506
394 540
433 472
295 394
566 369
726 472
115 566
437 13
114 726
679 394
253 115
485 726
678 69
741 253
64 213
1 741
438 569 226 509 229 311 656 615 618 144 55 209 409 598 303 749 0 771 367 385 439 561 702 101 177 276 358 17 520 141 546 169 683 
438 569
226 438
509 569
229 438
311 438
656 438
615 509
618 569
144 226
55 656
209 615
409 656
598 656
303 229
749 303
0 409
771 749
367 409
385 144
439 385
561 409
702 409
101 303
177 303
276 561
358 749
17 101
520 101
141 358
546 276
169 101
683 561
185 708 426 660 92 374 495 773 319 102 768 200 743 638 157 335 642 337 
185 708
426 708
660 708
92 426
374 708
495 374
773 374
319 773
102 495
768 773
200 319
743 374
638 426
157 426
335 743
642 638
337 768
191 728 388 770 194 617 514 68 779 4 608 512 43 156 435 452 264 142 195 508 138 524 121 753 41 717 98 
191 728
388 728
770 728
194 191
617 388
514 728
68 191
779 68
4 388
608 728
512 770
43 4
156 191
435 617
452 728
264 43
142 779
195 617
508 452
138 779
524 608
121 779
753 264
41 194
717 41
98 156
25 315 308 605 420 470 496 145 288 222 710 91 370 648 47 84 291 44 270 306 693 357 504 
25 315
308 315
605 25
420 605
470 308
496 420
145 25
288 25
222 308
710 315
91 710
370 496
648 605
47 420
84 605
291 308
44 91
270 47
306 91
693 47
357 370
504 693
79 671 422 719 427 
422 427
79 427
671 422
79 719
304 752 81 677 
304 752
81 677
304 677
206 344 519 463 480 549 245 354 271 307 393 360 379 614 641 646 601 
206 344
519 344
463 206
480 206
549 344
245 480
354 463
271 354
307 463
393 344
360 519
379 271
614 354
641 245
646 245
601 379
143 254 125 
143 254
143 125
211 225 232 116 462 255 392 688 
462 255
232 688
225 116
225 392
211 232
462 392
225 232
38 120 714 789 629 464 
789 629
120 714
120 629
38 120
38 464
534 798 593 440 687 475 
593 440
534 798
798 440
687 475
440 475
375 713 542 407 575 18 526 336 744 525 494 607 555 137 309 657 756 651 187 131 35 124 285 71 132 430 164 410 613 
375 713
542 713
407 713
575 713
18 407
526 713
336 407
744 575
525 407
494 336
607 494
555 607
137 494
309 555
657 542
756 542
651 744
187 555
131 137
35 187
124 18
285 542
71 18
132 309
430 18
164 756
410 71
613 164
329 347 333 421 757 249 403 624 493 401 73 113 647 216 136 290 583 346 325 733 201 751 471 149 95 620 591 730 594 444 681 23 56 792 163 528 558 371 117 
329 347
333 347
421 347
757 347
249 333
403 249
624 347
493 249
401 757
73 493
113 493
647 73
216 401
136 73
290 136
583 216
346 290
325 583
733 583
201 583
751 249
471 290
149 757
95 73
620 583
591 201
730 73
594 113
444 325
681 325
23 95
56 136
792 730
163 325
528 325
558 730
371 23
117 201
99 497 36 353 790 159 119 552 67 63 576 
63 576
119 67
99 790
99 497
353 790
552 63
36 790
36 159
353 119
552 67
196 522 553 643 376 781 
643 781
196 643
196 522
376 781
522 553
289 612 103 241 328 599 85 578 636 431 793 228 659 637 621 689 390 389 760 398 419 
289 612
103 612
241 103
328 241
599 328
85 599
578 612
636 241
431 599
793 636
228 636
659 85
637 328
621 228
689 793
390 621
389 228
760 389
398 390
419 389
176 224 242 510 639 511 258 382 189 786 280 14 29 348 538 458 46 183 492 574 766 483 397 699 424 6 152 408 243 341 54 434 338 34 653 342 278 603 174 592 244 503 265 365 210 412 700 586 126 204 665 296 658 317 690 33 758 40 724 104 739 564 277 443 238 
176 224
242 224
510 176
639 510
511 242
258 511
382 511
189 510
786 258
280 258
14 258
29 189
348 511
538 189
458 14
46 458
183 538
492 458
574 29
766 29
483 29
397 183
699 483
424 46
6 699
152 6
408 766
243 766
341 408
54 408
434 408
338 341
34 424
653 34
342 408
278 342
603 342
174 278
592 34
244 6
503 34
265 244
365 244
210 342
412 244
700 408
586 603
126 503
204 653
665 204
296 204
658 265
317 126
690 296
33 365
758 296
40 317
724 317
104 33
739 33
564 33
277 204
443 40
238 739
214 754 
214 754
