? 13 533 541 146 466 479 513 318 791 747 557 582 476 418 
? 12 263 530 165 100 486 567 680 239 77 164 322 630 
? 11 90 797 627 361 79 671 719 343 422 28 175 
? 11 597 737 711 234 282 286 320 628 796 148 763 
? 10 45 368 559 527 440 727 482 798 364 678 
? 9 197 619 327 764 673 507 162 604 268 
? 8 176 224 242 510 511 639 258 189 
? 7 353 790 119 497 99 67 614 
? 7 436 788 76 715 391 126 786 
? 6 51 736 663 754 601 455 
? 6 87 269 539 545 135 587 
? 6 3 501 726 485 433 180 
? 6 49 298 114 572 62 475 
? 5 334 703 312 544 80 
? 5 48 784 252 579 188 
? 5 384 423 473 362 676 
? 4 122 532 105 609 
? 3 186 313 149 
? 3 413 534 261 
? 3 152 483 280 
!
152 483 280 
152 483
483 280
384 423 473 362 676 
384 473
423 473
362 676
384 362
125 
351 720 505 589 19 441 106 746 70 8 323 166 762 590 697 696 498 722 404 363 78 259 147 207 20 272 231 573 359 
351 720
505 720
589 351
19 589
441 720
106 19
746 19
70 441
8 441
323 746
166 70
762 166
590 8
697 323
696 697
498 697
722 590
404 696
363 498
78 363
259 762
147 696
207 722
20 697
272 20
231 207
573 272
359 722
556 751 387 246 260 273 740 249 97 329 333 661 23 347 493 192 403 456 624 221 662 421 644 355 113 52 729 293 95 2 474 371 401 752 647 670 594 304 757 247 39 321 73 732 
556 751
387 556
246 556
260 246
273 387
740 260
249 246
97 273
329 249
333 329
661 97
23 740
347 329
493 249
192 740
403 333
456 192
624 403
221 97
662 192
421 347
644 661
355 661
113 493
52 456
729 52
293 456
95 23
2 662
474 2
371 95
401 421
752 23
647 113
670 52
594 647
304 371
757 347
247 670
39 247
321 644
73 647
732 39
197 619 327 764 673 507 162 604 268 
197 619
327 604
327 162
507 604
197 604
619 764
619 268
673 268
436 788 76 715 391 126 786 
436 76
788 715
76 391
715 391
715 126
126 786
49 298 114 572 62 475 
114 572
114 62
298 114
49 298
49 475
666 765 435 787 617 481 745 195 445 388 4 171 452 508 512 728 297 753 770 524 191 623 664 156 68 256 608 43 264 514 326 98 138 86 150 202 194 489 352 625 655 142 779 386 10 774 121 717 799 705 516 41 739 778 238 674 181 294 658 217 564 205 704 66 577 378 33 451 65 253 235 140 230 437 412 536 115 1 265 244 287 365 741 301 450 470 566 565 251 281 291 279 635 61 308 769 104 94 
666 765
435 765
787 666
617 435
481 787
745 787
195 617
445 481
388 617
4 388
171 445
452 195
508 388
512 508
728 512
297 171
753 4
770 512
524 452
191 728
623 753
664 753
156 524
68 191
256 664
608 68
43 753
264 43
514 68
326 623
98 156
138 608
86 98
150 664
202 86
194 514
489 202
352 150
625 352
655 489
142 138
779 194
386 326
10 386
774 264
121 142
717 194
799 774
705 352
516 799
41 717
739 705
778 41
238 739
674 779
181 674
294 778
658 238
217 294
564 705
205 516
704 294
66 205
577 181
378 217
33 564
451 378
65 66
253 451
235 704
140 65
230 235
437 253
412 658
536 65
115 437
1 451
265 412
244 265
287 577
365 412
741 253
301 536
450 140
470 205
566 115
565 536
251 565
281 230
291 470
279 566
635 301
61 450
308 470
769 61
104 769
94 287
761 795 650 262 478 585 750 214 130 21 314 127 233 687 208 331 237 427 576 63 562 159 782 675 552 36 24 
761 795
650 761
262 650
478 761
585 795
750 650
214 478
130 214
21 750
314 750
127 214
233 130
687 21
208 750
331 687
237 233
427 687
576 314
63 314
562 127
159 208
782 127
675 562
552 576
36 63
24 782
597 737 711 234 282 286 320 628 796 148 763 
234 320
320 796
628 763
711 763
282 286
737 796
597 711
597 282
737 282
711 148
395 490 548 502 767 151 26 793 460 31 707 636 154 689 738 464 535 57 760 578 42 241 228 300 419 289 112 172 93 173 626 389 328 612 267 103 7 477 637 9 85 110 129 599 695 
395 490
548 395
502 395
767 502
151 548
26 767
793 490
460 151
31 502
707 793
636 793
154 460
689 31
738 26
464 689
535 154
57 738
760 464
578 707
42 57
241 578
228 636
300 578
419 760
289 300
112 535
172 57
93 535
173 738
626 112
389 419
328 241
612 289
267 626
103 612
7 57
477 7
637 228
9 173
85 328
110 578
129 93
599 85
695 129
413 534 261 
413 534
413 261
117 591 620 32 201 254 583 143 216 128 632 415 733 220 381 432 399 611 748 528 641 444 462 616 255 602 
117 591
620 117
32 591
201 620
254 32
583 201
143 32
216 583
128 254
632 128
415 143
733 201
220 632
381 220
432 220
399 415
611 399
748 415
528 733
641 611
444 733
462 528
616 611
255 462
602 381
263 530 165 100 486 567 680 239 77 164 322 630 
680 77
263 530
100 486
530 77
530 100
100 567
165 567
486 239
239 164
322 630
680 322
81 346 
81 346
174 278 342 210 603 54 408 665 586 700 341 338 690 424 434 397 183 204 653 296 766 243 277 198 46 574 248 758 538 14 458 592 29 178 348 492 6 34 109 382 96 503 699 
174 278
342 278
210 342
603 210
54 278
408 54
665 174
586 603
700 586
341 408
338 586
690 665
424 54
434 341
397 424
183 424
204 690
653 204
296 204
766 183
243 434
277 690
198 277
46 397
574 766
248 198
758 296
538 766
14 46
458 14
592 653
29 538
178 198
348 14
492 458
6 243
34 592
109 248
382 348
96 248
503 34
699 29
353 790 119 497 99 67 614 
119 67
790 99
497 99
353 790
353 119
67 614
533 541 146 466 479 513 318 791 747 557 582 476 418 
582 476
541 466
533 146
146 557
479 747
146 318
533 466
582 418
747 582
513 747
466 513
533 791
111 380 274 12 523 340 465 643 196 366 789 332 629 30 390 411 621 102 461 285 136 250 290 613 74 429 692 
111 380
274 111
12 380
523 12
340 12
465 340
643 274
196 643
366 274
789 196
332 366
629 789
30 366
390 789
411 332
621 390
102 465
461 30
285 102
136 629
250 411
290 136
613 102
74 250
429 102
692 74
48 784 252 579 188 
784 252
252 188
579 188
48 188
45 368 559 527 440 727 482 798 364 678 
368 527
559 482
368 678
440 798
527 482
559 727
527 364
45 368
798 678
531 685 755 425 406 209 449 499 615 414 311 709 330 5 310 554 229 568 509 569 226 438 571 339 284 236 706 468 303 55 182 656 144 618 177 169 725 749 101 598 409 385 299 723 
531 685
755 531
425 685
406 531
209 425
449 755
499 449
615 209
414 499
311 425
709 414
330 311
5 449
310 5
554 709
229 311
568 310
509 615
569 229
226 569
438 569
571 568
339 554
284 571
236 284
706 236
468 339
303 236
55 438
182 468
656 55
144 55
618 55
177 236
169 177
725 182
749 656
101 177
598 656
409 598
385 144
299 725
723 169
58 215 560 584 316 383 108 167 53 27 72 369 596 506 13 372 491 669 213 75 518 324 446 69 500 377 64 540 394 679 295 472 593 
58 215
560 215
584 560
316 58
383 560
108 316
167 383
53 316
27 167
72 27
369 53
596 72
506 167
13 369
372 27
491 596
669 491
213 669
75 506
518 213
324 372
446 324
69 491
500 446
377 372
64 518
540 500
394 540
679 394
295 540
472 377
593 69
211 225 454 163 232 595 392 116 682 642 634 37 667 794 633 325 688 681 
211 225
454 211
163 225
232 163
595 163
392 225
116 392
682 454
642 682
634 682
37 682
667 595
794 634
633 794
325 232
688 642
681 667
190 551 684 396 71 410 131 137 430 494 607 18 402 336 132 525 407 124 651 744 375 713 542 657 575 193 756 
190 551
684 551
396 684
71 551
410 190
131 410
137 410
430 71
494 137
607 494
18 430
402 494
336 137
132 607
525 336
407 525
124 18
651 124
744 651
375 407
713 375
542 744
657 542
575 713
193 402
756 657
161 484 785 646 245 519 344 480 488 206 580 549 292 360 775 712 349 271 393 622 463 379 307 
161 484
785 484
646 484
245 161
519 646
344 519
480 245
488 646
206 344
580 785
549 519
292 488
360 549
775 292
712 488
349 580
271 206
393 206
622 292
463 393
379 271
307 549
334 703 312 544 80 
703 80
312 80
312 544
334 544
122 532 105 609 
532 105
122 609
532 609
83 776 155 691 153 543 570 487 199 134 275 447 742 537 701 22 139 
83 776
155 83
691 155
153 155
543 153
570 543
487 155
199 691
134 487
275 199
447 570
742 447
537 447
701 742
22 701
139 134
186 313 149 
186 313
186 149
176 224 242 510 511 639 258 189 
510 639
224 242
176 224
511 258
176 639
639 189
176 258
3 501 726 485 433 180 
3 180
433 180
501 485
726 180
501 726
87 269 539 545 135 587 
87 269
539 545
87 539
135 587
269 135
25 145 710 315 288 648 222 605 420 91 721 84 496 780 370 44 357 517 306 677 47 610 270 672 693 431 504 659 398 
25 145
710 145
315 25
288 145
648 288
222 315
605 315
420 605
91 648
721 91
84 420
496 84
780 288
370 496
44 721
357 370
517 780
306 357
677 496
47 84
610 517
270 677
672 610
693 47
431 672
504 693
659 306
398 270
257 459 783 716 735 240 649 550 305 683 59 546 686 218 82 702 0 439 367 561 276 203 442 772 416 141 358 405 521 771 453 168 107 547 640 133 17 266 520 
257 459
783 459
716 783
735 257
240 257
649 716
550 735
305 240
683 735
59 649
546 683
686 305
218 686
82 686
702 546
0 702
439 550
367 702
561 367
276 561
203 82
442 203
772 442
416 772
141 203
358 141
405 416
521 405
771 358
453 521
168 405
107 453
547 107
640 547
133 168
17 133
266 640
520 17
90 797 627 361 79 671 719 343 422 28 175 
90 719
627 175
343 422
627 719
90 797
361 79
28 175
79 422
671 422
797 343
51 736 663 754 601 455 
663 754
754 601
51 736
736 455
736 601
417 515 443 88 50 184 219 563 118 777 428 40 356 668 400 724 283 302 317 345 223 
417 515
443 417
88 443
50 515
184 50
219 88
563 219
118 184
777 50
428 118
40 443
356 40
668 428
400 219
724 356
283 356
302 400
317 40
345 400
223 302
60 694 337 731 89 654 600 467 718 179 335 631 743 652 768 200 11 759 123 157 350 35 158 773 187 714 374 606 588 319 160 212 734 16 529 38 426 638 555 170 495 781 92 15 469 457 708 120 558 581 660 56 553 309 471 448 185 373 526 730 792 522 376 698 645 
60 694
337 694
731 60
89 337
654 89
600 337
467 694
718 731
179 467
335 337
631 718
743 89
652 179
768 335
200 743
11 200
759 600
123 718
157 768
350 652
35 200
158 631
773 35
187 11
714 350
374 773
606 714
588 606
319 374
160 187
212 759
734 123
16 734
529 158
38 714
426 157
638 212
555 187
170 734
495 319
781 38
92 426
15 212
469 529
457 469
708 495
120 38
558 120
581 170
660 708
56 558
553 120
309 555
471 15
448 469
185 660
373 638
526 319
730 558
792 730
522 781
376 553
698 373
645 448
227 354 
227 354
