? 5 202 722 171 83 36 
? 5 72 781 227 483 774 
? 5 464 673 54 377 187 
? 5 92 636 732 0 676 
? 5 172 588 642 107 590 
? 5 334 789 691 753 216 
? 5 395 599 153 297 680 
? 5 247 707 510 761 37 
? 5 32 424 365 239 167 
? 5 336 628 30 224 733 
? 5 369 389 463 712 210 
? 5 536 731 257 233 225 
? 5 176 419 423 43 626 
? 5 45 686 396 553 711 
? 5 2 557 310 597 620 
? 5 662 772 629 437 499 
? 5 248 581 53 22 786 
? 5 375 470 346 363 520 
? 5 533 727 14 161 480 
? 5 195 542 237 651 305 
? 5 494 788 262 675 616 
? 5 298 799 341 333 47 
? 5 135 704 497 405 184 
? 4 166 696 475 650 
? 4 393 612 190 31 
? 4 436 750 401 783 
? 4 106 561 261 296 
? 4 56 69 421 560 
? 4 276 487 531 46 
? 4 491 543 274 306 
? 4 215 692 609 226 
? 4 133 162 694 137 
? 4 98 630 660 263 
? 4 11 289 623 564 
? 4 93 537 19 164 
? 4 656 760 344 455 
? 4 50 131 700 59 
? 4 181 579 160 258 
? 4 139 467 621 625 
? 4 94 146 459 672 
? 3 649 658 211 
? 3 348 643 125 
? 3 159 255 739 
? 3 246 726 674 
? 3 232 511 434 
? 3 152 721 67 
? 3 430 742 15 
? 3 110 362 364 
? 3 659 776 508 
? 3 724 736 443 
? 3 358 741 576 
? 3 100 361 728 
? 3 18 158 134 
? 3 321 433 290 
? 3 360 729 220 
? 3 81 598 268 
? 3 221 522 548 
!
221 522 548 
522 548
221 548
135 704 497 405 184 
135 405
135 497
135 184
704 184
264 782 9 317 458 528 
264 782
9 782
317 264
458 9
528 458
270 429 
270 429
298 799 341 333 47 
298 333
799 333
341 47
799 47
785 
109 492 
109 492
145 213 285 586 222 75 39 149 746 512 
145 213
285 213
586 145
222 285
75 285
39 586
149 213
746 222
512 75
778 
494 788 262 675 616 
494 262
262 616
788 616
494 675
309 669 
309 669
49 708 
49 708
338 456 
338 456
157 217 779 88 408 679 117 203 663 608 256 
157 217
779 157
88 217
408 779
679 88
117 217
203 679
663 408
608 203
256 408
617 734 
617 734
81 598 268 
598 268
81 268
267 411 490 552 24 549 204 
267 411
490 267
552 490
24 267
549 490
204 549
767 
86 249 
86 249
757 
236 385 502 10 559 451 
236 385
502 385
10 385
559 385
451 502
80 580 
80 580
725 
360 729 220 
729 220
360 729
94 146 459 672 
94 459
146 672
94 146
321 433 290 
433 290
321 290
723 
195 542 237 651 305 
237 305
542 305
237 651
195 651
677 
371 697 
371 697
18 158 134 
18 158
158 134
671 
139 467 621 625 
139 625
139 621
467 621
95 445 287 311 103 420 566 192 128 130 495 85 
95 445
287 95
311 445
103 311
420 311
566 103
192 420
128 420
130 128
495 192
85 128
533 727 14 161 480 
533 727
14 480
533 14
533 161
347 453 
347 453
100 361 728 
100 361
361 728
664 
358 741 576 
358 741
358 576
375 470 346 363 520 
470 520
470 363
375 363
470 346
295 394 438 412 271 610 191 784 
295 394
438 394
412 295
271 394
610 438
191 271
784 438
410 698 313 165 730 687 64 326 554 343 
410 698
313 698
165 313
730 410
687 165
64 687
326 64
554 730
343 730
181 579 160 258 
181 258
181 160
579 258
260 792 454 212 4 376 551 472 471 
260 792
454 792
212 792
4 792
376 260
551 376
472 551
471 376
50 131 700 59 
700 59
131 59
50 59
144 639 
144 639
654 
235 440 
235 440
752 769 245 427 318 73 
752 769
245 752
427 245
318 769
73 427
632 
656 760 344 455 
656 760
760 455
656 344
278 795 719 23 689 105 
278 795
719 795
23 795
689 278
105 719
724 736 443 
724 443
736 443
659 776 508 
659 508
659 776
183 442 373 606 749 180 
183 442
373 442
606 183
749 373
180 749
367 768 141 633 242 565 476 439 
367 768
141 367
633 768
242 768
565 141
476 141
439 242
622 
619 
248 581 53 22 786 
581 22
248 786
581 786
53 786
143 641 
143 641
93 537 19 164 
537 19
93 19
93 164
662 772 629 437 499 
662 629
662 437
662 772
629 499
163 546 794 567 714 544 218 666 111 570 631 770 
163 546
794 163
567 163
714 794
544 567
218 714
666 567
111 714
570 666
631 794
770 631
58 229 450 194 638 682 407 
58 229
450 58
194 58
638 194
682 194
407 450
614 
316 683 
316 683
605 
591 
11 289 623 564 
11 289
11 623
623 564
2 557 310 597 620 
2 597
597 620
557 310
2 557
583 
98 630 660 263 
98 630
630 263
660 263
515 
556 665 
556 665
77 710 299 70 748 703 790 652 489 
77 710
299 77
70 299
748 70
703 748
790 703
652 748
489 652
104 573 493 587 199 589 
104 573
493 104
587 493
199 573
589 104
486 
110 362 364 
362 364
110 364
275 370 40 403 91 661 272 569 302 
275 370
40 275
403 40
91 40
661 91
272 661
569 272
302 569
74 335 
74 335
118 496 113 126 101 168 
118 496
113 118
126 113
101 126
168 113
478 
133 162 694 137 
162 694
694 137
133 162
705 754 
705 754
45 686 396 553 711 
45 686
396 711
45 711
45 553
582 595 431 127 174 695 
582 595
431 595
127 582
174 431
695 127
277 337 771 381 122 97 99 282 
277 337
771 277
381 277
122 381
97 381
99 771
282 771
430 742 15 
430 742
742 15
460 
416 
178 288 547 201 17 89 116 
178 288
547 288
201 288
17 178
89 178
116 89
152 721 67 
152 67
721 67
78 535 
78 535
176 419 423 43 626 
176 626
419 43
419 626
423 626
417 527 349 798 744 758 399 228 330 
417 527
349 527
798 349
744 417
758 744
399 744
228 399
330 758
209 596 640 702 624 563 469 28 378 387 428 
209 596
640 596
702 596
624 209
563 624
469 563
28 702
378 624
387 378
428 378
536 731 257 233 225 
731 225
731 233
536 233
731 257
215 692 609 226 
692 226
215 609
692 609
304 751 519 513 571 196 578 444 791 740 670 350 315 51 568 182 320 57 42 627 44 
304 751
519 304
513 751
571 519
196 751
578 513
444 196
791 444
740 571
670 196
350 670
315 740
51 791
568 578
182 571
320 578
57 568
42 444
627 51
44 315
491 543 274 306 
274 306
491 543
543 274
473 545 384 322 540 406 386 452 644 300 509 265 219 323 592 340 175 353 65 351 
473 545
384 473
322 384
540 384
406 545
386 406
452 322
644 406
300 406
509 386
265 540
219 509
323 322
592 540
340 300
175 340
353 175
65 452
351 65
232 511 434 
511 434
232 511
414 
409 
369 389 463 712 210 
369 210
369 389
369 463
389 712
230 435 55 498 324 372 68 34 668 48 532 281 380 796 693 342 
230 435
55 435
498 55
324 230
372 435
68 498
34 372
668 68
48 68
532 372
281 668
380 324
796 668
693 532
342 532
276 487 531 46 
487 46
276 487
531 46
12 481 
12 481
27 685 759 716 41 577 601 
27 685
759 685
716 27
41 27
577 759
601 41
223 518 555 404 392 529 
223 518
555 223
404 518
392 404
529 223
336 628 30 224 733 
628 224
336 224
336 733
336 30
524 780 488 251 269 715 
524 780
488 524
251 488
269 488
715 251
32 424 365 239 167 
239 167
32 239
424 365
365 167
56 69 421 560 
56 421
69 560
421 560
379 
312 
106 561 261 296 
561 261
106 261
261 296
432 745 
432 745
246 726 674 
246 726
246 674
247 707 510 761 37 
707 761
247 707
247 37
707 510
159 255 739 
159 255
159 739
395 599 153 297 680 
395 680
599 153
395 153
599 297
436 750 401 783 
436 783
750 783
750 401
348 643 125 
643 125
348 643
334 789 691 753 216 
691 753
789 691
334 753
691 216
170 462 
170 462
13 635 
13 635
345 738 
345 738
254 
368 474 
368 474
253 484 
253 484
231 
172 588 642 107 590 
107 590
172 107
588 642
588 590
301 525 457 737 479 354 706 558 240 773 
301 525
457 525
737 525
479 457
354 457
706 479
558 706
240 706
773 240
393 612 190 31 
393 612
393 31
612 190
79 485 584 200 594 38 71 613 523 461 84 526 534 615 62 541 197 259 
79 485
584 79
200 485
594 584
38 200
71 594
613 71
523 200
461 523
84 594
526 38
534 584
615 526
62 534
541 613
197 523
259 541
92 636 732 0 676 
732 0
92 636
636 0
636 676
649 658 211 
658 211
649 211
16 286 82 87 755 425 634 
16 286
82 16
87 286
755 87
425 82
634 425
464 673 54 377 187 
464 54
54 377
673 377
673 187
198 243 690 241 506 250 466 188 
198 243
690 243
241 198
506 198
250 241
466 241
188 506
374 775 206 647 418 21 96 539 538 720 
374 775
206 775
647 374
418 374
21 206
96 418
539 96
538 206
720 538
327 648 319 173 7 572 709 25 
327 648
319 648
173 648
7 173
572 319
709 7
25 7
280 292 655 112 777 611 
280 292
655 280
112 292
777 112
611 655
156 207 743 449 308 356 325 699 140 
156 207
743 207
449 207
308 449
356 156
325 356
699 449
140 743
102 766 307 177 291 574 61 208 35 132 
102 766
307 766
177 102
291 102
574 307
61 574
208 177
35 177
132 61
645 678 119 151 521 382 465 355 314 681 
645 678
119 645
151 119
521 645
382 151
465 151
355 465
314 119
681 382
20 797 
20 797
283 684 
283 684
166 696 475 650 
475 650
166 696
696 650
214 
72 781 227 483 774 
781 227
72 483
227 774
72 227
329 447 148 602 244 120 516 
329 447
148 329
602 447
244 148
120 602
516 148
193 
562 600 764 735 503 530 388 477 604 136 328 
562 600
764 600
735 562
503 562
530 503
388 764
477 530
604 764
136 735
328 477
202 722 171 83 36 
202 722
171 83
202 83
722 36
154 446 667 637 397 169 713 762 
154 446
667 446
637 446
397 637
169 397
713 169
762 446
179 
391 398 500 339 550 29 273 357 504 765 
391 398
500 391
339 398
550 339
29 550
273 550
357 500
504 29
765 391
5 468 150 123 603 593 234 121 646 415 585 383 793 
5 468
150 5
123 150
603 468
593 603
234 123
121 468
646 121
415 150
585 415
383 646
793 593
482 657 701 33 607 186 155 108 718 1 189 756 
482 657
701 482
33 657
607 33
186 607
155 701
108 155
718 33
1 186
189 718
756 186
142 
129 
52 284 138 653 147 294 238 
52 284
138 52
653 52
147 653
294 147
238 138
575 717 426 252 6 293 26 
575 717
426 717
252 575
6 717
293 426
26 252
115 
60 205 517 76 448 413 618 
60 205
517 205
76 205
448 76
413 60
618 413
114 
303 507 185 688 747 787 501 352 90 390 332 3 514 
303 507
185 303
688 303
747 507
787 507
501 688
352 185
90 352
390 501
332 747
3 332
514 787
66 
266 402 279 331 422 400 
266 402
279 402
331 266
422 266
400 279
63 
441 505 763 359 366 124 
441 505
763 441
359 505
366 763
124 366
8 
