? 5 98 630 660 683 572 
? 5 210 389 463 712 50 
? 5 691 789 434 723 449 
? 5 373 606 183 399 4 
? 5 242 633 378 141 624 
? 5 268 598 231 783 450 
? 5 226 692 614 215 290 
? 5 594 613 584 27 71 
? 5 228 390 715 501 780 
? 5 159 400 47 655 255 
? 5 473 545 406 644 384 
? 5 235 440 713 637 397 
? 5 221 522 548 416 720 
? 5 343 612 8 190 393 
? 5 165 687 64 409 410 
? 5 656 760 369 649 793 
? 5 577 756 685 607 759 
? 5 357 488 251 726 225 
? 5 80 326 232 580 646 
? 5 93 451 497 405 298 
? 5 180 749 442 179 632 
? 5 283 684 583 341 799 
? 5 117 532 167 604 217 
? 4 207 743 156 356 
? 4 136 677 663 735 
? 4 144 625 276 531 
? 4 193 446 169 104 
? 4 581 592 323 322 
? 4 211 534 59 62 
? 4 94 516 672 301 
? 4 366 555 359 763 
? 4 18 264 37 782 
? 4 617 734 539 253 
? 4 261 296 127 106 
? 4 424 618 503 76 
? 4 65 452 351 401 
? 4 266 433 321 279 
? 4 432 696 314 681 
? 4 407 638 486 682 
? 4 10 385 333 468 
? 3 216 511 753 
? 3 698 730 313 
? 3 367 428 439 
? 3 83 611 280 
? 3 21 518 418 
? 3 163 354 567 
? 3 256 297 312 
? 3 227 781 738 
? 3 178 201 89 
? 3 233 514 246 
? 3 199 441 116 
? 3 57 568 513 
? 3 593 603 700 
? 3 510 519 161 
? 3 128 130 436 
? 3 570 675 616 
? 3 484 529 667 
!
484 529 667 
529 667
484 529
117 532 167 604 217 
117 532
532 217
117 167
167 604
102 766 307 291 363 35 
102 766
307 766
291 102
363 102
35 291
650 774 
650 774
283 684 583 341 799 
283 799
283 684
283 341
684 583
785 
53 697 
53 697
95 445 287 311 103 566 386 509 420 219 
95 445
287 95
311 445
103 311
566 103
386 566
509 103
420 311
219 566
750 
180 749 442 179 632 
180 749
179 632
749 442
180 179
132 704 
132 704
564 602 
564 602
40 467 
40 467
198 690 241 250 392 140 188 573 243 404 237 
198 690
241 198
250 690
392 250
140 250
188 690
573 392
243 690
404 392
237 188
337 536 
337 536
570 675 616 
570 616
675 616
480 761 247 707 533 100 727 
480 761
247 761
707 247
533 761
100 480
727 533
745 
121 150 
121 150
739 
9 317 158 728 528 458 
9 317
158 317
728 9
528 9
458 9
238 346 
238 346
701 
128 130 436 
130 436
128 130
10 385 333 468 
10 333
385 333
10 468
510 519 161 
510 519
519 161
695 
93 451 497 405 298 
93 497
451 298
451 497
93 405
693 
194 229 
194 229
593 603 700 
593 603
603 700
670 
407 638 486 682 
486 682
407 638
407 682
230 498 324 372 668 48 55 68 796 435 34 380 
230 498
324 230
372 230
668 498
48 668
55 324
68 498
796 668
435 55
34 372
380 324
80 326 232 580 646 
80 580
580 646
326 232
80 232
260 744 
260 744
57 568 513 
57 513
57 568
651 
199 441 116 
199 441
199 116
357 488 251 726 225 
251 225
488 251
488 726
357 488
133 694 162 137 736 129 724 443 
133 694
162 133
137 694
736 133
129 694
724 694
443 129
245 752 620 73 597 63 2 676 318 427 
245 752
620 245
73 245
597 620
63 245
2 597
676 63
318 676
427 245
432 696 314 681 
432 696
696 681
696 314
17 224 628 336 30 733 124 547 288 
17 224
628 224
336 628
30 628
733 224
124 224
547 733
288 733
266 433 321 279 
266 321
321 279
266 433
19 415 
19 415
634 
105 788 
105 788
278 689 23 544 666 344 
278 689
23 278
544 689
666 689
344 278
629 
65 452 351 401 
452 401
351 401
65 351
148 447 254 244 535 120 
148 447
254 447
244 148
535 148
120 148
233 514 246 
233 514
233 246
178 201 89 
178 201
178 89
362 364 110 797 20 619 
362 364
110 362
797 362
20 362
619 364
109 653 470 147 520 492 284 52 
109 653
470 109
147 653
520 470
492 109
284 653
52 653
609 
553 
577 756 685 607 759 
577 685
577 756
577 607
685 759
719 795 
719 795
424 618 503 76 
503 76
618 76
424 618
656 760 369 649 793 
369 793
760 649
656 760
369 649
394 438 412 85 610 271 784 191 654 295 495 192 
394 438
412 394
85 438
610 438
271 394
784 85
191 394
654 438
295 784
495 784
192 495
22 142 248 786 635 13 557 
22 142
248 22
786 22
635 22
13 22
557 22
540 
58 678 
58 678
524 
507 
261 296 127 106 
261 106
261 296
261 127
165 687 64 409 410 
687 410
165 410
165 409
687 64
505 
617 734 539 253 
617 539
734 539
539 253
474 
281 361 
281 361
252 426 717 6 101 575 26 126 456 
252 426
717 426
6 252
101 252
575 426
26 717
126 717
456 252
275 370 569 403 91 272 
275 370
569 370
403 275
91 275
272 370
460 
227 781 738 
227 781
227 738
360 729 36 220 554 202 171 722 605 
360 729
36 729
220 360
554 220
202 36
171 202
722 202
605 554
146 329 
146 329
67 347 721 453 658 455 
67 347
721 347
453 347
658 347
455 658
444 
18 264 37 782 
18 264
264 782
37 782
259 541 
259 541
343 612 8 190 393 
612 8
343 612
612 393
8 190
60 517 448 413 32 561 
60 517
448 517
413 60
32 60
561 60
631 770 601 546 478 794 41 218 
631 770
601 631
546 770
478 770
794 631
41 601
218 546
256 297 312 
256 297
297 312
375 
368 
374 775 206 647 96 538 587 
374 775
206 775
647 775
96 775
538 206
587 775
163 354 567 
163 354
163 567
97 277 
97 277
221 522 548 416 720 
522 416
416 720
522 548
221 548
123 234 559 5 236 115 383 585 502 
123 234
559 123
5 123
236 123
115 559
383 115
585 123
502 123
87 755 16 214 249 711 286 686 45 86 396 
87 755
16 755
214 755
249 755
711 214
286 16
686 16
45 686
86 249
396 45
235 440 713 637 397 
637 397
235 440
713 397
440 397
366 555 359 763 
366 555
555 763
359 763
108 709 7 173 25 149 114 648 482 327 213 12 657 33 319 222 145 155 515 481 263 
108 709
7 709
173 709
25 709
149 7
114 709
648 173
482 25
327 648
213 709
12 114
657 709
33 482
319 648
222 108
145 319
155 149
515 12
481 12
263 145
94 516 672 301 
94 516
94 301
516 672
267 411 490 549 309 664 552 24 204 483 669 705 166 39 465 586 345 72 475 512 
267 411
490 411
549 411
309 267
664 267
552 411
24 267
204 309
483 309
669 483
705 490
166 267
39 664
465 166
586 24
345 669
72 483
475 483
512 664
21 518 418 
21 518
21 418
330 
320 
473 545 406 644 384 
473 545
473 384
473 406
406 644
472 551 376 212 168 792 92 0 636 113 471 454 118 732 758 496 
472 551
376 551
212 551
168 472
792 551
92 376
0 551
636 376
113 168
471 376
454 792
118 113
732 376
758 376
496 118
211 534 59 62 
211 62
211 534
211 59
469 476 
469 476
596 640 702 209 387 563 768 
596 640
702 640
209 596
387 596
563 596
768 387
54 464 673 348 643 641 
54 464
673 54
348 54
643 348
641 464
159 400 47 655 255 
400 47
159 255
400 255
47 655
379 639 377 42 627 143 
379 639
377 379
42 379
627 639
143 639
228 390 715 501 780 
715 501
390 715
501 780
228 390
581 592 323 322 
581 322
592 322
592 323
316 
310 
193 446 169 104 
446 169
446 104
193 446
223 493 
223 493
83 611 280 
83 611
611 280
594 613 584 27 71 
594 613
584 71
613 584
594 27
367 428 439 
367 428
428 439
226 692 614 215 290 
226 692
226 290
692 614
692 215
144 625 276 531 
625 531
144 625
625 276
698 730 313 
698 313
730 313
268 598 231 783 450 
268 598
598 783
268 450
268 231
303 352 
303 352
334 462 
334 462
125 187 
125 187
308 
61 574 
61 574
84 757 
84 757
240 
242 633 378 141 624 
242 633
378 141
242 378
141 624
107 590 172 642 588 425 112 292 777 66 
107 590
172 590
642 172
588 172
425 588
112 107
292 590
777 112
66 292
136 677 663 735 
663 735
677 663
136 677
77 710 70 703 299 790 652 489 708 748 305 767 762 589 466 49 542 506 
77 710
70 710
703 77
299 77
790 299
652 77
489 70
708 790
748 790
305 652
767 790
762 489
589 489
466 489
49 489
542 305
506 489
373 606 183 399 4 
373 399
373 4
606 4
183 4
216 511 753 
511 753
216 753
189 335 74 718 1 742 716 
189 335
74 189
718 335
1 189
742 74
716 718
691 789 434 723 449 
691 434
691 789
691 723
789 449
457 737 111 706 773 714 459 78 
457 737
111 457
706 457
773 457
714 111
459 737
78 459
659 776 508 176 626 419 423 43 28 134 
659 776
508 659
176 659
626 776
419 508
423 176
43 176
28 508
134 626
122 771 99 381 282 674 269 138 
122 771
99 771
381 771
282 122
674 122
269 381
138 282
75 285 746 754 382 15 
75 285
746 75
754 285
382 285
15 285
184 543 491 135 274 208 306 537 164 
184 543
491 184
135 184
274 184
208 184
306 491
537 543
164 537
765 798 349 417 90 769 527 688 185 622 
765 798
349 798
417 349
90 417
769 798
527 417
688 349
185 349
622 765
340 353 175 270 300 371 265 293 338 429 
340 353
175 353
270 353
300 353
371 175
265 175
293 371
338 371
429 293
289 623 
289 623
479 525 
479 525
207 743 156 356 
207 156
743 156
207 356
205 
210 389 463 712 50 
463 50
210 389
210 50
389 712
119 151 521 645 355 725 430 
119 151
521 119
645 119
355 151
725 151
430 521
197 
160 181 258 422 82 402 556 579 331 565 665 
160 181
258 181
422 160
82 258
402 181
556 82
579 181
331 422
565 258
665 258
98 630 660 683 572 
98 630
660 683
683 572
630 683
562 764 530 388 600 477 328 239 
562 764
530 562
388 764
600 764
477 530
328 764
239 328
195 
44 621 740 46 139 487 315 182 571 302 
44 621
740 44
46 44
139 621
487 621
315 740
182 740
571 182
302 621
358 499 671 741 576 772 662 294 558 494 414 437 262 
358 499
671 499
741 358
576 358
772 499
662 772
294 671
558 576
494 358
414 741
437 662
262 358
391 398 550 500 332 29 747 339 273 3 787 504 
391 398
550 398
500 391
332 391
29 550
747 332
339 398
273 550
3 747
787 747
504 29
186 
177 
304 751 791 196 51 578 350 
304 751
791 751
196 304
51 791
578 304
350 304
56 257 69 421 560 731 365 
56 257
69 56
421 56
560 56
731 257
365 257
154 
88 679 779 157 408 203 342 
88 679
779 88
157 779
408 679
203 679
342 88
152 
526 615 461 591 523 200 38 699 131 170 79 325 485 
526 615
461 615
591 526
523 615
200 526
38 615
699 591
131 591
170 131
79 523
325 461
485 200
81 
153 680 778 608 599 395 
153 680
778 153
608 680
599 778
395 599
31 
582 595 174 661 14 431 
582 595
174 595
661 595
14 582
431 595
11 
