? 5 112 655 159 292 255 
? 5 297 608 680 153 599 
? 5 23 278 689 795 363 
? 5 45 553 439 476 614 
? 5 377 379 639 627 42 
? 5 35 656 291 344 102 
? 5 1 685 601 41 577 
? 5 47 400 298 279 341 
? 5 247 707 320 458 37 
? 5 248 786 635 581 540 
? 5 389 793 50 593 712 
? 5 124 366 441 359 763 
? 5 183 606 632 749 758 
? 5 343 612 8 393 730 
? 5 80 326 646 723 216 
? 5 434 691 237 334 511 
? 5 408 663 735 256 677 
? 5 388 604 117 167 424 
? 5 390 787 501 780 514 
? 5 285 746 15 586 213 
? 5 165 687 313 409 410 
? 5 94 459 737 146 447 
? 5 318 676 126 142 26 
? 4 93 164 433 19 
? 4 129 316 116 201 
? 4 263 630 98 572 
? 4 253 617 734 484 
? 4 307 766 574 208 
? 4 251 488 726 97 
? 4 283 583 684 333 
? 4 345 774 738 654 
? 4 243 506 466 154 
? 4 238 772 138 262 
? 4 66 722 280 31 
? 4 351 452 384 65 
? 4 143 144 625 61 
? 4 163 666 414 616 
? 4 194 231 81 436 
? 4 609 692 563 43 
? 4 127 561 296 431 
? 3 312 778 395 
? 3 62 658 369 
? 3 240 301 479 
? 3 178 288 89 
? 3 529 587 21 
? 3 185 507 524 
? 3 310 557 13 
? 3 695 727 14 
? 3 166 696 355 
? 3 121 700 753 
? 3 585 603 385 
? 3 135 405 451 
? 3 382 432 678 
? 3 226 321 290 
? 3 660 683 186 
? 3 322 323 401 
? 3 150 463 799 
!
150 463 799 
150 463
463 799
318 676 126 142 26 
676 126
318 126
318 26
318 142
67 347 721 478 455 760 
67 347
721 347
478 721
455 67
760 67
308 462 
308 462
94 459 737 146 447 
94 459
94 146
459 737
459 447
783 
532 693 
532 693
407 450 486 254 682 638 244 598 268 314 
407 450
486 450
254 450
682 407
638 450
244 486
598 450
268 598
314 598
750 
165 687 313 409 410 
687 410
687 313
165 410
165 409
152 570 
152 570
272 276 
272 276
306 368 
306 368
95 445 287 311 103 566 420 128 219 130 509 
95 445
287 95
311 95
103 311
566 103
420 311
128 445
219 566
130 311
509 103
84 757 
84 757
322 323 401 
323 401
322 323
378 768 141 633 242 624 387 
378 768
141 768
633 768
242 768
624 378
387 768
698 
199 505 
199 505
672 
169 397 713 637 193 440 
169 397
713 397
637 397
193 397
440 397
223 493 
223 493
667 
660 683 186 
660 683
683 186
127 561 296 431 
561 431
561 296
127 561
226 321 290 
226 290
321 290
651 
285 746 15 586 213 
15 213
285 746
285 586
285 15
649 
348 469 
348 469
382 432 678 
432 678
382 432
629 
609 692 563 43 
609 43
692 563
692 43
123 234 5 559 236 115 383 502 415 10 580 210 
123 234
5 123
559 123
236 234
115 559
383 115
502 123
415 236
10 123
580 115
210 415
390 787 501 780 514 
787 780
390 501
501 780
780 514
544 773 
544 773
135 405 451 
135 405
405 451
619 
585 603 385 
585 385
585 603
388 604 117 167 424 
388 167
388 604
117 167
388 424
230 324 498 372 34 435 380 48 
230 324
498 230
372 230
34 230
435 498
380 324
48 498
392 573 104 404 555 250 241 198 690 518 
392 573
104 573
404 392
555 392
250 392
241 250
198 241
690 198
518 392
194 231 81 436 
194 81
194 231
231 436
107 590 172 642 588 777 739 665 634 
107 590
172 590
642 107
588 172
777 590
739 590
665 590
634 739
163 666 414 616 
414 616
666 616
163 666
229 623 
229 623
611 
205 618 
205 618
156 743 449 207 789 140 
156 743
449 743
207 449
789 449
140 156
607 
143 144 625 61 
143 144
625 61
143 61
175 353 265 473 592 697 
175 353
265 175
473 353
592 265
697 265
121 700 753 
121 700
700 753
166 696 355 
696 355
166 696
54 464 187 643 673 125 
54 464
187 54
643 464
673 54
125 54
56 257 731 69 365 560 421 225 
56 257
731 257
69 56
365 257
560 56
421 69
225 731
568 
567 
408 663 735 256 677 
663 735
408 677
735 256
408 663
525 785 
525 785
351 452 384 65 
351 452
351 65
452 384
434 691 237 334 511 
237 334
434 511
434 691
691 334
87 755 16 249 214 82 86 425 711 686 286 396 
87 755
16 755
249 755
214 87
82 16
86 249
425 87
711 87
686 755
286 16
396 686
659 776 508 626 176 419 28 
659 776
508 659
626 776
176 659
419 176
28 508
564 
139 467 
139 467
510 
468 
66 722 280 31 
66 722
66 280
66 31
80 326 646 723 216 
80 646
80 723
646 216
326 723
460 
238 772 138 262 
238 262
238 772
138 262
444 
375 675 
375 675
485 584 594 79 613 541 259 453 211 
485 584
594 584
79 485
613 584
541 594
259 79
453 594
211 485
221 538 720 548 522 416 
221 538
720 538
548 538
522 548
416 548
423 
695 727 14 
695 14
727 14
360 729 220 36 554 605 83 202 171 
360 729
220 729
36 360
554 220
605 220
83 729
202 83
171 83
277 337 
277 337
640 702 596 209 367 215 
640 702
596 702
209 640
367 640
215 702
403 
243 506 466 154 
243 154
506 154
506 466
58 745 
58 745
343 612 8 393 730 
343 730
612 8
343 612
612 393
362 364 110 797 20 179 
362 364
110 362
797 364
20 797
179 364
562 764 477 328 503 530 600 239 
562 764
477 764
328 764
503 477
530 477
600 764
239 764
310 557 13 
310 557
557 13
356 
281 
88 679 203 779 157 342 217 
88 679
203 679
779 88
157 779
342 88
217 88
185 507 524 
185 507
507 524
27 759 
27 759
183 606 632 749 758 
606 632
183 632
606 758
632 749
252 717 426 429 293 338 371 6 101 
252 717
426 717
429 426
293 426
338 717
371 293
6 252
101 6
218 714 111 546 457 770 558 354 706 631 794 
218 714
111 714
546 714
457 111
770 218
558 457
354 714
706 558
631 770
794 111
124 366 441 359 763 
124 366
124 441
124 763
124 359
345 774 738 654 
774 738
345 654
345 738
267 411 549 490 24 483 664 204 552 309 72 705 39 475 781 669 650 754 512 681 75 
267 411
549 411
490 267
24 267
483 411
664 411
204 549
552 411
309 204
72 267
705 552
39 664
475 309
781 483
669 549
650 411
754 204
512 39
681 705
75 664
283 583 684 333 
283 333
283 684
583 684
108 709 7 173 149 648 114 25 327 482 319 145 657 12 155 222 515 33 481 756 
108 709
7 709
173 709
149 7
648 173
114 108
25 7
327 108
482 108
319 149
145 648
657 173
12 114
155 482
222 155
515 12
33 482
481 515
756 33
529 587 21 
587 21
529 21
269 
266 
389 793 50 593 712 
793 50
389 793
389 712
793 593
472 551 376 212 168 471 92 636 792 113 118 732 496 0 454 330 
472 551
376 551
212 472
168 551
471 376
92 376
636 471
792 471
113 636
118 113
732 551
496 113
0 376
454 792
330 0
251 488 726 97 
251 488
251 97
488 726
40 106 
40 106
668 796 100 480 761 68 533 
668 796
100 796
480 796
761 480
68 668
533 480
4 399 373 442 246 180 
4 399
373 4
442 4
246 399
180 4
248 786 635 581 540 
786 635
248 786
786 581
248 540
470 520 109 492 653 346 
470 520
109 470
492 109
653 109
346 520
247 707 320 458 37 
320 458
247 707
247 37
458 37
307 766 574 208 
307 766
574 208
307 208
235 
227 
253 617 734 484 
734 484
253 484
617 734
260 744 
260 744
178 288 89 
178 288
178 89
47 400 298 279 341 
47 400
400 341
47 279
47 298
240 301 479 
240 479
301 479
1 685 601 41 577 
685 577
601 41
685 41
1 41
263 630 98 572 
630 98
263 630
263 572
62 658 369 
658 369
62 658
35 656 291 344 102 
291 102
656 344
35 344
291 344
456 575 
456 575
105 719 
105 719
264 361 
264 361
197 
233 536 
233 536
64 232 
64 232
190 
377 379 639 627 42 
639 42
379 42
377 379
377 627
160 181 258 422 402 565 579 556 428 331 
160 181
258 181
422 160
402 160
565 258
579 160
556 181
428 422
331 422
129 316 116 201 
129 116
129 316
116 201
77 710 70 790 703 299 589 489 652 748 305 49 767 708 762 446 195 542 
77 710
70 710
790 70
703 790
299 790
589 710
489 70
652 70
748 70
305 489
49 299
767 790
708 703
762 489
446 762
195 790
542 703
45 553 439 476 614 
45 439
45 553
45 476
476 614
312 778 395 
778 395
312 778
9 317 728 18 528 158 782 
9 317
728 9
18 9
528 9
158 317
782 9
23 278 689 795 363 
23 689
23 278
278 795
23 363
151 521 645 119 742 430 465 725 
151 521
645 151
119 645
742 521
430 521
465 521
725 151
245 620 752 597 73 2 769 63 22 427 
245 620
752 245
597 620
73 245
2 597
769 752
63 769
22 597
427 752
99 771 122 284 381 282 437 674 
99 771
122 771
284 99
381 122
282 771
437 122
674 381
60 517 413 448 76 32 
60 517
413 60
448 517
76 517
32 413
184 543 491 497 537 474 704 274 641 
184 543
491 184
497 184
537 543
474 184
704 184
274 184
641 184
499 671 358 294 576 741 662 147 788 494 
499 671
358 499
294 671
576 358
741 358
662 358
147 294
788 671
494 671
349 417 527 798 688 90 352 228 303 715 
349 417
527 349
798 349
688 527
90 798
352 688
228 688
303 688
715 688
487 531 
487 531
329 602 
329 602
93 164 433 19 
93 19
93 164
164 433
188 
297 608 680 153 599 
153 599
680 153
608 153
297 599
300 406 270 644 545 340 386 
300 406
270 300
644 406
545 406
340 270
386 406
177 
394 438 85 412 784 610 295 271 191 192 495 
394 438
85 438
412 394
784 85
610 438
295 394
271 412
191 271
192 85
495 192
112 655 159 292 255 
159 255
112 655
655 292
159 292
189 335 74 718 120 716 289 701 
189 335
74 189
718 189
120 335
716 718
289 120
701 335
136 
304 751 196 350 670 578 134 513 519 57 
304 751
196 304
350 304
670 196
578 304
134 751
513 751
519 751
57 350
526 615 461 591 200 38 131 523 170 699 325 59 534 
526 615
461 615
591 615
200 526
38 526
131 526
523 526
170 131
699 591
325 461
59 170
534 526
391 398 550 500 29 273 332 339 3 747 765 357 
391 398
550 391
500 391
29 550
273 398
332 391
339 398
3 391
747 500
765 391
357 398
132 
91 
17 224 628 30 336 733 547 
17 224
628 224
30 628
336 30
733 224
547 733
133 162 694 137 736 724 443 
133 162
694 133
137 694
736 694
724 736
443 162
71 
374 775 206 647 418 539 96 
374 775
206 775
647 374
418 374
539 418
96 539
55 
44 621 740 315 46 302 571 161 791 182 569 51 661 
44 621
740 44
315 740
46 44
302 621
571 740
161 621
791 740
182 571
569 302
51 791
661 302
53 
504 622 535 516 148 78 
504 622
535 504
516 504
148 535
78 535
52 
582 595 174 370 261 275 
582 595
174 595
370 582
261 174
275 370
11 
