? 5 389 793 463 210 211 
? 5 153 680 297 599 256 
? 5 124 140 366 441 743 
? 5 235 440 713 397 169 
? 5 331 433 164 290 321 
? 5 228 715 399 251 390 
? 5 141 768 633 367 439 
? 5 57 578 782 320 458 
? 5 407 450 229 486 638 
? 5 203 395 608 693 778 
? 5 79 584 594 613 71 
? 5 396 553 686 476 428 
? 5 691 789 434 449 216 
? 5 159 400 47 655 611 
? 5 219 545 386 509 452 
? 5 481 756 577 685 186 
? 5 80 723 326 511 646 
? 5 231 248 592 598 581 
? 5 30 325 207 156 197 
? 5 208 704 497 656 368 
? 5 416 548 522 193 720 
? 5 465 681 166 382 432 
? 5 165 698 410 687 313 
? 4 629 772 780 773 
? 4 283 684 298 799 
? 4 712 760 585 369 
? 4 285 746 222 678 
? 4 20 179 442 180 
? 4 405 451 93 385 
? 4 341 502 537 10 
? 4 268 314 783 81 
? 4 226 563 614 469 
? 4 50 603 593 62 
? 4 14 727 182 695 
? 4 237 542 195 243 
? 4 43 609 348 423 
? 4 8 730 383 190 
? 4 534 658 541 700 
? 4 308 334 753 462 
? 4 401 436 738 322 
? 3 48 68 281 
? 3 279 402 266 
? 3 116 129 89 
? 3 128 130 420 
? 3 4 501 185 
? 3 132 143 144 
? 3 323 384 351 
? 3 136 735 677 
? 3 544 567 666 
? 3 265 473 540 
? 3 199 359 518 
? 3 97 277 337 
? 3 146 672 78 
? 3 488 726 246 
? 3 227 750 774 
? 3 350 513 568 
? 3 514 524 507 
!
514 524 507 
514 524
524 507
165 698 410 687 313 
698 313
698 687
410 687
165 410
98 630 263 660 572 316 
98 630
263 630
660 263
572 630
316 630
460 643 
460 643
465 681 166 382 432 
465 681
681 166
465 432
382 432
745 
106 205 
106 205
374 647 775 206 539 96 418 538 253 221 
374 647
775 374
206 374
539 647
96 775
418 206
538 206
253 418
221 538
739 
416 548 522 193 720 
522 193
416 522
548 193
416 720
356 505 
356 505
484 587 
484 587
121 468 
121 468
44 621 315 571 139 276 302 569 467 661 487 
44 621
315 621
571 315
139 44
276 621
302 276
569 302
467 44
661 139
487 569
52 238 
52 238
350 513 568 
513 568
350 568
659 776 508 176 626 419 134 
659 776
508 659
176 508
626 659
419 508
134 419
734 
240 525 
240 525
683 
318 676 63 527 786 427 
318 676
63 676
527 676
786 318
427 63
215 692 
215 692
682 
227 750 774 
227 774
227 750
401 436 738 322 
436 738
401 436
401 322
488 726 246 
726 246
488 246
651 
208 704 497 656 368 
208 368
704 368
656 368
704 497
650 
64 409 
64 409
146 672 78 
146 672
146 78
644 
308 334 753 462 
308 462
334 753
308 334
526 615 461 591 38 200 131 523 699 59 485 170 
526 615
461 615
591 615
38 615
200 461
131 526
523 615
699 526
59 131
485 200
170 59
30 325 207 156 197 
30 325
207 156
325 207
30 197
375 641 
375 641
97 277 337 
97 337
97 277
634 
199 359 518 
199 359
199 518
231 248 592 598 581 
248 592
231 592
231 581
231 598
278 689 23 414 492 795 570 719 
278 689
23 278
414 689
492 23
795 689
570 278
719 278
252 717 426 429 293 575 338 371 26 126 
252 717
426 252
429 717
293 426
575 252
338 717
371 575
26 252
126 252
534 658 541 700 
534 541
658 541
658 700
189 335 74 718 716 742 15 657 1 
189 335
74 189
718 335
716 718
742 74
15 742
657 718
1 718
8 730 383 190 
8 190
730 383
8 730
27 759 
27 759
624 
31 333 
31 333
67 347 455 344 453 649 
67 347
455 347
344 67
453 347
649 455
619 
43 609 348 423 
43 609
43 348
609 423
275 370 284 91 272 40 
275 370
284 370
91 370
272 370
40 275
265 473 540 
265 473
473 540
544 567 666 
544 567
567 666
9 728 317 264 528 158 
9 728
317 9
264 728
528 9
158 728
119 645 521 151 355 725 430 194 
119 645
521 645
151 521
355 119
725 151
430 645
194 119
607 
602 
80 723 326 511 646 
80 646
80 723
326 511
723 326
444 627 
444 627
237 542 195 243 
237 542
195 243
237 195
481 756 577 685 186 
577 685
481 756
756 577
577 186
51 791 379 639 625 751 740 304 196 670 42 46 
51 791
379 51
639 379
625 639
751 51
740 751
304 751
196 304
670 196
42 379
46 625
148 447 254 244 535 120 516 
148 447
254 447
244 447
535 148
120 447
516 535
536 
289 564 
289 564
519 
510 
14 727 182 695 
14 182
182 695
14 727
219 545 386 509 452 
545 386
219 545
219 509
386 452
415 
50 603 593 62 
603 593
50 603
593 62
408 
21 493 
21 493
597 620 2 22 142 73 557 13 769 
597 620
2 597
22 597
142 22
73 620
557 2
13 620
769 73
102 766 307 291 574 35 
102 766
307 766
291 766
574 102
35 291
403 
136 735 677 
136 677
735 677
381 674 122 771 437 269 282 225 99 
381 674
122 381
771 381
437 122
269 674
282 771
225 674
99 771
84 757 
84 757
300 353 270 340 175 406 
300 353
270 353
340 353
175 353
406 300
361 
226 563 614 469 
563 614
226 563
614 469
183 744 
183 744
159 400 47 655 611 
400 47
159 400
655 611
47 655
174 595 582 261 533 431 
174 595
582 595
261 174
533 174
431 174
60 517 413 448 32 296 561 618 
60 517
413 517
448 517
32 413
296 60
561 296
618 413
323 384 351 
323 384
323 351
329 
312 
104 573 555 446 667 223 466 
104 573
555 573
446 104
667 573
223 573
466 104
132 143 144 
143 144
132 143
529 617 
529 617
691 789 434 449 216 
691 434
691 789
789 449
691 216
160 181 258 422 579 665 565 255 242 
160 181
258 160
422 160
579 160
665 160
565 258
255 160
242 258
457 737 111 459 479 301 558 706 94 354 785 
457 737
111 457
459 737
479 737
301 457
558 111
706 558
94 459
354 111
785 457
396 553 686 476 428 
686 428
686 476
553 428
396 553
268 314 783 81 
268 314
268 783
268 81
267 411 490 549 204 24 664 309 552 483 754 705 669 39 512 475 72 781 586 75 696 
267 411
490 267
549 411
204 411
24 267
664 267
309 549
552 664
483 204
754 664
705 664
669 309
39 705
512 664
475 483
72 490
781 483
586 39
75 754
696 781
341 502 537 10 
502 10
341 537
341 502
472 551 376 168 636 792 113 118 471 92 260 454 732 496 101 212 632 0 758 330 
472 551
376 551
168 551
636 551
792 472
113 376
118 113
471 376
92 376
260 792
454 792
732 376
496 113
101 496
212 496
632 454
0 496
758 212
330 792
4 501 185 
501 185
4 501
310 
280 
79 584 594 613 71 
79 613
594 613
584 71
79 584
77 710 70 790 299 748 703 489 708 652 49 762 767 589 305 637 
77 710
70 77
790 710
299 790
748 790
703 790
489 70
708 790
652 489
49 489
762 489
767 790
589 762
305 708
637 710
405 451 93 385 
405 385
451 93
405 93
127 161 
127 161
17 224 628 288 336 733 763 
17 224
628 224
288 224
336 628
733 17
763 17
54 464 187 673 377 306 
54 464
187 54
673 187
377 187
306 54
203 395 608 693 778 
395 778
203 395
608 778
203 693
109 653 520 147 531 470 
109 653
520 109
147 109
531 653
470 520
407 450 229 486 638 
407 638
407 486
450 486
450 229
20 179 442 180 
179 180
20 180
179 442
232 
201 
285 746 222 678 
746 222
746 678
285 222
346 363 
346 363
128 130 420 
128 420
130 420
57 578 782 320 458 
57 458
782 320
57 782
578 458
116 129 89 
116 129
116 89
141 768 633 367 439 
768 633
141 768
633 367
633 439
712 760 585 369 
712 760
760 369
585 369
279 402 266 
402 266
279 266
228 715 399 251 390 
715 390
715 251
399 390
228 399
6 697 
6 697
76 167 
76 167
178 547 
178 547
177 
105 616 
105 616
456 635 
456 635
154 
331 433 164 290 321 
331 290
433 290
164 321
164 290
230 324 498 372 435 668 380 34 55 532 
230 324
498 230
372 324
435 230
668 498
380 324
34 372
55 668
532 372
283 684 298 799 
283 799
298 799
283 684
108 709 7 173 114 149 648 25 482 12 319 327 155 145 701 33 515 213 
108 709
7 709
173 709
114 108
149 7
648 173
25 108
482 108
12 114
319 173
327 7
155 149
145 7
701 108
33 482
515 114
213 145
235 440 713 397 169 
235 440
440 169
713 397
440 397
48 68 281 
48 68
68 281
123 234 5 559 115 236 580 
123 234
5 123
559 234
115 559
236 559
580 234
124 140 366 441 743 
140 743
140 366
124 366
124 441
157 779 88 342 679 663 117 217 
157 779
88 157
342 157
679 88
663 779
117 342
217 779
562 764 477 388 530 328 503 239 600 604 
562 764
477 764
388 764
530 477
328 477
503 530
239 764
600 764
604 764
554 605 612 220 360 343 729 393 
554 605
612 605
220 554
360 220
343 612
729 360
393 612
247 480 761 796 707 100 
247 480
761 247
796 480
707 761
100 796
56 257 731 69 421 365 233 560 424 
56 257
731 257
69 56
421 56
365 69
233 56
560 257
424 365
499 671 358 741 294 576 494 662 788 262 
499 671
358 499
741 358
294 671
576 741
494 671
662 358
788 671
262 499
107 590 642 172 588 556 777 292 425 112 
107 590
642 590
172 590
588 172
556 588
777 590
292 777
425 642
112 292
58 623 
58 623
138 675 
138 675
629 772 780 773 
629 772
772 780
629 773
152 
153 680 297 599 256 
153 599
153 680
297 256
297 599
362 364 110 797 606 373 749 
362 364
110 364
797 110
606 362
373 606
749 373
150 
765 798 349 417 90 352 622 303 752 688 245 
765 798
349 798
417 349
90 765
352 417
622 765
303 349
752 798
688 349
245 752
389 793 463 210 211 
793 463
389 211
389 210
793 210
198 690 506 250 241 392 188 404 
198 690
506 198
250 198
241 506
392 250
188 690
404 392
66 
87 755 16 249 286 86 82 214 711 45 
87 755
16 755
249 755
286 755
86 249
82 16
214 249
711 214
45 711
394 438 85 412 784 271 191 654 610 495 295 345 192 
394 438
85 438
412 394
784 438
271 394
191 271
654 438
610 784
495 784
295 438
345 412
192 495
631 770 601 478 794 546 714 721 218 163 259 41 
631 770
601 631
478 631
794 770
546 794
714 546
721 478
218 714
163 794
259 631
41 601
65 
61 
640 702 596 209 28 387 378 
640 702
596 640
209 640
28 702
387 640
378 387
133 162 694 137 736 724 443 
133 162
694 162
137 162
736 133
724 133
443 137
53 
184 543 491 474 135 274 125 
184 543
491 184
474 184
135 184
274 543
125 543
37 
391 398 550 500 29 332 273 747 357 3 339 787 504 
391 398
550 398
500 550
29 550
332 500
273 550
747 332
357 273
3 500
339 391
787 747
504 29
19 
83 202 722 171 36 583 
83 202
722 202
171 83
36 722
583 202
18 
95 445 287 311 566 103 
95 445
287 95
311 445
566 95
103 311
11 
