? 5 45 553 387 428 614 
? 5 506 690 241 140 188 
? 5 9 317 728 57 528 
? 5 362 364 797 606 110 
? 5 577 756 1 481 607 
? 5 35 656 344 760 712 
? 5 246 488 251 674 787 
? 5 83 171 583 655 280 
? 5 520 653 531 346 52 
? 5 210 585 389 463 502 
? 5 430 742 15 725 746 
? 5 47 400 298 159 684 
? 5 599 608 203 680 153 
? 5 228 715 390 501 399 
? 5 54 187 673 641 368 
? 5 211 793 455 50 534 
? 5 584 594 613 84 71 
? 5 183 373 4 632 442 
? 5 268 598 231 486 638 
? 5 290 433 164 226 266 
? 5 124 366 763 359 441 
? 5 100 361 68 510 435 
? 5 301 737 94 706 525 
? 4 169 446 667 221 
? 4 496 575 456 697 
? 4 509 644 386 452 
? 4 80 580 326 723 
? 4 263 660 572 586 
? 4 256 663 408 297 
? 4 156 207 699 743 
? 4 58 314 432 682 
? 4 323 384 322 783 
? 4 348 609 43 643 
? 4 401 436 738 345 
? 4 97 269 524 726 
? 4 120 289 602 623 
? 4 385 468 646 451 
? 4 279 402 460 341 
? 4 136 735 677 20 
? 4 465 696 678 650 
? 3 264 458 18 
? 3 144 276 574 
? 3 116 129 547 
? 3 180 749 758 
? 3 617 734 253 
? 3 89 288 201 
? 3 158 782 320 
? 3 13 635 53 
? 3 629 772 773 
? 3 351 654 128 
? 3 312 778 395 
? 3 105 719 132 
? 3 179 619 536 
? 3 695 727 14 
? 3 75 512 382 
? 3 507 514 303 
? 3 405 537 19 
!
405 537 19 
405 19
405 537
301 737 94 706 525 
301 94
301 737
301 706
706 525
307 766 102 291 363 143 
307 766
102 766
291 766
363 766
143 307
40 76 
40 76
100 361 68 510 435 
100 361
100 435
100 68
361 510
785 
161 467 
161 467
374 775 206 647 418 538 539 720 522 96 
374 775
206 374
647 775
418 374
538 206
539 647
720 538
522 538
96 539
750 
124 366 763 359 441 
124 366
124 441
124 763
124 359
215 469 
215 469
21 493 
21 493
240 479 
240 479
133 162 694 137 736 724 316 683 443 630 98 
133 162
694 133
137 162
736 133
724 133
316 162
683 162
443 683
630 137
98 630
277 403 
277 403
507 514 303 
507 303
514 303
141 378 633 768 476 686 367 
141 378
633 378
768 378
476 141
686 141
367 633
745 
64 409 
64 409
744 
60 413 517 448 561 32 
60 413
517 60
448 517
561 413
32 60
541 759 
541 759
704 
75 512 382 
75 512
512 382
465 696 678 650 
465 678
465 696
678 650
695 727 14 
695 14
727 14
693 
290 433 164 226 266 
290 433
164 266
433 226
290 266
692 
516 672 
516 672
179 619 536 
179 619
619 536
665 
136 735 677 20 
677 20
136 677
735 677
245 752 620 318 597 73 2 769 427 63 557 676 
245 752
620 245
318 245
597 620
73 245
2 597
769 620
427 245
63 318
557 597
676 63
268 598 231 486 638 
268 486
268 598
231 638
268 638
216 700 
216 700
105 719 132 
719 132
105 719
651 
312 778 395 
778 395
312 778
183 373 4 632 442 
373 442
373 4
4 632
183 632
347 721 478 67 453 163 152 649 
347 721
478 721
67 347
453 347
163 721
152 721
649 347
184 543 491 474 497 135 208 93 274 125 
184 543
491 543
474 184
497 184
135 497
208 184
93 543
274 491
125 274
279 402 460 341 
402 460
402 341
279 341
117 342 604 88 157 779 217 167 679 
117 342
604 342
88 342
157 88
779 88
217 779
167 117
679 88
385 468 646 451 
385 451
468 646
468 451
415 593 
415 593
611 
150 369 
150 369
248 786 22 592 581 142 
248 786
22 248
592 248
581 786
142 22
567 
120 289 602 623 
602 623
120 602
120 289
165 410 687 313 698 232 
165 410
687 165
313 165
698 165
232 410
351 654 128 
351 654
351 128
629 772 773 
629 772
629 773
691 789 511 449 753 434 
691 789
511 691
449 789
753 691
434 691
659 776 508 626 419 176 134 28 
659 776
508 659
626 659
419 508
176 419
134 776
28 508
564 
540 
584 594 613 84 71 
594 613
584 71
584 84
584 613
265 473 
265 473
97 269 524 726 
524 726
97 269
97 524
211 793 455 50 534 
793 50
211 455
793 455
211 534
394 438 412 85 271 295 784 130 610 191 495 192 
394 438
412 394
85 438
271 394
295 438
784 85
130 438
610 85
191 412
495 784
192 495
605 612 343 283 393 8 730 
605 612
343 612
283 612
393 612
8 343
730 343
519 
336 757 
336 757
518 
505 
401 436 738 345 
436 345
436 738
401 345
54 187 673 641 368 
187 673
54 673
187 641
187 368
484 
348 609 43 643 
609 43
348 643
43 643
466 
666 675 
666 675
56 257 69 731 421 560 225 205 233 
56 257
69 56
731 56
421 69
560 257
225 731
205 257
233 225
707 761 480 247 796 37 
707 761
480 761
247 707
796 480
37 707
423 
13 635 53 
635 53
13 635
160 181 422 565 739 331 579 255 242 
160 181
422 160
565 160
739 181
331 422
579 181
255 181
242 565
529 587 
529 587
596 702 640 209 624 563 
596 702
640 702
209 640
624 209
563 596
375 
323 384 322 783 
323 322
323 384
323 783
333 799 
333 799
228 715 390 501 399 
715 501
715 390
390 399
228 399
504 622 535 459 329 78 
504 622
535 504
459 535
329 622
78 459
36 729 360 554 722 220 190 202 
36 729
360 729
554 360
722 36
220 554
190 729
202 722
158 782 320 
782 320
158 782
321 
310 
244 447 148 254 450 407 146 
244 447
148 244
254 447
450 254
407 450
146 447
89 288 201 
288 201
89 201
106 618 
106 618
599 608 203 680 153 
203 153
599 203
680 153
608 153
175 300 340 353 371 406 270 429 545 
175 300
340 300
353 175
371 353
406 300
270 353
429 270
545 406
349 417 798 527 688 332 765 747 90 352 330 
349 417
798 349
527 349
688 527
332 688
765 798
747 688
90 747
352 747
330 417
47 400 298 159 684 
47 400
400 159
47 684
47 298
58 314 432 682 
314 432
314 682
58 432
108 709 7 173 149 648 25 114 482 155 319 213 327 145 657 12 515 186 285 222 701 
108 709
7 709
173 709
149 7
648 149
25 7
114 108
482 108
155 108
319 648
213 709
327 149
145 149
657 25
12 114
515 12
186 12
285 145
222 285
701 12
156 207 699 743 
156 207
156 699
156 743
77 710 70 703 652 790 299 748 489 49 708 767 305 589 154 542 762 195 637 237 
77 710
70 710
703 77
652 77
790 710
299 710
748 710
489 70
49 710
708 652
767 790
305 489
589 70
154 70
542 305
762 70
195 49
637 589
237 305
617 734 253 
734 253
617 734
308 
306 
430 742 15 725 746 
430 742
742 15
15 725
15 746
472 551 376 636 212 92 168 471 792 126 118 732 113 454 0 260 
472 551
376 551
636 551
212 472
92 376
168 92
471 376
792 212
126 376
118 126
732 376
113 118
454 792
0 92
260 454
256 663 408 297 
663 297
663 408
256 297
262 616 
262 616
23 492 109 278 470 795 689 
23 492
109 492
278 23
470 109
795 492
689 278
601 770 41 685 259 27 
601 770
41 601
685 41
259 601
27 685
210 585 389 463 502 
585 502
210 389
389 463
210 585
189 335 74 718 33 716 
189 335
74 189
718 335
33 189
716 718
520 653 531 346 52 
520 653
653 52
346 52
653 531
263 660 572 586 
572 586
263 660
263 586
281 
238 
80 580 326 723 
80 580
80 723
326 723
138 337 
138 337
180 749 758 
180 749
749 758
83 171 583 655 280 
83 171
583 280
171 655
171 280
116 129 547 
116 129
116 547
246 488 251 674 787 
246 251
488 787
488 251
251 674
509 644 386 452 
644 386
509 644
386 452
144 276 574 
144 574
276 574
35 656 344 760 712 
656 760
656 344
35 344
344 712
194 229 
194 229
334 462 
334 462
603 658 
603 658
199 
568 578 
568 578
66 112 
66 112
197 
577 756 1 481 607 
756 1
756 481
577 756
577 607
111 714 218 546 558 794 457 354 414 631 
111 714
218 714
546 714
558 714
794 111
457 558
354 111
414 111
631 546
496 575 456 697 
575 456
496 575
456 697
267 411 490 549 24 309 664 552 204 72 754 669 483 705 166 475 39 781 
267 411
490 267
549 411
24 411
309 549
664 490
552 549
204 490
72 267
754 664
669 204
483 549
705 664
166 664
475 483
39 664
781 490
362 364 797 606 110 
797 110
362 364
364 797
362 606
264 458 18 
264 18
264 458
174 261 595 533 431 582 296 
174 261
595 174
533 174
431 174
582 595
296 261
9 317 728 57 528 
9 728
9 317
728 528
9 57
304 751 670 196 444 42 513 350 
304 751
670 304
196 304
444 751
42 196
513 751
350 670
230 324 498 372 532 380 668 55 34 48 
230 324
498 230
372 230
532 230
380 324
668 498
55 324
34 372
48 498
95 445 287 311 103 420 566 219 
95 445
287 445
311 445
103 311
420 311
566 103
219 566
377 379 639 51 464 627 
377 379
639 379
51 639
464 379
627 51
392 573 104 404 555 250 198 243 223 
392 573
104 392
404 104
555 392
250 573
198 250
243 392
223 573
499 671 358 741 294 576 788 662 147 494 
499 671
358 499
741 358
294 671
576 358
788 499
662 358
147 294
494 499
87 755 16 286 214 82 258 711 396 439 
87 755
16 755
286 87
214 755
82 16
258 286
711 214
396 711
439 16
544 570 
544 570
227 774 
227 774
169 446 667 221 
169 446
446 221
446 667
185 
506 690 241 140 188 
241 140
690 140
506 188
241 188
17 224 628 30 356 733 178 
17 224
628 224
30 628
356 224
733 224
178 224
177 
477 764 562 328 530 388 365 600 503 424 239 
477 764
562 764
328 764
530 477
388 764
365 477
600 764
503 365
424 477
239 328
45 553 387 428 614 
45 428
45 553
428 614
387 614
252 717 426 338 293 26 101 6 
252 717
426 717
338 717
293 426
26 252
101 252
6 293
121 
391 398 550 500 29 3 273 339 357 780 
391 398
550 398
500 391
29 550
3 391
273 29
339 550
357 500
780 357
44 621 740 46 569 315 139 571 625 302 182 791 661 
44 621
740 44
46 44
569 621
315 740
139 621
571 740
625 46
302 569
182 571
791 740
661 569
107 590 86 642 172 588 249 425 634 777 292 556 
107 590
86 107
642 590
172 642
588 107
249 86
425 107
634 642
777 590
292 777
556 588
81 
65 
235 440 397 713 548 193 416 
235 440
397 440
713 397
548 235
193 397
416 548
123 234 5 559 115 236 383 
123 234
5 123
559 234
115 559
236 123
383 115
62 
99 771 381 122 282 437 284 
99 771
381 771
122 771
282 771
437 282
284 99
61 
526 615 591 461 200 523 131 38 170 325 79 485 59 
526 615
591 526
461 615
200 615
523 461
131 526
38 526
170 526
325 591
79 200
485 79
59 170
31 
275 370 91 127 487 272 
275 370
91 275
127 370
487 370
272 370
11 
151 645 119 521 355 681 
151 645
119 151
521 645
355 151
681 119
10 
