? 11 15 266 253 104 193 96 140 407 604 553 726 
? 11 510 747 708 102 580 279 756 160 436 267 141 
? 11 300 357 761 57 475 470 118 437 212 581 487 
? 11 81 674 477 296 524 770 572 583 772 229 796 
? 11 146 404 623 202 645 662 348 521 457 332 220 
? 11 546 696 498 568 269 208 282 474 426 545 372 
? 11 358 507 547 491 325 42 683 173 203 249 2 
? 11 13 341 169 32 421 782 636 238 511 479 703 
? 10 419 790 47 175 52 440 681 33 283 191 
? 10 420 631 127 763 258 462 195 152 363 485 
? 10 451 621 673 251 206 134 125 444 752 502 
? 10 123 754 275 508 718 427 338 516 700 691 
? 10 382 669 223 362 413 48 785 299 61 698 
? 10 429 527 467 231 654 244 110 245 620 255 
? 9 73 302 632 402 501 222 764 132 713 
? 9 182 727 614 717 250 725 411 665 86 
? 9 367 794 554 187 290 661 101 75 56 
? 8 216 331 280 675 714 276 541 494 
? 8 303 722 590 434 509 210 499 728 
? 8 119 518 58 672 254 435 610 0 
? 8 145 582 741 454 504 769 21 647 
? 8 490 693 321 657 567 682 272 171 
? 8 179 562 540 114 653 63 316 361 
? 8 333 368 624 397 287 644 53 295 
? 8 228 297 313 753 214 138 513 641 
? 8 207 686 428 627 692 456 205 274 
? 8 600 707 743 189 242 347 745 128 
? 8 99 292 224 18 742 293 788 587 
? 8 455 563 80 783 453 716 544 430 
? 7 322 601 334 758 264 376 256 
? 7 94 370 602 639 158 704 55 
? 7 400 432 525 500 512 117 116 
? 7 612 697 168 76 771 311 448 
? 7 115 329 227 6 664 439 149 
? 7 31 45 637 346 354 24 36 
? 7 120 574 486 579 649 473 366 
? 7 35 496 589 261 379 721 417 
? 6 291 394 77 273 564 735 
? 6 219 515 178 252 16 204 
? 6 176 324 200 560 399 177 
? 6 549 551 573 687 323 328 
? 6 181 471 678 230 185 415 
? 6 246 517 41 570 597 30 
? 6 445 523 744 66 630 150 
? 6 7 542 418 724 520 556 
? 6 480 571 408 433 161 121 
? 6 29 519 593 566 163 543 
? 6 14 449 493 410 51 441 
? 6 78 606 71 308 233 685 
? 6 26 213 489 22 289 281 
? 5 136 234 613 387 19 
? 5 79 365 239 793 648 
? 5 198 315 298 578 625 
? 5 265 757 74 734 359 
? 5 339 760 680 731 25 
? 5 166 464 503 701 364 
? 5 492 595 652 594 88 
? 5 37 557 447 196 729 
? 5 607 781 162 107 615 
? 5 65 124 711 135 143 
? 5 386 774 153 344 617 
? 5 438 618 730 285 737 
? 5 100 710 797 699 431 
? 5 164 243 695 395 798 
? 5 137 312 482 259 488 
? 5 603 749 49 326 304 
? 5 109 221 194 12 184 
? 5 148 484 628 555 599 
? 4 69 151 529 388 
? 4 111 260 129 634 
? 4 481 663 635 68 
? 4 105 532 424 159 
? 4 34 318 20 320 
? 4 9 565 11 586 
? 4 236 277 588 609 
? 4 3 23 476 591 
? 4 8 779 38 626 
? 4 170 646 235 530 
? 4 463 596 27 776 
? 4 534 709 611 44 
? 4 569 720 349 309 
? 3 385 619 90 
? 3 82 393 133 
? 3 526 538 378 
? 3 658 736 706 
? 3 87 791 70 
? 3 391 605 131 
? 3 108 374 157 
? 3 144 373 409 
? 3 396 505 497 
? 3 642 755 112 
? 3 270 561 67 
? 3 383 777 4 
? 3 550 767 28 
? 3 10 442 192 
? 3 301 327 355 
? 3 139 188 165 
? 3 406 633 712 
? 3 314 330 211 
? 3 371 469 466 
? 3 398 495 232 
? 3 655 688 352 
? 3 506 748 458 
? 3 257 452 514 
? 3 226 401 172 
? 3 536 629 732 
? 3 305 461 416 
? 3 97 183 468 
? 3 155 667 263 
? 3 284 598 651 
!
284 598 651 
284 598
598 651
155 667 263 
667 263
155 263
792 
789 
786 
455 563 80 783 453 716 544 430 
455 783
716 430
455 563
80 453
544 430
455 544
80 783
13 341 169 32 421 782 636 238 511 479 703 
13 421
341 421
32 421
636 479
238 511
169 782
32 782
782 703
341 238
13 479
531 773 
531 773
97 183 468 
97 183
183 468
358 507 547 491 325 42 683 173 203 249 2 
358 507
203 2
358 547
173 2
507 491
683 173
491 325
325 203
547 42
203 249
92 197 
92 197
305 461 416 
461 416
305 416
306 780 
306 780
215 336 
215 336
768 
546 696 498 568 269 208 282 474 426 545 372 
546 568
269 208
282 474
568 269
696 498
545 372
546 498
696 545
568 426
696 282
113 733 
113 733
35 496 589 261 379 721 417 
379 417
35 496
35 589
721 417
261 721
35 261
762 
429 527 467 231 654 244 110 245 620 255 
231 620
620 255
467 245
110 245
429 527
527 244
527 467
429 231
654 110
148 484 628 555 599 
148 628
628 555
148 484
484 599
412 694 
412 694
759 
465 656 
465 656
536 629 732 
536 732
536 629
1 522 83 799 740 186 450 62 765 93 723 422 50 40 
1 522
83 522
799 1
740 1
186 522
450 1
62 450
765 522
93 186
723 186
422 799
50 723
40 93
109 221 194 12 184 
109 221
109 12
109 184
194 12
569 720 349 309 
720 349
569 720
349 309
382 669 223 362 413 48 785 299 61 698 
413 48
669 362
382 362
669 785
382 223
48 61
413 785
299 61
413 698
226 401 172 
226 401
401 172
534 709 611 44 
709 611
709 44
534 709
603 749 49 326 304 
603 749
326 304
749 304
49 326
137 312 482 259 488 
312 488
137 488
482 259
312 482
146 404 623 202 645 662 348 521 457 332 220 
146 404
457 332
202 662
348 521
645 521
404 623
623 332
623 521
645 220
404 202
257 452 514 
257 452
452 514
164 243 695 395 798 
164 243
243 798
164 395
695 798
156 766 
156 766
81 674 477 296 524 770 572 583 772 229 796 
81 674
477 229
572 796
524 229
674 296
296 770
81 524
524 572
572 772
583 796
300 357 761 57 475 470 118 437 212 581 487 
470 581
300 761
761 470
300 357
357 212
300 57
57 475
57 118
475 437
437 487
123 754 275 508 718 427 338 516 700 691 
123 754
123 700
754 691
718 338
718 427
508 691
123 338
275 700
718 516
751 
506 748 458 
506 458
506 748
100 710 797 699 431 
100 797
710 699
100 710
797 431
438 618 730 285 737 
730 285
438 737
618 730
438 618
463 596 27 776 
596 27
596 776
463 27
746 
99 292 224 18 742 293 788 587 
292 742
224 293
292 788
742 293
99 788
18 587
99 18
451 621 673 251 206 134 125 444 752 502 
451 444
251 125
621 444
251 444
206 502
206 752
621 134
451 206
673 125
537 660 142 715 478 286 576 247 147 307 787 85 375 351 377 784 84 558 608 650 317 446 130 337 539 288 775 483 384 
537 660
142 660
715 537
478 537
286 715
576 478
247 537
147 286
307 660
787 478
85 787
375 576
351 660
377 576
784 478
84 247
558 307
608 377
650 787
317 608
446 558
130 558
337 377
539 130
288 375
775 307
483 130
384 288
386 774 153 344 617 
774 617
386 153
386 774
153 344
719 
705 
26 213 489 22 289 281 
26 213
26 489
26 289
213 22
489 281
392 472 
392 472
689 
89 750 
89 750
65 124 711 135 143 
65 124
65 135
711 143
711 135
600 707 743 189 242 347 745 128 
242 347
189 745
600 707
600 189
600 347
707 743
189 128
655 688 352 
688 352
655 688
671 
666 
106 616 
106 616
622 
78 606 71 308 233 685 
78 233
78 606
71 233
71 308
233 685
398 495 232 
495 232
398 495
59 690 
59 690
207 686 428 627 692 456 205 274 
686 692
207 627
207 692
428 627
627 274
686 205
692 456
170 646 235 530 
170 646
170 530
170 235
592 
607 781 162 107 615 
781 162
781 615
607 615
607 107
585 778 
585 778
371 469 466 
469 466
371 466
120 574 486 579 649 473 366 
649 473
120 649
120 574
574 486
574 579
486 366
548 
14 449 493 410 51 441 
493 441
14 441
14 410
14 449
51 441
271 423 
271 423
29 519 593 566 163 543 
29 593
519 543
593 163
593 566
29 519
8 779 38 626 
8 779
8 38
779 626
528 
443 
314 330 211 
314 330
330 211
480 571 408 433 161 121 
433 161
408 161
480 408
571 121
433 121
414 
340 425 795 640 218 739 95 559 350 670 584 167 98 
340 425
795 425
640 425
218 640
739 795
95 425
559 640
350 340
670 795
584 739
167 670
98 584
228 297 313 753 214 138 513 641 
313 513
297 641
228 138
313 641
228 214
753 641
138 513
7 542 418 724 520 556 
418 724
7 418
724 520
7 542
542 556
445 523 744 66 630 150 
66 630
445 523
523 630
523 744
445 150
333 368 624 397 287 644 53 295 
333 368
644 53
368 287
287 644
368 397
368 624
644 295
37 557 447 196 729 
37 447
196 729
37 557
447 729
492 595 652 594 88 
492 652
492 594
492 595
652 88
420 631 127 763 258 462 195 152 363 485 
195 485
420 127
631 195
420 195
462 363
258 152
631 363
127 258
763 485
179 562 540 114 653 63 316 361 
179 114
562 361
540 63
562 114
179 540
562 653
63 316
3 23 476 591 
3 23
23 476
476 591
236 277 588 609 
277 588
236 588
236 609
319 343 
319 343
403 
390 
9 565 11 586 
565 11
9 586
9 565
490 693 321 657 567 682 272 171 
693 171
490 693
567 682
321 567
321 171
693 657
657 272
34 318 20 320 
34 318
318 320
34 20
190 217 
190 217
31 45 637 346 354 24 36 
637 346
31 637
31 45
354 24
31 36
45 354
246 517 41 570 597 30 
41 30
246 517
41 570
517 597
246 41
406 633 712 
633 712
406 633
367 794 554 187 290 661 101 75 56 
367 794
367 661
794 290
661 75
661 101
187 101
554 187
290 56
139 188 165 
139 188
188 165
342 676 
342 676
180 702 668 54 237 577 262 684 240 677 638 460 
180 702
668 702
54 180
237 702
577 668
262 702
684 668
240 180
677 702
638 180
460 577
301 327 355 
301 355
301 327
115 329 227 6 664 439 149 
115 329
227 664
115 227
227 6
664 439
439 149
182 727 614 717 250 725 411 665 86 
727 614
250 86
182 727
182 250
614 717
182 725
717 665
411 86
10 442 192 
10 192
10 442
166 464 503 701 364 
503 701
166 503
166 464
503 364
46 91 
46 91
105 532 424 159 
532 159
105 424
105 532
145 582 741 454 504 769 21 647 
145 582
504 21
454 21
769 647
582 504
145 769
741 647
389 
419 790 47 175 52 440 681 33 283 191 
790 47
33 283
419 47
419 175
419 52
175 283
681 283
790 440
440 191
381 
339 760 680 731 25 
760 731
680 25
339 760
760 680
181 471 678 230 185 415 
230 185
181 185
181 471
678 415
471 678
119 518 58 672 254 435 610 0 
672 0
58 435
119 672
58 254
119 254
518 58
518 610
549 551 573 687 323 328 
551 328
573 323
687 323
551 573
549 328
380 
360 
356 
550 767 28 
550 767
767 28
265 757 74 734 359 
757 734
265 74
757 74
74 359
353 
345 
248 
241 
369 659 
369 659
383 777 4 
383 4
777 4
225 
209 
270 561 67 
561 67
270 67
612 697 168 76 771 311 448 
168 311
168 771
612 697
76 771
612 771
612 448
73 302 632 402 501 222 764 132 713 
302 632
73 222
501 713
73 302
764 713
302 402
764 132
222 132
510 747 708 102 580 279 756 160 436 267 141 
756 436
510 102
510 747
756 160
510 580
102 279
580 267
580 160
279 141
708 102
642 755 112 
642 755
755 112
643 738 
643 738
396 505 497 
396 505
505 497
144 373 409 
144 373
144 409
278 335 
278 335
176 324 200 560 399 177 
200 399
560 177
176 324
176 200
324 560
400 432 525 500 512 117 116 
400 432
400 500
525 500
400 116
400 117
512 116
198 315 298 578 625 
198 298
315 578
198 315
298 625
108 374 157 
108 374
108 157
199 
174 
405 535 
405 535
481 663 635 68 
481 68
663 635
481 663
219 515 178 252 16 204 
16 204
515 252
219 204
219 515
219 178
126 
94 370 602 639 158 704 55 
94 602
370 602
94 158
370 639
602 55
639 704
64 294 
64 294
391 605 131 
391 605
391 131
122 
201 575 
201 575
103 
60 
72 552 
72 552
87 791 70 
791 70
87 791
658 736 706 
736 706
658 736
303 722 590 434 509 210 499 728 
509 499
303 722
210 499
303 210
722 728
722 590
434 728
43 
216 331 280 675 714 276 541 494 
216 331
331 675
216 280
675 276
280 541
331 494
714 541
39 
322 601 334 758 264 376 256 
322 256
601 256
601 758
322 264
334 758
758 376
459 679 
459 679
526 538 378 
526 538
526 378
111 260 129 634 
111 634
111 260
129 634
82 393 133 
82 133
82 393
17 
291 394 77 273 564 735 
291 394
394 77
564 735
291 564
273 564
79 365 239 793 648 
239 648
79 365
365 239
793 648
15 266 253 104 193 96 140 407 604 553 726 
266 253
96 553
266 104
96 407
15 266
253 604
140 726
104 193
193 407
15 726
69 151 529 388 
529 388
69 151
69 529
154 310 
154 310
136 234 613 387 19 
234 613
387 19
136 234
234 387
385 619 90 
385 90
619 90
5 
268 533 
268 533
