? 11 15 266 253 104 577 96 193 553 726 159 240 
? 11 180 702 668 54 262 237 684 677 638 460 685 
? 11 510 747 708 730 436 520 285 610 724 251 119 
? 11 358 507 547 796 491 572 772 325 524 229 735 
? 11 182 727 614 250 717 411 497 725 665 106 86 
? 11 470 624 333 368 581 212 644 761 397 300 357 
? 11 146 404 202 623 645 662 457 348 220 521 332 
? 11 179 562 584 98 540 653 361 63 114 316 174 
? 10 382 669 362 223 413 61 48 785 691 484 
? 10 546 696 498 568 474 269 769 208 528 426 
? 10 13 341 169 192 238 782 421 32 10 511 
? 10 81 674 477 296 770 583 249 233 78 71 
? 10 21 504 626 582 356 8 145 741 779 454 
? 10 400 525 432 500 440 774 386 117 389 116 
? 9 490 693 321 682 567 171 657 272 261 
? 9 420 631 127 763 462 485 195 258 152 
? 9 455 563 80 587 788 453 748 544 716 
? 8 110 245 467 124 135 483 429 527 
? 8 451 621 134 444 206 673 141 752 
? 8 6 764 227 115 132 777 402 713 
? 8 31 45 346 637 667 690 24 354 
? 8 228 297 313 753 214 138 513 720 
? 8 265 757 635 74 734 481 663 309 
? 8 448 561 434 283 67 681 419 154 
? 8 130 446 558 539 642 403 414 654 
? 8 303 722 509 210 499 590 728 486 
? 8 164 243 242 695 786 395 798 707 
? 8 94 370 602 639 703 479 55 158 
? 8 600 743 189 347 46 128 745 629 
? 7 290 367 794 661 554 384 56 
? 7 438 618 781 607 162 107 615 
? 7 53 295 551 287 118 549 28 
? 7 120 574 473 156 649 579 185 
? 7 9 44 586 565 611 76 60 
? 7 173 203 606 2 308 447 37 
? 7 476 494 3 23 216 280 305 
? 7 70 427 555 87 123 338 184 
? 6 334 758 322 634 376 601 
? 6 612 697 168 771 33 175 
? 6 77 394 291 42 273 666 
? 6 7 542 678 418 0 230 
? 6 73 302 632 222 501 664 
? 6 595 687 492 323 573 328 
? 6 706 711 658 126 736 65 
? 6 29 519 566 593 72 543 
? 6 69 399 176 388 200 529 
? 6 75 628 148 698 194 101 
? 6 557 683 729 196 598 407 
? 6 136 234 613 387 345 318 
? 6 181 471 415 410 556 701 
? 5 99 292 18 742 224 
? 5 496 589 35 379 737 
? 5 207 686 428 627 274 
? 5 137 488 312 482 731 
? 5 14 449 493 597 441 
? 5 187 744 108 523 445 
? 5 166 464 503 398 495 
? 5 324 363 560 371 466 
? 5 417 620 231 755 721 
? 5 219 515 178 252 16 
? 5 100 710 699 797 257 
? 5 364 526 232 51 538 
? 5 480 571 408 373 121 
? 5 90 385 619 390 570 
? 5 239 365 793 391 648 
? 5 109 221 548 276 12 
? 5 339 760 487 25 306 
? 5 30 603 749 304 326 
? 4 331 675 714 541 
? 4 41 246 517 766 
? 4 38 66 282 630 
? 4 47 790 310 191 
? 4 105 424 532 330 
? 4 213 489 26 281 
? 4 508 754 275 718 
? 4 205 456 512 751 
? 4 430 439 329 688 
? 4 140 314 5 22 
? 4 82 732 393 762 
? 4 84 374 150 650 
? 4 352 655 294 383 
? 3 550 594 676 
? 3 235 646 336 
? 3 27 596 463 
? 3 236 277 588 
? 3 111 260 129 
? 3 458 591 472 
? 3 103 301 97 
? 3 88 767 652 
? 3 406 633 244 
? 3 91 599 89 
? 3 536 750 161 
? 3 188 248 366 
? 3 378 465 609 
? 3 11 534 709 
? 3 293 452 289 
? 3 475 671 437 
? 3 442 514 636 
? 3 157 217 190 
? 3 34 153 144 
? 3 443 505 689 
? 3 204 694 268 
? 3 423 672 435 
? 3 19 259 241 
? 3 256 264 502 
? 3 177 469 163 
? 3 349 641 49 
? 3 131 616 215 
? 3 201 211 431 
? 3 416 531 149 
!
416 531 149 
416 531
416 149
201 211 431 
201 211
201 431
792 
789 
780 
600 743 189 347 46 128 745 629 
189 745
600 46
600 189
600 347
743 46
189 128
743 629
179 562 584 98 540 653 361 63 114 316 174 
584 114
179 584
179 98
562 361
540 63
562 114
98 540
562 653
540 174
63 316
392 759 
392 759
131 616 215 
131 215
616 215
146 404 202 623 645 662 457 348 220 521 332 
146 404
457 332
202 662
348 521
645 521
404 623
623 332
623 521
645 220
404 202
122 569 
122 569
349 641 49 
349 49
349 641
344 381 
344 381
4 64 
4 64
778 
470 624 333 368 581 212 644 761 397 300 357 
624 581
470 397
333 368
368 397
761 397
368 581
644 761
761 300
300 357
212 357
461 773 
461 773
70 427 555 87 123 338 184 
555 87
427 338
123 338
70 427
70 87
338 184
775 
400 525 432 500 440 774 386 117 389 116 
440 389
400 432
400 500
525 500
400 116
525 440
400 117
525 774
432 386
30 603 749 304 326 
30 603
603 749
304 326
749 304
360 647 
360 647
719 
643 738 
643 738
177 469 163 
177 469
469 163
537 660 576 247 478 142 286 715 147 787 85 351 307 377 
537 660
576 660
247 537
478 247
142 660
286 660
715 660
147 286
787 478
85 787
351 478
307 576
377 307
339 760 487 25 306 
760 487
339 487
25 306
760 306
352 655 294 383 
294 383
655 294
352 383
21 504 626 582 356 8 145 741 779 454 
8 779
582 145
21 504
504 779
504 356
21 454
504 582
21 626
145 741
256 264 502 
256 264
264 502
84 374 150 650 
84 150
374 650
84 374
109 221 548 276 12 
109 221
109 12
221 548
221 276
239 365 793 391 648 
239 648
239 365
793 648
365 391
182 727 614 250 717 411 497 725 665 106 86 
727 614
250 86
250 497
182 497
182 727
717 106
614 717
182 725
717 665
411 86
19 259 241 
259 241
19 241
90 385 619 390 570 
390 570
90 385
619 570
385 570
57 552 
57 552
358 507 547 796 491 572 772 325 524 229 735 
358 507
796 572
524 229
572 524
358 547
507 491
572 772
325 229
547 772
796 735
510 747 708 730 436 520 285 610 724 251 119 
436 610
436 520
510 747
730 285
436 724
708 730
610 119
747 708
510 520
285 251
81 674 477 296 770 583 249 233 78 71 
81 674
249 233
674 78
674 296
296 770
81 477
233 78
233 71
770 583
704 
423 672 435 
672 435
423 672
480 571 408 373 121 
480 373
480 408
571 121
480 571
364 526 232 51 538 
526 232
364 526
232 538
232 51
82 732 393 762 
393 762
82 732
82 762
680 
94 370 602 639 703 479 55 158 
94 602
370 602
94 158
370 639
639 703
602 55
479 55
13 341 169 192 238 782 421 32 10 511 
13 421
341 421
192 421
192 32
192 782
238 511
13 10
169 782
341 238
1 522 83 799 450 765 740 186 580 40 733 422 723 93 160 62 50 172 139 401 267 58 254 226 518 756 79 102 279 
1 522
83 522
799 522
450 522
765 1
740 522
186 522
580 522
40 186
733 186
422 450
723 740
93 186
160 799
62 799
50 723
172 93
139 93
401 186
267 172
58 267
254 58
226 58
518 58
756 160
79 50
102 580
279 756
100 710 699 797 257 
100 797
710 699
100 710
797 257
656 
622 
181 471 415 410 556 701 
181 471
556 701
415 701
471 556
181 410
516 791 
516 791
605 
52 617 
52 617
219 515 178 252 16 
515 252
219 16
219 515
219 178
164 243 242 695 786 395 798 707 
242 707
164 242
695 786
164 243
786 798
243 798
395 707
204 694 268 
204 694
694 268
592 
575 
335 530 
335 530
545 
136 234 613 387 345 318 
234 613
136 234
387 345
234 387
613 318
443 505 689 
443 505
505 689
604 651 
604 651
303 722 509 210 499 590 728 486 
509 499
303 722
210 499
303 210
722 728
722 590
509 486
140 314 5 22 
140 5
314 5
140 22
535 
417 620 231 755 721 
620 231
417 620
620 721
231 755
112 255 
112 255
34 153 144 
34 153
153 144
476 494 3 23 216 280 305 
476 494
216 305
216 280
3 23
494 23
476 305
506 
557 683 729 196 598 407 
729 196
557 683
598 407
557 598
729 407
92 705 
92 705
75 628 148 698 194 101 
75 148
628 148
75 194
75 101
698 194
430 439 329 688 
430 439
329 688
439 329
459 
433 
157 217 190 
217 190
157 217
69 399 176 388 200 529 
388 529
69 200
399 529
399 200
176 200
405 
317 608 625 784 337 375 298 315 343 578 712 198 288 
317 608
625 317
784 317
337 608
375 608
298 625
315 298
343 298
578 315
712 337
198 315
288 784
130 446 558 539 642 403 414 654 
130 414
539 642
130 446
539 654
446 558
130 403
558 654
29 519 566 593 72 543 
29 593
519 543
566 593
29 519
519 72
706 711 658 126 736 65 
706 736
711 126
711 65
706 126
658 736
448 561 434 283 67 681 419 154 
448 561
561 154
434 67
283 681
448 434
283 419
448 419
324 363 560 371 466 
324 371
560 466
560 371
324 363
166 464 503 398 495 
503 398
166 503
503 495
166 464
546 696 498 568 474 269 769 208 528 426 
546 568
269 208
568 269
696 498
546 498
208 528
568 426
769 528
696 474
265 757 635 74 734 481 663 309 
757 734
265 74
757 635
265 309
757 309
635 663
481 663
205 456 512 751 
456 751
205 512
205 751
508 754 275 718 
508 754
754 718
754 275
299 409 
299 409
396 
372 
213 489 26 281 
213 26
489 26
489 281
228 297 313 753 214 138 513 720 
313 513
228 138
228 214
297 313
138 513
297 753
313 720
105 424 532 330 
105 424
105 532
532 330
17 783 
17 783
173 203 606 2 308 447 37 
203 2
447 37
173 37
173 2
308 447
203 606
595 687 492 323 573 328 
323 573
687 323
595 687
573 328
595 492
442 514 636 
442 514
442 636
455 563 80 587 788 453 748 544 716 
563 748
455 563
80 453
587 748
455 544
544 716
455 80
587 788
475 671 437 
475 437
671 437
412 533 
412 533
340 425 795 218 95 640 739 559 768 564 670 167 
340 425
795 425
218 795
95 425
640 218
739 218
559 640
768 425
564 340
670 795
167 670
293 452 289 
452 289
293 452
9 44 586 565 611 76 60 
9 76
586 60
586 76
44 565
44 76
565 611
420 631 127 763 462 485 195 258 152 
485 195
420 127
631 195
420 195
258 152
127 258
763 485
631 462
11 534 709 
11 534
11 709
187 744 108 523 445 
523 445
187 744
744 108
744 523
311 585 
311 585
47 790 310 191 
47 790
790 310
790 191
31 45 346 637 667 690 24 354 
31 690
346 637
45 690
31 637
31 667
24 354
45 354
353 
382 669 362 223 413 61 48 785 691 484 
413 48
669 362
785 484
382 362
669 785
382 223
61 48
413 785
223 691
350 
14 449 493 597 441 
493 441
14 441
449 597
14 597
73 302 632 222 501 664 
302 632
73 222
73 302
501 664
73 501
6 764 227 115 132 777 402 713 
777 713
6 132
764 713
227 132
227 115
764 132
777 402
7 542 678 418 0 230 
7 418
542 678
7 542
0 230
418 0
342 
320 
319 
378 465 609 
378 465
465 609
137 488 312 482 731 
488 312
137 488
312 482
137 731
284 
271 
270 
225 
327 468 
327 468
188 248 366 
188 366
248 366
209 
199 
536 750 161 
536 161
536 750
120 574 473 156 649 579 185 
156 185
473 649
120 649
120 156
579 185
120 574
490 693 321 682 567 171 657 272 261 
693 171
682 261
567 261
490 693
321 567
321 171
693 657
657 272
180 702 668 54 262 237 684 677 638 460 685 
54 638
237 460
180 702
180 460
668 684
702 668
54 262
702 638
684 685
237 677
91 599 89 
91 89
91 599
692 776 
692 776
406 633 244 
406 244
406 633
88 767 652 
767 652
88 652
679 700 
679 700
77 394 291 42 273 666 
394 291
77 394
291 42
273 666
394 273
53 295 551 287 118 549 28 
295 28
118 549
53 287
551 549
551 28
53 28
207 686 428 627 274 
207 627
686 627
428 627
627 274
103 301 97 
103 301
301 97
197 
165 
143 380 
143 380
38 66 282 630 
38 66
38 282
66 630
612 697 168 771 33 175 
168 771
697 33
612 697
612 771
612 175
155 
438 618 781 607 162 107 615 
781 162
438 162
781 615
607 615
607 107
618 107
659 746 
659 746
458 591 472 
591 472
458 472
133 
36 263 
36 263
125 
113 
183 355 
183 355
111 260 129 
111 260
111 129
236 277 588 
277 588
236 588
451 621 134 444 206 673 141 752 
451 444
621 444
206 752
621 134
451 206
621 141
673 141
59 
110 245 467 124 135 483 429 527 
245 483
124 135
110 483
245 467
467 124
429 527
467 527
43 
290 367 794 661 554 384 56 
367 794
367 661
290 794
290 384
384 56
367 554
170 278 
170 278
27 596 463 
27 596
27 463
41 246 517 766 
246 517
41 246
41 766
235 646 336 
646 336
235 646
39 
334 758 322 634 376 601 
758 601
322 601
334 758
758 376
334 634
496 589 35 379 737 
496 35
589 35
35 379
589 737
15 266 253 104 577 96 193 553 726 159 240 
266 253
96 553
266 104
15 266
253 577
726 159
104 193
577 553
15 159
577 240
331 675 714 541 
331 675
714 541
331 541
68 359 
68 359
99 292 18 742 224 
292 742
99 18
742 224
99 292
550 594 676 
550 594
550 676
20 
151 369 
151 369
