? 11 303 722 590 509 210 434 499 728 405 448 778 
? 11 180 702 668 54 577 684 237 638 677 460 262 
? 11 470 624 333 397 368 581 644 761 300 212 57 
? 11 358 507 547 796 491 772 572 325 524 229 477 
? 11 429 527 467 110 245 755 244 231 654 255 65 
? 11 510 747 708 436 251 730 267 610 141 724 435 
? 11 182 727 614 717 250 725 86 411 616 665 106 
? 11 15 266 253 104 193 553 96 159 651 598 532 
? 10 146 404 623 202 645 662 348 521 457 332 
? 10 81 674 296 770 78 233 583 209 249 71 
? 10 546 696 498 568 208 474 282 426 269 372 
? 10 420 631 127 763 27 258 363 462 152 485 
? 10 382 669 223 413 785 362 48 61 433 70 
? 10 13 341 468 32 169 421 238 703 782 511 
? 9 130 558 446 483 414 539 642 112 319 
? 9 228 297 313 214 138 753 513 641 720 
? 9 455 563 80 587 748 788 716 453 783 
? 8 21 504 356 582 626 145 741 454 
? 8 73 402 302 632 6 222 764 132 
? 8 207 686 428 611 274 205 692 627 
? 8 322 601 758 264 334 682 256 376 
? 8 451 621 134 673 444 206 170 235 
? 8 471 678 181 415 230 185 0 418 
? 8 490 693 321 171 567 657 272 261 
? 8 136 234 387 613 345 195 318 144 
? 8 316 666 63 178 219 562 179 114 
? 8 600 707 242 347 743 745 189 46 
? 8 291 394 77 42 564 174 167 735 
? 8 216 280 331 675 639 714 494 3 
? 7 400 525 432 500 353 440 116 
? 7 115 227 329 352 688 64 664 
? 7 595 687 594 323 573 492 328 
? 7 94 370 602 158 55 514 759 
? 7 128 571 480 121 89 161 408 
? 7 120 574 156 649 473 486 579 
? 7 123 754 622 508 718 427 338 
? 7 549 551 550 295 543 53 177 
? 6 119 672 556 520 423 542 
? 6 173 203 196 683 447 308 
? 6 367 794 187 290 75 661 
? 6 31 45 637 346 76 9 
? 6 137 312 488 482 566 97 
? 6 66 779 8 38 445 523 
? 6 419 790 175 47 681 561 
? 6 612 697 168 311 283 771 
? 6 30 220 603 749 246 517 
? 6 14 449 597 51 441 410 
? 6 224 292 99 742 18 293 
? 6 265 757 481 74 635 359 
? 6 176 200 324 399 69 560 
? 5 706 711 124 658 736 
? 5 100 710 797 699 636 
? 5 386 774 153 751 512 
? 5 166 464 503 701 398 
? 5 35 496 589 379 721 
? 5 540 584 361 653 515 
? 5 37 557 729 2 284 
? 5 365 793 239 391 648 
? 5 105 424 330 281 22 
? 5 417 620 92 705 197 
? 5 29 519 72 163 593 
? 5 164 243 798 395 750 
? 5 309 734 569 122 326 
? 5 339 760 487 731 201 
? 5 140 314 726 592 5 
? 5 148 484 628 599 91 
? 5 430 439 149 23 544 
? 5 10 479 442 192 680 
? 4 378 465 526 236 
? 4 36 565 44 60 
? 4 388 596 709 151 
? 4 26 213 489 289 
? 4 385 690 90 619 
? 4 357 475 552 437 
? 4 87 516 184 700 
? 4 157 374 84 744 
? 4 109 221 194 12 
? 4 16 204 694 533 
? 4 588 609 277 538 
? 4 129 633 111 336 
? 4 107 607 162 781 
? 3 19 679 259 
? 3 4 294 501 
? 3 117 133 82 
? 3 438 618 615 
? 3 305 476 591 
? 3 11 586 369 
? 3 276 461 541 
? 3 188 271 165 
? 3 545 769 630 
? 3 342 685 767 
? 3 28 652 88 
? 3 41 570 304 
? 3 443 505 497 
? 3 459 691 275 
? 3 232 364 493 
? 3 154 310 225 
? 3 354 390 59 
? 3 536 629 789 
? 3 260 502 752 
? 3 190 650 108 
? 3 301 327 103 
? 3 257 452 431 
? 3 655 777 383 
? 3 530 646 335 
? 3 719 791 555 
? 3 344 381 34 
? 3 604 606 407 
? 3 126 406 135 
? 3 472 531 704 
!
472 531 704 
472 531
531 704
126 406 135 
406 135
126 135
792 
780 
775 
216 280 331 675 639 714 494 3 
216 331
331 675
216 280
639 3
280 639
331 494
216 714
15 266 253 104 193 553 96 159 651 598 532 
266 253
553 96
266 104
159 532
15 266
96 651
104 193
193 598
15 159
193 96
191 617 
191 617
604 606 407 
606 407
604 407
182 727 614 717 250 725 86 411 616 665 106 
727 614
250 86
182 727
717 106
182 250
614 717
182 725
616 106
717 665
86 411
605 689 
605 689
344 381 34 
381 34
344 34
67 270 
67 270
150 217 
150 217
773 
510 747 708 436 251 730 267 610 141 724 435 
436 610
510 747
251 141
436 724
267 435
708 730
747 708
267 610
510 267
708 251
392 506 
392 506
549 551 550 295 543 53 177 
543 177
549 177
549 551
551 295
295 53
550 295
768 
13 341 468 32 169 421 238 703 782 511 
13 421
341 421
32 421
468 511
238 511
169 782
32 782
703 782
341 238
10 479 442 192 680 
10 479
10 680
479 442
192 680
495 535 
495 535
766 
366 643 
366 643
719 791 555 
791 555
719 791
537 660 478 286 715 142 351 576 247 147 787 85 307 375 
537 660
478 537
286 660
715 537
142 660
351 660
576 478
247 576
147 715
787 478
85 478
307 537
375 478
430 439 149 23 544 
430 149
149 544
439 23
430 439
107 607 162 781 
162 781
607 781
107 607
382 669 223 413 785 362 48 61 433 70 
362 70
413 48
669 362
382 362
669 785
382 223
48 61
413 785
61 433
530 646 335 
530 646
646 335
129 633 111 336 
129 633
129 111
111 336
148 484 628 599 91 
148 628
484 91
148 484
599 91
140 314 726 592 5 
726 5
140 5
314 726
140 592
429 527 467 110 245 755 244 231 654 255 65 
755 654
467 245
110 245
429 527
467 65
527 244
231 255
527 467
429 231
110 654
655 777 383 
777 383
655 777
339 760 487 731 201 
760 487
487 731
339 487
339 201
252 268 
252 268
358 507 547 796 491 772 572 325 524 229 477 
358 507
229 477
796 572
524 229
572 524
358 547
507 491
772 572
325 477
547 772
470 624 333 397 368 581 644 761 300 212 57 
624 581
470 397
333 368
397 368
397 761
368 581
644 761
761 300
624 212
300 57
420 631 127 763 27 258 363 462 152 485 
420 127
27 152
631 485
363 462
258 152
420 631
631 363
127 258
763 485
762 
257 452 431 
257 452
257 431
309 734 569 122 326 
569 326
309 734
734 569
122 326
164 243 798 395 750 
164 750
164 243
243 798
395 750
588 609 277 538 
588 277
609 538
277 538
738 
291 394 77 42 564 174 167 735 
291 394
394 167
394 77
77 174
564 735
564 167
291 42
546 696 498 568 208 474 282 426 269 372 
546 568
208 269
474 282
568 269
696 498
546 498
696 372
568 426
696 282
1 522 83 799 450 186 740 93 422 160 62 765 723 226 40 50 580 58 113 401 172 254 139 733 279 102 79 756 518 
1 522
83 1
799 1
450 1
186 1
740 799
93 522
422 522
160 799
62 450
765 186
723 740
226 450
40 93
50 723
580 160
58 226
113 50
401 186
172 401
254 58
139 93
733 40
279 799
102 160
79 50
756 160
518 58
29 519 72 163 593 
29 593
72 163
163 593
29 519
737 
713 
176 200 324 399 69 560 
200 69
200 399
176 200
176 324
324 560
371 466 
371 466
698 
25 306 
25 306
417 620 92 705 197 
705 197
620 197
417 620
92 705
600 707 242 347 743 745 189 46 
707 46
242 347
745 189
600 707
600 189
600 347
743 46
301 327 103 
301 103
327 103
676 
671 
101 554 
101 554
656 
265 757 481 74 635 359 
265 74
757 635
74 635
74 359
757 481
190 650 108 
650 108
190 650
24 667 
24 667
316 666 63 178 219 562 179 114 
179 114
562 114
178 219
316 666
666 63
63 179
316 178
16 204 694 533 
16 204
16 694
204 533
647 
105 424 330 281 22 
105 424
330 281
424 22
330 22
20 389 
20 389
260 502 752 
502 752
260 752
123 754 622 508 718 427 338 
123 754
718 338
718 427
123 338
754 508
622 718
634 
224 292 99 742 18 293 
292 742
224 293
742 293
99 18
292 99
131 215 
131 215
14 449 597 51 441 410 
14 441
449 597
14 597
14 410
51 441
109 221 194 12 
109 221
109 12
194 12
548 
534 
536 629 789 
629 789
536 789
30 220 603 749 246 517 
30 603
246 517
603 749
220 749
220 246
529 
317 608 784 625 377 288 578 337 315 298 712 343 198 
317 608
784 317
625 317
377 784
288 317
578 317
337 377
315 625
298 315
712 337
343 298
198 315
136 234 387 613 345 195 318 144 
234 613
136 144
136 234
387 345
234 387
613 318
195 318
612 697 168 311 283 771 
168 311
168 771
612 697
697 283
612 771
419 790 175 47 681 561 
790 47
419 175
419 47
47 561
419 681
490 693 321 171 567 657 272 261 
693 171
567 261
490 693
321 567
321 171
693 657
657 272
365 793 239 391 648 
239 648
365 239
793 648
365 391
37 557 729 2 284 
37 557
729 284
37 2
37 284
81 674 296 770 78 233 583 209 249 71 
81 674
233 249
674 78
674 296
296 770
233 209
78 209
233 71
770 583
471 678 181 415 230 185 0 418 
230 185
181 185
471 181
678 415
471 678
230 0
0 418
157 374 84 744 
157 84
374 84
157 744
87 516 184 700 
516 184
87 516
516 700
56 384 
56 384
528 
456 
357 475 552 437 
475 552
475 437
357 475
451 621 134 673 444 206 170 235 
621 170
451 444
621 444
170 235
134 170
451 206
673 235
385 690 90 619 
385 90
690 90
90 619
393 732 
393 732
120 574 156 649 473 486 579 
649 473
120 649
120 156
120 574
574 486
156 579
66 779 8 38 445 523 
66 38
779 8
445 523
66 8
66 523
354 390 59 
354 59
354 390
455 563 80 587 748 788 716 453 783 
455 783
563 748
455 563
80 453
587 748
80 783
716 783
587 788
154 310 225 
310 225
154 310
211 575 
211 575
340 425 795 218 95 739 559 640 670 350 98 273 
340 425
795 425
218 795
95 425
739 218
559 95
640 218
670 218
350 340
98 218
273 98
232 364 493 
232 364
232 493
128 571 480 121 89 161 408 
571 89
128 89
161 408
480 408
128 121
571 480
228 297 313 214 138 753 513 641 720 
313 513
297 641
228 138
313 641
228 214
753 641
138 513
313 720
459 691 275 
691 275
459 691
540 584 361 653 515 
584 361
540 584
653 515
361 515
463 776 
463 776
26 213 489 289 
26 213
26 489
26 289
322 601 758 264 334 682 256 376 
322 256
601 256
601 758
322 264
758 334
758 376
682 256
416 
146 404 623 202 645 662 348 521 457 332 
146 404
457 332
202 662
348 521
645 521
404 623
623 332
623 521
404 202
412 
35 496 589 379 721 
35 496
35 589
379 721
35 721
137 312 488 482 566 97 
312 488
482 566
137 488
312 482
137 97
207 686 428 611 274 205 692 627 
207 611
686 692
207 627
207 692
428 627
274 627
686 205
31 45 637 346 76 9 
346 9
637 346
76 9
31 637
31 45
409 
403 
396 
443 505 497 
443 505
505 497
166 464 503 701 398 
503 701
701 398
166 503
166 464
380 
360 
320 
287 
68 663 
68 663
41 570 304 
41 570
570 304
285 
278 
28 652 88 
652 88
28 652
94 370 602 158 55 514 759 
94 602
370 602
94 158
158 514
55 759
602 55
130 558 446 483 414 539 642 112 319 
130 414
539 642
130 446
483 319
558 446
539 112
112 319
483 414
180 702 668 54 577 684 237 638 677 460 262 
54 638
237 460
180 702
180 460
668 684
577 677
702 668
577 237
54 262
702 638
342 685 767 
685 767
342 685
299 373 
299 373
545 769 630 
545 630
545 769
188 271 165 
188 271
188 165
118 469 
118 469
367 794 187 290 75 661 
367 794
367 661
794 290
75 661
367 187
595 687 594 323 573 492 328 
323 573
687 323
595 687
573 328
594 492
595 492
386 774 153 751 512 
153 512
386 512
386 774
774 751
276 461 541 
276 541
276 461
248 
241 
695 786 
695 786
388 596 709 151 
388 709
388 596
388 151
173 203 196 683 447 308 
173 203
447 308
683 447
173 683
196 308
240 
115 227 329 352 688 64 664 
115 329
227 688
227 664
64 664
115 227
329 352
659 746 
659 746
11 586 369 
11 369
11 586
199 
263 585 
263 585
155 
143 
183 355 
183 355
305 476 591 
305 476
476 591
438 618 615 
438 615
438 618
73 402 302 632 6 222 764 132 
302 632
73 222
73 302
6 132
402 302
764 132
6 222
125 
21 504 356 582 626 145 741 454 
582 145
21 504
504 356
21 454
504 582
21 626
145 741
43 
400 525 432 500 353 440 116 
400 432
400 500
525 500
400 116
525 440
525 353
33 52 
33 52
117 133 82 
117 82
117 133
36 565 44 60 
565 44
36 44
44 60
4 294 501 
294 501
4 294
39 
119 672 556 520 423 542 
119 672
423 542
556 423
119 520
672 423
100 710 797 699 636 
100 797
710 699
100 710
699 636
303 722 590 509 210 434 499 728 405 448 778 
509 499
303 722
210 405
210 499
303 210
722 728
722 590
434 728
434 448
728 778
378 465 526 236 
378 465
465 236
378 526
17 458 
17 458
706 711 124 658 736 
706 736
711 124
706 711
658 736
19 679 259 
19 259
19 679
7 
49 349 
49 349
