? 11 92 705 721 231 620 379 417 682 255 527 567 
? 11 476 531 494 472 591 392 458 704 3 305 773 
? 11 99 292 224 587 788 563 158 455 479 80 94 
? 11 134 752 444 278 235 621 451 335 206 125 170 
? 11 166 464 701 503 415 678 471 398 495 418 738 
? 11 203 308 2 173 606 249 651 196 71 598 407 
? 11 239 793 365 79 605 215 50 391 530 131 723 
? 11 282 474 360 38 630 498 696 545 744 523 445 
? 10 14 449 766 441 493 51 410 535 597 232 
? 10 17 783 544 23 716 748 149 439 506 430 
? 10 342 685 233 684 78 668 88 652 767 460 
? 10 1 522 83 450 799 765 740 186 62 733 
? 10 9 60 586 44 263 76 565 346 36 534 
? 10 290 384 101 56 554 367 288 794 650 661 
? 9 426 548 528 541 276 568 461 221 331 
? 9 318 344 34 381 428 153 234 320 485 
? 9 95 340 425 795 218 640 559 350 739 
? 8 272 737 171 657 490 693 321 261 
? 8 481 635 68 757 734 309 663 359 
? 8 85 787 247 478 351 576 142 537 
? 8 126 706 658 711 406 143 712 736 
? 8 138 641 513 313 720 349 297 753 
? 8 16 268 204 533 219 694 178 515 
? 8 174 361 540 98 179 584 167 273 
? 8 303 722 155 509 728 434 210 590 
? 8 475 671 72 552 593 566 357 731 
? 8 82 393 732 116 762 117 536 629 
? 8 130 446 558 483 539 403 414 112 
? 8 176 200 363 399 258 324 792 43 
? 7 549 551 323 469 573 328 550 
? 7 512 774 617 205 751 500 386 
? 7 256 758 334 322 376 634 601 
? 7 212 761 300 57 644 470 581 
? 7 22 211 575 213 424 431 201 
? 7 20 456 686 207 627 33 611 
? 7 190 217 150 157 108 374 187 
? 7 638 702 180 262 677 240 54 
? 6 466 560 371 687 543 69 
? 6 271 649 366 473 423 254 
? 6 347 750 743 707 395 242 
? 6 623 645 404 348 220 146 
? 6 39 199 252 653 114 659 
? 6 140 159 532 592 726 314 
? 6 382 669 223 61 362 691 
? 6 603 749 332 304 30 49 
? 6 45 637 31 24 667 354 
? 6 181 185 230 643 556 0 
? 6 312 482 259 19 241 29 
? 6 274 692 463 596 152 27 
? 6 70 791 555 719 785 109 
? 5 192 421 10 32 636 
? 5 585 771 168 311 283 
? 5 26 489 281 330 339 
? 5 291 394 77 670 42 
? 5 119 518 672 58 267 
? 5 96 553 604 193 577 
? 5 216 714 675 280 639 
? 5 317 608 377 375 625 
? 5 564 735 772 547 507 
? 5 510 747 102 708 580 
? 5 198 695 786 315 298 
? 5 448 561 270 67 681 
? 5 37 447 557 683 729 
? 5 433 571 480 89 121 
? 5 189 745 91 600 46 
? 5 15 266 253 104 237 
? 5 52 175 353 419 790 
? 5 28 676 295 492 53 
? 4 136 613 345 387 
? 4 647 741 769 145 
? 4 420 631 462 127 
? 4 151 369 529 388 
? 4 236 609 277 588 
? 4 106 616 648 614 
? 4 47 191 154 310 
? 4 160 422 756 226 
? 4 163 519 118 177 
? 4 197 244 65 467 
? 4 368 397 287 333 
? 4 124 135 245 633 
? 4 520 610 724 436 
? 3 459 508 373 
? 3 182 727 717 
? 3 48 413 299 
? 3 165 225 188 
? 3 497 689 86 
? 3 41 517 246 
? 3 120 574 156 
? 3 11 709 776 
? 3 504 626 21 
? 3 260 502 111 
? 3 73 302 632 
? 3 7 542 435 
? 3 195 763 679 
? 3 454 582 777 
? 3 594 595 746 
? 3 75 628 194 
? 3 615 781 607 
? 3 400 432 525 
? 3 438 618 162 
? 3 390 619 385 
? 3 8 779 66 
? 3 389 440 133 
? 3 487 780 437 
? 3 396 443 505 
? 3 172 401 139 
? 3 63 316 666 
? 3 370 602 55 
? 3 59 690 90 
? 3 40 93 248 
!
40 93 248 
93 248
40 93
59 690 90 
59 90
59 690
798 
784 
778 
176 200 363 399 258 324 792 43 
200 43
399 43
176 363
363 324
258 792
176 43
176 792
282 474 360 38 630 498 696 545 744 523 445 
282 474
498 696
282 38
523 445
696 545
38 630
360 630
630 523
282 696
474 744
113 646 
113 646
370 602 55 
370 602
602 55
239 793 365 79 605 215 50 391 530 131 723 
79 723
79 50
365 723
239 365
365 391
239 793
239 215
215 131
605 391
793 530
251 285 
251 285
63 316 666 
316 666
63 666
358 491 
358 491
457 521 
457 521
768 
203 308 2 173 606 249 651 196 71 598 407 
203 2
308 407
2 651
651 407
2 173
308 598
203 606
203 71
249 71
308 196
703 759 
703 759
638 702 180 262 677 240 54 
638 54
702 180
702 240
262 54
638 702
180 677
755 
290 384 101 56 554 367 288 794 650 661 
367 794
367 661
554 650
290 794
101 661
384 288
367 650
290 288
384 56
28 676 295 492 53 
28 295
28 53
28 676
28 492
144 408 
144 408
730 
486 579 
486 579
172 401 139 
401 139
172 139
6 132 664 713 764 4 227 501 688 64 383 115 294 402 
6 132
664 132
713 132
764 713
4 713
227 664
501 4
688 227
64 764
383 64
115 227
294 383
402 501
52 175 353 419 790 
175 419
419 790
52 419
175 353
520 610 724 436 
610 436
520 436
724 436
9 60 586 44 263 76 565 346 36 534 
9 346
9 76
60 586
586 76
263 346
263 36
44 263
44 565
565 534
396 443 505 
396 505
443 505
124 135 245 633 
124 135
135 633
124 245
15 266 253 104 237 
266 253
266 104
15 266
253 237
189 745 91 600 46 
189 745
600 46
189 600
189 91
166 464 701 503 415 678 471 398 495 418 738 
701 503
503 415
166 415
471 738
701 398
464 678
166 678
464 471
503 495
464 418
487 780 437 
780 437
487 780
433 571 480 89 121 
571 89
433 480
571 121
433 121
208 416 
208 416
134 752 444 278 235 621 451 335 206 125 170 
621 170
444 451
235 335
444 621
752 206
235 170
134 170
451 206
621 125
752 278
99 292 224 587 788 563 158 455 479 80 94 
292 788
563 455
99 788
158 94
587 563
99 587
292 224
455 80
788 158
158 479
1 522 83 450 799 765 740 186 62 733 
1 522
1 740
740 62
765 740
522 799
186 733
83 186
83 765
83 450
665 
389 440 133 
389 440
440 133
37 447 557 683 729 
37 683
37 447
557 683
447 729
448 561 270 67 681 
448 561
67 681
448 67
270 67
368 397 287 333 
368 333
368 287
368 397
656 
130 446 558 483 539 403 414 112 
130 414
130 446
446 558
539 112
130 403
483 414
558 539
342 685 233 684 78 668 88 652 767 460 
233 88
342 684
78 88
684 668
685 767
668 460
685 652
233 652
668 652
327 511 103 301 183 468 238 355 97 25 341 338 123 13 488 306 700 516 137 87 622 754 169 275 760 184 427 718 782 
327 511
103 327
301 103
183 301
468 511
238 511
355 183
97 355
25 468
341 238
338 238
123 338
13 341
488 355
306 25
700 123
516 338
137 488
87 338
622 123
754 622
169 341
275 754
760 306
184 87
427 516
718 275
782 169
198 695 786 315 298 
198 786
198 298
786 315
695 315
642 
624 
70 791 555 719 785 109 
70 791
791 555
791 785
555 109
70 719
660 715 
660 715
570 
411 725 
411 725
510 747 102 708 580 
510 102
510 747
510 580
102 708
82 393 732 116 762 117 536 629 
393 762
732 536
116 117
82 732
82 117
82 629
762 629
8 779 66 
8 779
8 66
569 
562 
214 228 
214 228
546 
274 692 463 596 152 27 
692 463
274 27
274 152
596 27
274 463
390 619 385 
390 385
390 619
405 499 
405 499
475 671 72 552 593 566 357 731 
552 593
552 566
475 593
72 357
72 731
475 72
671 566
197 244 65 467 
65 467
244 467
197 244
538 
564 735 772 547 507 
547 507
564 735
772 547
735 772
202 662 
202 662
438 618 162 
438 162
438 618
190 217 150 157 108 374 187 
108 374
217 187
108 187
150 157
190 374
150 374
496 
312 482 259 19 241 29 
259 241
19 241
482 29
482 259
312 482
5 105 
5 105
181 185 230 643 556 0 
185 230
181 185
181 556
230 0
643 0
163 519 118 177 
118 177
519 177
163 519
484 
465 
400 432 525 
400 432
432 525
45 637 31 24 667 354 
637 31
45 31
637 667
24 354
45 354
453 
257 797 100 710 452 293 699 742 289 680 514 442 18 
257 797
100 797
710 100
452 257
293 257
699 710
742 293
289 710
680 699
514 699
442 514
18 742
303 722 155 509 728 434 210 590 
303 722
303 210
509 210
722 728
722 590
728 434
155 590
603 749 332 304 30 49 
603 30
603 749
603 332
749 304
332 49
382 669 223 61 362 691 
669 362
382 362
382 223
382 61
223 691
174 361 540 98 179 584 167 273 
584 273
179 584
98 179
361 273
540 98
174 167
174 540
317 608 377 375 625 
317 625
317 608
608 377
317 375
216 714 675 280 639 
216 280
216 675
280 639
216 714
17 783 544 23 716 748 149 439 506 430 
716 430
17 23
783 149
149 430
17 439
544 149
439 430
544 748
439 506
16 268 204 533 219 694 178 515 
16 204
268 515
204 219
16 694
219 515
219 178
533 178
160 422 756 226 
160 422
160 756
756 226
47 191 154 310 
154 310
47 154
191 310
164 243 
164 243
412 
409 
106 616 648 614 
106 648
106 616
648 614
138 641 513 313 720 349 297 753 
513 313
641 297
641 313
641 753
138 513
720 349
313 720
236 609 277 588 
277 588
236 588
236 609
378 526 
378 526
20 456 686 207 627 33 611 
207 611
20 611
456 33
207 627
686 627
456 611
140 159 532 592 726 314 
159 532
159 314
726 314
140 532
140 592
615 781 607 
615 781
615 607
95 340 425 795 218 640 559 350 739 
340 425
795 218
95 795
95 640
95 739
340 795
425 559
340 350
75 628 194 
75 194
75 628
122 326 
122 326
81 674 477 296 524 770 229 796 583 209 325 572 
81 674
477 674
296 81
524 477
770 81
229 674
796 524
583 296
209 770
325 524
572 325
594 595 746 
594 595
595 746
22 211 575 213 424 431 201 
575 424
22 211
211 575
213 431
213 201
22 213
318 344 34 381 428 153 234 320 485 
34 428
318 428
344 234
234 320
318 153
320 485
34 381
344 153
454 582 777 
454 582
454 777
96 553 604 193 577 
96 553
604 577
553 577
96 193
612 697 
612 697
151 369 529 388 
529 388
369 388
151 529
126 706 658 711 406 143 712 736 
126 143
706 736
126 712
711 143
126 706
658 736
711 406
380 
14 449 766 441 493 51 410 535 597 232 
441 493
14 441
449 597
766 441
766 51
14 597
14 410
449 535
51 232
372 
119 518 672 58 267 
119 672
518 58
119 518
58 267
39 199 252 653 114 659 
252 653
199 659
199 252
39 653
653 114
85 787 247 478 351 576 142 537 
85 787
478 576
576 537
351 142
787 478
247 537
142 537
623 645 404 348 220 146 
404 146
645 348
623 404
645 220
623 645
364 
356 
343 
195 763 679 
763 679
195 763
291 394 77 670 42 
291 394
394 77
291 670
291 42
337 
336 
329 
307 
141 673 
141 673
7 542 435 
7 542
7 435
284 
279 
73 302 632 
302 632
73 302
212 761 300 57 644 470 581 
761 644
470 581
761 300
761 470
212 581
300 57
426 548 528 541 276 568 461 221 331 
426 276
548 221
426 568
528 461
548 541
528 568
541 331
276 331
476 531 494 472 591 392 458 704 3 305 773 
591 773
476 494
472 773
476 531
472 458
531 458
531 305
392 305
704 3
494 704
260 502 111 
260 111
260 502
352 655 
352 655
504 626 21 
504 21
626 21
11 709 776 
11 709
709 776
161 789 
161 789
347 750 743 707 395 242 
347 242
347 707
743 707
743 395
750 242
256 758 334 322 376 634 601 
256 322
256 601
758 601
758 334
758 376
334 634
26 489 281 330 339 
26 489
281 330
489 330
26 339
120 574 156 
120 156
120 574
269 
264 
148 698 
148 698
420 631 462 127 
420 127
420 631
631 462
271 649 366 473 423 254 
649 473
271 366
649 254
271 649
473 423
250 
512 774 617 205 751 500 386 
205 386
617 751
512 386
774 205
774 617
774 500
74 265 
74 265
41 517 246 
517 246
41 246
222 
319 775 
319 775
129 
128 
429 654 
429 654
497 689 86 
497 689
497 86
165 225 188 
165 225
225 188
481 635 68 757 734 309 663 359 
757 734
635 757
481 68
757 309
635 663
635 359
481 663
110 
272 737 171 657 490 693 321 261 
171 693
490 693
171 321
737 657
657 693
171 261
272 657
107 
549 551 323 469 573 328 550 
551 328
323 573
551 573
549 328
549 469
573 550
35 589 
35 589
48 413 299 
48 413
48 299
647 741 769 145 
647 769
769 145
647 741
182 727 717 
182 727
727 717
84 
466 560 371 687 543 69 
560 687
466 560
560 371
466 543
371 69
585 771 168 311 283 
168 311
771 168
585 771
585 283
92 705 721 231 620 379 417 682 255 527 567 
231 620
379 417
620 255
92 527
379 255
682 567
721 255
721 567
92 705
705 620
136 613 345 387 
136 613
345 387
136 387
578 599 
578 599
192 421 10 32 636 
192 421
192 32
10 636
421 10
459 508 373 
508 373
459 373
12 
147 286 
147 286
