? 11 470 624 333 581 368 761 644 212 300 211 397 
? 11 146 404 623 202 645 662 348 457 332 521 220 
? 11 546 696 498 568 269 528 426 208 769 474 545 
? 11 81 674 296 477 524 770 229 233 796 572 772 
? 11 510 747 708 436 251 730 610 518 520 724 119 
? 11 180 702 668 54 237 677 577 685 684 638 460 
? 11 490 693 321 567 682 657 272 615 737 261 264 
? 11 358 507 547 491 325 2 735 42 683 173 203 
? 10 448 561 434 681 419 47 67 509 270 303 
? 10 123 754 508 718 427 516 622 275 338 355 
? 10 15 266 253 104 553 407 5 604 193 96 
? 10 13 341 238 782 32 511 192 703 421 169 
? 10 382 669 362 223 413 61 48 785 691 70 
? 10 614 727 182 616 717 725 106 250 411 648 
? 9 179 562 584 361 540 653 174 63 316 
? 9 35 589 496 379 171 92 620 705 417 
? 9 451 621 134 673 752 206 141 444 285 
? 8 455 563 80 788 17 587 716 292 
? 8 130 558 446 483 110 539 414 642 
? 8 94 370 602 639 55 479 158 442 
? 8 400 525 432 500 774 117 440 116 
? 8 145 582 741 504 454 21 8 626 
? 8 228 297 214 313 753 513 641 138 
? 8 429 527 467 255 65 245 654 231 
? 8 600 707 242 743 347 128 189 745 
? 8 480 571 408 161 433 121 89 373 
? 8 210 499 722 486 597 590 579 441 
? 8 73 302 402 632 222 4 6 713 
? 8 595 687 573 323 492 328 594 560 
? 7 207 686 627 428 205 274 611 
? 7 168 612 697 76 771 311 728 
? 7 181 471 230 185 678 643 418 
? 7 549 551 295 550 53 469 371 
? 7 322 601 758 334 256 634 376 
? 7 291 394 77 273 167 564 666 
? 7 367 794 75 661 187 290 384 
? 7 71 249 78 342 606 308 209 
? 6 420 631 127 485 176 27 
? 6 430 439 329 453 23 149 
? 6 99 224 18 293 742 797 
? 6 120 574 473 649 156 410 
? 6 31 45 346 637 690 667 
? 6 115 227 132 764 664 383 
? 6 476 494 675 216 305 280 
? 6 14 449 493 51 405 766 
? 6 100 710 699 257 680 636 
? 6 69 399 200 388 529 596 
? 6 137 312 482 488 259 566 
? 6 239 365 793 605 391 131 
? 6 136 234 613 345 320 387 
? 5 213 489 26 289 281 
? 5 166 464 503 701 738 
? 5 324 363 258 195 543 
? 5 152 463 381 692 462 
? 5 29 519 72 593 163 
? 5 445 523 744 217 66 
? 5 364 526 538 398 378 
? 5 265 757 359 74 481 
? 5 276 331 541 714 221 
? 5 706 711 124 736 135 
? 5 7 542 556 0 435 
? 5 114 515 219 252 178 
? 5 339 760 731 487 25 
? 5 357 475 552 57 437 
? 5 164 243 798 395 786 
? 5 11 565 44 709 586 
? 5 354 390 619 385 24 
? 5 108 190 650 150 157 
? 4 41 246 517 570 
? 4 140 532 105 314 
? 4 16 204 694 533 
? 4 30 603 749 304 
? 4 38 282 630 779 
? 4 175 790 33 154 
? 4 56 484 148 628 
? 4 109 184 548 719 
? 4 277 588 236 609 
? 4 438 618 162 781 
? 4 9 60 36 263 
? 4 349 720 326 734 
? 4 37 557 447 729 
? 3 86 689 497 
? 3 153 386 456 
? 3 3 783 748 
? 3 91 599 698 
? 3 309 569 68 
? 3 241 763 19 
? 3 34 318 344 
? 3 84 374 554 
? 3 188 366 423 
? 3 652 767 88 
? 3 700 791 679 
? 3 111 129 143 
? 3 260 502 107 
? 3 170 646 235 
? 3 215 530 278 
? 3 352 458 777 
? 3 97 327 301 
? 3 380 658 126 
? 3 194 555 87 
? 3 22 424 330 
? 3 635 663 656 
? 3 197 244 633 
? 3 82 629 393 
? 3 10 514 306 
? 3 201 431 780 
? 3 294 501 64 
? 3 118 287 177 
? 3 49 122 90 
? 3 396 443 505 
!
396 443 505 
396 505
443 505
49 122 90 
49 122
122 90
792 
789 
778 
595 687 573 323 492 328 594 560 
573 323
687 560
687 323
595 687
573 328
492 594
595 492
358 507 547 491 325 2 735 42 683 173 203 
358 507
2 203
358 547
2 173
507 491
683 173
491 325
325 203
547 42
735 42
544 704 
544 704
118 287 177 
118 177
287 177
490 693 321 567 682 657 272 615 737 261 264 
615 264
682 261
567 261
490 693
321 567
657 737
693 657
693 321
490 615
657 272
28 583 
28 583
294 501 64 
294 501
501 64
655 688 
655 688
151 776 
151 776
775 
180 702 668 54 237 677 577 685 684 638 460 
54 638
237 460
180 702
180 460
668 684
677 577
702 668
237 577
702 638
685 684
319 403 
319 403
71 249 78 342 606 308 209 
606 209
78 209
249 209
71 209
71 308
249 342
773 
614 727 182 616 717 725 106 250 411 648 
614 727
717 648
727 182
106 648
182 250
614 717
182 725
616 106
250 411
108 190 650 150 157 
108 650
190 650
150 157
108 150
271 672 
271 672
759 
299 459 
299 459
201 431 780 
201 431
201 780
537 660 142 715 478 286 576 147 247 787 351 85 375 784 
537 660
142 660
715 537
478 537
286 537
576 478
147 286
247 576
787 478
351 478
85 787
375 576
784 478
354 390 619 385 24 
354 24
354 385
390 385
390 619
37 557 447 729 
37 447
37 557
447 729
382 669 362 223 413 61 48 785 691 70 
362 70
413 48
669 362
382 362
669 785
382 223
61 48
413 785
223 691
10 514 306 
10 306
10 514
349 720 326 734 
349 720
720 326
349 734
11 565 44 709 586 
565 709
11 565
565 44
44 586
164 243 798 395 786 
164 243
798 786
243 798
164 395
510 747 708 436 251 730 610 518 520 724 119 
436 610
436 520
510 747
436 724
518 119
708 730
610 518
747 708
510 520
708 251
82 629 393 
82 629
629 393
357 475 552 57 437 
475 552
475 57
475 437
357 475
389 512 
389 512
81 674 296 477 524 770 229 233 796 572 772 
81 674
477 229
796 572
524 229
674 296
296 770
81 524
524 572
572 772
296 233
546 696 498 568 269 528 426 208 769 474 545 
546 568
269 208
568 269
696 498
546 498
696 545
528 208
568 426
528 769
696 474
13 341 238 782 32 511 192 703 421 169 
13 421
341 421
192 421
32 192
782 192
238 511
782 169
782 703
341 238
726 
197 244 633 
197 244
244 633
339 760 731 487 25 
760 487
731 487
339 487
760 25
114 515 219 252 178 
515 252
515 219
219 178
114 252
9 60 36 263 
36 263
9 263
9 60
695 
73 302 402 632 222 4 6 713 
302 632
73 222
73 302
302 402
4 713
6 713
222 6
15 266 253 104 553 407 5 604 193 96 
266 253
553 96
266 104
407 96
15 266
253 604
104 193
407 193
15 5
1 522 83 186 799 450 740 62 93 723 401 40 580 422 765 733 113 50 172 160 279 58 226 254 102 139 756 79 267 
1 522
83 522
186 522
799 83
450 1
740 522
62 1
93 522
723 1
401 1
40 186
580 799
422 580
765 186
733 93
113 723
50 723
172 401
160 799
279 580
58 172
226 58
254 58
102 580
139 254
756 422
79 50
267 160
7 542 556 0 435 
0 435
7 542
542 556
7 0
676 
671 
136 234 613 345 320 387 
234 613
136 234
234 320
345 387
320 387
750 762 
750 762
665 
335 336 
335 336
706 711 124 736 135 
706 736
124 135
711 135
706 711
210 499 722 486 597 590 579 441 
210 499
597 579
722 590
210 722
579 441
499 486
499 579
635 663 656 
635 663
635 656
647 
617 
240 262 
240 262
607 
239 365 793 605 391 131 
239 365
365 391
239 793
605 391
239 131
22 424 330 
22 424
22 330
159 592 
159 592
480 571 408 161 433 121 89 373 
571 89
161 433
480 373
408 161
480 408
571 121
433 121
438 618 162 781 
162 781
438 162
438 618
575 
276 331 541 714 221 
714 221
541 714
331 541
276 331
52 353 
52 353
194 555 87 
555 87
194 555
367 794 75 661 187 290 384 
367 794
367 661
794 290
75 661
367 187
290 384
536 
137 312 482 488 259 566 
312 488
482 566
137 488
482 259
312 482
598 651 
598 651
69 399 200 388 529 596 
388 529
69 200
399 529
399 200
200 596
277 588 236 609 
277 588
588 236
236 609
535 
534 
380 658 126 
380 658
658 126
100 710 699 257 680 636 
710 699
100 710
699 636
100 257
680 636
506 
340 425 795 218 95 559 640 739 768 670 659 350 98 
340 425
795 425
218 795
95 218
559 425
640 218
739 218
768 559
670 795
659 559
350 425
98 739
600 707 242 743 347 128 189 745 
242 347
189 745
600 707
600 189
600 347
707 743
128 189
14 449 493 51 405 766 
14 493
51 766
14 766
14 449
449 405
476 494 675 216 305 280 
476 494
675 305
216 305
216 280
476 305
429 527 467 255 65 245 654 231 
467 245
429 527
467 65
255 231
527 467
429 231
429 654
265 757 359 74 481 
265 74
757 74
359 74
757 481
364 526 538 398 378 
364 526
526 538
526 378
364 398
123 754 508 718 427 516 622 275 338 355 
123 754
718 338
718 427
516 622
123 338
754 508
275 355
718 516
123 275
228 297 214 313 753 513 641 138 
313 513
297 641
228 138
313 641
228 214
753 641
513 138
109 184 548 719 
109 548
184 719
109 184
56 484 148 628 
148 628
484 148
56 484
191 310 
191 310
466 
465 
175 790 33 154 
175 790
175 33
790 154
145 582 741 504 454 21 8 626 
145 582
504 21
454 21
504 8
582 504
21 626
145 741
38 282 630 779 
38 282
38 630
38 779
721 755 
721 755
291 394 77 273 167 564 666 
291 394
394 167
394 77
167 564
273 564
273 666
115 227 132 764 664 383 
664 383
227 664
227 132
115 227
764 383
97 327 301 
97 301
327 301
451 621 134 673 752 206 141 444 285 
451 444
621 444
752 206
621 134
451 206
621 141
673 141
444 285
352 458 777 
458 777
352 458
165 225 
165 225
317 608 377 625 337 298 343 315 578 712 198 307 
317 608
377 608
625 317
337 377
298 608
343 298
315 625
578 625
712 337
198 315
307 337
215 530 278 
215 278
530 278
322 601 758 334 256 634 376 
322 256
601 256
601 758
758 334
758 376
334 634
35 589 496 379 171 92 620 705 417 
379 417
35 496
379 620
35 589
92 705
620 705
35 171
35 417
170 646 235 
170 646
170 235
445 523 744 217 66 
445 523
744 217
523 744
523 66
103 468 
103 468
30 603 749 304 
30 603
603 749
749 304
400 525 432 500 774 117 440 116 
400 432
400 500
525 500
400 116
525 440
400 117
525 774
461 
448 561 434 681 419 47 67 509 270 303 
448 561
419 47
434 67
448 47
509 270
67 303
509 303
448 434
681 419
452 
29 519 72 593 163 
29 593
72 163
593 163
29 519
31 45 346 637 690 667 
31 690
346 637
45 690
31 637
31 667
94 370 602 639 55 479 158 442 
94 602
370 602
94 158
370 639
479 442
602 55
55 479
120 574 473 649 156 410 
473 649
120 649
120 156
156 410
120 574
416 
415 
412 
260 502 107 
502 107
260 502
152 463 381 692 462 
463 692
152 381
381 462
152 463
406 
372 
369 
360 
155 585 
155 585
111 129 143 
129 143
111 129
356 
288 
700 791 679 
700 679
700 791
549 551 295 550 53 469 371 
549 551
551 295
549 469
295 53
549 371
295 550
179 562 584 361 540 653 174 63 316 
179 584
562 361
540 63
562 584
584 540
562 653
540 174
63 316
146 404 623 202 645 662 348 457 332 521 220 
146 404
457 332
202 662
348 521
645 521
404 623
623 332
623 521
645 220
404 202
652 767 88 
652 767
652 88
43 746 
43 746
188 366 423 
188 366
366 423
84 374 554 
374 554
84 374
20 751 
20 751
99 224 18 293 742 797 
224 293
293 742
99 18
99 224
742 797
181 471 230 185 678 643 418 
230 185
181 185
181 471
471 678
230 643
471 418
324 363 258 195 543 
324 363
363 195
324 543
258 195
34 318 344 
34 318
318 344
283 
268 
39 199 
39 199
16 204 694 533 
16 204
16 694
204 533
430 439 329 453 23 149 
430 149
439 23
430 439
329 453
439 453
248 
168 612 697 76 771 311 728 
168 311
168 771
612 697
168 728
76 771
612 771
392 531 
392 531
241 763 19 
241 19
241 763
183 
133 732 
133 732
125 
112 
232 495 
232 495
309 569 68 
569 68
309 68
91 599 698 
599 698
91 599
130 558 446 483 110 539 414 642 
130 414
539 642
130 446
558 446
483 110
110 414
110 539
101 
455 563 80 788 17 587 716 292 
788 292
455 563
563 587
17 716
455 80
788 587
455 716
59 
207 686 627 428 205 274 611 
207 611
207 627
686 627
627 428
627 274
686 205
472 591 
472 591
3 783 748 
783 748
3 783
140 532 105 314 
140 532
532 105
532 314
153 386 456 
153 386
386 456
46 
420 631 127 485 176 27 
420 127
631 485
420 631
420 176
176 27
166 464 503 701 738 
503 701
166 503
701 738
166 464
470 624 333 581 368 761 644 212 300 211 397 
624 581
470 397
333 368
368 397
761 397
581 368
761 644
761 300
212 211
624 212
41 246 517 570 
246 517
41 570
41 246
196 284 
196 284
213 489 26 289 281 
213 26
489 26
26 289
489 281
86 689 497 
689 497
86 497
12 
144 409 
144 409
