? 14 284 514 519 621 798 13 422 520 188 773 105 455 579 318 
? 13 282 523 405 757 472 573 576 204 586 630 606 582 101 
? 13 343 488 578 260 233 669 680 535 27 286 563 5 575 
? 12 190 276 482 452 649 102 176 656 799 171 444 550 
? 12 195 201 788 145 238 374 216 590 372 745 724 202 
? 11 309 478 168 570 458 112 191 62 261 229 700 
? 10 66 601 666 371 512 475 657 471 99 134 
? 10 167 524 428 518 402 673 417 214 323 413 
? 10 89 777 750 128 17 44 132 663 516 355 
? 8 16 681 504 744 348 611 281 222 
? 8 564 598 502 93 215 787 9 694 
? 8 163 742 632 205 150 780 183 473 
? 8 361 531 738 448 585 283 259 398 
? 7 389 547 515 629 196 470 63 
? 7 100 528 320 156 456 40 445 
? 6 26 181 244 599 97 336 
? 6 493 693 468 300 22 595 
? 6 58 703 10 315 462 269 
? 5 534 602 153 390 658 
? 5 310 521 431 330 782 
? 5 250 438 718 600 135 
? 4 414 784 258 331 
? 4 446 785 358 217 
? 4 466 729 400 391 
? 3 179 399 397 
? 3 691 711 623 
!
195 201 788 145 238 374 216 590 372 745 724 202 
216 724
788 238
745 724
195 201
238 372
145 374
216 372
590 745
590 202
195 145
201 788
246 588 678 113 594 49 424 198 252 182 481 162 676 546 149 727 95 721 381 457 219 747 263 435 794 158 110 609 650 490 120 415 686 220 574 597 193 469 107 363 172 617 295 683 308 707 430 489 311 307 426 56 664 18 743 6 580 341 313 441 690 384 
246 588
678 588
113 588
594 246
49 246
424 49
198 678
252 49
182 252
481 588
162 113
676 113
546 49
149 49
727 162
95 49
721 182
381 198
457 381
219 721
747 95
263 162
435 721
794 95
158 546
110 457
609 162
650 546
490 381
120 95
415 263
686 747
220 457
574 220
597 435
193 220
469 597
107 597
363 107
172 158
617 490
295 469
683 158
308 295
707 415
430 574
489 308
311 489
307 574
426 363
56 295
664 489
18 686
743 220
6 617
580 56
341 686
313 664
441 107
690 707
384 308
89 777 750 128 17 44 132 663 516 355 
777 17
89 44
663 516
777 44
44 663
128 17
750 516
750 355
89 132
100 528 320 156 456 40 445 
40 445
100 528
156 456
100 456
528 320
156 40
190 276 482 452 649 102 176 656 799 171 444 550 
276 482
452 102
482 649
452 176
102 171
799 550
482 102
190 444
176 656
190 276
656 550
187 352 
187 352
361 531 738 448 585 283 259 398 
448 259
361 531
448 283
361 448
585 398
531 738
585 259
466 729 400 391 
729 391
466 400
466 391
309 478 168 570 458 112 191 62 261 229 700 
570 458
309 168
570 112
309 478
62 229
168 458
191 229
62 261
261 700
478 229
554 
322 
58 703 10 315 462 269 
58 10
315 462
703 462
315 269
58 703
273 
691 711 623 
691 711
711 623
250 438 718 600 135 
250 718
600 135
438 718
718 135
389 547 515 629 196 470 63 
470 63
389 547
515 629
629 196
547 196
389 470
373 461 319 29 0 496 247 418 396 41 610 161 148 231 769 304 732 87 698 704 122 
373 461
319 373
29 461
0 461
496 0
247 496
418 319
396 0
41 496
610 41
161 373
148 0
231 0
769 247
304 247
732 231
87 610
698 610
704 769
122 304
310 521 431 330 782 
310 782
521 330
521 431
330 782
46 54 347 265 406 451 409 596 648 776 366 232 792 403 119 463 748 60 565 561 652 603 140 55 36 61 299 526 404 567 510 356 477 224 50 725 199 285 338 654 491 709 412 766 
46 54
347 54
265 347
406 46
451 54
409 451
596 54
648 265
776 406
366 347
232 596
792 232
403 46
119 792
463 347
748 265
60 451
565 776
561 792
652 596
603 565
140 652
55 265
36 648
61 232
299 55
526 232
404 792
567 565
510 526
356 652
477 119
224 61
50 224
725 567
199 36
285 356
338 652
654 567
491 224
709 463
412 491
766 725
227 566 684 771 427 675 185 306 32 131 20 264 298 293 138 288 705 425 212 226 151 197 464 15 1 795 115 159 364 668 499 21 7 751 312 139 70 241 327 679 637 665 447 587 157 85 467 254 192 
227 566
684 566
771 227
427 566
675 684
185 227
306 566
32 771
131 675
20 131
264 32
298 427
293 675
138 771
288 684
705 264
425 20
212 427
226 20
151 288
197 288
464 20
15 138
1 298
795 151
115 306
159 705
364 151
668 159
499 15
21 364
7 21
751 115
312 159
139 499
70 139
241 138
327 241
679 21
637 795
665 637
447 7
587 1
157 226
85 668
467 665
254 467
192 312
343 488 578 260 233 669 680 535 27 286 563 5 575 
578 27
343 260
233 27
578 680
669 535
343 488
27 286
488 578
286 5
260 563
260 535
563 575
284 514 519 621 798 13 422 520 188 773 105 455 579 318 
514 519
284 514
798 422
519 621
105 455
520 773
519 798
621 520
105 579
798 188
188 318
455 318
13 455
493 693 468 300 22 595 
493 693
493 300
22 595
468 300
468 595
483 613 640 376 433 37 357 385 377 4 11 696 104 739 754 653 354 177 353 572 551 266 
483 613
640 483
376 613
433 376
37 613
357 640
385 37
377 613
4 357
11 377
696 377
104 4
739 640
754 104
653 377
354 4
177 653
353 653
572 754
551 739
266 572
446 785 358 217 
785 217
785 358
446 217
282 523 405 757 472 573 576 204 586 630 606 582 101 
573 586
282 472
282 523
405 757
282 405
606 101
523 204
573 204
472 576
630 582
757 630
586 606
3 65 615 525 628 164 778 625 702 522 474 325 137 631 411 194 
3 65
615 3
525 3
628 3
164 65
778 65
625 525
702 615
522 3
474 615
325 702
137 615
631 625
411 625
194 325
414 784 258 331 
784 331
414 784
258 331
326 577 619 24 34 753 289 508 454 731 73 734 349 395 756 760 539 234 480 33 517 86 248 533 416 79 439 450 294 43 505 92 635 543 332 207 612 380 507 634 262 779 378 506 741 106 687 180 14 714 487 25 386 
326 577
619 326
24 577
34 577
753 619
289 34
508 619
454 508
731 577
73 619
734 508
349 34
395 454
756 619
760 34
539 73
234 539
480 234
33 349
517 234
86 234
248 508
533 539
416 33
79 454
439 234
450 248
294 33
43 619
505 33
92 294
635 79
543 294
332 439
207 635
612 450
380 416
507 92
634 332
262 416
779 634
378 207
506 612
741 262
106 507
687 634
180 741
14 635
714 207
487 378
25 506
386 487
26 181 244 599 97 336 
244 599
97 336
26 181
599 97
26 336
534 602 153 390 658 
534 153
534 658
602 658
602 390
476 571 633 484 552 53 96 143 345 639 125 498 677 662 767 80 209 793 59 170 759 133 
476 571
633 571
484 571
552 571
53 633
96 571
143 552
345 53
639 345
125 571
498 96
677 125
662 125
767 677
80 125
209 143
793 143
59 767
170 345
759 498
133 170
257 419 
257 419
163 742 632 205 150 780 183 473 
163 473
742 473
742 150
205 150
205 183
632 183
205 780
166 553 781 48 607 213 797 297 210 763 423 674 228 555 169 685 174 77 314 379 337 90 723 367 616 160 270 117 501 388 651 604 541 200 460 362 659 791 624 243 720 57 39 736 772 144 622 549 636 497 667 84 305 532 
166 553
781 553
48 166
607 781
213 553
797 166
297 166
210 297
763 166
423 213
674 797
228 213
555 797
169 797
685 210
174 297
77 685
314 674
379 555
337 314
90 77
723 685
367 314
616 723
160 379
270 90
117 379
501 616
388 270
651 160
604 160
541 367
200 501
460 270
362 541
659 314
791 460
624 460
243 624
720 460
57 362
39 624
736 624
772 460
144 651
622 362
549 388
636 144
497 622
667 362
84 388
305 497
532 791
167 524 428 518 402 673 417 214 323 413 
524 428
428 518
402 673
323 413
167 524
518 214
524 673
417 214
518 413
208 764 279 351 479 421 30 761 184 116 147 500 486 329 206 203 699 211 12 746 568 537 618 713 81 495 68 752 
208 764
279 764
351 208
479 208
421 764
30 421
761 351
184 761
116 30
147 421
500 479
486 761
329 116
206 116
203 500
699 421
211 116
12 500
746 479
568 761
537 147
618 761
713 203
81 184
495 618
68 495
752 568
641 671 370 350 591 627 394 434 437 76 393 716 589 91 770 689 155 762 749 242 280 542 442 647 165 682 755 335 121 256 789 28 592 758 124 130 695 175 548 129 274 459 359 
641 671
370 671
350 641
591 641
627 591
394 627
434 350
437 591
76 350
393 627
716 434
589 437
91 716
770 627
689 394
155 770
762 716
749 770
242 770
280 242
542 770
442 242
647 434
165 442
682 770
755 762
335 749
121 335
256 682
789 755
28 442
592 589
758 121
124 789
130 28
695 592
175 695
548 758
129 647
274 548
459 175
359 274
706 733 701 383 382 47 643 103 35 126 268 240 83 346 790 67 82 69 324 146 88 569 23 251 118 581 620 407 503 401 529 715 494 249 141 52 774 19 78 786 708 277 392 267 710 
706 733
701 733
383 733
382 383
47 706
643 382
103 47
35 643
126 103
268 103
240 103
83 643
346 382
790 643
67 346
82 67
69 35
324 346
146 126
88 383
569 324
23 324
251 146
118 23
581 23
620 69
407 23
503 69
401 118
529 581
715 401
494 146
249 620
141 620
52 407
774 494
19 407
78 141
786 251
708 118
277 786
392 715
267 401
710 251
564 598 502 93 215 787 9 694 
598 502
502 215
564 502
787 9
564 787
564 93
598 694
179 399 397 
179 397
179 399
225 730 775 344 492 271 544 221 339 410 8 302 440 644 287 42 239 114 275 123 453 278 111 697 296 
225 730
775 225
344 775
492 730
271 730
544 344
221 544
339 271
410 730
8 410
302 221
440 410
644 339
287 339
42 410
239 302
114 644
275 42
123 114
453 275
278 453
111 278
697 278
296 697
31 369 558 237 189 74 728 334 45 692 688 660 765 108 560 670 94 235 593 443 645 236 
31 369
558 31
237 369
189 31
74 369
728 237
334 369
45 558
692 74
688 558
660 369
765 189
108 74
560 237
670 108
94 74
235 660
593 235
443 692
645 94
236 94
509 740 51 408 360 109 722 511 38 152 333 142 513 375 559 737 432 317 291 75 64 614 545 321 608 642 136 230 768 328 420 735 536 796 584 783 583 316 186 562 726 290 527 465 605 638 655 98 672 485 173 178 127 365 301 340 72 646 556 292 245 712 557 719 368 154 218 626 255 540 538 342 717 71 272 387 303 661 2 253 449 429 436 
509 740
51 740
408 740
360 408
109 509
722 740
511 360
38 511
152 360
333 51
142 511
513 51
375 722
559 51
737 375
432 511
317 511
291 333
75 291
64 38
614 737
545 375
321 614
608 64
642 321
136 317
230 545
768 608
328 291
420 317
735 545
536 545
796 614
584 735
783 796
583 584
316 796
186 328
562 511
726 420
290 230
527 64
465 75
605 513
638 768
655 186
98 605
672 796
485 783
173 655
178 726
127 420
365 768
301 98
340 608
72 768
646 340
556 230
292 655
245 465
712 726
557 365
719 556
368 605
154 557
218 719
626 712
255 365
540 368
538 712
342 72
717 796
71 540
272 712
387 540
303 71
661 605
2 218
253 98
449 301
429 154
436 449
16 681 504 744 348 611 281 222 
681 744
16 744
281 222
681 348
16 504
611 281
348 281
223 530 
223 530
66 601 666 371 512 475 657 471 99 134 
666 134
475 471
66 601
666 475
66 666
512 134
371 471
512 99
475 657
