? 14 343 488 587 578 669 680 27 233 286 575 535 260 793 530 
? 13 309 478 168 78 318 105 112 458 579 455 620 570 191 
? 13 370 641 350 671 591 394 627 76 434 393 689 437 280 
? 12 319 461 373 29 496 418 0 396 610 148 231 161 
? 12 66 601 666 512 99 273 704 134 205 269 473 315 
? 11 44 750 89 777 132 663 516 128 171 355 550 
? 10 412 491 145 510 338 374 356 285 725 766 
? 10 238 788 216 372 354 590 4 357 745 724 
? 10 276 452 176 482 656 649 190 102 799 444 
? 8 91 716 762 124 647 789 129 17 
? 8 192 376 433 85 37 754 104 157 
? 8 58 703 10 150 732 462 163 632 
? 8 682 770 155 256 749 542 121 758 
? 7 259 515 448 194 527 443 72 
? 7 564 598 502 215 202 694 266 
? 6 230 556 218 719 2 290 
? 6 431 521 654 330 223 552 
? 6 62 229 261 581 700 602 
? 5 183 780 742 352 101 
? 5 153 390 534 267 322 
? 5 53 345 633 143 639 
? 4 466 729 391 611 
? 4 136 638 236 645 
? 4 670 692 498 96 
? 3 18 341 785 
? 3 335 743 548 
!
66 601 666 512 99 273 704 134 205 269 473 315 
666 134
512 273
512 315
666 704
66 601
205 473
66 666
273 134
99 473
99 315
269 315
173 655 328 291 186 333 582 368 540 292 320 630 559 757 303 538 465 75 245 142 605 405 726 98 513 71 100 472 387 523 282 528 51 712 661 109 586 25 272 573 509 420 740 253 38 626 576 301 511 204 317 152 456 722 360 432 127 408 178 506 612 248 
173 655
328 655
291 328
186 173
333 291
582 173
368 173
540 368
292 186
320 582
630 582
559 328
757 630
303 540
538 757
465 538
75 465
245 538
142 75
605 540
405 757
726 75
98 605
513 98
71 303
100 71
472 405
387 71
523 405
282 523
528 100
51 513
712 726
661 528
109 51
586 282
25 538
272 712
573 586
509 51
420 726
740 509
253 387
38 740
626 272
576 282
301 605
511 509
204 25
317 420
152 511
456 253
722 51
360 509
432 511
127 317
408 509
178 626
506 204
612 506
248 612
276 452 176 482 656 649 190 102 799 444 
276 482
452 102
482 649
452 176
482 102
190 444
176 656
276 190
656 799
564 598 502 215 202 694 266 
694 266
598 502
502 215
564 502
215 202
598 266
319 461 373 29 496 418 0 396 610 148 231 161 
319 461
496 610
461 373
29 161
461 496
0 148
373 0
396 231
373 396
29 396
418 610
658 787 
658 787
682 770 155 256 749 542 121 758 
682 542
682 770
682 256
749 121
256 758
770 155
770 121
670 692 498 96 
670 498
670 692
498 96
44 750 89 777 132 663 516 128 171 355 550 
44 89
663 516
44 777
44 663
750 516
128 171
777 128
750 355
355 550
89 132
606 
334 
62 229 261 581 700 602 
62 229
581 700
62 261
700 602
261 700
209 
335 743 548 
743 548
335 743
53 345 633 143 639 
53 345
345 639
345 633
53 143
259 515 448 194 527 443 72 
259 448
527 72
515 72
194 443
259 515
448 194
154 557 585 365 608 646 536 64 255 340 429 562 361 283 531 629 768 738 759 398 196 
154 557
585 154
365 557
608 365
646 365
536 608
64 608
255 365
340 536
429 585
562 557
361 585
283 585
531 361
629 585
768 608
738 531
759 738
398 531
196 629
153 390 534 267 322 
390 267
153 534
153 322
390 322
706 733 313 664 701 126 56 643 383 382 47 580 103 35 268 240 83 384 346 441 67 790 88 69 324 569 82 23 251 6 118 407 146 19 715 503 494 392 529 401 249 141 708 52 
706 733
313 733
664 313
701 313
126 706
56 664
643 733
383 643
382 643
47 706
580 56
103 47
35 382
268 103
240 103
83 35
384 701
346 383
441 580
67 383
790 67
88 35
69 382
324 790
569 67
82 69
23 324
251 441
6 384
118 23
407 569
146 441
19 82
715 118
503 69
494 146
392 494
529 23
401 118
249 407
141 19
708 715
52 529
227 566 684 427 771 264 185 212 705 425 32 131 675 20 306 288 226 138 197 151 293 298 15 1 464 115 795 159 364 403 499 668 7 447 21 241 312 563 767 70 139 327 59 467 662 751 782 310 748 
227 566
684 566
427 566
771 227
264 566
185 566
212 566
705 185
425 227
32 264
131 264
675 131
20 131
306 684
288 684
226 131
138 771
197 675
151 288
293 675
298 427
15 771
1 298
464 705
115 298
795 151
159 464
364 288
403 32
499 15
668 226
7 151
447 364
21 7
241 138
312 159
563 115
767 795
70 1
139 70
327 241
59 767
467 59
662 795
751 115
782 499
310 327
748 159
370 641 350 671 591 394 627 76 434 393 689 437 280 
370 350
641 591
394 280
437 280
76 689
393 689
394 627
627 393
641 671
591 627
370 641
370 434
343 488 587 578 669 680 27 233 286 575 535 260 793 530 
578 27
343 260
27 233
578 680
669 535
587 260
343 488
27 286
535 793
488 578
587 535
575 530
233 530
431 521 654 330 223 552 
431 654
521 330
431 521
330 223
223 552
520 773 621 514 695 519 175 284 422 459 28 798 165 592 130 188 359 442 589 242 274 13 
520 773
621 773
514 621
695 514
519 514
175 519
284 514
422 621
459 519
28 175
798 459
165 695
592 175
130 175
188 422
359 459
442 165
589 442
242 442
274 359
13 359
136 638 236 645 
236 645
136 638
136 645
309 478 168 78 318 105 112 458 579 455 620 570 191 
458 570
309 168
112 570
309 478
168 458
105 620
105 455
309 455
318 570
579 620
478 78
78 191
3 615 65 525 560 625 778 474 628 325 702 522 164 631 137 411 
3 615
65 3
525 3
560 65
625 525
778 3
474 525
628 525
325 615
702 325
522 65
164 560
631 625
137 65
411 625
466 729 391 611 
729 391
466 611
391 611
326 577 619 24 753 34 734 454 349 289 508 731 517 395 234 760 539 480 73 33 756 533 86 543 416 439 79 342 450 505 294 635 332 43 207 634 380 92 741 507 180 687 106 386 262 378 12 487 714 187 779 14 746 
326 577
619 577
24 326
753 326
34 577
734 619
454 619
349 577
289 577
508 619
731 734
517 508
395 508
234 517
760 289
539 234
480 234
73 234
33 34
756 454
533 234
86 234
543 33
416 543
439 234
79 454
342 760
450 734
505 416
294 543
635 79
332 439
43 79
207 635
634 480
380 416
92 294
741 342
507 543
180 741
687 634
106 507
386 79
262 180
378 207
12 416
487 386
714 635
187 332
779 480
14 386
746 106
230 556 218 719 2 290 
719 2
230 290
218 2
230 556
556 218
183 780 742 352 101 
183 352
183 742
780 742
780 101
195 201 477 177 653 404 11 696 377 709 353 61 50 640 739 526 385 483 224 613 199 551 
195 201
477 201
177 201
653 177
404 477
11 653
696 653
377 653
709 11
353 653
61 404
50 61
640 377
739 640
526 61
385 640
483 640
224 61
613 483
199 483
551 739
257 572 
257 572
58 703 10 150 732 462 163 632 
703 150
10 732
150 163
58 10
150 462
150 632
58 703
246 588 594 678 424 49 113 198 676 252 182 162 546 727 481 149 95 721 381 457 609 747 435 650 794 158 263 469 219 490 193 120 686 107 415 574 597 220 363 110 617 683 307 707 295 172 426 489 690 308 430 311 710 755 
246 588
594 246
678 588
424 246
49 246
113 678
198 678
676 246
252 594
182 424
162 113
546 49
727 162
481 594
149 49
95 546
721 252
381 198
457 381
609 162
747 95
435 721
650 727
794 747
158 95
263 162
469 435
219 435
490 381
193 457
120 158
686 747
107 435
415 263
574 609
597 107
220 193
363 597
110 490
617 490
683 158
307 574
707 415
295 363
172 158
426 597
489 295
690 707
308 489
430 307
311 490
710 219
755 430
238 788 216 372 354 590 4 357 745 724 
216 724
238 788
745 724
238 372
354 745
216 372
354 4
4 357
354 590
225 730 775 544 344 339 271 221 492 239 8 302 410 697 296 156 40 783 737 614 321 375 642 583 584 735 545 170 
225 730
775 225
544 225
344 775
339 225
271 225
221 730
492 775
239 730
8 239
302 221
410 8
697 8
296 697
156 239
40 697
783 40
737 783
614 737
321 614
375 614
642 321
583 642
584 583
735 583
545 735
170 584
593 677 235 125 414 688 80 558 22 258 637 693 331 493 784 679 660 31 189 9 45 300 554 468 369 665 358 419 446 765 74 254 728 93 484 237 595 476 774 94 786 571 108 
593 677
235 593
125 235
414 593
688 593
80 235
558 688
22 414
258 414
637 414
693 22
331 258
493 693
784 258
679 235
660 688
31 558
189 31
9 784
45 31
300 22
554 693
468 300
369 31
665 258
358 468
419 665
446 493
765 189
74 45
254 665
728 31
93 9
484 660
237 31
595 468
476 484
774 93
94 484
786 300
571 476
108 94
208 764 279 421 479 351 30 761 203 329 500 116 699 184 81 206 486 147 618 752 568 713 537 495 68 211 250 399 179 281 135 600 63 470 400 222 475 547 371 438 397 718 389 673 167 
208 764
279 208
421 764
479 208
351 479
30 421
761 208
203 279
329 30
500 479
116 30
699 30
184 761
81 500
206 30
486 761
147 421
618 486
752 761
568 752
713 147
537 147
495 618
68 618
211 116
250 203
399 752
179 495
281 211
135 30
600 537
63 250
470 250
400 211
222 281
475 495
547 470
371 475
438 250
397 475
718 438
389 547
673 399
167 206
192 376 433 85 37 754 104 157 
376 433
192 433
37 104
376 37
754 104
85 157
376 157
18 341 785 
18 341
341 785
54 347 46 265 451 406 409 648 463 60 36 565 776 366 561 232 792 596 55 603 652 299 140 119 567 
54 347
46 54
265 347
451 46
406 54
409 46
648 347
463 347
60 54
36 347
565 406
776 565
366 46
561 60
232 561
792 232
596 406
55 463
603 565
652 232
299 36
140 652
119 60
567 565
428 524 518 402 413 417 348 214 471 323 304 681 698 504 769 16 41 247 122 657 87 744 
428 524
518 428
402 524
413 518
417 524
348 417
214 348
471 413
323 471
304 214
681 348
698 518
504 214
769 471
16 348
41 769
247 769
122 214
657 413
87 41
744 16
166 553 781 213 607 48 210 297 797 228 674 555 423 169 763 685 174 77 90 379 314 337 723 367 270 160 616 501 541 200 388 243 117 460 362 604 624 651 659 57 636 772 736 791 39 84 144 549 244 497 720 123 622 181 667 114 532 623 599 691 305 449 717 97 26 336 453 644 445 711 440 275 133 5 42 485 111 436 316 672 278 287 796 
166 553
781 553
213 166
607 781
48 213
210 553
297 213
797 210
228 213
674 797
555 797
423 228
169 555
763 48
685 210
174 228
77 685
90 685
379 555
314 674
337 674
723 685
367 314
270 90
160 379
616 77
501 616
541 367
200 501
388 270
243 174
117 169
460 270
362 367
604 616
624 460
651 200
659 337
57 659
636 651
772 624
736 460
791 624
39 388
84 388
144 636
549 84
244 144
497 117
720 624
123 791
622 57
181 549
667 659
114 123
532 114
623 244
599 244
691 599
305 497
449 200
717 636
97 599
26 549
336 599
453 181
644 532
445 26
711 497
440 532
275 453
133 711
5 667
42 275
485 449
111 26
436 26
316 485
672 316
278 453
287 114
796 672
91 716 762 124 647 789 129 17 
124 789
716 762
91 789
91 129
762 647
129 17
91 762
217 277 
217 277
412 491 145 510 338 374 356 285 725 766 
412 145
412 510
491 338
356 285
491 510
145 374
285 766
338 356
725 766
