? 14 607 781 553 166 48 674 213 797 210 763 297 555 228 169 
? 13 624 772 243 791 720 460 123 39 532 736 114 270 644 
? 13 271 492 730 225 339 344 775 544 287 440 410 42 221 
? 12 501 616 200 604 723 160 77 685 90 651 379 388 
? 12 509 740 51 109 722 375 142 737 614 321 642 290 
? 11 134 273 704 315 512 666 87 462 657 66 703 
? 10 593 677 414 484 476 787 94 571 93 633 
? 10 253 661 387 456 98 605 528 100 697 296 
? 10 97 599 336 244 144 691 623 636 117 170 
? 8 68 618 495 486 179 761 399 402 
? 8 583 584 735 218 556 719 639 2 
? 8 127 420 726 712 741 523 180 282 
? 8 783 796 316 672 485 717 301 449 
? 7 40 445 111 436 26 181 453 
? 7 323 471 673 413 475 518 371 
? 6 568 752 397 184 106 779 
? 6 483 613 385 640 37 357 
? 6 428 524 167 214 122 601 
? 5 11 377 696 709 653 
? 5 81 746 12 479 351 
? 5 275 278 8 239 302 
? 4 104 754 4 739 
? 4 262 547 389 500 
? 4 174 423 84 549 
? 3 10 732 58 
? 3 551 788 353 
!
509 740 51 109 722 375 142 737 614 321 642 290 
740 51
509 51
737 614
375 737
321 642
375 642
509 109
722 737
740 737
321 290
142 290
466 729 690 707 516 391 355 750 400 550 650 683 415 44 222 777 611 135 789 600 172 158 102 132 89 124 263 663 727 128 17 211 537 656 452 281 755 699 171 120 30 609 176 430 276 482 647 799 129 329 649 421 147 190 762 91 116 574 307 716 444 206 
466 729
690 729
707 690
516 466
391 516
355 391
750 516
400 391
550 355
650 690
683 650
415 707
44 750
222 400
777 750
611 222
135 683
789 415
600 135
172 683
158 172
102 777
132 44
89 777
124 789
263 415
663 132
727 650
128 777
17 128
211 222
537 600
656 611
452 102
281 211
755 789
699 135
171 452
120 172
30 699
609 263
176 452
430 755
276 176
482 176
647 755
799 656
129 663
329 30
649 276
421 699
147 421
190 649
762 647
91 762
116 329
574 430
307 574
716 91
444 190
206 116
97 599 336 244 144 691 623 636 117 170 
599 244
599 144
336 636
623 170
144 117
97 636
97 599
691 117
97 170
323 471 673 413 475 518 371 
471 475
323 413
471 371
673 518
471 673
323 475
501 616 200 604 723 160 77 685 90 651 379 388 
616 160
604 90
501 160
616 200
501 723
723 77
723 90
77 685
685 379
604 388
616 651
156 472 
156 472
783 796 316 672 485 717 301 449 
783 717
783 485
796 717
316 672
796 672
301 449
485 301
174 423 84 549 
84 549
174 84
174 423
134 273 704 315 512 666 87 462 657 66 703 
273 87
134 666
273 512
315 512
704 666
273 462
134 87
666 66
462 703
704 657
345 
279 
428 524 167 214 122 601 
428 524
524 167
428 214
214 122
524 601
161 
551 788 353 
788 353
551 353
275 278 8 239 302 
239 302
275 278
275 8
278 302
40 445 111 436 26 181 453 
40 445
445 453
436 26
26 181
181 453
111 436
153 390 534 694 724 322 658 392 745 502 372 590 266 598 572 564 354 216 202 215 238 
153 390
534 390
694 390
724 694
322 694
658 534
392 694
745 724
502 392
372 658
590 745
266 322
598 502
572 266
564 598
354 590
216 354
202 598
215 202
238 216
81 746 12 479 351 
81 12
12 479
81 746
479 351
370 671 350 641 394 591 76 434 627 393 689 437 155 280 770 749 542 242 442 589 335 220 682 165 256 193 743 592 28 130 175 695 798 621 520 773 16 744 417 681 348 764 504 208 
370 671
350 370
641 370
394 641
591 394
76 394
434 76
627 591
393 627
689 393
437 627
155 437
280 437
770 155
749 770
542 749
242 155
442 280
589 442
335 393
220 335
682 749
165 442
256 682
193 220
743 335
592 589
28 592
130 592
175 130
695 175
798 130
621 798
520 621
773 520
16 434
744 16
417 16
681 16
348 681
764 417
504 348
208 764
168 570 309 478 249 620 78 141 112 318 458 503 105 82 19 455 579 407 191 69 62 52 261 529 569 790 229 581 23 324 700 118 188 13 274 359 548 708 758 401 422 284 602 459 715 267 121 514 519 
168 570
309 168
478 309
249 570
620 478
78 249
141 249
112 309
318 309
458 112
503 620
105 503
82 141
19 141
455 318
579 105
407 19
191 19
69 503
62 191
52 19
261 52
529 52
569 407
790 569
229 261
581 529
23 569
324 23
700 581
118 23
188 455
13 188
274 13
359 13
548 274
708 700
758 548
401 708
422 188
284 359
602 708
459 284
715 401
267 715
121 758
514 284
519 459
271 492 730 225 339 344 775 544 287 440 410 42 221 
271 339
344 775
775 544
730 225
225 544
492 730
271 544
339 287
410 42
730 221
730 42
287 440
607 781 553 166 48 674 213 797 210 763 297 555 228 169 
797 555
48 213
553 166
781 553
555 169
797 763
166 210
553 48
213 228
797 210
674 763
607 781
210 297
483 613 385 640 37 357 
640 357
483 613
483 640
483 37
385 357
64 608 562 365 768 527 536 557 340 638 432 136 152 72 360 545 255 408 511 230 38 317 
64 608
562 64
365 562
768 562
527 365
536 608
557 365
340 536
638 768
432 562
136 638
152 432
72 638
360 152
545 536
255 527
408 360
511 152
230 545
38 511
317 432
262 547 389 500 
547 389
262 389
389 500
624 772 243 791 720 460 123 39 532 736 114 270 644 
772 644
772 736
624 736
532 114
460 736
243 123
791 644
720 123
114 644
123 532
460 270
624 39
373 461 29 319 418 396 496 0 247 769 41 610 231 148 698 304 
373 461
29 373
319 461
418 319
396 29
496 461
0 396
247 496
769 496
41 769
610 41
231 396
148 0
698 41
304 247
104 754 4 739 
104 4
754 4
4 739
3 628 65 615 137 560 474 702 325 718 765 631 334 237 728 398 189 438 194 448 443 361 738 531 31 369 45 63 283 250 759 688 558 692 515 429 470 713 74 259 670 236 585 22 660 154 203 629 693 108 498 196 646 
3 628
65 628
615 3
137 615
560 65
474 615
702 137
325 702
718 474
765 560
631 718
334 560
237 334
728 334
398 325
189 765
438 718
194 325
448 398
443 194
361 194
738 194
531 738
31 237
369 31
45 369
63 438
283 361
250 63
759 443
688 189
558 688
692 369
515 283
429 515
470 63
713 250
74 692
259 515
670 692
236 670
585 429
22 688
660 558
154 283
203 713
629 585
693 22
108 74
498 236
196 629
646 154
568 752 397 184 106 779 
184 106
397 184
568 752
568 184
752 779
11 377 696 709 653 
377 653
11 709
11 377
696 653
412 491 510 145 224 61 526 338 50 374 356 285 404 725 766 195 477 201 521 654 327 177 
412 491
510 491
145 491
224 510
61 224
526 61
338 412
50 526
374 145
356 338
285 356
404 50
725 285
766 725
195 404
477 195
201 195
521 766
654 725
327 654
177 477
96 645 
96 645
127 420 726 712 741 523 180 282 
523 282
741 180
127 741
420 726
726 712
712 523
127 420
425 675 293 131 226 20 684 197 264 566 227 151 288 705 185 464 795 306 668 32 427 254 467 157 665 771 637 59 159 767 312 85 258 331 662 192 125 7 138 212 447 364 679 21 257 376 433 235 298 9 419 80 115 784 
425 675
293 675
131 425
226 293
20 131
684 425
197 293
264 20
566 684
227 566
151 197
288 151
705 264
185 227
464 705
795 151
306 684
668 226
32 705
427 306
254 293
467 254
157 254
665 467
771 227
637 795
59 637
159 464
767 637
312 159
85 668
258 59
331 258
662 767
192 312
125 662
7 151
138 771
212 427
447 7
364 447
679 7
21 447
257 157
376 192
433 192
235 125
298 212
9 257
419 9
80 235
115 364
784 331
253 661 387 456 98 605 528 100 697 296 
98 605
387 528
661 100
697 296
253 661
528 100
253 605
661 456
253 296
366 648 54 451 265 347 46 463 409 406 776 60 561 565 55 596 792 403 748 232 36 119 603 299 652 140 199 567 
366 648
54 648
451 366
265 451
347 451
46 54
463 347
409 46
406 46
776 406
60 409
561 60
565 776
55 60
596 409
792 561
403 776
748 403
232 561
36 748
119 60
603 565
299 36
652 596
140 652
199 36
567 776
260 680 575 233 27 488 286 578 70 530 223 343 139 587 669 5 1 563 535 499 15 667 793 622 330 782 57 362 659 711 541 209 497 133 751 310 367 143 337 305 314 241 431 
260 680
575 680
233 260
27 575
488 260
286 27
578 286
70 233
530 70
223 575
343 488
139 70
587 343
669 343
5 286
1 70
563 587
535 563
499 139
15 499
667 5
793 535
622 667
330 499
782 330
57 622
362 57
659 362
711 622
541 362
209 711
497 711
133 711
751 793
310 782
367 541
143 751
337 541
305 497
314 367
241 310
431 310
326 577 24 395 619 753 349 34 760 508 289 734 756 454 480 517 539 731 73 234 33 533 248 86 543 342 439 79 43 450 416 332 294 380 178 635 505 207 612 626 634 92 687 272 507 
326 577
24 577
395 577
619 395
753 24
349 326
34 349
760 34
508 619
289 760
734 508
756 734
454 508
480 753
517 454
539 517
731 756
73 517
234 539
33 349
533 539
248 731
86 234
543 33
342 289
439 86
79 73
43 79
450 248
416 33
332 439
294 543
380 416
178 756
635 43
505 543
207 635
612 450
626 178
634 480
92 294
687 634
272 626
507 294
583 584 735 218 556 719 639 2 
584 556
719 639
218 639
719 2
735 556
583 735
584 218
10 732 58 
10 732
10 58
14 386 487 101 378 780 714 606 183 506 352 163 632 269 742 187 473 204 586 205 576 573 25 150 99 
14 386
487 386
101 487
378 101
780 14
714 378
606 714
183 780
506 714
352 183
163 183
632 183
269 352
742 163
187 269
473 632
204 506
586 204
205 473
576 586
573 586
25 204
150 205
99 205
173 186 655 292 328 291 582 333 630 540 368 320 757 465 75 245 538 303 71 559 513 405 
173 186
655 186
292 173
328 655
291 328
582 186
333 291
630 292
540 582
368 540
320 582
757 630
465 292
75 465
245 465
538 245
303 368
71 303
559 333
513 559
405 757
107 597 426 363 469 435 441 580 721 219 56 251 295 182 252 664 313 489 308 706 710 146 676 126 733 481 594 311 701 785 47 277 103 424 588 268 678 49 83 246 18 358 490 383 747 686 384 110 240 382 411 643 217 113 149 198 381 786 35 446 778 468 554 341 595 95 522 346 164 300 494 546 617 6 457 794 774 162 493 625 525 67 88 
107 597
426 597
363 426
469 363
435 107
441 597
580 426
721 435
219 435
56 363
251 441
295 56
182 721
252 182
664 295
313 664
489 295
308 489
706 313
710 219
146 441
676 182
126 706
733 706
481 676
594 676
311 308
701 489
785 251
47 126
277 785
103 47
424 594
588 424
268 103
678 588
49 424
83 733
246 424
18 710
358 277
490 311
383 701
747 49
686 747
384 311
110 490
240 268
382 383
411 18
643 83
217 785
113 678
149 49
198 113
381 490
786 358
35 382
446 358
778 217
468 786
554 468
341 411
595 468
95 149
522 778
346 35
164 778
300 554
494 554
546 95
617 110
6 617
457 381
794 95
774 494
162 113
493 300
625 341
525 625
67 346
88 384
68 618 495 486 179 761 399 402 
495 179
68 402
618 495
179 761
68 399
495 399
486 761
53 552 
53 552
593 677 414 484 476 787 94 571 93 633 
476 571
593 677
571 633
484 94
476 94
593 414
787 93
677 484
414 787
