? 14 3 615 525 474 625 628 631 702 522 411 718 341 778 217 
? 13 309 478 105 168 112 318 570 455 78 620 458 579 19 
? 13 284 514 459 519 621 175 695 13 798 359 130 422 520 
? 12 750 777 44 516 89 128 132 355 102 17 663 452 
? 12 176 482 276 171 656 190 649 444 611 799 550 744 
? 11 412 491 338 652 374 140 356 285 603 776 565 
? 10 521 766 431 725 310 330 654 567 223 376 
? 10 564 598 502 93 202 392 215 9 257 266 
? 10 124 789 129 647 755 707 690 729 466 391 
? 8 216 238 551 372 354 590 745 724 
? 8 62 261 191 229 700 602 708 153 
? 8 493 693 22 300 595 554 786 446 
? 8 4 37 572 754 104 433 85 157 
? 7 165 442 28 589 592 682 256 
? 7 10 703 58 150 462 315 163 
? 6 205 473 632 742 99 273 
? 6 218 556 639 719 96 498 
? 6 222 400 281 600 211 135 
? 5 468 785 277 358 710 
? 5 59 665 258 331 414 
? 5 371 397 399 179 666 
? 4 63 438 250 470 
? 4 121 758 548 335 
? 4 125 662 784 419 
? 3 267 390 534 
? 3 322 694 658 
!
176 482 276 171 656 190 649 444 611 799 550 744 
482 276
482 649
799 550
176 171
190 444
176 656
171 649
656 611
190 744
276 190
656 550
326 577 24 619 734 34 753 760 454 508 395 533 517 480 349 234 539 73 33 543 86 439 43 332 79 416 294 380 342 635 505 92 207 634 687 507 779 741 262 386 487 180 14 378 106 746 12 352 101 187 72 81 601 547 752 184 183 66 269 568 389 255 
326 577
24 577
619 577
734 619
34 24
753 326
760 577
454 619
508 619
395 619
533 326
517 508
480 753
349 34
234 517
539 234
73 234
33 34
543 33
86 234
439 234
43 508
332 86
79 73
416 33
294 543
380 543
342 34
635 79
505 416
92 294
207 635
634 480
687 634
507 294
779 634
741 416
262 741
386 635
487 207
180 262
14 487
378 207
106 294
746 106
12 505
352 332
101 378
187 634
72 741
81 106
601 779
547 180
752 92
184 106
183 352
66 601
269 183
568 752
389 180
255 180
124 789 129 647 755 707 690 729 466 391 
729 391
124 789
707 690
124 707
690 391
466 391
647 755
789 755
789 129
10 703 58 150 462 315 163 
703 150
150 163
10 58
462 315
150 462
703 58
750 777 44 516 89 128 132 355 102 17 663 452 
777 17
44 89
102 452
516 663
777 44
44 663
128 17
750 516
750 355
128 452
89 132
657 780 
657 780
4 37 572 754 104 433 85 157 
4 104
37 104
4 754
572 754
37 433
85 157
433 157
125 662 784 419 
125 784
662 784
125 419
412 491 338 652 374 140 356 285 603 776 565 
285 603
338 140
491 338
652 140
356 285
603 565
603 776
412 491
652 356
412 374
787 
773 
222 400 281 600 211 135 
222 281
222 211
211 135
400 281
600 135
18 
322 694 658 
322 694
322 658
371 397 399 179 666 
371 399
397 179
399 179
371 666
165 442 28 589 592 682 256 
442 28
682 256
28 589
165 442
589 592
28 682
535 793 587 343 143 488 209 669 233 680 578 345 260 575 27 53 286 633 476 571 5 
535 793
587 535
343 587
143 793
488 343
209 143
669 587
233 587
680 233
578 488
345 143
260 680
575 233
27 575
53 143
286 27
633 53
476 633
571 476
5 286
59 665 258 331 414 
59 331
665 258
59 665
59 414
706 733 313 664 701 56 383 643 382 489 47 580 35 126 240 268 103 83 384 67 146 441 346 324 790 69 88 569 82 251 118 23 407 6 503 581 715 249 401 494 52 529 141 774 
706 733
313 733
664 313
701 313
56 313
383 733
643 383
382 383
489 313
47 706
580 56
35 382
126 56
240 47
268 240
103 240
83 268
384 664
67 35
146 56
441 580
346 35
324 346
790 35
69 35
88 383
569 324
82 790
251 441
118 324
23 324
407 23
6 384
503 69
581 23
715 118
249 82
401 118
494 146
52 23
529 52
141 249
774 494
246 588 678 49 594 198 424 113 252 182 546 676 162 149 481 727 95 721 381 609 457 747 794 435 158 263 311 193 415 490 686 219 650 743 120 107 597 469 110 220 574 363 308 426 617 172 430 683 295 
246 588
678 588
49 246
594 678
198 588
424 246
113 678
252 588
182 252
546 246
676 424
162 113
149 246
481 678
727 546
95 49
721 182
381 198
609 162
457 381
747 49
794 747
435 721
158 794
263 609
311 198
193 457
415 263
490 381
686 747
219 721
650 415
743 193
120 158
107 435
597 107
469 597
110 490
220 193
574 220
363 597
308 490
426 363
617 490
172 158
430 574
683 158
295 308
284 514 459 519 621 175 695 13 798 359 130 422 520 
514 519
284 514
519 695
13 359
621 695
798 422
514 459
459 175
519 798
459 130
359 130
621 520
3 615 525 474 625 628 631 702 522 411 718 341 778 217 
628 631
474 702
525 625
522 778
631 718
3 615
615 525
411 341
3 522
625 341
615 474
625 628
411 217
218 556 639 719 96 498 
639 719
218 639
639 96
556 498
218 498
319 461 373 29 496 418 769 0 247 396 41 122 610 231 148 732 161 87 704 134 512 698 
319 461
373 461
29 461
496 461
418 319
769 461
0 373
247 769
396 29
41 496
122 418
610 769
231 396
148 0
732 231
161 231
87 610
704 769
134 148
512 87
698 496
121 758 548 335 
121 548
758 548
121 335
309 478 105 168 112 318 570 455 78 620 458 579 19 
570 458
309 168
112 570
309 478
168 458
105 620
78 19
105 455
309 455
318 570
478 19
620 579
208 764 279 351 479 421 761 30 500 116 203 699 329 713 147 537 
208 764
279 764
351 208
479 279
421 764
761 351
30 421
500 479
116 30
203 279
699 30
329 30
713 203
147 421
537 147
63 438 250 470 
63 470
63 250
438 250
227 566 684 427 771 264 185 32 306 675 20 131 705 425 212 288 138 293 298 1 151 226 464 197 15 795 159 364 447 499 563 115 668 139 751 241 327 403 312 21 70 748 552 254 530 767 679 7 637 467 192 199 782 
227 566
684 566
427 227
771 227
264 227
185 227
32 185
306 684
675 684
20 675
131 20
705 264
425 675
212 427
288 425
138 771
293 684
298 427
1 298
151 288
226 131
464 131
197 288
15 138
795 151
159 464
364 288
447 288
499 15
563 298
115 364
668 226
139 15
751 115
241 499
327 241
403 327
312 159
21 447
70 139
748 403
552 21
254 668
530 70
767 795
679 21
7 21
637 795
467 254
192 159
199 312
782 499
205 473 632 742 99 273 
473 742
205 473
205 632
742 99
99 273
468 785 277 358 710 
468 358
468 277
277 710
785 710
167 524 428 518 402 417 618 673 68 206 413 495 348 214 504 471 681 16 486 475 323 304 
167 524
428 524
518 524
402 524
417 524
618 524
673 428
68 428
206 618
413 518
495 618
348 167
214 348
504 214
471 673
681 504
16 681
486 495
475 673
323 471
304 214
188 274 
188 274
493 693 22 300 595 554 786 446 
493 693
554 786
300 786
493 300
595 786
22 595
22 446
166 553 781 213 607 210 48 297 797 423 763 674 228 555 90 685 169 174 379 337 723 77 314 616 367 160 501 270 541 388 117 362 200 659 460 604 624 772 243 791 651 736 84 57 39 636 720 144 497 244 549 622 181 532 
166 553
781 553
213 166
607 781
210 166
48 553
297 210
797 210
423 297
763 210
674 797
228 213
555 210
90 297
685 210
169 797
174 228
379 555
337 674
723 555
77 685
314 337
616 90
367 314
160 379
501 616
270 174
541 367
388 77
117 169
362 541
200 501
659 541
460 270
604 501
624 460
772 624
243 772
791 624
651 200
736 460
84 388
57 337
39 791
636 651
720 791
144 651
497 57
244 144
549 84
622 497
181 549
532 791
564 598 502 93 202 392 215 9 257 266 
93 392
9 257
564 392
598 502
502 215
564 502
502 9
202 9
598 266
31 369 237 558 189 728 45 688 74 692 334 108 660 765 670 484 560 94 443 593 235 236 677 80 164 65 137 759 
31 369
237 369
558 31
189 31
728 369
45 31
688 558
74 369
692 369
334 237
108 74
660 74
765 189
670 692
484 74
560 765
94 484
443 670
593 688
235 593
236 670
677 593
80 677
164 560
65 560
137 65
759 443
195 201 477 177 119 404 653 11 377 55 299 696 792 709 60 561 353 50 463 232 61 409 648 739 347 526 640 451 46 54 224 483 596 385 613 265 788 510 366 36 357 145 406 
195 201
477 201
177 201
119 477
404 119
653 177
11 653
377 653
55 195
299 377
696 653
792 404
709 377
60 404
561 119
353 653
50 561
463 299
232 561
61 50
409 232
648 409
739 696
347 463
526 50
640 377
451 347
46 347
54 46
224 50
483 640
596 232
385 640
613 483
265 347
788 739
510 224
366 54
36 451
357 640
145 510
406 46
344 775 225 492 730 544 271 339 287 221 8 302 42 440 239 644 410 114 123 275 278 453 111 40 26 316 717 796 336 672 599 97 691 305 642 623 583 667 133 711 170 584 545 290 735 
344 775
225 775
492 344
730 225
544 225
271 492
339 730
287 339
221 544
8 730
302 221
42 8
440 271
239 302
644 42
410 42
114 287
123 114
275 42
278 275
453 275
111 453
40 278
26 40
316 26
717 316
796 316
336 316
672 796
599 336
97 599
691 599
305 97
642 672
623 599
583 642
667 305
133 691
711 133
170 97
584 583
545 583
290 545
735 583
62 261 191 229 700 602 708 153 
62 229
191 229
62 261
700 708
261 708
602 708
602 153
267 390 534 
267 390
390 534
154 557 646 365 340 608 585 527 64 361 531 429 283 536 738 562 194 629 515 259 196 448 398 230 325 
154 557
646 557
365 557
340 557
608 557
585 154
527 557
64 608
361 585
531 361
429 585
283 557
536 646
738 531
562 365
194 738
629 429
515 629
259 515
196 515
448 361
398 448
230 536
325 194
641 671 350 370 591 394 434 393 627 437 76 689 749 280 716 762 770 91 307 242 542 155 
641 671
350 671
370 641
591 641
394 370
434 370
393 394
627 591
437 591
76 394
689 627
749 437
280 437
716 434
762 716
770 437
91 716
307 76
242 770
542 627
155 770
173 655 328 186 291 333 582 292 630 368 320 540 465 757 303 75 538 387 71 245 405 605 726 142 98 100 523 513 282 712 559 528 109 25 472 51 661 573 253 740 38 509 626 272 511 420 204 317 576 127 360 722 301 178 408 152 586 456 432 714 506 737 612 450 248 156 436 375 485 296 136 756 614 606 783 697 321 768 731 638 449 445 289 
173 655
328 655
186 173
291 328
333 291
582 655
292 186
630 582
368 655
320 582
540 368
465 186
757 630
303 540
75 291
538 757
387 540
71 540
245 538
405 757
605 387
726 465
142 291
98 605
100 540
523 405
513 333
282 523
712 538
559 291
528 100
109 333
25 538
472 282
51 109
661 98
573 523
253 387
740 51
38 740
509 740
626 712
272 25
511 38
420 75
204 25
317 420
576 282
127 317
360 509
722 740
301 98
178 726
408 509
152 360
586 405
456 253
432 511
714 586
506 204
737 109
612 506
450 272
248 450
156 528
436 301
375 737
485 301
296 436
136 432
756 450
614 737
606 714
783 614
697 296
321 614
768 136
731 450
638 768
449 436
445 436
289 756
216 238 551 372 354 590 745 724 
216 724
745 724
238 372
354 745
216 372
354 590
238 551
2 645 
2 645
521 766 431 725 310 330 654 567 223 376 
725 567
431 654
521 766
766 431
725 310
521 330
654 567
330 223
567 376
