? 14 3 615 65 525 628 137 625 560 702 325 164 474 718 522 
? 13 31 369 237 558 334 728 45 74 660 108 765 692 236 
? 13 154 557 365 646 585 608 527 536 768 629 361 429 64 
? 12 476 571 633 94 484 53 552 96 670 345 143 751 
? 12 583 735 230 584 545 642 556 290 218 719 321 639 
? 11 27 286 578 5 233 223 680 575 260 488 343 
? 10 201 477 195 177 404 653 55 353 50 61 
? 10 10 703 58 150 315 462 134 273 742 473 
? 10 44 750 777 89 128 132 355 663 516 17 
? 8 276 482 649 176 190 452 171 656 
? 8 431 766 725 521 310 285 356 338 
? 8 97 599 244 691 170 336 623 305 
? 8 412 510 491 145 224 526 374 140 
? 7 194 738 531 759 443 398 283 
? 7 16 744 348 681 504 444 214 
? 6 391 550 102 466 799 124 
? 6 133 711 622 209 669 717 
? 6 216 372 238 788 354 658 
? 5 163 780 183 205 632 
? 5 316 672 2 498 645 
? 5 267 602 708 153 534 
? 4 413 471 323 512 
? 4 66 666 704 99 
? 4 196 515 259 255 
? 3 18 411 217 
? 3 581 700 745 
!
583 735 230 584 545 642 556 290 218 719 321 639 
584 556
719 639
735 321
230 545
218 639
735 545
583 321
642 321
230 290
735 556
584 218
227 566 684 771 427 185 675 425 32 20 705 131 306 264 212 138 197 288 293 226 151 298 15 464 1 795 364 159 115 499 668 447 7 312 241 21 70 327 59 254 467 139 665 767 563 157 192 587 637 662 793 567 403 654 330 258 376 782 535 199 679 530 
227 566
684 566
771 227
427 566
185 566
675 684
425 675
32 185
20 675
705 20
131 20
306 684
264 675
212 566
138 771
197 675
288 197
293 675
226 675
151 288
298 212
15 138
464 264
1 298
795 151
364 288
159 464
115 364
499 15
668 226
447 364
7 151
312 159
241 32
21 364
70 15
327 241
59 795
254 226
467 59
139 70
665 467
767 795
563 70
157 668
192 159
587 1
637 59
662 59
793 587
567 327
403 567
654 567
330 499
258 59
376 192
782 499
535 793
199 159
679 21
530 70
44 750 777 89 128 132 355 663 516 17 
777 17
44 89
663 516
44 777
44 663
128 17
750 516
750 355
89 132
16 744 348 681 504 444 214 
744 681
348 444
16 744
504 214
348 681
16 504
476 571 633 94 484 53 552 96 670 345 143 751 
476 571
633 552
143 751
571 633
96 345
53 345
94 484
476 94
552 345
552 751
94 670
340 448 
340 448
412 510 491 145 224 526 374 140 
412 145
412 510
510 526
224 526
491 140
510 491
145 374
196 515 259 255 
196 259
196 515
515 255
27 286 578 5 233 223 680 575 260 488 343 
27 578
260 343
27 233
578 680
488 343
27 286
578 488
286 5
233 223
223 575
417 
352 
216 372 238 788 354 658 
238 788
372 238
216 354
216 372
372 658
129 
581 700 745 
581 700
581 745
267 602 708 153 534 
153 534
602 708
602 534
267 708
194 738 531 759 443 398 283 
194 531
194 738
738 443
194 759
531 283
443 398
319 461 373 29 418 0 769 496 247 396 41 610 148 231 87 304 161 732 698 657 122 
319 461
373 461
29 319
418 461
0 29
769 461
496 769
247 496
396 0
41 496
610 496
148 0
231 396
87 610
304 247
161 231
732 231
698 87
657 87
122 304
316 672 2 498 645 
316 672
498 645
2 645
672 645
494 774 93 787 564 392 419 693 554 300 598 9 784 493 331 414 202 468 502 257 595 22 215 694 677 277 80 786 358 785 322 446 593 125 266 688 235 778 572 715 189 754 390 724 
494 774
93 774
787 774
564 93
392 564
419 93
693 774
554 693
300 693
598 564
9 419
784 693
493 693
331 9
414 693
202 598
468 493
502 598
257 9
595 493
22 493
215 598
694 502
677 414
277 468
80 414
786 493
358 786
785 358
322 694
446 595
593 677
125 593
266 598
688 593
235 593
778 446
572 215
715 694
189 688
754 215
390 715
724 572
706 733 313 664 383 701 56 643 489 295 268 382 47 35 580 103 83 126 308 240 346 363 311 384 469 426 597 67 441 110 107 324 490 69 721 569 790 435 88 82 146 23 6 251 118 481 219 381 401 
706 733
313 733
664 313
383 733
701 313
56 313
643 383
489 664
295 313
268 706
382 643
47 268
35 643
580 56
103 47
83 706
126 47
308 489
240 103
346 35
363 580
311 383
384 701
469 56
426 580
597 363
67 382
441 597
110 311
107 597
324 240
490 110
69 382
721 597
569 324
790 324
435 721
88 69
82 35
146 441
23 324
6 490
251 441
118 324
481 721
219 441
381 490
401 324
154 557 365 646 585 608 527 536 768 629 361 429 64 
557 365
585 629
768 64
585 429
608 64
365 64
154 557
154 629
527 768
646 536
557 536
629 361
3 615 65 525 628 137 625 560 702 325 164 474 718 522 
560 164
325 474
3 65
702 474
164 522
525 625
615 65
65 325
615 525
137 702
3 522
628 718
628 625
133 711 622 209 669 717 
133 711
133 209
711 669
711 622
133 717
520 773 621 514 519 284 175 695 459 130 798 28 422 592 13 359 256 682 548 542 121 758 
520 773
621 520
514 621
519 514
284 514
175 519
695 175
459 519
130 519
798 459
28 175
422 514
592 28
13 459
359 13
256 459
682 256
548 359
542 682
121 548
758 548
66 666 704 99 
666 704
66 666
666 99
31 369 237 558 334 728 45 74 660 108 765 692 236 
31 728
369 74
369 728
108 236
237 45
369 237
31 558
108 692
237 334
74 692
334 765
558 660
483 613 433 357 640 37 709 385 11 377 696 4 739 104 36 85 
483 613
433 613
357 483
640 357
37 357
709 640
385 613
11 709
377 709
696 377
4 357
739 696
104 37
36 709
85 433
413 471 323 512 
413 323
413 471
471 512
166 553 781 213 607 48 210 797 297 763 228 423 674 169 555 685 379 174 77 337 90 314 367 160 723 541 616 270 501 604 388 117 200 460 659 651 243 720 362 624 57 791 736 144 772 549 84 636 497 39 667 111 123 
166 553
781 553
213 166
607 781
48 553
210 166
797 553
297 210
763 210
228 213
423 228
674 797
169 797
555 210
685 210
379 555
174 423
77 685
337 674
90 685
314 337
367 314
160 685
723 160
541 367
616 160
270 90
501 616
604 616
388 270
117 169
200 501
460 270
659 541
651 160
243 270
720 243
362 541
624 460
57 659
791 624
736 388
144 651
772 791
549 388
84 388
636 144
497 117
39 270
667 541
111 549
123 791
391 550 102 466 799 124 
550 799
391 466
550 466
391 124
102 466
163 780 183 205 632 
163 205
183 205
183 632
780 205
350 641 671 370 394 591 627 434 437 689 393 280 155 770 716 76 589 91 749 165 242 442 
350 641
671 641
370 671
394 641
591 671
627 591
434 350
437 627
689 437
393 627
280 437
155 280
770 155
716 434
76 689
589 437
91 716
749 770
165 280
242 770
442 280
551 590 
551 590
97 599 244 691 170 336 623 305 
599 244
170 623
244 305
97 336
97 599
691 305
623 305
173 655 328 291 186 292 333 582 630 540 320 368 757 513 71 75 100 303 98 559 109 605 523 387 405 282 661 472 528 51 38 511 142 253 740 509 722 576 301 360 152 456 408 432 737 375 156 436 485 697 296 449 614 562 
173 655
328 655
291 328
186 173
292 173
333 291
582 173
630 582
540 582
320 582
368 540
757 630
513 333
71 540
75 291
100 540
303 540
98 540
559 513
109 291
605 98
523 757
387 303
405 523
282 523
661 540
472 282
528 100
51 333
38 51
511 38
142 75
253 387
740 51
509 740
722 740
576 282
301 98
360 740
152 511
456 253
408 509
432 511
737 722
375 737
156 528
436 301
485 301
697 436
296 697
449 436
614 737
562 432
10 703 58 150 315 462 134 273 742 473 
742 473
703 150
150 742
462 273
10 58
315 462
134 273
150 462
703 58
225 730 344 775 492 271 544 339 221 8 302 287 410 42 644 440 239 114 532 275 278 453 40 181 445 26 783 796 
225 730
344 225
775 344
492 730
271 225
544 775
339 271
221 544
8 221
302 221
287 339
410 221
42 410
644 42
440 287
239 221
114 287
532 114
275 42
278 275
453 275
40 275
181 453
445 181
26 181
783 26
796 783
208 764 279 479 351 421 761 30 116 500 203 699 147 206 329 486 618 537 713 495 179 68 281 250 211 397 470 63 400 222 371 399 475 611 438 524 389 518 167 631 673 402 428 
208 764
279 208
479 279
351 479
421 764
761 208
30 421
116 30
500 479
203 279
699 30
147 421
206 116
329 116
486 761
618 761
537 147
713 203
495 618
179 618
68 618
281 116
250 713
211 30
397 179
470 250
63 250
400 281
222 281
371 179
399 371
475 371
611 400
438 250
524 206
389 470
518 524
167 524
631 438
673 518
402 518
428 524
246 588 678 594 113 49 424 252 182 198 676 162 95 149 546 727 457 609 650 747 263 158 193 415 686 120 794 574 172 617 220 683 430 307 707 690 729 755 341 600 789 135 335 743 710 
246 588
678 588
594 246
113 246
49 246
424 113
252 246
182 252
198 678
676 182
162 113
95 49
149 49
546 95
727 162
457 198
609 162
650 727
747 49
263 609
158 650
193 457
415 263
686 747
120 158
794 120
574 193
172 158
617 457
220 193
683 158
430 574
307 574
707 415
690 707
729 690
755 430
341 686
600 683
789 755
135 600
335 193
743 220
710 341
431 766 725 521 310 285 356 338 
766 521
285 356
431 766
431 285
725 310
356 338
725 521
18 411 217 
18 411
411 217
309 478 112 168 105 579 318 503 249 78 455 570 458 620 141 191 407 52 62 19 261 229 529 274 188 
309 478
112 309
168 478
105 478
579 105
318 112
503 105
249 309
78 168
455 478
570 78
458 318
620 105
141 78
191 78
407 141
52 407
62 191
19 52
261 191
229 261
529 52
274 579
188 455
46 54 265 347 406 451 409 776 648 565 366 232 463 561 596 792 60 119 603 652 748 299 
46 54
265 54
347 54
406 46
451 347
409 54
776 54
648 347
565 776
366 265
232 409
463 54
561 232
596 232
792 232
60 561
119 60
603 406
652 596
748 347
299 265
326 577 24 619 34 508 753 289 349 539 454 734 760 517 480 395 73 731 234 33 756 450 533 248 439 543 43 86 79 342 294 416 635 332 380 634 687 507 207 612 626 92 178 505 272 12 714 741 386 506 180 106 378 25 127 420 779 136 487 14 204 262 712 187 726 81 72 547 465 746 101 606 601 752 184 245 538 638 269 317 573 586 568 
326 577
24 577
619 577
34 577
508 619
753 24
289 326
349 577
539 619
454 619
734 619
760 577
517 24
480 24
395 517
73 454
731 289
234 517
33 24
756 734
450 734
533 234
248 450
439 234
543 33
43 454
86 234
79 73
342 34
294 543
416 33
635 79
332 439
380 416
634 294
687 634
507 543
207 635
612 450
626 248
92 294
178 626
505 33
272 626
12 505
714 207
741 380
386 635
506 612
180 741
106 507
378 207
25 506
127 626
420 127
779 634
136 420
487 635
14 487
204 25
262 180
712 626
187 439
726 712
81 106
72 136
547 180
465 712
746 106
101 487
606 506
601 687
752 507
184 106
245 465
538 712
638 72
269 187
317 420
573 204
586 204
568 752
276 482 649 176 190 452 171 656 
276 482
482 649
176 452
452 171
276 452
176 656
276 190
647 762 
647 762
201 477 195 177 404 653 55 353 50 61 
201 177
201 195
201 477
404 50
195 404
50 61
477 653
55 50
653 353
