? 10 22 476 604 612 176 103 92 560 351 736 
? 10 61 463 334 550 688 129 272 270 66 640 
? 10 234 390 654 331 91 330 173 297 87 434 
? 10 227 430 348 793 249 188 47 41 486 290 
? 9 213 223 333 475 259 790 588 366 281 
? 9 42 139 24 678 758 582 505 781 718 
? 8 782 787 468 707 74 538 193 599 
? 8 764 798 67 634 669 262 565 146 
? 8 658 683 618 457 435 163 11 625 
? 8 124 130 217 79 296 513 230 695 
? 8 215 670 114 441 350 516 336 358 
? 8 643 748 160 149 201 399 487 94 
? 8 499 745 377 210 590 108 577 135 
? 7 576 769 226 322 232 484 346 
? 7 107 611 106 462 792 95 562 
? 7 35 721 555 458 147 211 551 
? 7 99 384 456 512 418 97 59 
? 7 0 600 597 55 700 537 553 
? 7 80 307 677 406 364 444 460 
? 7 31 547 488 289 671 361 57 
? 6 380 751 527 646 730 755 
? 6 40 503 563 316 224 355 
? 6 510 701 65 467 407 529 
? 6 638 656 280 88 687 690 
? 6 207 317 784 624 48 77 
? 6 396 519 119 178 236 197 
? 6 282 753 596 495 661 352 
? 5 27 491 267 675 195 
? 5 2 393 304 46 535 
? 5 248 603 209 4 221 
? 5 471 645 10 170 37 
? 5 287 415 152 521 389 
? 5 662 743 274 78 363 
? 5 36 321 192 181 229 
? 5 489 490 608 71 112 
? 5 528 724 712 62 54 
? 5 196 479 365 515 387 
? 4 252 292 247 164 
? 4 409 731 733 359 
? 4 179 427 587 268 
? 4 264 673 633 172 
? 4 629 749 5 416 
? 4 69 752 137 655 
? 4 50 524 449 341 
? 4 511 704 203 540 
? 4 144 767 691 477 
? 4 293 783 574 13 
? 4 233 735 785 276 
? 3 25 105 110 
? 3 271 579 571 
? 3 76 564 716 
? 3 261 436 126 
? 3 52 169 39 
? 3 51 532 429 
? 3 741 742 206 
? 3 344 397 453 
? 3 156 378 238 
? 3 205 630 70 
? 3 641 740 496 
!
286 709 
286 709
233 735 785 276 
785 276
735 276
233 735
641 740 496 
740 496
641 740
791 
530 773 680 759 450 408 131 371 445 725 681 237 208 757 338 504 606 501 44 337 
530 773
680 773
759 530
450 530
408 773
131 530
371 530
445 408
725 445
681 445
237 680
208 131
757 759
338 681
504 445
606 504
501 371
44 371
337 208
282 753 596 495 661 352 
282 753
282 495
495 352
753 661
282 596
153 598 737 614 705 623 257 102 241 702 644 368 542 404 648 
153 598
737 598
614 737
705 598
623 614
257 598
102 153
241 737
702 598
644 257
368 644
542 368
404 623
648 404
396 519 119 178 236 197 
236 197
396 519
396 119
519 178
396 197
251 298 288 421 442 549 33 729 726 21 23 167 472 461 3 75 
251 298
288 251
421 298
442 298
549 251
33 549
729 288
726 549
21 288
23 33
167 442
472 421
461 421
3 421
75 167
632 
293 783 574 13 
293 783
783 13
783 574
323 440 
323 440
205 630 70 
630 70
205 70
144 767 691 477 
144 477
144 767
767 691
511 704 203 540 
704 203
203 540
511 203
156 378 238 
156 378
156 238
196 479 365 515 387 
196 479
515 387
365 515
479 365
50 524 449 341 
50 524
524 449
449 341
326 443 
326 443
528 724 712 62 54 
528 724
712 62
724 712
724 54
499 745 377 210 590 108 577 135 
745 210
499 745
590 135
745 590
377 108
377 210
577 135
616 
382 770 452 283 526 190 674 566 465 459 693 118 750 45 437 763 500 104 714 708 672 696 16 586 394 703 
382 770
452 770
283 452
526 770
190 382
674 452
566 674
465 674
459 452
693 190
118 283
750 465
45 770
437 526
763 118
500 693
104 693
714 465
708 118
672 500
696 708
16 714
586 714
394 437
703 708
31 547 488 289 671 361 57 
547 57
547 289
31 289
488 57
547 361
31 671
246 665 
246 665
89 428 127 794 523 184 613 424 679 746 198 96 148 668 431 258 177 216 448 132 43 158 
89 428
127 89
794 127
523 89
184 127
613 428
424 127
679 794
746 428
198 613
96 428
148 96
668 794
431 96
258 96
177 198
216 198
448 148
132 258
43 177
158 43
344 397 453 
344 397
344 453
489 490 608 71 112 
489 112
490 112
489 71
490 608
313 799 609 339 653 592 314 494 285 136 244 301 166 
313 799
609 799
339 799
653 313
592 799
314 313
494 339
285 313
136 313
244 609
301 285
166 592
204 303 171 556 273 426 478 263 277 626 191 30 14 
204 303
171 303
556 204
273 303
426 204
478 303
263 273
277 204
626 277
191 273
30 277
14 273
207 317 784 624 48 77 
317 624
207 317
207 77
624 48
784 624
138 559 343 509 498 710 256 324 214 777 225 335 269 360 761 315 161 425 392 294 615 474 765 373 774 116 483 383 354 698 647 101 
138 559
343 559
509 559
498 559
710 343
256 343
324 559
214 324
777 324
225 498
335 509
269 710
360 498
761 710
315 214
161 509
425 777
392 214
294 315
615 509
474 761
765 761
373 392
774 315
116 214
483 225
383 498
354 269
698 354
647 225
101 777
638 656 280 88 687 690 
638 280
656 687
88 687
88 690
638 687
741 742 206 
741 206
741 742
117 558 666 760 713 482 410 56 235 480 637 605 357 628 255 
117 558
666 558
760 117
713 117
482 558
410 482
56 482
235 558
480 760
637 117
605 666
357 713
628 713
255 117
522 
635 732 493 53 58 302 573 413 347 120 663 253 182 345 
635 732
493 732
53 635
58 635
302 58
573 635
413 53
347 58
120 347
663 120
253 53
182 253
345 253
36 321 192 181 229 
181 229
321 181
36 321
36 192
310 692 
310 692
510 701 65 467 407 529 
510 701
701 407
510 65
701 467
510 529
485 
80 307 677 406 364 444 460 
406 364
80 307
307 677
307 406
444 460
677 444
332 711 517 591 584 133 723 593 775 631 569 38 
332 711
517 711
591 711
584 332
133 332
723 332
593 133
775 593
631 711
569 591
38 775
422 
464 543 581 400 219 6 12 199 497 1 155 242 86 610 607 84 284 768 312 
464 543
581 464
400 543
219 400
6 543
12 543
199 543
497 581
1 6
155 199
242 497
86 199
610 581
607 497
84 199
284 155
768 610
312 242
662 743 274 78 363 
662 743
274 78
662 363
78 363
69 752 137 655 
752 137
137 655
69 137
706 719 
706 719
395 
40 503 563 316 224 355 
316 224
40 503
40 563
563 355
503 316
414 621 60 83 121 506 202 391 684 548 778 
414 621
60 621
83 621
121 60
506 121
202 60
391 506
684 391
548 684
778 391
220 667 780 747 18 639 686 433 583 388 125 175 
220 667
780 667
747 667
18 780
639 747
686 639
433 639
583 780
388 667
125 686
175 780
0 600 597 55 700 537 553 
0 600
0 597
55 700
0 55
55 553
537 553
51 532 429 
51 532
51 429
52 169 39 
52 169
52 39
629 749 5 416 
5 416
749 416
629 749
113 797 682 423 772 649 720 403 699 174 7 143 
113 797
682 113
423 113
772 682
649 797
720 649
403 772
699 649
174 113
7 720
143 720
376 651 325 305 795 541 115 353 771 567 186 212 109 432 
376 651
325 651
305 325
795 305
541 305
115 651
353 325
771 541
567 651
186 115
212 353
109 541
432 541
261 436 126 
261 436
261 126
473 546 595 398 362 412 636 580 451 619 481 575 329 385 29 728 518 63 650 454 788 734 
473 546
595 546
398 595
362 398
412 362
636 398
580 546
451 636
619 362
481 580
575 580
329 575
385 619
29 619
728 329
518 29
63 518
650 329
454 63
788 451
734 63
99 384 456 512 418 97 59 
99 97
99 512
456 512
384 512
456 418
418 59
264 673 633 172 
633 172
673 172
264 673
73 446 652 100 766 438 320 470 602 439 194 200 
73 446
652 73
100 446
766 652
438 446
320 766
470 652
602 73
439 438
194 602
200 652
287 415 152 521 389 
415 521
415 389
287 521
152 389
327 
179 427 587 268 
587 268
427 587
179 427
380 751 527 646 730 755 
751 755
730 755
646 730
380 751
380 527
318 466 
318 466
643 748 160 149 201 399 487 94 
643 149
160 487
399 487
160 201
748 149
201 94
748 201
215 670 114 441 350 516 336 358 
350 516
215 336
670 114
114 350
516 336
336 358
215 441
308 
300 
227 430 348 793 249 188 47 41 486 290 
348 290
227 430
348 249
430 793
430 249
227 41
188 290
793 486
47 41
124 130 217 79 296 513 230 695 
130 217
130 296
124 130
79 296
230 695
124 695
124 513
658 683 618 457 435 163 11 625 
658 683
658 618
163 625
618 457
683 163
457 11
618 435
76 564 716 
76 564
564 716
369 676 617 309 508 374 243 370 411 231 340 279 
369 676
617 369
309 369
508 676
374 508
243 374
370 243
411 617
231 508
340 411
279 370
134 536 
134 536
228 502 
228 502
35 721 555 458 147 211 551 
555 551
35 721
211 551
147 211
35 458
721 555
122 627 90 789 17 367 469 299 128 776 15 260 717 185 151 534 545 744 786 
122 627
90 122
789 90
17 122
367 627
469 90
299 789
128 469
776 122
15 128
260 90
717 776
185 128
151 367
534 627
545 299
744 90
786 776
64 68 405 154 578 183 145 447 28 642 738 162 756 379 141 306 375 381 557 295 123 694 386 8 
64 68
405 68
154 68
578 64
183 405
145 64
447 154
28 578
642 405
738 154
162 405
756 162
379 28
141 154
306 405
375 738
381 642
557 375
295 375
123 375
694 642
386 295
8 295
254 568 689 275 533 239 507 739 531 754 142 
254 568
689 568
275 689
533 568
239 533
507 689
739 275
531 739
754 531
142 531
401 554 
401 554
265 
409 731 733 359 
731 733
409 731
409 359
234 390 654 331 91 330 173 297 87 434 
331 434
390 91
173 434
390 297
331 91
234 390
654 434
297 87
234 330
85 
319 585 
319 585
471 645 10 170 37 
170 37
471 10
471 37
645 10
61 463 334 550 688 129 272 270 66 640 
61 463
334 272
61 272
66 640
550 66
270 640
550 272
463 688
463 129
107 611 106 462 792 95 562 
106 562
107 611
611 106
107 792
462 95
107 95
764 798 67 634 669 262 565 146 
634 669
634 565
764 669
764 798
67 262
262 565
634 146
372 417 762 601 715 664 245 570 525 187 111 779 589 189 402 552 93 9 514 311 561 222 218 660 349 
372 417
762 417
601 417
715 601
664 372
245 762
570 245
525 762
187 417
111 762
779 245
589 111
189 111
402 589
552 187
93 552
9 93
514 779
311 93
561 514
222 514
218 552
660 111
349 514
248 603 209 4 221 
248 603
248 4
209 221
603 209
2 393 304 46 535 
2 535
393 535
46 535
2 304
20 150 722 520 356 539 180 685 159 32 72 419 165 34 420 278 622 
20 150
722 150
520 150
356 20
539 722
180 20
685 150
159 20
32 722
72 20
419 72
165 180
34 72
420 20
278 72
622 165
782 787 468 707 74 538 193 599 
787 599
468 193
707 538
787 538
468 599
782 74
782 787
250 796 572 19 727 697 81 544 240 157 657 342 
250 796
572 250
19 572
727 796
697 727
81 796
544 727
240 727
157 81
657 727
342 81
252 292 247 164 
247 164
292 247
252 292
576 769 226 322 232 484 346 
226 232
769 232
576 226
769 322
484 346
769 346
27 491 267 675 195 
27 491
491 195
267 195
491 675
82 
42 139 24 678 758 582 505 781 718 
42 582
505 781
678 758
139 24
758 582
139 678
139 781
24 718
271 579 571 
271 579
579 571
140 659 328 455 168 98 620 291 26 266 594 492 
140 659
328 659
455 140
168 140
98 659
620 328
291 168
26 168
266 291
594 659
492 620
22 476 604 612 176 103 92 560 351 736 
476 612
476 103
22 612
92 351
103 351
604 612
22 176
92 736
176 560
213 223 333 475 259 790 588 366 281 
213 475
213 366
259 366
259 790
366 281
223 475
223 333
213 588
25 105 110 
25 110
25 105
49 
