? 10 259 281 656 280 223 638 333 213 690 790 
? 10 250 796 572 19 697 727 81 563 157 544 
? 10 370 393 304 374 279 2 309 243 537 508 
? 10 635 732 493 53 302 58 573 347 413 182 
? 9 31 547 57 289 361 698 488 741 671 
? 9 66 600 0 640 597 270 55 181 85 
? 8 484 512 97 99 346 232 791 456 
? 8 369 617 676 411 691 340 692 156 
? 8 231 704 203 511 82 39 169 378 
? 8 643 748 336 160 386 399 487 201 
? 8 396 519 119 236 394 197 144 234 
? 8 220 747 780 667 18 125 639 326 
? 8 140 659 455 492 594 318 755 276 
? 7 414 621 60 83 626 337 30 
? 7 576 769 226 322 449 733 70 
? 7 517 711 321 593 569 133 36 
? 7 317 784 207 624 588 475 48 
? 7 582 758 678 42 139 716 505 
? 7 142 529 724 258 65 132 407 
? 7 200 211 147 35 721 267 67 
? 6 196 479 460 444 365 80 
? 6 364 709 454 567 268 471 
? 6 124 130 217 513 230 522 
? 6 40 503 342 316 92 216 
? 6 137 714 252 586 247 752 
? 6 107 293 792 611 95 783 
? 6 101 425 292 373 164 16 
? 5 287 415 389 521 51 
? 5 662 743 195 78 363 
? 5 616 684 548 778 401 
? 5 10 345 645 395 253 
? 5 76 159 685 564 419 
? 5 143 500 443 696 7 
? 5 764 798 262 565 323 
? 5 72 278 718 550 463 
? 5 105 264 633 172 673 
? 5 409 731 384 418 59 
? 4 433 701 686 510 
? 4 46 631 308 723 
? 4 416 749 5 77 
? 4 24 781 502 34 
? 4 141 294 123 375 
? 4 307 677 63 106 
? 4 221 248 152 209 
? 4 341 524 50 630 
? 4 71 94 110 25 
? 4 355 657 240 462 
? 4 404 648 528 623 
? 3 175 388 583 
? 3 179 427 286 
? 3 274 397 300 
? 3 205 571 327 
? 3 271 579 241 
? 3 366 485 246 
? 3 496 641 788 
? 3 269 354 206 
? 3 166 429 301 
? 3 102 614 381 
? 3 448 467 486 
!
45 655 
45 655
404 648 528 623 
648 528
404 648
648 623
448 467 486 
467 486
448 467
712 
473 546 595 398 362 412 636 580 451 575 329 29 734 385 650 518 728 481 619 632 
473 546
595 473
398 546
362 398
412 362
636 595
580 595
451 398
575 636
329 575
29 412
734 412
385 29
650 329
518 734
728 329
481 595
619 29
632 481
101 425 292 373 164 16 
164 16
101 292
101 425
101 373
373 16
266 735 291 168 675 233 33 26 663 549 23 120 785 328 98 
266 735
291 266
168 291
675 266
233 266
33 291
26 168
663 735
549 675
23 291
120 663
785 675
328 291
98 120
107 293 792 611 95 783 
107 293
293 611
792 783
293 783
107 95
382 770 452 283 526 750 190 674 465 693 459 437 566 118 104 763 
382 770
452 382
283 452
526 452
750 382
190 382
674 382
465 674
693 283
459 382
437 526
566 465
118 283
104 693
763 118
694 
355 657 240 462 
657 240
240 462
355 240
192 535 
192 535
102 614 381 
102 614
102 381
71 94 110 25 
71 94
110 25
71 25
341 524 50 630 
524 50
524 630
341 50
166 429 301 
429 301
166 429
409 731 384 418 59 
409 731
731 384
409 418
418 59
221 248 152 209 
221 209
152 209
248 209
359 695 
359 695
105 264 633 172 673 
105 673
633 172
105 172
264 673
140 659 455 492 594 318 755 276 
140 659
318 755
140 455
492 594
659 492
492 318
455 276
665 
117 558 760 666 410 713 482 56 357 628 585 255 480 737 605 235 319 153 644 598 239 533 705 436 257 637 
117 558
760 117
666 558
410 558
713 117
482 558
56 410
357 666
628 482
585 117
255 117
480 666
737 628
605 666
235 357
319 357
153 737
644 605
598 153
239 605
533 605
705 153
436 760
257 410
637 760
200 211 147 35 721 267 67 
35 721
211 147
200 147
267 67
200 721
147 67
387 515 
387 515
622 683 658 165 520 457 618 180 625 11 146 163 722 150 539 440 634 420 435 129 20 669 
622 683
658 683
165 658
520 622
457 683
618 658
180 165
625 622
11 625
146 11
163 625
722 520
150 722
539 722
440 163
634 146
420 180
435 658
129 658
20 150
669 634
269 354 206 
269 354
269 206
72 278 718 550 463 
278 718
72 278
278 463
550 463
313 799 653 609 285 592 339 79 314 296 494 136 244 
313 799
653 799
609 799
285 313
592 313
339 799
79 313
314 799
296 79
494 339
136 592
244 494
113 797 682 423 720 772 699 649 672 403 62 708 703 
113 797
682 113
423 113
720 113
772 682
699 720
649 797
672 720
403 682
62 672
708 682
703 708
137 714 252 586 247 752 
714 252
137 752
714 586
137 714
586 247
372 417 762 715 525 664 245 570 601 187 779 589 111 552 93 561 189 402 514 9 311 222 349 265 608 112 660 603 4 218 489 687 
372 417
762 417
715 417
525 762
664 417
245 762
570 762
601 525
187 715
779 245
589 525
111 589
552 187
93 552
561 779
189 111
402 589
514 779
9 93
311 552
222 561
349 222
265 9
608 402
112 514
660 608
603 222
4 603
218 265
489 603
687 265
40 503 342 316 92 216 
316 216
40 503
342 92
92 216
40 342
496 641 788 
496 788
641 788
75 167 442 719 458 555 380 461 21 298 706 421 3 646 751 
75 167
442 167
719 75
458 167
555 458
380 458
461 442
21 167
298 442
706 380
421 298
3 75
646 167
751 458
629 
64 68 405 154 578 447 183 28 642 145 738 162 756 306 
64 68
405 68
154 64
578 68
447 68
183 64
28 64
642 405
145 28
738 447
162 28
756 28
306 642
764 798 262 565 323 
764 798
764 565
262 565
262 323
134 536 
134 536
124 130 217 513 230 522 
130 217
124 130
217 522
130 230
124 513
557 
142 529 724 258 65 132 407 
529 724
142 529
142 65
529 132
258 132
65 407
468 787 782 707 193 74 599 310 540 453 538 344 
468 787
782 787
707 787
193 468
74 468
599 193
310 193
540 193
453 74
538 707
344 707
554 
530 773 680 408 759 450 131 725 445 338 681 757 371 504 237 208 606 44 202 
530 773
680 773
408 773
759 773
450 773
131 759
725 773
445 408
338 445
681 445
757 759
371 445
504 445
237 680
208 237
606 681
44 371
202 237
143 500 443 696 7 
500 7
500 696
143 696
443 7
307 677 63 106 
307 677
677 106
307 63
228 607 
228 607
532 
364 709 454 567 268 471 
364 709
709 268
364 454
567 471
709 471
251 288 27 466 472 729 726 620 730 527 491 
251 288
27 251
466 288
472 27
729 27
726 27
620 466
730 620
527 730
491 27
499 745 38 284 584 377 49 590 591 332 775 135 
499 745
38 499
284 745
584 38
377 499
49 499
590 49
591 584
332 591
775 38
135 590
582 758 678 42 139 716 505 
582 42
758 678
582 758
42 716
678 139
139 505
366 485 246 
366 485
366 246
271 579 241 
271 579
271 241
141 294 123 375 
141 294
123 375
141 123
227 430 348 249 793 188 47 290 562 41 176 574 
227 430
348 430
249 348
793 430
188 249
47 348
290 348
562 290
41 188
176 227
574 348
204 303 171 556 273 426 478 191 277 391 121 506 14 263 
204 303
171 303
556 303
273 171
426 204
478 303
191 273
277 204
391 277
121 426
506 121
14 191
263 273
205 571 327 
205 327
571 327
376 651 305 325 353 795 541 115 37 186 432 771 212 331 740 109 390 91 587 170 173 654 
376 651
305 376
325 651
353 376
795 305
541 305
115 795
37 541
186 115
432 541
771 541
212 353
331 541
740 541
109 795
390 212
91 771
587 353
170 432
173 771
654 331
317 784 207 624 588 475 48 
317 624
207 475
207 588
317 207
784 588
624 48
24 781 502 34 
24 781
24 34
24 502
215 670 114 647 350 441 8 516 490 149 295 358 
215 670
114 670
647 670
350 114
441 215
8 114
516 215
490 516
149 350
295 114
358 516
76 159 685 564 419 
76 419
76 159
564 419
159 685
422 
416 749 5 77 
416 5
416 749
416 77
196 479 460 444 365 80 
196 479
460 365
196 80
444 365
479 365
126 261 
126 261
220 747 780 667 18 125 639 326 
220 18
747 18
220 780
667 18
125 326
639 326
747 639
396 519 119 236 394 197 144 234 
394 197
236 197
396 519
396 119
119 144
519 394
519 234
406 
379 
635 732 493 53 302 58 573 347 413 182 
732 573
635 58
635 732
302 58
493 573
53 413
53 302
493 182
302 347
643 748 336 160 386 399 487 201 
160 487
399 487
160 201
643 748
748 201
643 386
643 336
231 704 203 511 82 39 169 378 
231 704
231 203
511 39
511 82
704 378
231 39
82 169
274 397 300 
274 397
274 300
368 542 689 254 568 275 739 174 702 507 531 754 
368 542
689 368
254 542
568 689
275 254
739 542
174 275
702 542
507 689
531 739
754 531
577 742 
577 742
69 477 
69 477
517 711 321 593 569 133 36 
711 321
711 569
517 321
593 133
517 36
517 593
90 469 122 229 128 260 185 108 334 210 744 534 15 272 776 717 61 768 688 
90 469
122 90
229 469
128 122
260 229
185 469
108 229
334 128
210 108
744 128
534 210
15 128
272 260
776 122
717 776
61 334
768 776
688 15
138 559 343 509 498 710 324 335 360 214 761 256 777 392 315 161 765 774 383 116 225 615 483 474 
138 559
343 559
509 138
498 559
710 343
324 138
335 710
360 559
214 324
761 710
256 710
777 324
392 324
315 214
161 509
765 761
774 315
383 360
116 214
225 498
615 761
483 225
474 761
22 43 158 476 604 612 351 103 560 736 13 
22 43
158 22
476 22
604 476
612 604
351 22
103 158
560 604
736 560
13 103
32 356 
32 356
330 
46 631 308 723 
308 723
46 308
631 308
370 393 304 374 279 2 309 243 537 508 
2 537
370 309
370 393
279 2
393 243
393 374
279 309
374 508
304 537
224 
553 700 
553 700
10 345 645 395 253 
345 645
395 253
10 253
10 345
250 796 572 19 697 727 81 563 157 544 
250 796
250 563
796 572
572 19
697 563
697 81
727 544
19 727
796 157
576 769 226 322 449 733 70 
576 226
769 226
769 322
322 733
449 70
576 449
369 617 676 411 691 340 692 156 
369 691
369 617
676 691
617 411
411 340
691 156
676 692
464 543 400 581 219 6 151 1 312 545 497 242 12 367 299 610 199 786 155 17 84 86 501 627 789 
464 543
400 464
581 464
219 581
6 464
151 400
1 543
312 464
545 151
497 312
242 497
12 400
367 545
299 367
610 219
199 545
786 464
155 199
17 299
84 155
86 199
501 610
627 367
789 299
616 684 548 778 401 
616 401
684 401
616 548
548 778
662 743 195 78 363 
662 743
662 363
195 78
662 195
89 428 127 523 184 613 424 794 679 746 96 148 198 668 431 54 177 
89 428
127 89
523 89
184 127
613 127
424 127
794 127
679 794
746 89
96 746
148 96
198 613
668 679
431 96
54 428
177 198
484 512 97 99 346 232 791 456 
97 99
512 99
512 456
484 791
484 99
346 791
346 232
282 753 495 596 661 238 297 178 352 767 87 434 
282 753
495 282
596 282
661 282
238 596
297 282
178 753
352 238
767 596
87 352
434 282
433 701 686 510 
701 686
433 686
433 510
414 621 60 83 626 337 30 
414 621
621 60
83 626
626 30
626 337
414 83
287 415 389 521 51 
415 51
389 51
415 521
287 521
88 
66 600 0 640 597 270 55 181 85 
600 640
0 270
66 600
0 640
597 270
270 85
270 55
640 181
179 427 286 
427 286
179 427
73 446 100 652 766 438 602 320 439 551 194 470 
73 446
100 73
652 446
766 652
438 446
602 446
320 652
439 446
551 73
194 602
470 320
259 281 656 280 223 638 333 213 690 790 
280 638
281 638
259 790
259 281
259 656
656 333
223 333
259 213
656 690
31 547 57 289 361 698 488 741 671 
698 671
547 57
547 289
31 289
57 488
547 361
31 671
488 741
175 388 583 
175 583
175 388
52 
