? 10 66 600 0 597 640 270 272 55 61 550 
? 10 282 753 596 352 495 661 654 238 331 173 
? 10 643 748 136 149 160 653 336 386 487 201 
? 10 662 743 195 78 267 344 363 274 397 67 
? 9 594 632 481 659 455 575 318 492 328 
? 9 249 348 290 430 227 793 562 47 41 
? 8 31 547 57 361 671 289 698 741 
? 8 782 787 468 707 453 599 74 193 
? 8 24 139 42 678 582 564 781 718 
? 8 499 745 377 284 590 135 84 49 
? 8 548 684 616 778 88 246 83 665 
? 8 40 503 342 316 224 783 293 240 
? 8 215 670 114 483 647 441 8 350 
? 7 609 799 313 314 494 592 339 
? 7 565 669 634 262 764 323 798 
? 7 414 621 60 202 501 610 5 
? 7 107 611 792 106 462 95 515 
? 7 231 704 203 156 540 169 511 
? 7 99 456 384 512 731 97 484 
? 7 142 529 531 754 65 510 701 
? 6 329 650 728 580 451 345 
? 6 80 307 677 406 364 444 
? 6 124 130 296 79 230 217 
? 6 234 390 330 212 87 197 
? 6 375 738 295 557 123 244 
? 6 37 170 471 496 740 641 
? 6 207 317 784 475 624 588 
? 5 101 252 292 137 69 
? 5 226 769 576 322 232 
? 5 396 519 119 236 178 
? 5 463 688 15 34 744 
? 5 10 645 395 788 454 
? 5 304 370 2 537 85 
? 5 264 633 673 166 172 
? 5 50 449 341 524 70 
? 5 301 513 571 285 126 
? 5 153 705 702 623 241 
? 4 35 721 555 458 
? 4 404 648 486 433 
? 4 346 791 418 733 
? 4 287 415 389 532 
? 4 228 758 502 505 
? 4 152 209 51 25 
? 4 196 479 460 365 
? 4 71 94 489 490 
? 4 175 388 587 686 
? 4 48 749 77 629 
? 4 144 752 477 655 
? 3 271 630 205 
? 3 59 521 409 
? 3 326 443 143 
? 3 46 535 134 
? 3 567 709 268 
? 3 206 577 488 
? 3 300 700 553 
? 3 359 522 429 
? 3 164 308 16 
? 3 82 276 39 
? 3 261 436 306 
!
691 692 
691 692
144 752 477 655 
144 477
752 477
477 655
261 436 306 
261 436
261 306
755 
530 773 759 680 408 450 131 445 681 338 504 725 757 208 237 44 371 606 716 607 
530 773
759 530
680 773
408 530
450 773
131 759
445 408
681 445
338 445
504 445
725 445
757 759
208 131
237 208
44 773
371 445
606 504
716 606
607 757
207 317 784 475 624 588 
317 624
207 475
207 588
207 317
784 588
251 298 442 21 726 706 466 646 751 27 380 730 491 527 620 
251 298
442 298
21 298
726 298
706 251
466 21
646 706
751 646
27 726
380 751
730 466
491 27
527 380
620 466
37 170 471 496 740 641 
37 170
37 641
471 641
170 740
496 740
113 797 682 423 62 772 708 403 720 703 672 699 649 7 407 275 
113 797
682 113
423 113
62 113
772 682
708 423
403 682
720 113
703 708
672 720
699 720
649 423
7 720
407 699
275 772
695 
48 749 77 629 
749 629
48 749
749 77
768 786 
768 786
82 276 39 
82 39
82 276
175 388 587 686 
388 686
175 388
175 587
71 94 489 490 
71 94
94 489
489 490
164 308 16 
164 16
164 308
153 705 702 623 241 
153 623
153 705
153 241
153 702
196 479 460 365 
196 479
460 365
479 365
696 712 
696 712
301 513 571 285 126 
513 126
571 126
301 513
301 285
215 670 114 483 647 441 8 350 
483 647
670 114
114 350
670 483
114 8
215 483
215 441
579 
138 559 343 509 710 498 774 256 324 615 335 294 214 761 225 360 116 269 315 765 777 383 392 425 474 354 
138 559
343 559
509 138
710 343
498 559
774 559
256 509
324 559
615 343
335 710
294 774
214 324
761 256
225 498
360 498
116 214
269 710
315 214
765 761
777 324
383 294
392 214
425 777
474 765
354 269
142 529 531 754 65 510 701 
754 65
754 510
510 701
142 531
142 529
142 65
105 110 
105 110
652 766 73 211 200 446 320 100 470 551 438 147 719 602 3 194 472 439 75 421 461 167 
652 766
73 766
211 766
200 211
446 73
320 200
100 446
470 211
551 470
438 446
147 200
719 551
602 446
3 719
194 100
472 438
439 194
75 719
421 472
461 75
167 75
359 522 429 
522 429
359 522
50 449 341 524 70 
524 70
50 524
449 70
449 341
362 412 398 546 473 595 734 385 518 619 29 63 636 
362 412
398 362
546 398
473 546
595 546
734 412
385 412
518 734
619 518
29 518
63 518
636 473
376 651 305 325 541 795 115 353 186 109 91 771 432 
376 651
305 376
325 651
541 305
795 305
115 795
353 376
186 115
109 795
91 376
771 541
432 541
375 738 295 557 123 244 
295 123
295 557
375 123
738 557
375 244
372 417 664 715 762 187 601 570 525 245 589 111 779 552 93 311 9 189 514 561 349 402 112 4 218 222 603 265 248 660 608 687 
372 417
664 417
715 417
762 715
187 715
601 762
570 372
525 762
245 570
589 525
111 589
779 245
552 187
93 552
311 93
9 93
189 111
514 779
561 514
349 779
402 589
112 349
4 514
218 9
222 514
603 4
265 218
248 603
660 111
608 402
687 218
234 390 330 212 87 197 
390 212
234 212
212 87
330 197
234 330
300 700 553 
700 553
300 700
469 789 90 122 128 17 260 229 334 210 534 717 776 185 108 
469 789
90 469
122 789
128 469
17 122
260 90
229 260
334 128
210 229
534 789
717 122
776 122
185 122
108 210
574 
332 711 517 591 321 723 775 593 569 133 631 38 584 36 
332 711
517 711
591 711
321 591
723 332
775 723
593 775
569 591
133 775
631 517
38 775
584 591
36 321
264 633 673 166 172 
633 172
673 172
264 673
264 166
435 538 
435 538
124 130 296 79 230 217 
130 217
130 296
124 130
296 79
130 230
485 
99 456 384 512 731 97 484 
512 731
99 97
99 512
456 512
99 484
384 731
369 617 374 676 411 243 340 508 309 767 279 393 
369 617
374 369
676 617
411 617
243 617
340 411
508 369
309 374
767 411
279 309
393 374
422 
464 543 581 400 219 151 6 1 545 497 12 367 299 242 312 86 199 155 627 
464 543
581 464
400 464
219 400
151 400
6 151
1 543
545 543
497 464
12 543
367 151
299 367
242 581
312 497
86 545
199 86
155 86
627 367
304 370 2 537 85 
2 537
370 2
304 537
304 85
152 209 51 25 
209 25
152 51
209 51
161 742 
161 742
399 
80 307 677 406 364 444 
406 364
80 307
307 677
307 406
677 444
220 780 667 18 583 427 639 747 179 125 188 
220 780
667 220
18 220
583 780
427 780
639 220
747 667
179 220
125 639
188 427
250 796 572 727 19 697 563 355 81 544 157 657 
250 796
572 250
727 796
19 572
697 727
563 250
355 727
81 563
544 727
157 572
657 544
231 704 203 156 540 169 511 
231 704
704 156
231 203
203 540
156 169
231 511
206 577 488 
577 488
206 577
567 709 268 
709 268
567 709
228 758 502 505 
228 502
228 758
758 505
64 68 405 154 447 183 578 145 642 141 28 756 
64 68
405 68
154 64
447 68
183 64
578 154
145 64
642 405
141 145
28 405
756 28
20 150 722 180 539 356 520 419 159 685 32 420 278 72 
20 150
722 150
180 150
539 150
356 180
520 722
419 20
159 20
685 159
32 722
420 150
278 159
72 278
46 535 134 
46 535
535 134
382 770 452 190 283 526 750 674 566 465 693 459 118 500 763 437 104 586 714 45 379 394 
382 770
452 770
190 770
283 452
526 452
750 770
674 770
566 674
465 674
693 283
459 770
118 382
500 283
763 118
437 190
104 693
586 674
714 586
45 437
379 118
394 437
107 611 792 106 462 95 515 
462 515
107 611
611 106
95 515
107 515
107 792
287 415 389 532 
415 389
287 415
389 532
259 281 638 656 280 790 223 213 333 401 690 366 
259 281
638 281
656 281
280 281
790 259
223 259
213 223
333 223
401 281
690 259
366 280
10 645 395 788 454 
645 788
10 645
10 395
10 454
373 
346 791 418 733 
346 791
791 733
418 733
329 650 728 580 451 345 
580 451
728 451
329 650
650 451
728 345
181 536 
181 536
40 503 342 316 224 783 293 240 
316 224
783 293
40 503
783 240
40 342
342 240
503 316
548 684 616 778 88 246 83 665 
246 665
684 616
548 616
548 88
684 83
778 88
778 246
247 
221 
662 743 195 78 267 344 363 274 397 67 
662 397
267 363
662 743
662 267
78 274
78 344
267 67
195 78
195 397
499 745 377 284 590 135 84 49 
745 84
499 49
499 745
590 135
284 590
745 590
377 84
24 139 42 678 582 564 781 718 
42 582
24 139
678 582
564 781
139 678
139 781
24 718
326 443 143 
326 443
443 143
622 683 658 165 625 618 457 11 440 163 146 129 
622 683
658 683
165 658
625 683
618 658
457 622
11 622
440 622
163 11
146 11
129 658
297 434 
297 434
310 378 
310 378
414 621 60 202 501 610 5 
414 621
621 60
60 202
501 610
202 610
501 5
204 303 171 556 478 426 273 191 277 337 626 263 391 30 416 14 506 121 554 
204 303
171 303
556 303
478 171
426 556
273 204
191 273
277 204
337 556
626 277
263 191
391 626
30 277
416 191
14 273
506 171
121 426
554 416
117 558 760 666 410 713 482 56 357 637 235 255 605 480 628 319 102 585 381 737 239 614 327 598 
117 558
760 117
666 558
410 117
713 558
482 558
56 117
357 558
637 117
235 760
255 760
605 666
480 666
628 482
319 760
102 713
585 666
381 666
737 628
239 666
614 628
327 235
598 628
635 732 493 302 573 53 413 253 58 347 182 
635 732
493 732
302 635
573 732
53 302
413 53
253 732
58 302
347 58
182 253
286 387 
286 387
192 
404 648 486 433 
404 648
486 433
648 433
643 748 136 149 160 653 336 386 487 201 
643 149
136 160
160 487
136 201
748 149
748 136
149 386
653 487
643 336
162 
358 516 
358 516
463 688 15 34 744 
688 34
15 744
688 15
463 15
282 753 596 352 495 661 654 238 331 173 
282 654
282 753
352 238
661 173
282 495
753 331
753 173
352 495
596 654
565 669 634 262 764 323 798 
669 634
565 634
669 764
764 798
565 262
262 323
782 787 468 707 453 599 74 193 
787 599
468 193
468 599
782 74
782 787
453 74
787 707
89 428 127 523 794 679 184 613 424 746 148 96 198 431 668 54 216 177 258 132 528 467 724 43 448 
89 428
127 89
523 127
794 127
679 127
184 127
613 184
424 89
746 428
148 428
96 148
198 613
431 96
668 679
54 148
216 198
177 216
258 96
132 258
528 431
467 132
724 431
43 54
448 132
396 519 119 236 178 
396 519
396 119
519 178
396 236
226 769 576 322 232 
226 232
769 232
226 576
769 322
266 735 291 168 675 26 33 233 549 663 23 98 120 140 729 785 288 
266 735
291 266
168 291
675 266
26 266
33 291
233 33
549 33
663 26
23 549
98 168
120 663
140 98
729 33
785 735
288 33
31 547 57 361 671 289 698 741 
671 698
547 57
547 289
31 289
547 361
31 671
57 741
568 689 254 542 368 644 533 174 694 507 257 739 
568 689
254 568
542 568
368 542
644 689
533 568
174 542
694 568
507 568
257 533
739 542
35 721 555 458 
35 721
35 458
721 555
609 799 313 314 494 592 339 
609 799
609 314
799 313
609 339
799 494
313 592
101 252 292 137 69 
101 252
292 69
101 69
137 69
76 
249 348 290 430 227 793 562 47 41 
348 290
430 227
249 348
430 793
249 430
290 562
227 41
47 41
59 521 409 
59 521
59 409
22 476 604 158 612 176 103 351 560 736 13 92 
22 476
604 476
158 22
612 476
176 22
103 604
351 22
560 476
736 604
13 103
92 736
66 600 0 597 640 270 272 55 61 550 
600 640
0 270
66 600
0 640
272 61
66 550
597 270
272 550
270 55
594 632 481 659 455 575 318 492 328 
594 328
594 632
492 328
659 328
659 455
318 492
659 575
632 481
271 630 205 
271 630
630 205
52 
