? 10 66 600 640 0 597 270 272 55 85 700 
? 10 635 732 493 53 58 302 413 253 182 52 
? 10 231 704 508 156 203 378 676 39 369 617 
? 10 582 758 716 42 678 139 228 502 768 505 
? 9 313 799 609 592 339 285 314 296 301 
? 9 40 157 503 563 250 81 342 796 572 
? 8 411 767 340 144 243 655 691 374 
? 8 61 463 550 688 34 15 129 744 
? 8 226 769 576 322 346 484 232 97 
? 8 215 670 114 647 441 8 336 354 
? 8 594 632 659 455 328 492 620 318 
? 8 370 393 309 304 2 279 535 537 
? 8 124 130 217 79 513 230 522 166 
? 7 22 476 604 158 612 176 560 
? 7 667 747 220 639 583 125 18 
? 7 165 658 683 618 435 420 457 
? 7 101 252 292 586 137 164 69 
? 7 510 701 433 486 686 467 529 
? 7 31 547 57 289 671 488 361 
? 7 119 396 178 519 236 45 394 
? 6 240 365 657 544 479 462 
? 6 287 415 389 152 532 521 
? 6 282 753 596 495 661 352 
? 6 107 611 792 106 293 515 
? 6 36 321 569 591 517 192 
? 6 244 261 494 126 327 571 
? 6 364 709 454 471 63 80 
? 5 264 673 25 633 105 
? 5 92 736 13 224 783 
? 5 99 456 384 512 733 
? 5 207 317 77 784 624 
? 5 135 590 741 49 577 
? 5 295 375 557 116 306 
? 5 95 677 307 406 387 
? 5 662 743 195 267 363 
? 5 10 345 645 395 788 
? 5 147 719 551 555 458 
? 4 730 755 527 751 
? 4 24 718 564 781 
? 4 5 749 416 48 
? 4 142 754 407 143 
? 4 449 630 70 50 
? 4 697 727 19 355 
? 4 489 490 71 358 
? 4 341 524 205 695 
? 4 475 629 246 665 
? 4 409 418 59 731 
? 4 51 209 110 172 
? 3 35 721 380 
? 3 271 579 429 
? 3 181 536 534 
? 3 86 284 377 
? 3 196 460 444 
? 3 344 397 274 
? 3 197 234 91 
? 3 776 786 717 
? 3 247 752 477 
? 3 434 496 238 
? 3 173 654 297 
!
269 516 
269 516
51 209 110 172 
51 209
209 110
209 172
173 654 297 
173 654
173 297
791 
251 298 288 421 442 549 729 33 167 3 472 21 27 726 461 466 706 23 75 646 
251 298
288 298
421 298
442 251
549 288
729 251
33 549
167 442
3 298
472 421
21 442
27 421
726 549
461 442
466 288
706 167
23 33
75 167
646 706
364 709 454 471 63 80 
364 709
454 80
454 63
364 454
709 471
266 735 291 168 233 675 663 26 785 120 140 98 573 347 511 
266 735
291 266
168 291
233 735
675 266
663 735
26 663
785 675
120 663
140 168
98 140
573 120
347 663
511 347
244 261 494 126 327 571 
244 261
244 494
126 571
494 571
494 327
204 303 556 171 273 426 478 14 191 277 626 263 506 30 391 121 
204 303
556 303
171 556
273 204
426 204
478 556
14 273
191 273
277 426
626 277
263 191
506 426
30 277
391 30
121 426
740 
409 418 59 731 
409 731
409 418
418 59
351 574 
351 574
434 496 238 
496 238
434 496
475 629 246 665 
246 665
629 665
475 246
341 524 205 695 
205 695
341 695
524 205
247 752 477 
752 477
247 752
147 719 551 555 458 
551 555
719 551
147 551
555 458
489 490 71 358 
489 358
490 358
489 71
88 401 
88 401
10 345 645 395 788 
345 645
645 788
10 345
10 395
124 130 217 79 513 230 522 166 
130 217
79 166
124 130
79 522
217 79
130 230
124 513
712 
138 559 343 509 710 498 256 324 335 214 225 615 761 777 765 360 698 474 161 483 392 315 774 425 141 383 
138 559
343 559
509 138
710 343
498 343
256 509
324 559
335 343
214 324
225 498
615 509
761 615
777 324
765 761
360 324
698 761
474 765
161 474
483 225
392 214
315 214
774 315
425 777
141 315
383 141
119 396 178 519 236 45 394 
396 45
519 45
119 396
178 519
45 394
236 394
300 692 
300 692
117 558 760 713 410 666 56 357 482 637 628 319 255 480 585 605 235 737 102 381 533 436 
117 558
760 117
713 558
410 558
666 558
56 117
357 117
482 410
637 117
628 713
319 760
255 357
480 117
585 666
605 666
235 666
737 628
102 737
381 666
533 666
436 666
776 786 717 
786 717
776 717
662 743 195 267 363 
267 363
662 743
662 267
662 195
259 281 656 638 280 223 213 333 790 366 687 588 690 
259 281
656 281
638 281
280 259
223 259
213 223
333 223
790 223
366 213
687 638
588 366
690 213
764 798 634 67 669 262 565 194 323 11 602 625 163 
764 798
634 764
67 798
669 634
262 669
565 669
194 67
323 669
11 634
602 194
625 669
163 669
36 321 569 591 517 192 
321 569
569 591
321 517
517 192
36 517
372 417 762 715 601 664 570 525 245 187 589 111 779 93 552 402 9 189 514 222 311 561 660 349 218 112 265 221 608 603 4 248 
372 417
762 417
715 417
601 417
664 372
570 417
525 762
245 525
187 715
589 525
111 589
779 245
93 187
552 93
402 589
9 93
189 111
514 779
222 514
311 552
561 514
660 111
349 561
218 9
112 561
265 218
221 222
608 402
603 222
4 603
248 603
107 611 792 106 293 515 
107 293
611 293
611 106
107 515
792 293
197 234 91 
234 91
197 234
64 68 405 154 578 447 183 145 642 28 756 738 162 294 123 
64 68
405 68
154 64
578 68
447 64
183 68
145 64
642 405
28 145
756 28
738 154
162 756
294 145
123 154
696 
254 568 689 542 368 772 239 174 507 275 694 739 403 682 
254 568
689 568
542 689
368 542
772 254
239 568
174 568
507 254
275 254
694 568
739 254
403 772
682 403
95 677 307 406 387 
95 677
677 307
95 387
307 406
46 134 
46 134
282 753 596 495 661 352 
282 753
282 495
495 352
753 661
282 596
610 
31 547 57 289 671 488 361 
547 57
547 289
31 289
57 488
547 361
31 671
643 748 160 136 149 350 399 487 386 653 201 94 
643 748
160 748
136 748
149 643
350 643
399 748
487 136
386 643
653 136
201 487
94 201
606 
473 546 595 398 362 636 412 580 451 728 481 619 575 385 329 29 650 518 734 
473 546
595 546
398 473
362 398
636 546
412 362
580 636
451 398
728 580
481 580
619 398
575 580
385 362
329 575
29 619
650 329
518 29
734 518
295 375 557 116 306 
295 557
295 375
375 306
557 116
697 727 19 355 
697 355
727 19
727 355
78 491 
78 491
553 
287 415 389 152 532 521 
415 521
415 389
287 521
389 152
152 532
468 782 787 707 310 193 74 599 540 538 453 
468 782
787 468
707 787
310 468
193 310
74 468
599 787
540 193
538 707
453 74
90 469 789 17 122 128 627 229 260 334 108 210 
90 469
789 90
17 90
122 789
128 90
627 122
229 469
260 229
334 260
108 229
210 789
510 701 433 486 686 467 529 
701 686
433 686
510 433
701 467
486 467
510 529
344 397 274 
344 274
344 397
196 460 444 
460 444
196 460
449 630 70 50 
449 630
70 50
630 70
153 598 705 614 702 623 241 257 648 404 644 531 
153 598
705 153
614 153
702 153
623 153
241 153
257 705
648 702
404 623
644 705
531 257
20 150 722 539 180 520 356 685 159 32 419 278 72 622 
20 150
722 150
539 150
180 150
520 150
356 20
685 150
159 685
32 722
419 159
278 20
72 419
622 520
86 284 377 
86 377
86 284
382 770 452 283 526 190 459 674 750 465 693 566 118 437 500 373 104 16 708 763 379 714 
382 770
452 770
283 770
526 382
190 770
459 382
674 382
750 674
465 750
693 283
566 465
118 283
437 526
500 693
373 465
104 693
16 526
708 118
763 708
379 763
714 465
101 252 292 586 137 164 69 
586 69
101 252
292 586
101 586
137 69
164 69
142 754 407 143 
142 754
754 407
407 143
113 797 423 720 699 649 703 672 62 326 7 65 
113 797
423 113
720 113
699 720
649 699
703 113
672 720
62 672
326 113
7 720
65 699
135 590 741 49 577 
135 590
135 741
741 577
49 577
485 
5 749 416 48 
5 416
749 416
749 48
240 365 657 544 479 462 
365 544
240 657
657 544
365 462
365 479
286 422 
286 422
370 393 309 304 2 279 535 537 
2 537
370 309
370 393
2 279
279 535
309 279
304 537
594 632 659 455 328 492 620 318 
594 328
594 632
455 620
659 620
328 492
659 328
492 318
388 
359 
582 758 716 42 678 139 228 502 768 505 
582 42
758 678
582 758
228 502
758 228
716 42
678 139
139 505
678 768
215 670 114 647 441 8 336 354 
215 336
670 114
114 8
670 647
114 336
647 354
215 441
226 769 576 322 346 484 232 97 
226 232
769 232
226 576
484 97
322 97
769 322
346 484
181 536 534 
181 536
536 534
249 348 430 290 188 41 562 227 793 47 780 427 
249 348
430 249
290 348
188 249
41 249
562 290
227 430
793 430
47 290
780 249
427 780
146 440 
146 440
82 276 
82 276
165 658 683 618 435 420 457 
658 683
165 658
658 618
618 457
165 420
618 435
464 543 581 400 219 6 151 545 497 501 299 367 12 84 1 242 199 312 155 
464 543
581 464
400 464
219 543
6 543
151 400
545 543
497 581
501 464
299 545
367 299
12 545
84 543
1 545
242 581
199 545
312 497
155 84
376 651 305 325 353 541 795 771 186 115 432 587 212 567 109 37 87 641 390 170 175 331 268 179 
376 651
305 376
325 376
353 651
541 305
795 305
771 541
186 795
115 795
432 795
587 651
212 353
567 115
109 795
37 432
87 771
641 432
390 212
170 795
175 353
331 771
268 587
179 175
73 446 766 100 652 438 320 470 200 439 211 
73 446
766 73
100 446
652 766
438 446
320 766
470 766
200 470
439 100
211 200
206 742 
206 742
316 
24 718 564 781 
564 781
24 564
24 718
231 704 508 156 203 378 676 39 369 617 
231 704
369 617
156 378
508 676
676 369
704 156
231 203
378 617
231 39
185 
330 443 
330 443
207 317 77 784 624 
317 624
207 317
207 77
784 624
635 732 493 53 58 302 413 253 182 52 
635 58
302 52
58 52
635 732
732 493
53 413
53 302
493 182
253 182
667 747 220 639 583 125 18 
220 18
747 18
667 18
747 639
639 125
667 583
61 463 550 688 34 15 129 744 
61 463
688 34
15 744
688 15
61 550
463 15
463 129
89 428 127 794 184 613 523 424 679 148 746 96 198 668 431 54 177 258 448 216 724 528 132 43 103 
89 428
127 89
794 127
184 127
613 89
523 613
424 428
679 127
148 428
746 148
96 148
198 613
668 679
431 96
54 148
177 198
258 96
448 258
216 198
724 431
528 724
132 258
43 177
103 177
99 456 384 512 733 
512 733
99 512
456 512
384 733
92 736 13 224 783 
92 13
92 736
13 224
736 783
530 773 680 759 450 131 408 338 445 504 681 237 725 757 371 44 208 
530 773
680 773
759 530
450 530
131 773
408 759
338 530
445 408
504 408
681 445
237 680
725 681
757 759
371 681
44 757
208 131
411 767 340 144 243 655 691 374 
340 144
691 374
767 144
411 767
243 374
340 243
144 655
414 621 60 83 202 337 548 684 616 778 607 554 
414 621
60 621
83 414
202 60
337 414
548 83
684 548
616 684
778 684
607 337
554 778
730 755 527 751 
755 751
730 755
527 751
22 476 604 158 612 176 560 
476 158
476 612
22 612
604 612
22 176
176 560
264 673 25 633 105 
673 105
633 105
264 673
25 633
169 
40 157 503 563 250 81 342 796 572 
250 796
40 157
563 250
563 342
796 572
81 342
40 503
157 796
271 579 429 
271 579
579 429
38 775 133 593 308 499 332 723 711 631 584 745 
38 775
133 775
593 775
308 775
499 38
332 775
723 308
711 332
631 593
584 332
745 499
66 600 640 0 597 270 272 55 85 700 
600 640
0 270
66 600
640 0
597 270
66 272
270 85
85 700
55 700
313 799 609 592 339 285 314 296 301 
285 296
799 609
592 285
609 314
313 799
609 339
313 301
296 301
35 721 380 
35 721
35 380
76 
