? 10 6 400 219 151 12 610 497 501 228 607 
? 10 444 460 479 196 95 462 240 365 515 792 
? 10 4 112 603 248 489 222 71 209 110 221 
? 10 132 467 448 258 96 486 148 701 529 510 
? 9 487 673 172 25 264 633 105 166 592 
? 9 193 540 310 599 203 468 782 704 692 
? 8 72 278 419 34 718 159 20 685 
? 8 303 478 171 204 556 426 757 391 
? 8 10 395 645 345 170 496 109 795 
? 8 79 296 429 285 124 522 513 313 
? 8 254 568 174 689 275 507 239 772 
? 8 667 747 220 712 686 125 780 388 
? 8 338 445 725 681 408 504 371 606 
? 7 433 639 407 65 7 326 443 
? 7 586 714 16 252 137 247 101 
? 7 113 797 423 649 682 62 708 
? 7 319 637 760 436 235 255 357 
? 7 646 706 380 751 527 21 442 
? 7 99 384 731 359 409 59 695 
? 7 115 186 651 587 268 353 422 
? 6 251 298 288 167 466 730 
? 6 358 516 490 215 670 114 
? 6 548 684 30 277 626 506 
? 6 74 300 453 435 129 508 
? 6 609 799 494 314 244 301 
? 6 250 796 572 697 727 19 
? 6 89 428 127 523 424 184 
? 5 375 557 295 738 8 
? 5 672 696 500 720 143 
? 5 450 530 773 759 131 
? 5 455 659 328 620 492 
? 5 544 657 355 107 611 
? 5 463 550 688 15 260 
? 5 531 754 142 739 724 
? 5 64 68 578 405 183 
? 5 181 536 229 534 308 
? 5 28 756 162 379 145 
? 4 389 415 287 521 
? 4 123 141 383 154 
? 4 369 617 231 156 
? 4 35 721 555 458 
? 4 82 276 511 39 
? 4 414 621 60 83 
? 4 53 413 302 635 
? 4 236 437 519 394 
? 4 180 356 150 165 
? 4 679 794 668 613 
? 4 392 566 425 116 
? 3 52 169 58 
? 3 51 152 532 
? 3 703 763 403 
? 3 596 661 238 
? 3 327 571 126 
? 3 431 746 198 
? 3 157 503 40 
? 3 106 387 562 
? 3 306 642 381 
? 3 202 237 208 
? 3 271 579 585 
!
81 316 
81 316
392 566 425 116 
392 116
392 566
425 116
271 579 585 
271 579
579 585
798 
29 619 385 63 518 454 709 80 412 406 398 451 362 364 734 788 471 307 567 546 
29 619
385 29
63 385
518 63
454 29
709 454
80 63
412 385
406 80
398 412
451 398
362 412
364 709
734 518
788 451
471 788
307 406
567 709
546 398
89 428 127 523 424 184 
89 428
127 184
127 424
89 127
523 184
370 393 2 309 304 279 374 134 537 85 192 46 676 243 535 
370 393
2 393
309 370
304 2
279 309
374 309
134 2
537 279
85 537
192 134
46 134
676 374
243 374
535 46
250 796 572 697 727 19 
250 796
796 572
572 19
250 697
727 19
652 766 320 73 446 200 470 211 100 551 147 719 3 75 461 421 
652 766
320 766
73 652
446 73
200 320
470 200
211 470
100 446
551 211
147 551
719 551
3 719
75 719
461 75
421 3
781 
679 794 668 613 
794 668
679 613
679 794
261 447 
261 447
202 237 208 
237 208
202 237
180 356 150 165 
180 356
180 165
180 150
236 437 519 394 
437 394
236 437
437 519
306 642 381 
642 381
306 381
28 756 162 379 145 
756 162
28 162
379 145
28 145
53 413 302 635 
53 413
53 302
302 635
318 755 
318 755
181 536 229 534 308 
181 229
181 536
536 534
181 308
338 445 725 681 408 504 371 606 
338 408
504 606
725 371
445 681
445 606
445 371
408 606
699 
153 614 598 628 705 737 102 623 257 482 713 410 702 56 241 644 558 117 404 605 480 368 542 648 666 528 
153 614
598 614
628 598
705 598
737 628
102 628
623 153
257 705
482 102
713 102
410 482
702 257
56 410
241 56
644 257
558 410
117 558
404 623
605 644
480 558
368 257
542 368
648 404
666 605
528 648
115 186 651 587 268 353 422 
587 268
115 651
115 186
651 353
186 587
268 422
533 694 
533 694
87 654 173 331 91 771 297 541 753 740 390 282 352 641 434 432 305 495 37 325 212 376 
87 654
173 654
331 87
91 331
771 91
297 173
541 771
753 173
740 541
390 297
282 753
352 282
641 740
434 641
432 740
305 541
495 352
37 432
325 305
212 390
376 325
106 387 562 
106 562
106 387
64 68 578 405 183 
64 68
68 405
578 183
68 578
41 188 47 249 348 290 430 427 793 179 18 227 583 
41 188
47 41
249 47
348 47
290 348
430 348
427 188
793 290
179 427
18 179
227 430
583 179
399 643 748 149 160 336 350 136 653 201 386 94 339 
399 643
748 399
149 643
160 748
336 149
350 149
136 748
653 136
201 160
386 350
94 201
339 653
609 799 494 314 244 301 
609 799
494 244
609 314
799 244
494 301
31 289 547 671 206 488 698 57 361 354 761 765 615 269 741 742 441 256 335 660 474 577 710 485 189 343 135 225 509 647 161 608 
31 289
547 31
671 289
206 547
488 547
698 671
57 206
361 488
354 698
761 698
765 761
615 765
269 698
741 57
742 741
441 354
256 615
335 256
660 671
474 765
577 742
710 256
485 361
189 660
343 710
135 742
225 269
509 710
647 225
161 474
608 660
74 300 453 435 129 508 
300 129
74 453
300 435
453 508
74 300
157 503 40 
157 40
503 40
233 266 735 291 168 26 23 675 33 549 663 98 120 140 729 
233 266
735 266
291 233
168 291
26 233
23 291
675 735
33 23
549 33
663 26
98 26
120 663
140 98
729 549
680 
329 728 575 650 580 636 481 493 253 732 595 182 632 573 
329 728
575 728
650 329
580 728
636 580
481 580
493 650
253 650
732 493
595 636
182 253
632 481
573 493
531 754 142 739 724 
142 739
739 724
531 142
754 142
286 677 
286 677
548 684 30 277 626 506 
626 506
684 30
277 626
684 277
548 30
594 
99 384 731 359 409 59 695 
99 731
731 409
384 731
359 409
359 59
384 695
138 559 498 360 324 214 777 774 483 373 315 294 
138 559
498 559
360 498
324 138
214 324
777 324
774 214
483 498
373 777
315 774
294 315
574 
351 476 158 22 604 612 103 43 176 54 177 560 736 224 92 13 783 293 216 
351 476
158 351
22 158
604 351
612 604
103 612
43 22
176 22
54 43
177 103
560 604
736 604
224 103
92 224
13 224
783 560
293 783
216 13
463 550 688 15 260 
688 15
463 15
463 550
550 260
414 621 60 83 
414 621
621 60
414 83
104 330 
104 330
473 
358 516 490 215 670 114 
670 114
516 114
358 490
215 670
490 215
70 449 50 524 341 630 217 205 226 130 230 
70 449
50 449
524 50
341 524
630 70
217 341
205 630
226 50
130 217
230 130
346 791 232 484 733 97 512 322 456 769 418 576 
346 791
232 346
484 346
733 791
97 484
512 97
322 512
456 97
769 322
418 456
576 769
646 706 380 751 527 21 442 
706 380
706 442
706 751
646 21
646 751
380 527
431 746 198 
431 746
431 198
327 571 126 
571 126
327 126
82 276 511 39 
276 511
511 39
82 511
17 122 627 789 90 744 469 367 299 717 185 128 
17 122
627 122
789 17
90 789
744 122
469 90
367 627
299 789
717 744
185 744
128 185
372 417 715 762 601 570 525 245 779 111 589 514 402 561 
372 417
715 417
762 715
601 715
570 762
525 570
245 570
779 245
111 525
589 111
514 779
402 589
561 514
596 661 238 
661 238
596 238
84 284 155 199 745 86 590 499 49 377 629 624 584 1 543 210 545 464 581 784 108 38 
84 284
155 84
199 155
745 155
86 199
590 284
499 745
49 590
377 499
629 284
624 629
584 377
1 199
543 1
210 86
545 1
464 543
581 464
784 624
108 210
38 377
319 637 760 436 235 255 357 
637 760
319 760
637 255
760 235
235 357
436 235
35 721 555 458 
35 721
35 458
721 555
42 678 139 582 505 24 758 502 776 716 768 786 
42 678
139 42
582 678
505 139
24 505
758 582
502 758
776 42
716 502
768 776
786 776
544 657 355 107 611 
107 611
544 657
657 355
657 107
378 
369 617 231 156 
369 617
231 156
617 156
251 298 288 167 466 730 
251 288
298 288
466 730
298 167
288 730
121 337 
121 337
667 747 220 712 686 125 780 388 
712 686
747 388
747 220
220 780
125 388
712 388
667 747
254 568 174 689 275 507 239 772 
568 689
689 275
568 239
254 275
254 772
174 772
254 507
349 
347 
132 467 448 258 96 486 148 701 529 510 
486 148
258 148
132 467
258 96
701 510
132 510
448 96
467 258
132 529
79 296 429 285 124 522 513 313 
296 285
79 522
79 296
296 124
429 513
429 124
429 313
10 395 645 345 170 496 109 795 
645 345
170 795
109 795
345 109
10 109
10 395
345 496
703 763 403 
703 763
703 403
382 770 452 526 190 283 459 674 750 465 693 118 
382 770
452 382
526 452
190 452
283 770
459 526
674 459
750 674
465 674
693 190
118 283
197 234 
197 234
76 564 
76 564
113 797 423 649 682 62 708 
797 682
113 797
113 423
113 708
423 649
423 62
11 163 625 146 634 669 457 440 622 565 683 420 618 520 32 722 539 764 658 
11 163
625 163
146 11
634 163
669 634
457 625
440 625
622 457
565 669
683 622
420 683
618 440
520 420
32 520
722 520
539 722
764 634
658 683
662 743 78 195 267 363 274 397 491 344 439 27 323 707 538 726 67 472 438 785 602 194 262 787 
662 743
78 662
195 78
267 662
363 743
274 195
397 195
491 267
344 195
439 743
27 491
323 363
707 344
538 707
726 27
67 439
472 27
438 472
785 274
602 439
194 602
262 323
787 707
144 655 340 691 767 477 752 178 119 411 396 
144 655
340 655
691 340
767 340
477 655
752 477
178 144
119 178
411 767
396 119
342 563 
342 563
175 
123 141 383 154 
141 383
141 154
123 141
4 112 603 248 489 222 71 209 110 221 
603 110
603 248
222 209
112 489
4 248
4 489
209 221
4 71
603 209
69 
164 292 
164 292
455 659 328 620 492 
455 620
659 620
328 492
659 328
444 460 479 196 95 462 240 365 515 792 
444 240
462 515
479 196
444 792
460 365
95 515
462 365
444 462
479 365
586 714 16 252 137 247 101 
252 101
714 252
16 247
586 101
714 137
586 16
303 478 171 204 556 426 757 391 
303 204
204 556
303 171
478 204
556 757
556 426
478 391
218 265 687 88 9 93 552 311 638 656 281 690 280 259 401 187 664 778 333 616 223 790 366 213 246 
218 265
687 218
88 687
9 265
93 9
552 93
311 552
638 687
656 638
281 656
690 656
280 638
259 281
401 259
187 552
664 187
778 401
333 401
616 778
223 401
790 223
366 280
213 790
246 790
450 530 773 759 131 
530 773
530 759
450 773
530 131
672 696 500 720 143 
672 143
672 720
672 500
696 500
77 475 665 48 588 416 207 317 749 554 5 242 263 191 14 312 273 
77 475
665 77
48 77
588 475
416 665
207 48
317 207
749 48
554 416
5 749
242 749
263 554
191 263
14 5
312 242
273 191
72 278 419 34 718 159 20 685 
72 34
20 685
159 20
278 718
72 278
34 159
419 159
597 600 640 66 55 272 270 0 553 700 334 61 
597 600
640 597
66 597
55 66
272 640
270 66
0 55
553 0
700 553
334 272
61 334
389 415 287 521 
415 521
389 415
287 521
433 639 407 65 7 326 443 
433 326
639 407
433 639
65 326
407 443
7 443
375 557 295 738 8 
295 8
557 295
557 738
375 738
45 
193 540 310 599 203 468 782 704 692 
540 599
193 203
193 468
782 692
540 692
540 468
310 203
310 704
51 152 532 
51 152
152 532
332 711 517 631 591 723 593 321 775 569 133 36 
332 711
517 711
631 332
591 332
723 631
593 631
321 591
775 723
569 591
133 723
36 321
6 400 219 151 12 610 497 501 228 607 
6 497
400 151
151 228
400 219
6 219
501 607
400 12
497 607
610 501
487 673 172 25 264 633 105 166 592 
673 105
487 264
172 633
172 105
166 592
673 264
172 25
487 166
52 169 58 
52 58
52 169
44 
