? 3 139 276 185 
? 3 210 360 441 
? 3 313 768 715 
? 3 368 583 228 
? 3 115 308 235 
? 3 183 541 604 
? 3 385 794 646 
? 3 488 594 356 
? 3 493 711 502 
? 3 99 478 606 
? 3 7 412 315 
? 3 94 121 499 
? 3 456 631 405 
? 3 133 743 536 
? 3 106 336 354 
? 3 234 257 670 
? 3 512 796 577 
? 3 575 674 584 
? 3 418 654 667 
? 3 20 399 487 
? 3 197 484 758 
? 3 55 585 32 
? 3 431 618 587 
? 3 150 571 531 
? 3 180 588 58 
? 3 30 686 306 
? 3 29 789 489 
? 3 444 525 492 
? 3 34 93 224 
? 3 42 200 448 
? 3 447 749 332 
? 3 291 397 744 
? 3 337 369 500 
? 3 439 729 4 
!
798 
439 729 4 
439 4
729 4
769 
160 379 253 490 630 725 10 685 494 205 242 
160 379
253 379
490 253
630 379
725 379
10 253
685 490
494 685
205 630
242 205
311 338 211 442 
311 338
211 338
442 211
49 213 61 524 615 298 
49 213
61 213
524 61
615 61
298 615
676 759 716 193 400 547 154 688 680 
676 759
716 676
193 759
400 193
547 193
154 400
688 400
680 547
182 576 
182 576
39 732 
39 732
741 
361 389 
361 389
244 420 
244 420
176 232 528 574 77 28 553 765 80 
176 232
528 176
574 176
77 574
28 232
553 528
765 528
80 553
717 
339 508 
339 508
497 580 144 65 103 359 788 199 653 89 586 684 
497 580
144 580
65 497
103 65
359 65
788 103
199 359
653 199
89 144
586 653
684 359
706 
161 372 
161 372
337 369 500 
337 369
337 500
81 140 658 652 
81 140
658 140
652 140
705 
155 207 782 98 
155 207
782 207
98 155
619 638 
619 638
687 
241 482 321 206 616 272 
241 482
321 482
206 482
616 482
272 321
433 607 
433 607
219 381 637 68 370 190 
219 381
637 381
68 381
370 381
190 637
665 
273 578 542 672 611 
273 578
542 273
672 578
611 578
647 
19 123 753 40 
19 123
753 19
40 753
268 767 673 503 775 
268 767
673 767
503 767
775 503
33 129 
33 129
51 271 293 266 71 132 550 330 24 
51 271
293 271
266 271
71 293
132 266
550 266
330 71
24 293
633 
291 397 744 
397 744
291 744
107 485 402 73 
107 485
402 485
73 402
632 
628 
69 270 220 226 
69 270
220 69
226 69
624 
595 689 
595 689
610 
538 723 477 437 695 23 
538 723
477 723
437 477
695 437
23 695
108 145 
108 145
15 309 130 780 
15 309
130 15
780 15
504 783 
504 783
364 748 612 617 251 472 
364 748
612 364
617 612
251 617
472 748
174 644 378 406 383 102 
174 644
378 644
406 378
383 174
102 406
59 76 
59 76
382 666 764 122 
382 666
764 666
122 382
38 750 
38 750
447 749 332 
447 749
749 332
0 60 668 6 
0 60
668 0
6 60
230 561 
230 561
2 264 
2 264
261 426 517 137 
261 426
517 261
137 261
203 223 
203 223
640 786 
640 786
353 532 
353 532
256 446 
256 446
601 
225 316 552 85 703 
225 316
552 225
85 316
703 552
598 
172 362 411 376 710 558 655 125 496 522 
172 362
411 362
376 362
710 172
558 376
655 558
125 710
496 125
522 125
573 
236 669 
236 669
567 
301 785 506 510 366 533 227 
301 785
506 301
510 506
366 510
533 366
227 533
564 
245 779 464 394 419 218 570 
245 779
464 779
394 779
419 464
218 464
570 245
196 593 
196 593
42 200 448 
200 448
42 200
295 537 
295 537
92 719 96 434 37 516 
92 719
96 92
434 96
37 719
516 37
34 93 224 
93 224
34 93
557 
554 
70 275 569 377 
70 275
569 275
377 275
514 
475 549 184 90 421 101 
475 549
184 549
90 475
421 90
101 549
18 731 
18 731
386 458 
386 458
202 320 650 734 677 
202 320
650 320
734 650
677 202
136 746 423 469 
136 746
423 136
469 423
568 657 
568 657
387 401 221 795 704 529 
387 401
221 387
795 401
704 387
529 221
88 693 279 626 267 111 
88 693
279 693
626 279
267 88
111 88
491 
486 
146 678 
146 678
534 642 
534 642
105 479 
105 479
495 609 
495 609
545 590 54 509 733 457 
545 590
54 590
509 590
733 545
457 590
153 425 
153 425
468 
417 515 
417 515
467 
444 525 492 
444 525
444 492
639 756 36 651 296 355 
639 756
36 639
651 756
296 639
355 36
141 258 119 114 505 
141 258
119 141
114 141
505 119
463 
195 201 
195 201
167 243 
167 243
29 789 489 
29 789
789 489
424 697 231 152 452 799 357 157 623 792 410 
424 697
231 424
152 231
452 697
799 452
357 799
157 231
623 424
792 452
410 623
47 793 501 262 
47 793
501 793
262 793
30 686 306 
30 686
686 306
390 474 
390 474
180 588 58 
180 58
588 58
453 
255 622 
255 622
450 
147 603 
147 603
445 
84 462 
84 462
449 773 
449 773
323 797 
323 797
150 571 531 
150 571
571 531
351 699 86 43 131 728 14 409 518 250 
351 699
86 699
43 86
131 351
728 699
14 86
409 14
518 43
250 86
432 
305 602 78 173 621 384 327 403 
305 602
78 602
173 305
621 78
384 602
327 384
403 173
246 350 358 599 
246 350
358 350
599 350
416 
415 
407 
388 
431 618 587 
618 587
431 587
55 585 32 
55 32
585 32
11 592 118 643 
11 592
118 11
643 11
371 
367 
57 483 134 288 
57 483
134 483
288 483
380 755 
380 755
391 722 636 572 438 563 
391 722
636 722
572 722
438 636
563 636
52 300 548 664 597 720 
52 300
548 300
664 52
597 300
720 597
348 
197 484 758 
197 484
197 758
562 679 
562 679
345 
100 209 344 543 
100 209
344 209
543 344
334 
341 581 556 641 736 700 
341 581
556 581
641 581
736 341
700 641
596 681 614 260 349 735 772 513 430 31 
596 681
614 681
260 681
349 596
735 614
772 614
513 772
430 349
31 513
3 212 1 143 539 787 
3 212
1 3
143 212
539 3
787 212
278 331 
278 331
120 566 466 778 
120 566
466 120
778 566
109 289 645 347 527 739 
109 289
645 109
347 289
527 109
739 527
20 399 487 
20 399
399 487
342 690 
342 690
324 
216 613 
216 613
319 
608 701 393 659 726 771 649 600 
608 701
393 701
659 608
726 701
771 701
649 771
600 649
418 654 667 
418 667
654 667
12 694 742 408 5 709 675 413 322 459 
12 694
742 694
408 12
5 12
709 742
675 5
413 12
322 675
459 322
318 
312 
53 526 
53 526
620 762 683 656 546 760 
620 762
683 762
656 762
546 620
760 656
473 692 
473 692
575 674 584 
575 674
674 584
737 745 730 671 404 
737 745
730 737
671 745
404 737
310 
307 
294 
56 343 
56 343
292 435 751 398 169 714 
292 435
751 292
398 751
169 751
714 169
285 
159 287 135 589 
159 287
135 287
589 135
284 
326 629 
326 629
128 465 
128 465
274 
269 
27 48 138 392 776 770 582 186 63 708 239 
27 48
138 27
392 27
776 392
770 392
582 392
186 138
63 582
708 186
239 186
512 796 577 
796 577
512 796
26 75 373 16 718 555 299 436 521 
26 75
373 75
16 373
718 16
555 16
299 75
436 555
521 373
265 
535 707 754 440 
535 707
754 535
440 707
259 
254 
234 257 670 
234 257
257 670
252 
248 
106 336 354 
106 336
336 354
247 325 757 698 
247 325
757 325
698 757
605 696 648 530 396 784 428 
605 696
648 696
530 605
396 530
784 648
428 784
233 
17 188 158 283 198 
17 188
158 17
283 158
198 158
25 451 
25 451
9 281 164 181 280 
9 281
164 9
181 164
280 281
189 363 460 481 738 429 110 
189 363
460 363
481 460
738 460
429 481
110 189
303 660 328 414 443 461 774 540 
303 660
328 660
414 303
443 660
461 443
774 303
540 328
133 743 536 
133 536
133 743
217 712 
217 712
50 229 
50 229
456 631 405 
456 631
631 405
208 314 
208 314
94 121 499 
94 121
121 499
290 374 579 544 
290 374
579 290
544 290
194 
297 761 
297 761
214 480 
214 480
187 
179 
171 498 
171 498
166 559 
166 559
175 
170 
165 
663 682 560 45 352 142 222 
663 682
560 682
45 663
352 682
142 352
222 142
163 
162 
7 412 315 
7 412
7 315
99 478 606 
99 606
99 478
156 
493 711 502 
493 502
711 502
151 
97 191 
97 191
113 777 766 713 
113 777
766 777
713 766
149 
8 346 204 277 
8 346
204 346
277 204
488 594 356 
594 356
488 356
385 794 646 
385 794
385 646
148 
365 691 727 95 519 302 178 168 335 
365 691
727 365
95 365
519 691
302 95
178 519
168 95
335 302
126 
183 541 604 
183 541
541 604
112 
104 
551 635 
551 635
87 
115 308 235 
115 308
115 235
368 583 228 
368 583
583 228
333 375 72 455 
333 375
72 333
455 333
304 427 724 282 
304 427
724 304
282 304
82 
511 625 747 238 124 
511 625
747 625
238 747
124 511
317 661 
317 661
79 
313 768 715 
313 768
768 715
67 
210 360 441 
360 441
210 360
192 634 
192 634
454 763 422 591 627 
454 763
422 454
591 763
627 591
116 752 781 340 41 476 
116 752
781 752
340 752
41 340
476 752
66 
117 790 240 721 91 565 740 
117 790
240 117
721 790
91 721
565 91
740 565
64 
22 523 
22 523
177 329 249 507 35 74 
177 329
249 329
507 177
35 329
74 35
62 
21 
127 215 
127 215
237 791 
237 791
470 662 
470 662
83 702 
83 702
263 395 44 286 46 
263 395
44 263
286 263
46 395
139 276 185 
139 276
139 185
471 520 
471 520
13 
