? 3 137 315 517 
? 3 369 500 337 
? 3 64 789 29 
? 3 167 243 493 
? 3 713 766 777 
? 3 33 715 768 
? 3 15 309 130 
? 3 304 427 724 
? 3 140 658 81 
? 3 234 706 670 
? 3 473 692 194 
? 3 403 688 170 
? 3 512 796 577 
? 3 277 295 204 
? 3 396 530 432 
? 3 261 426 318 
? 3 107 402 73 
? 3 34 93 224 
? 3 8 346 731 
? 3 84 383 326 
? 3 210 360 441 
? 3 439 729 4 
? 3 575 674 584 
? 3 121 499 66 
? 3 106 336 736 
? 3 273 542 578 
? 3 153 425 62 
? 3 343 527 56 
? 3 150 571 531 
? 3 397 744 291 
? 3 47 793 501 
? 3 192 634 229 
? 3 197 758 484 
? 3 342 690 104 
!
798 
342 690 104 
342 690
690 104
794 
596 681 614 260 772 349 735 513 430 31 495 
596 681
614 596
260 681
772 614
349 681
735 772
513 772
430 349
31 513
495 430
22 523 440 274 
22 523
440 22
274 523
61 213 49 524 615 298 
61 213
49 213
524 61
615 213
298 615
189 363 460 738 481 429 110 628 356 
189 363
460 189
738 189
481 460
429 481
110 363
628 738
356 110
244 420 
244 420
257 332 
257 332
765 
124 511 
124 511
148 294 
148 294
351 699 131 86 409 728 14 43 518 
351 699
131 351
86 699
409 86
728 699
14 86
43 86
518 43
750 
354 689 
354 689
424 697 231 152 799 452 157 357 792 623 410 248 
424 697
231 697
152 231
799 231
452 799
157 231
357 799
792 452
623 697
410 623
248 152
748 
228 583 
228 583
197 758 484 
197 484
197 758
159 287 135 416 
159 287
135 287
416 159
737 
251 617 612 348 
251 617
612 617
348 612
182 576 
182 576
714 
333 375 72 455 233 503 
333 375
72 375
455 333
233 375
503 72
105 479 
105 479
77 574 176 232 528 567 
77 574
176 77
232 176
528 176
567 574
705 
236 242 205 220 226 
236 242
205 236
220 236
226 236
704 
177 507 249 345 
177 507
249 177
345 507
219 381 637 370 68 
219 381
637 381
370 637
68 381
433 607 
433 607
51 271 293 266 71 550 132 330 24 
51 271
293 51
266 271
71 293
550 266
132 71
330 71
24 293
687 
192 634 229 
634 229
192 634
478 606 99 102 
478 606
99 478
102 478
684 
679 
42 200 13 502 
42 200
13 200
502 200
677 
319 643 
319 643
669 
88 693 279 94 267 626 
88 693
279 693
94 279
267 88
626 279
100 344 
100 344
109 289 645 347 
109 289
645 109
347 289
108 145 
108 145
52 300 548 664 597 317 
52 300
548 300
664 52
597 548
317 664
142 352 508 222 560 682 
142 352
508 142
222 508
560 352
682 560
504 783 
504 783
143 212 539 720 
143 212
539 212
720 143
216 613 
216 613
47 793 501 
793 501
47 793
70 275 569 377 
70 275
569 275
377 569
638 769 
638 769
40 753 
40 753
488 594 179 163 
488 594
179 594
163 488
195 201 
195 201
417 515 
417 515
269 780 
269 780
557 711 
557 711
663 
0 60 668 385 6 
0 60
668 0
385 0
6 60
661 
172 362 376 411 710 558 125 655 496 522 
172 362
376 172
411 362
710 172
558 376
125 710
655 558
496 125
522 125
656 
489 588 
489 588
652 
92 719 96 434 37 516 646 
92 719
96 92
434 92
37 719
516 37
646 516
633 
428 784 1 648 696 28 3 
428 784
1 784
648 784
696 428
28 428
3 1
256 446 
256 446
397 744 291 
397 744
744 291
146 265 
146 265
423 469 259 136 629 462 
423 469
259 423
136 423
629 136
462 259
150 571 531 
150 571
571 531
619 
618 
263 395 44 399 
263 395
44 263
399 44
610 
238 463 747 625 563 636 
238 463
747 238
625 747
563 463
636 563
534 642 
534 642
214 480 
214 480
350 358 246 38 599 
350 358
246 358
38 350
599 38
208 314 134 483 
208 314
134 314
483 134
386 458 
386 458
506 510 366 301 227 785 
506 510
366 510
301 506
227 366
785 301
184 549 475 739 101 421 
184 549
475 549
739 184
101 475
421 475
609 
605 
551 635 
551 635
90 389 
90 389
353 532 
353 532
21 97 
21 97
341 581 556 641 700 595 
341 581
556 581
641 581
700 556
595 581
53 526 
53 526
601 
18 537 
18 537
593 
343 527 56 
343 56
343 527
117 790 721 240 565 91 
117 790
721 790
240 117
565 790
91 721
120 566 466 778 604 
120 566
466 120
778 566
604 466
573 
568 657 
568 657
390 474 
390 474
153 425 62 
153 425
153 62
27 48 138 392 776 186 582 63 770 708 239 
27 48
138 27
392 48
776 48
186 138
582 392
63 582
770 392
708 186
239 138
535 754 149 707 
535 754
149 754
707 754
273 542 578 
273 542
273 578
128 465 
128 465
106 336 736 
106 336
336 736
564 
404 745 
404 745
562 
25 672 
25 672
559 
2 611 
2 611
262 647 
262 647
323 486 
323 486
121 499 66 
121 499
499 66
608 701 393 659 771 726 649 746 600 589 
608 701
393 608
659 608
771 659
726 701
649 393
746 649
600 746
589 726
554 
454 763 591 422 175 87 627 732 
454 763
591 763
422 454
175 454
87 591
627 763
732 454
237 791 543 209 
237 791
543 237
209 791
533 
520 
514 
491 
575 674 584 
575 674
674 584
439 729 4 
439 4
729 4
418 654 667 451 
418 654
667 654
451 418
485 
467 
247 325 757 698 
247 325
757 325
698 757
83 702 
83 702
666 764 382 703 122 286 
666 764
382 666
703 382
122 703
286 764
206 482 321 241 616 272 
206 482
321 482
241 482
616 206
272 482
453 
210 360 441 
360 441
210 360
447 749 
447 749
450 
9 281 164 181 
9 281
164 9
181 164
448 
456 631 405 82 797 196 
456 631
405 631
82 631
797 631
196 82
365 691 727 95 302 519 178 168 329 335 
365 691
727 365
95 365
302 95
519 727
178 519
168 95
329 178
335 95
245 779 464 394 570 419 
245 779
464 779
394 779
570 245
419 464
20 487 
20 487
391 722 572 438 
391 722
572 391
438 391
387 401 221 795 368 529 
387 401
221 387
795 387
368 401
529 221
84 383 326 
84 383
84 326
80 553 
80 553
445 
380 755 
380 755
407 
545 590 54 509 733 457 472 364 
545 590
54 590
509 590
733 545
457 590
472 733
364 733
8 346 731 
8 346
8 731
160 379 253 490 725 685 630 494 313 10 
160 379
253 379
490 379
725 379
685 253
630 160
494 685
313 494
10 253
372 
371 
202 320 
202 320
436 561 230 787 695 468 
436 561
230 561
787 230
695 787
468 787
58 180 
58 180
34 93 224 
93 224
34 93
477 723 538 437 521 
477 723
538 723
437 477
521 437
339 
334 
324 
69 270 
69 270
292 435 751 169 23 398 
292 435
751 292
169 751
23 292
398 751
312 
470 662 665 46 
470 662
665 470
46 665
310 
297 761 
297 761
127 215 
127 215
308 
307 
497 580 144 65 103 359 788 653 199 89 586 
497 580
144 580
65 497
103 65
359 103
788 103
653 359
199 653
89 144
586 653
107 402 73 
107 402
107 73
12 694 742 408 709 5 675 413 322 
12 694
742 694
408 694
709 694
5 12
675 5
413 408
322 675
306 
225 316 552 85 
225 316
552 225
85 316
285 
284 
261 426 318 
261 426
426 318
282 
278 
396 530 432 
396 432
396 530
459 740 76 59 
459 740
76 740
59 76
639 756 36 651 296 355 367 
639 756
36 639
651 756
296 756
355 36
367 756
264 
255 622 640 786 624 
255 622
640 255
786 640
624 255
444 525 
444 525
207 782 155 598 217 
207 782
155 207
598 207
217 155
305 602 78 173 384 327 621 
305 602
78 602
173 305
384 305
327 384
621 78
676 716 759 193 547 400 154 680 
676 716
759 676
193 676
547 676
400 193
154 400
680 547
277 295 204 
295 204
277 295
139 276 
139 276
183 541 
183 541
512 796 577 
796 577
512 796
431 587 
431 587
403 688 170 
403 688
688 170
174 644 406 378 
174 644
406 644
378 174
252 
190 203 
190 203
211 442 
211 442
250 
223 
415 603 
415 603
30 686 
30 686
218 
191 
187 
26 75 16 373 718 299 555 
26 75
16 75
373 16
718 16
299 75
555 16
185 
166 
473 692 194 
692 194
473 692
234 706 670 
234 706
706 670
165 
140 658 81 
658 81
140 658
162 
98 712 
98 712
133 743 536 632 
133 743
536 133
632 743
161 
119 141 258 505 
119 141
258 141
505 258
304 427 724 
304 427
304 724
15 309 130 
15 309
15 130
156 
303 660 328 443 461 414 540 331 774 
303 660
328 660
443 660
461 443
414 443
540 328
331 443
774 660
151 
33 715 768 
33 715
715 768
147 
129 
171 498 
171 498
126 
713 766 777 
713 766
766 777
167 243 493 
243 493
167 493
35 115 235 74 
35 115
235 35
74 115
11 118 592 717 
11 118
592 11
717 592
114 
111 741 123 361 19 
111 741
123 111
361 123
19 123
492 678 
492 678
113 
64 789 29 
789 29
64 29
112 
369 500 337 
369 337
500 337
311 338 
311 338
620 762 546 683 760 
620 762
546 620
683 762
760 620
268 767 673 671 775 730 
268 767
673 767
671 673
775 268
730 671
79 
290 579 544 374 288 39 57 
290 579
544 290
374 579
288 579
39 288
57 288
67 
7 412 
7 412
116 752 340 781 476 41 
116 752
340 752
781 752
476 781
41 340
50 
45 
388 471 
388 471
449 773 
449 773
254 280 
254 280
55 585 
55 585
17 188 158 283 198 
17 188
158 17
283 158
198 283
137 315 517 
137 315
315 517
650 734 
650 734
32 
