? 3 268 767 330 
? 3 356 594 179 
? 3 369 500 337 
? 3 208 314 483 
? 3 84 383 462 
? 3 245 779 394 
? 3 80 553 432 
? 3 176 232 574 
? 3 396 530 765 
? 3 192 634 229 
? 3 261 426 517 
? 3 92 719 96 
? 3 378 406 644 
? 3 135 287 159 
? 3 142 352 222 
? 3 306 686 30 
? 3 11 592 643 
? 3 511 625 747 
? 3 167 243 307 
? 3 468 787 230 
? 3 671 673 745 
? 3 47 793 262 
? 3 449 773 147 
? 3 277 295 537 
? 3 620 762 546 
? 3 52 300 317 
? 3 150 571 531 
? 3 211 338 311 
? 3 364 748 612 
? 3 385 794 646 
? 3 478 606 99 
? 3 120 566 466 
? 3 238 463 563 
? 3 475 549 184 
!
798 
475 549 184 
475 549
549 184
785 
69 226 270 220 236 205 669 242 294 601 70 
69 226
270 69
220 226
236 220
205 236
669 220
242 205
294 270
601 205
70 669
423 469 259 136 
423 469
259 423
136 423
752 781 116 340 476 41 
752 781
116 752
340 752
476 781
41 340
16 373 718 555 521 436 75 437 561 
16 373
718 373
555 16
521 718
436 555
75 373
437 521
561 436
195 420 
195 420
108 145 
108 145
778 
37 516 
37 516
735 772 
735 772
198 283 158 17 536 188 642 133 743 
198 283
158 283
17 198
536 283
188 17
642 158
133 536
743 133
770 
638 769 
638 769
273 578 542 672 611 2 25 194 489 451 789 29 
273 578
542 273
672 578
611 578
2 611
25 672
194 542
489 194
451 25
789 489
29 789
750 
504 783 
504 783
238 463 563 
238 463
463 563
154 688 403 170 
154 688
403 688
170 154
732 
127 215 265 458 
127 215
265 215
458 215
472 689 
472 689
724 
639 756 36 651 296 355 
639 756
36 639
651 756
296 639
355 36
105 479 
105 479
14 86 409 250 132 43 
14 86
409 86
250 14
132 409
43 250
717 
54 590 545 509 733 
54 590
545 590
509 545
733 545
709 
663 682 560 45 
663 682
560 682
45 663
139 276 450 185 134 
139 276
450 276
185 139
134 450
163 488 
163 488
263 395 44 286 46 399 85 20 665 
263 395
44 263
286 395
46 395
399 44
85 286
20 399
665 46
704 
120 566 466 
120 566
566 466
326 635 629 551 
326 635
629 326
551 635
699 
693 
109 289 645 347 
109 289
645 109
347 289
690 
196 593 
196 593
687 
398 751 169 480 292 714 
398 751
169 751
480 398
292 169
714 169
77 528 
77 528
202 320 650 734 
202 320
650 320
734 650
214 619 
214 619
393 608 701 659 771 649 
393 608
701 608
659 393
771 701
649 771
494 685 522 313 490 253 
494 685
522 494
313 685
490 685
253 490
360 441 
360 441
42 200 448 201 
42 200
448 200
201 42
278 540 
278 540
478 606 99 
606 99
478 99
374 544 290 579 
374 544
290 544
579 290
18 731 
18 731
59 491 
59 491
146 492 678 444 
146 492
678 492
444 492
792 799 
792 799
380 755 
380 755
442 624 
442 624
21 40 
21 40
683 
4 439 729 244 353 
4 439
729 439
244 4
353 4
661 
575 674 584 55 114 32 679 141 417 258 
575 674
584 674
55 674
114 575
32 55
679 584
141 114
417 114
258 141
655 
698 757 
698 757
633 
246 358 350 38 389 599 90 
246 358
350 246
38 350
389 358
599 38
90 389
617 
454 763 422 627 87 591 175 
454 763
422 763
627 454
87 422
591 87
175 627
656 657 
656 657
385 794 646 
385 794
385 646
640 786 
640 786
676 759 716 193 547 400 
676 759
716 676
193 759
547 676
400 193
364 748 612 
364 748
364 612
609 
607 
237 791 344 543 
237 791
344 237
543 344
604 
177 249 329 507 74 35 
177 249
329 249
507 177
74 507
35 74
31 513 
31 513
275 569 
275 569
366 510 227 506 301 
366 510
227 366
506 510
301 506
12 694 742 408 
12 694
742 694
408 694
129 267 
129 267
155 782 207 217 98 598 
155 782
207 782
217 155
98 217
598 207
117 790 565 91 740 721 
117 790
565 790
91 565
740 565
721 91
588 
585 
122 457 
122 457
447 749 
447 749
274 559 
274 559
93 224 
93 224
456 631 405 82 797 323 
456 631
405 456
82 456
797 631
323 797
83 702 
83 702
567 
97 191 
97 191
564 
211 338 311 
211 338
338 311
397 744 291 677 210 100 
397 744
291 397
677 744
210 744
100 291
391 722 636 572 438 
391 722
636 722
572 722
438 636
562 
53 526 
53 526
183 541 
183 541
150 571 531 
150 571
571 531
428 784 648 1 28 696 3 605 212 539 143 
428 784
648 428
1 784
28 428
696 428
3 1
605 696
212 3
539 3
143 212
418 654 667 166 
418 654
667 654
166 667
52 300 317 
52 300
52 317
128 465 
128 465
620 762 546 
620 762
620 546
554 
589 726 
589 726
534 
527 739 
527 739
533 
153 425 
153 425
415 603 
415 603
68 118 
68 118
277 295 537 
277 295
295 537
556 641 700 581 354 341 595 736 336 485 
556 641
700 641
581 641
354 556
341 581
595 556
736 341
336 700
485 736
515 
27 48 138 392 776 186 582 63 
27 48
138 27
392 48
776 392
186 138
582 392
63 582
349 430 495 187 
349 430
495 430
187 430
514 
501 
487 
486 
449 773 147 
449 773
449 147
47 793 262 
793 262
47 793
0 60 668 6 
0 60
668 0
6 60
470 
467 
382 666 764 703 
382 666
764 666
703 666
119 505 
119 505
497 580 144 89 684 182 
497 580
144 580
89 144
684 497
182 144
333 375 72 455 233 503 
333 375
72 375
455 333
233 333
503 72
459 
671 673 745 
671 673
673 745
647 775 
647 775
453 
493 711 557 502 
493 711
557 493
502 557
435 
113 777 766 713 332 386 
113 777
766 777
713 766
332 777
386 113
149 754 535 707 440 523 22 162 280 705 
149 754
535 754
707 535
440 754
523 440
22 523
162 149
280 707
705 440
197 484 758 79 508 573 
197 484
758 197
79 758
508 484
573 484
56 343 
56 343
225 316 552 452 
225 316
552 225
452 552
140 658 81 312 652 662 
140 658
81 140
312 658
652 658
662 81
468 787 230 
468 787
787 230
33 715 
33 715
434 
19 753 
19 753
421 
190 203 223 637 370 240 219 381 
190 203
223 203
637 190
370 637
240 223
219 370
381 370
167 243 307 
243 307
167 307
61 213 49 524 615 298 310 346 8 204 
61 213
49 213
524 61
615 61
298 615
310 298
346 615
8 346
204 346
416 
413 
368 583 
368 583
471 520 388 23 151 664 
471 520
388 471
23 388
151 471
664 520
518 632 
518 632
511 625 747 
511 625
625 747
387 401 221 795 529 
387 401
221 387
795 401
529 221
407 
404 
390 
171 498 
171 498
51 271 293 266 71 550 
51 271
293 51
266 51
71 293
550 266
377 
7 412 137 315 
7 412
137 412
315 137
371 
600 746 
600 746
58 180 
58 180
339 
334 
189 363 460 738 481 429 131 110 628 728 351 
189 363
460 189
738 460
481 460
429 481
131 363
110 429
628 131
728 110
351 131
11 592 643 
11 592
11 643
199 653 586 103 359 788 445 576 65 
199 653
586 199
103 653
359 103
788 586
445 199
576 586
65 359
324 
446 680 256 610 
446 680
256 446
610 446
318 
299 
306 686 30 
686 30
306 686
297 
285 
142 352 222 
142 352
142 222
282 367 304 427 
282 367
304 282
427 304
303 660 328 414 443 461 331 
303 660
328 303
414 660
443 414
461 443
331 414
269 
111 741 123 361 88 
111 741
123 111
361 123
88 111
216 613 
216 613
410 623 148 251 248 
410 623
148 623
251 410
248 251
172 362 411 710 376 558 125 
172 362
411 362
710 172
376 172
558 376
125 710
365 691 727 95 519 302 178 335 
365 691
727 691
95 365
519 691
302 95
178 519
335 302
135 287 159 
135 159
135 287
419 464 
419 464
433 570 
433 570
378 406 644 
378 406
406 644
319 708 
319 708
92 719 96 
92 719
92 96
431 618 587 168 
431 618
587 618
168 431
264 
474 616 
474 616
730 737 
730 737
254 
252 
568 760 
568 760
34 372 
34 372
228 
218 
209 
477 723 538 597 720 695 548 
477 723
538 723
597 723
720 597
695 477
548 597
174 
165 
261 426 517 
261 517
261 426
192 634 229 
634 229
192 634
164 
396 530 765 
396 530
396 765
161 
239 761 
239 761
160 379 630 725 
160 379
630 160
725 379
156 
115 308 235 345 
115 308
235 308
345 115
176 232 574 
176 574
176 232
80 553 432 
553 432
80 553
126 
512 796 577 107 402 106 73 104 342 
512 796
577 796
107 512
402 107
106 512
73 402
104 73
342 104
124 
245 779 394 
245 394
245 779
102 
101 
348 712 
348 712
67 
84 383 462 
84 383
84 462
208 314 483 
208 314
208 483
596 681 614 260 
596 681
614 596
260 681
15 309 130 780 
15 309
130 15
780 130
66 
257 670 234 706 525 
257 670
234 670
706 234
525 670
496 768 
496 768
62 
369 500 337 
369 337
500 337
57 
356 594 179 
356 594
594 179
255 622 
255 622
94 626 279 499 121 
94 626
279 626
499 94
121 499
424 697 231 152 357 157 
424 697
231 424
152 231
357 231
157 231
50 
327 384 305 602 173 78 621 
327 384
305 384
602 305
173 305
78 602
621 78
26 
9 281 
9 281
321 482 206 241 13 272 
321 482
206 321
241 321
13 321
272 206
24 
10 
76 774 
76 774
181 532 
181 532
247 325 
247 325
39 288 
39 288
473 692 64 284 112 
473 692
64 692
284 692
112 473
268 767 330 
268 767
268 330
322 675 
322 675
5 
