? 3 140 658 81 
? 3 192 634 229 
? 3 100 209 344 
? 3 147 603 449 
? 3 208 314 450 
? 3 398 751 169 
? 3 210 360 441 
? 3 273 542 578 
? 3 350 358 246 
? 3 489 789 29 
? 3 133 743 536 
? 3 46 665 285 
? 3 730 745 737 
? 3 493 711 557 
? 3 84 462 629 
? 3 47 793 501 
? 3 279 626 693 
? 3 7 412 704 
? 3 535 707 754 
? 3 551 635 326 
? 3 382 764 666 
? 3 139 276 185 
? 3 211 338 311 
? 3 343 527 56 
? 3 127 215 146 
? 3 492 678 444 
? 3 277 295 204 
? 3 575 674 584 
? 3 41 67 486 
? 3 274 559 166 
? 3 128 465 380 
? 3 183 541 278 
? 3 98 712 348 
? 3 167 243 307 
!
786 
167 243 307 
243 307
167 307
773 
424 697 231 152 357 452 799 157 792 623 410 
424 697
231 424
152 231
357 697
452 357
799 452
157 231
792 452
623 424
410 623
456 631 405 82 
456 631
405 631
82 631
52 300 548 664 597 720 
52 300
548 300
664 52
597 548
720 548
351 699 86 409 43 131 14 728 518 
351 699
86 699
409 86
43 86
131 351
14 86
728 699
518 43
553 765 
553 765
59 491 
59 491
769 
585 755 
585 755
619 638 
619 638
676 759 193 716 400 547 154 688 680 
676 759
193 759
716 676
400 193
547 676
154 400
688 154
680 547
768 
318 426 
318 426
27 48 138 392 186 582 776 63 770 708 319 239 
27 48
138 27
392 27
186 138
582 392
776 392
63 582
770 392
708 186
319 708
239 186
767 
265 458 
265 458
98 712 348 
98 712
712 348
137 315 261 517 
137 315
261 137
517 261
739 
475 549 184 421 
475 549
184 549
421 475
83 702 
83 702
705 
290 579 374 544 732 175 
290 579
374 290
544 290
732 579
175 290
203 223 
203 223
305 602 173 78 327 384 
305 602
173 305
78 602
327 602
384 327
687 
391 722 636 572 438 
391 722
636 722
572 722
438 636
684 
454 763 422 87 
454 763
422 454
87 422
477 538 723 437 521 
477 538
723 538
437 538
521 437
218 573 
218 573
608 701 393 659 771 726 649 589 600 
608 701
393 701
659 608
771 659
726 771
649 771
589 726
600 659
669 
183 541 278 
183 541
541 278
234 670 257 706 
234 670
257 670
706 234
668 
652 
30 686 306 791 
30 686
306 686
791 30
646 
163 534 
163 534
640 
4 439 729 244 353 420 
4 439
729 439
244 439
353 4
420 439
504 783 
504 783
512 796 107 106 
512 796
107 512
106 796
562 679 
562 679
11 118 592 717 68 643 
11 118
592 11
717 11
68 11
643 592
511 625 238 747 463 124 
511 625
238 625
747 238
463 238
124 511
237 543 
237 543
247 325 757 698 
247 325
757 325
698 757
256 446 
256 446
128 465 380 
128 465
128 380
301 785 510 366 
301 785
510 301
366 510
2 611 
2 611
354 595 
354 595
109 289 645 347 
109 289
645 109
347 289
151 471 
151 471
105 479 
105 479
254 280 
254 280
21 40 
21 40
633 
155 207 782 598 217 
155 207
782 207
598 207
217 155
632 
365 691 727 95 302 519 178 335 168 249 
365 691
727 691
95 365
302 95
519 727
178 519
335 95
168 95
249 178
613 
472 689 
472 689
610 
117 790 240 91 565 740 721 
117 790
240 117
91 790
565 91
740 565
721 91
607 
428 784 1 648 28 696 539 
428 784
1 784
648 784
28 428
696 428
539 1
442 624 
442 624
274 559 166 
559 166
274 559
62 621 
62 621
120 566 466 778 604 506 
120 566
466 120
778 566
604 466
506 778
41 67 486 
41 67
67 486
605 
601 
342 690 104 577 
342 690
104 342
577 342
599 
113 777 766 713 332 386 
113 777
766 777
713 766
332 777
386 113
18 537 
18 537
195 201 
195 201
219 381 637 370 190 
219 381
637 381
370 219
190 637
220 236 205 69 
220 236
205 236
69 220
76 774 
76 774
92 719 96 434 516 37 
92 719
96 92
434 92
516 719
37 719
19 123 753 111 741 361 
19 123
753 123
111 123
741 111
361 741
587 
576 
214 714 
214 714
149 440 
149 440
8 731 
8 731
126 606 
126 606
341 581 641 556 736 700 
341 581
641 581
556 581
736 341
700 736
417 515 
417 515
568 
58 588 
58 588
564 
575 674 584 
575 674
674 584
15 309 780 130 112 269 
15 309
780 15
130 309
112 130
269 780
174 644 406 378 383 
174 644
406 644
378 644
383 174
563 
591 627 
591 627
226 270 
226 270
277 295 204 
295 204
277 295
160 379 490 253 630 10 494 685 242 313 725 
160 379
490 379
253 490
630 160
10 160
494 253
685 494
242 630
313 685
725 313
159 287 135 180 
159 287
135 287
180 159
492 678 444 
492 678
678 444
495 609 
495 609
127 215 146 
127 215
215 146
525 
447 749 
447 749
514 
196 593 
196 593
487 
671 673 
671 673
317 661 
317 661
522 554 
522 554
343 527 56 
343 56
343 527
12 694 742 408 5 709 413 675 322 459 
12 694
742 694
408 694
5 12
709 742
413 694
675 5
322 675
459 322
485 
49 213 61 615 524 298 310 346 
49 213
61 213
615 213
524 61
298 615
310 298
346 615
141 258 119 505 
141 258
119 141
505 258
480 
467 
453 
445 
211 338 311 
211 338
338 311
139 276 185 
139 276
139 185
70 275 569 377 
70 275
569 275
377 275
433 
416 
57 483 134 39 
57 483
134 483
39 483
297 761 
297 761
620 762 546 683 402 760 
620 762
546 620
683 762
402 762
760 762
245 779 394 464 419 570 
245 779
394 779
464 779
419 464
570 245
415 
382 764 666 
382 666
382 764
171 498 
171 498
407 
432 530 396 80 
432 530
396 432
80 432
404 
639 756 296 355 216 657 
639 756
296 639
355 639
216 296
657 756
51 271 293 266 71 330 132 550 24 268 
51 271
293 271
266 271
71 293
330 71
132 71
550 266
24 293
268 71
158 283 198 17 642 188 
158 283
198 283
17 158
642 158
188 17
33 715 
33 715
116 752 781 340 
116 752
781 752
340 752
202 320 650 734 628 677 
202 320
650 320
734 650
628 734
677 202
551 635 326 
551 635
635 326
323 797 
323 797
403 
324 476 
324 476
397 
303 660 328 443 414 461 331 540 
303 660
328 303
443 660
414 443
461 443
331 461
540 328
535 707 754 
535 707
707 754
596 681 614 260 772 349 430 513 735 31 
596 681
614 596
260 596
772 614
349 260
430 349
513 772
735 772
31 513
390 
372 
153 425 
153 425
3 212 143 567 435 292 
3 212
143 212
567 3
435 143
292 435
32 55 
32 55
7 412 704 
7 412
412 704
387 401 221 795 529 
387 401
221 387
795 401
529 221
371 
337 
336 
473 692 
473 692
436 561 787 230 695 468 
436 561
787 561
230 561
695 436
468 787
334 
333 375 72 233 
333 375
72 375
233 333
312 
248 251 
248 251
99 478 
99 478
294 
288 
497 580 144 65 103 359 788 89 653 199 586 
497 580
144 580
65 497
103 65
359 103
788 103
89 144
653 103
199 653
586 199
279 626 693 
279 626
279 693
172 362 411 710 376 558 125 655 496 
172 362
411 362
710 172
376 172
558 376
125 710
655 558
496 125
284 
364 748 612 617 
364 748
612 364
617 612
281 
264 
47 793 501 
793 501
47 793
262 
252 
84 462 629 
84 462
462 629
197 758 484 79 
197 758
484 197
79 197
225 316 552 703 85 662 470 
225 316
552 316
703 316
85 316
662 225
470 662
250 
263 395 44 286 399 
263 395
44 263
286 263
399 44
73 656 
73 656
385 794 6 0 60 
385 794
6 794
0 385
60 0
26 75 16 718 373 299 555 
26 75
16 75
718 16
373 718
299 75
555 16
142 352 508 222 339 663 682 560 
142 352
508 142
222 142
339 508
663 352
682 663
560 663
493 711 557 
711 557
493 557
191 503 
191 503
90 389 
90 389
730 745 737 
745 737
730 745
647 775 
647 775
46 665 285 
46 665
46 285
121 499 94 455 
121 499
94 499
455 94
228 
369 500 
369 500
25 672 
25 672
194 
187 
38 750 
38 750
53 526 
53 526
182 
170 
165 
282 367 304 36 427 724 651 
282 367
304 282
36 282
427 304
724 304
651 367
161 
156 
133 743 536 
133 536
133 743
489 789 29 
789 29
489 789
148 
350 358 246 
358 246
350 358
145 
235 308 
235 308
42 200 502 448 
42 200
502 42
448 200
122 
488 594 179 356 
488 594
179 594
356 594
273 542 578 
273 542
273 578
210 360 441 
360 441
210 360
114 
321 482 241 272 206 616 13 474 798 
321 482
241 482
272 482
206 321
616 206
13 321
474 616
798 272
110 
398 751 169 
751 169
398 751
108 
102 
129 267 
129 267
101 
208 314 450 
208 314
314 450
147 603 449 
147 603
603 449
150 571 531 224 
150 571
531 571
224 150
418 654 667 451 
418 654
667 654
451 654
97 
176 232 574 528 77 
176 232
574 176
528 232
77 574
34 93 
34 93
88 
100 209 344 
209 344
100 209
66 
192 634 229 
634 229
192 634
291 744 
291 744
423 469 259 136 746 
423 469
259 423
136 259
746 136
509 545 590 54 733 457 
509 545
590 545
54 590
733 54
457 509
64 
177 329 507 74 35 345 115 
177 329
507 177
74 329
35 74
345 74
115 35
50 
227 533 
227 533
189 363 460 738 481 429 
189 363
460 189
738 460
481 460
429 481
45 
23 
368 583 
368 583
431 618 
431 618
22 523 
22 523
388 520 
388 520
181 532 164 162 9 
181 532
164 181
162 532
9 164
140 658 81 
658 81
140 658
255 622 
255 622
20 
