!
0 
1 2 3 
1 2
2 3
4 
5 6 7 8 9 10 11 12 13 14 15 
5 6
6 7
7 8
8 9
9 10
10 11
11 12
12 13
13 14
14 15
16 17 18 19 
16 17
17 18
18 19
20 21 22 23 24 25 
20 21
21 22
22 23
23 24
24 25
26 27 28 29 30 31 32 33 34 
26 27
27 28
28 29
29 30
30 31
31 32
32 33
33 34
35 36 
35 36
37 38 
37 38
39 
40 41 
40 41
42 43 
42 43
44 45 46 47 48 49 50 51 52 
44 45
45 46
46 47
47 48
48 49
49 50
50 51
51 52
53 
54 55 
54 55
56 57 58 59 60 61 62 63 64 65 66 67 
56 57
57 58
58 59
59 60
60 61
61 62
62 63
63 64
64 65
65 66
66 67
68 
69 70 
69 70
71 72 73 
71 72
72 73
74 75 76 77 
74 75
75 76
76 77
78 
79 80 81 82 
79 80
80 81
81 82
83 84 
83 84
85 
86 87 88 89 90 91 
86 87
87 88
88 89
89 90
90 91
92 93 
92 93
94 95 96 97 98 99 
94 95
95 96
96 97
97 98
98 99
100 
101 102 103 104 105 
101 102
102 103
103 104
104 105
106 
107 108 109 110 
107 108
108 109
109 110
111 112 113 114 115 
111 112
112 113
113 114
114 115
116 117 
116 117
118 119 120 121 122 123 124 125 126 
118 119
119 120
120 121
121 122
122 123
123 124
124 125
125 126
127 
128 129 130 
128 129
129 130
131 132 133 134 
131 132
132 133
133 134
135 
136 
137 138 139 140 
137 138
138 139
139 140
141 
142 143 
142 143
144 
145 146 147 148 149 150 
145 146
146 147
147 148
148 149
149 150
151 152 
151 152
153 154 155 156 
153 154
154 155
155 156
157 158 
157 158
159 160 161 162 163 164 
159 160
160 161
161 162
162 163
163 164
165 166 167 168 169 170 
165 166
166 167
167 168
168 169
169 170
171 172 
171 172
173 174 175 176 
173 174
174 175
175 176
177 178 
177 178
179 180 181 
179 180
180 181
182 183 184 185 
182 183
183 184
184 185
186 187 
186 187
188 189 
188 189
190 191 192 193 
190 191
191 192
192 193
194 195 
194 195
196 197 
196 197
198 199 
198 199
200 201 
200 201
202 
203 204 205 206 207 
203 204
204 205
205 206
206 207
208 
209 210 211 212 213 214 215 216 217 218 
209 210
210 211
211 212
212 213
213 214
214 215
215 216
216 217
217 218
219 
220 221 
220 221
222 
223 224 225 226 227 228 229 
223 224
224 225
225 226
226 227
227 228
228 229
230 
231 232 233 234 235 236 237 
231 232
232 233
233 234
234 235
235 236
236 237
238 239 
238 239
240 241 242 
240 241
241 242
243 244 
243 244
245 246 247 248 249 250 
245 246
246 247
247 248
248 249
249 250
251 252 253 
251 252
252 253
254 
255 
256 257 258 259 
256 257
257 258
258 259
260 
261 262 263 264 265 266 
261 262
262 263
263 264
264 265
265 266
267 268 
267 268
269 270 
269 270
271 272 273 274 275 
271 272
272 273
273 274
274 275
276 277 278 279 
276 277
277 278
278 279
280 281 
280 281
282 283 284 285 286 287 
282 283
283 284
284 285
285 286
286 287
288 289 290 291 292 293 
288 289
289 290
290 291
291 292
292 293
294 
295 
296 297 
296 297
298 299 
298 299
300 301 
300 301
302 303 
302 303
304 305 306 307 308 309 
304 305
305 306
306 307
307 308
308 309
310 311 
310 311
312 
313 314 
313 314
315 
316 317 318 
316 317
317 318
319 320 321 322 323 324 
319 320
320 321
321 322
322 323
323 324
325 326 327 328 329 
325 326
326 327
327 328
328 329
330 
331 332 
331 332
333 334 
333 334
335 336 337 
335 336
336 337
338 339 340 341 342 343 344 345 346 347 348 
338 339
339 340
340 341
341 342
342 343
343 344
344 345
345 346
346 347
347 348
349 350 351 352 
349 350
350 351
351 352
353 354 355 
353 354
354 355
356 357 
356 357
358 359 360 
358 359
359 360
361 
362 363 
362 363
364 
365 366 
365 366
367 
368 369 
368 369
370 371 
370 371
372 373 
372 373
374 375 376 
374 375
375 376
377 378 379 380 381 382 383 384 385 386 
377 378
378 379
379 380
380 381
381 382
382 383
383 384
384 385
385 386
387 
388 389 390 391 392 393 394 395 
388 389
389 390
390 391
391 392
392 393
393 394
394 395
396 397 398 399 
396 397
397 398
398 399
400 
401 
402 
403 
404 405 406 
404 405
405 406
407 408 409 
407 408
408 409
410 411 412 413 
410 411
411 412
412 413
414 
415 
416 417 418 419 
416 417
417 418
418 419
420 421 
420 421
422 423 424 425 426 427 
422 423
423 424
424 425
425 426
426 427
428 429 430 431 432 433 
428 429
429 430
430 431
431 432
432 433
434 
435 436 437 
435 436
436 437
438 439 
438 439
440 
441 442 443 444 
441 442
442 443
443 444
445 
446 447 448 449 450 451 
446 447
447 448
448 449
449 450
450 451
452 453 454 455 456 457 458 459 460 461 
452 453
453 454
454 455
455 456
456 457
457 458
458 459
459 460
460 461
462 463 464 465 466 467 
462 463
463 464
464 465
465 466
466 467
468 469 
468 469
470 471 472 473 
470 471
471 472
472 473
474 475 476 477 478 479 
474 475
475 476
476 477
477 478
478 479
480 481 482 
480 481
481 482
483 484 
483 484
485 
486 487 
486 487
488 
489 490 491 492 493 494 495 496 
489 490
490 491
491 492
492 493
493 494
494 495
495 496
497 498 499 
497 498
498 499
500 501 502 503 504 505 506 507 508 509 
500 501
501 502
502 503
503 504
504 505
505 506
506 507
507 508
508 509
510 
511 
512 513 
512 513
514 515 516 517 518 519 
514 515
515 516
516 517
517 518
518 519
520 521 
520 521
522 523 524 
522 523
523 524
525 526 527 528 529 
525 526
526 527
527 528
528 529
530 
531 
532 
533 534 
533 534
535 536 537 538 539 540 
535 536
536 537
537 538
538 539
539 540
541 
542 543 544 545 
542 543
543 544
544 545
546 
547 548 
547 548
549 550 
549 550
551 
552 
553 554 555 556 557 558 559 560 561 562 563 
553 554
554 555
555 556
556 557
557 558
558 559
559 560
560 561
561 562
562 563
564 565 566 
564 565
565 566
567 568 569 570 571 572 573 574 575 
567 568
568 569
569 570
570 571
571 572
572 573
573 574
574 575
576 
577 578 579 580 
577 578
578 579
579 580
581 
582 
583 584 585 
583 584
584 585
586 
587 
588 589 590 
588 589
589 590
591 592 593 594 
591 592
592 593
593 594
595 596 597 598 599 600 601 
595 596
596 597
597 598
598 599
599 600
600 601
602 
603 604 605 606 607 
603 604
604 605
605 606
606 607
608 609 
608 609
610 611 612 613 614 
610 611
611 612
612 613
613 614
615 616 617 618 619 620 621 
615 616
616 617
617 618
618 619
619 620
620 621
622 623 624 625 626 627 628 629 
622 623
623 624
624 625
625 626
626 627
627 628
628 629
630 631 632 
630 631
631 632
633 634 
633 634
635 636 
635 636
637 638 639 
637 638
638 639
640 641 
640 641
642 643 644 
642 643
643 644
645 646 647 648 
645 646
646 647
647 648
649 
650 651 
650 651
652 653 
652 653
654 
655 
656 657 
656 657
658 659 
658 659
660 
661 
662 
663 664 665 666 667 668 669 
663 664
664 665
665 666
666 667
667 668
668 669
670 
671 
672 673 674 
672 673
673 674
675 676 677 
675 676
676 677
678 
679 680 681 
679 680
680 681
682 
683 684 
683 684
685 686 687 688 
685 686
686 687
687 688
689 
690 691 692 693 
690 691
691 692
692 693
694 695 696 
694 695
695 696
697 698 699 
697 698
698 699
700 
701 702 703 704 705 706 707 708 709 
701 702
702 703
703 704
704 705
705 706
706 707
707 708
708 709
710 
711 712 713 
711 712
712 713
714 
715 
716 717 
716 717
718 
719 720 721 
719 720
720 721
722 723 724 
722 723
723 724
725 726 727 728 
725 726
726 727
727 728
729 730 731 732 
729 730
730 731
731 732
733 
734 735 736 737 738 
734 735
735 736
736 737
737 738
739 740 
739 740
741 
742 743 744 
742 743
743 744
745 
746 747 748 
746 747
747 748
749 750 
749 750
751 752 753 754 755 
751 752
752 753
753 754
754 755
756 757 758 759 760 761 
756 757
757 758
758 759
759 760
760 761
762 
763 764 765 766 767 768 769 
763 764
764 765
765 766
766 767
767 768
768 769
770 
771 772 
771 772
773 774 775 776 777 778 
773 774
774 775
775 776
776 777
777 778
779 
780 
781 782 
781 782
783 784 
783 784
785 786 
785 786
787 788 
787 788
789 790 791 792 793 
789 790
790 791
791 792
792 793
794 795 796 
794 795
795 796
797 798 
797 798
799 
