? 3 247 325 757 
? 3 418 654 667 
? 3 8 346 204 
? 3 121 499 94 
? 3 337 369 500 
? 3 356 594 179 
? 3 512 796 577 
? 3 202 320 650 
? 3 575 674 584 
? 3 391 722 636 
? 3 22 440 523 
? 3 342 690 104 
? 3 246 358 350 
? 3 35 308 115 
? 3 167 243 562 
? 3 471 520 151 
? 3 9 281 280 
? 3 38 750 599 
? 3 107 402 73 
? 3 279 693 626 
? 3 137 315 261 
? 3 489 789 29 
? 3 7 412 704 
? 3 99 478 606 
? 3 255 622 640 
? 3 149 754 535 
? 3 30 686 306 
? 3 475 549 184 
? 3 649 746 551 
? 3 313 768 715 
? 3 326 635 629 
? 3 84 383 462 
? 3 34 93 224 
? 3 343 527 739 
!
767 
343 527 739 
343 739
527 739
731 
596 681 614 260 349 772 513 430 31 735 441 
596 681
614 596
260 681
349 681
772 614
513 772
430 349
31 513
735 772
441 31
70 275 569 377 
70 275
569 275
377 275
69 220 270 226 242 669 
69 220
270 69
226 69
242 220
669 220
117 790 240 565 91 740 721 161 598 
117 790
240 117
565 117
91 565
740 565
721 565
161 790
598 117
182 576 
182 576
66 404 
66 404
705 
619 638 
619 638
235 769 
235 769
351 699 409 86 14 43 131 728 518 
351 699
409 699
86 409
14 86
43 86
131 351
728 699
518 43
689 
607 786 
607 786
497 580 144 65 103 359 788 653 199 586 89 684 
497 580
144 580
65 497
103 65
359 65
788 103
653 359
199 653
586 199
89 144
684 359
688 
80 765 
80 765
34 93 224 
93 224
34 93
230 561 567 695 
230 561
567 230
695 561
679 
382 764 666 703 
382 764
666 382
703 666
105 479 
105 479
677 
511 625 747 124 238 463 
511 625
747 625
124 625
238 747
463 238
495 609 
495 609
72 375 333 455 737 503 
72 375
333 72
455 375
737 375
503 333
672 
159 287 135 416 589 
159 287
135 287
416 287
589 135
633 
119 258 505 114 
119 258
505 258
114 258
113 777 332 670 386 
113 777
332 777
670 332
386 113
79 758 
79 758
26 75 373 16 718 555 299 436 521 
26 75
373 75
16 373
718 373
555 16
299 26
436 555
521 718
632 
84 383 462 
84 383
84 462
263 395 44 286 
263 395
44 263
286 263
624 
601 
273 578 542 611 
273 578
542 273
611 578
573 
647 775 
647 775
572 
364 748 612 617 472 251 
364 748
612 364
617 612
472 748
251 617
585 698 
585 698
46 665 470 662 
46 665
470 665
662 470
274 559 
274 559
49 213 61 524 615 298 
49 213
61 213
524 61
615 61
298 615
219 381 637 68 370 190 
219 381
637 381
68 219
370 637
190 637
163 488 
163 488
439 729 4 244 
439 729
4 439
244 4
32 55 
32 55
326 635 629 
326 629
635 629
210 360 744 397 
210 360
744 210
397 744
18 537 
18 537
196 593 
196 593
42 200 448 502 
42 200
448 200
502 200
417 515 
417 515
53 526 
53 526
730 745 
730 745
45 663 
45 663
564 
385 794 60 6 603 
385 794
60 385
6 794
603 385
563 
51 271 266 293 71 550 24 132 330 268 
51 271
266 271
293 271
71 293
550 271
24 293
132 266
330 71
268 330
554 
335 431 
335 431
536 
142 352 508 560 682 484 222 
142 352
508 142
560 142
682 560
484 142
222 508
514 
292 435 398 169 751 388 23 
292 435
398 292
169 398
751 398
388 292
23 388
317 661 
317 661
313 768 715 
313 768
768 715
254 707 
254 707
620 762 683 760 546 656 
620 762
683 762
760 620
546 620
656 762
649 746 551 
649 746
746 551
504 
501 
290 579 544 732 
290 579
544 290
732 579
493 
639 756 36 651 355 367 
639 756
36 639
651 756
355 36
367 36
2 687 
2 687
166 170 
166 170
192 634 229 50 734 
192 634
229 192
50 229
734 634
304 427 282 724 
304 427
282 304
724 427
148 623 
148 623
176 232 528 574 77 28 
176 232
528 176
574 176
77 574
28 232
17 188 198 283 158 324 
17 188
198 17
283 198
158 283
324 188
491 
487 
534 642 
534 642
568 657 
568 657
587 714 
587 714
153 425 
153 425
545 590 54 509 733 248 
545 590
54 590
509 590
733 590
248 509
180 588 
180 588
486 
591 783 
591 783
458 
475 549 184 
475 549
549 184
208 314 134 483 713 766 
208 314
134 314
483 134
713 208
766 713
98 217 712 348 782 
98 217
712 98
348 98
782 348
450 
557 711 
557 711
122 457 
122 457
30 686 306 
30 686
686 306
160 379 490 253 630 725 10 685 494 205 236 
160 379
490 379
253 379
630 160
725 160
10 379
685 253
494 685
205 630
236 205
15 309 780 112 
15 309
780 15
112 15
149 754 535 
149 535
149 754
147 773 
147 773
255 622 640 
622 640
255 640
445 
203 223 
203 223
444 
390 474 
390 474
438 
380 755 
380 755
453 529 
453 529
83 702 
83 702
99 478 606 
99 606
99 478
172 362 411 710 376 558 125 655 496 522 
172 362
411 362
710 172
376 172
558 376
125 710
655 558
496 125
522 125
433 
92 719 434 96 37 516 646 449 
92 719
434 92
96 92
37 719
516 37
646 92
449 96
225 316 552 85 
225 316
552 316
85 316
420 
415 
407 
389 
7 412 704 
7 412
412 704
489 789 29 
789 29
489 789
234 257 706 525 
234 257
706 234
525 257
374 
372 
422 454 763 87 
422 454
763 454
87 422
214 480 
214 480
366 510 227 533 785 218 
366 510
227 366
533 227
785 510
218 785
300 548 52 597 664 720 
300 548
52 300
597 548
664 52
720 548
371 
137 315 261 
137 315
315 261
128 465 
128 465
345 
216 296 613 62 
216 296
613 216
62 216
339 
116 752 781 340 41 476 
116 752
781 752
340 752
41 340
476 752
424 697 231 152 452 799 357 157 792 410 
424 697
231 697
152 231
452 697
799 452
357 452
157 231
792 452
410 697
605 696 530 396 648 428 
605 696
530 605
396 530
648 696
428 648
195 201 
195 201
177 507 249 74 
177 507
249 177
74 507
245 779 464 394 419 570 
245 779
464 245
394 779
419 464
570 245
279 693 626 
279 626
279 693
97 233 
97 233
334 
20 399 
20 399
322 
3 212 1 143 539 787 468 784 
3 212
1 212
143 3
539 212
787 3
468 787
784 3
107 402 73 
107 402
107 73
365 691 727 95 302 519 178 168 329 618 
365 691
727 691
95 365
302 365
519 365
178 519
168 95
329 178
618 302
318 
312 
25 451 
25 451
608 701 393 659 771 726 
608 701
393 608
659 608
771 701
726 771
150 571 
150 571
38 750 599 
38 599
38 750
11 118 592 717 643 
11 118
592 11
717 592
643 717
310 
307 
294 
47 793 
47 793
456 631 405 82 797 323 
456 631
405 456
82 631
797 631
323 797
291 
140 658 81 652 
140 658
81 658
652 658
285 
0 668 
0 668
171 498 
171 498
284 
269 
27 48 138 186 392 776 582 770 63 708 319 
27 48
138 27
186 138
392 48
776 48
582 392
770 392
63 582
708 186
319 708
9 281 280 
9 281
281 280
321 482 241 206 272 616 13 798 467 
321 482
241 482
206 482
272 206
616 272
13 482
798 272
467 241
264 
106 336 354 485 
106 336
354 336
485 336
262 
252 
471 520 151 
471 520
471 151
250 
239 
167 243 562 
167 243
243 562
181 532 164 353 
181 532
164 181
353 181
676 716 759 193 547 400 154 
676 716
759 716
193 759
547 676
400 193
154 400
237 
78 602 305 621 173 
78 602
305 602
621 78
173 305
297 761 
297 761
100 209 791 344 543 
100 209
791 209
344 209
543 344
341 581 556 641 700 736 595 
341 581
556 581
641 556
700 641
736 700
595 556
303 660 328 443 461 414 540 331 
303 660
328 660
443 660
461 443
414 461
540 328
331 443
35 308 115 
308 115
35 115
426 517 
426 517
155 207 
155 207
246 358 350 
246 358
358 350
40 753 
40 753
342 690 104 
342 690
690 104
127 215 146 265 
127 215
146 215
265 146
228 
447 749 
447 749
278 531 
278 531
194 
191 
183 541 
183 541
277 295 
277 295
187 
185 
162 
189 363 460 738 481 429 628 
189 363
460 363
738 363
481 460
429 481
628 738
156 
145 
22 440 523 
22 440
22 523
391 722 636 
391 722
722 636
130 
575 674 584 
575 674
674 584
129 
175 627 
175 627
327 384 165 403 
327 384
165 327
403 384
126 
174 644 406 378 
174 644
406 644
378 644
202 320 650 
202 320
202 650
512 796 577 
796 577
512 796
110 
12 694 742 5 408 675 709 413 459 
12 694
742 694
5 12
408 694
675 12
709 742
413 5
459 675
108 
356 594 179 
356 594
594 179
102 
101 
76 774 
76 774
67 
337 369 500 
337 369
337 500
121 499 94 
121 94
121 499
109 289 645 347 
109 289
645 109
347 289
477 538 723 437 
477 538
723 477
437 477
64 
423 469 259 136 600 
423 469
259 423
136 423
600 136
39 288 
39 288
59 
8 346 204 
8 346
346 204
58 
418 654 667 
418 667
654 667
90 421 
90 421
446 680 256 610 141 
446 680
256 680
610 446
141 610
111 741 88 361 123 267 
111 741
88 111
361 111
123 361
267 88
57 
120 566 466 778 604 506 301 
120 566
466 120
778 566
604 466
506 778
301 506
56 
671 673 
671 673
387 401 221 795 368 583 
387 401
221 387
795 387
368 401
583 368
33 
21 
432 553 
432 553
139 276 
139 276
473 692 
473 692
492 678 
492 678
311 338 211 442 197 
311 338
211 338
442 338
197 311
247 325 757 
247 325
325 757
133 743 
133 743
19 
