!
461 556 746 152 742 646 69 366 505 455 227 478 244 193 237 567 680 273 675 76 89 269 552 402 323 684 735 104 320 535 526 18 681 77 313 798 314 565 168 374 472 758 215 656 249 319 150 634 171 176 454 792 737 197 159 487 155 304 347 796 787 296 191 649 537 532 608 772 647 243 588 500 491 485 60 610 217 84 438 136 298 5 570 0 476 257 336 539 133 393 741 724 280 52 560 317 192 242 490 719 679 206 533 710 363 546 300 148 221 218 392 645 723 783 7 51 174 496 617 581 611 640 501 456 416 172 399 348 17 432 626 369 381 578 112 203 648 739 618 481 162 153 748 92 139 498 100 16 26 415 658 569 597 778 767 70 367 154 641 143 484 653 784 198 295 377 655 42 579 736 343 669 551 550 459 412 713 49 128 256 605 543 385 650 734 483 503 34 222 230 9 561 562 516 74 228 768 335 544 25 720 20 568 389 208 749 538 59 536 94 186 731 773 321 590 410 40 549 103 555 61 524 572 31 209 777 264 1 352 98 625 612 558 776 124 47 185 702 686 433 87 436 137 545 519 277 109 216 55 13 251 149 691 91 72 706 781 46 513 219 382 495 644 688 395 595 62 202 553 619 23 575 68 120 510 528 107 63 2 29 689 111 479 637 407 504 521 82 755 700 326 146 353 204 517 37 113 766 261 591 390 671 388 246 224 672 443 727 657 372 529 175 105 10 728 135 254 616 427 623 284 795 253 622 482 586 279 606 453 704 331 511 344 493 403 584 654 39 232 156 400 512 577 4 458 248 15 730 703 102 356 170 85 333 468 12 346 380 607 287 301 520 664 786 790 33 245 182 226 525 775 93 231 338 234 332 83 764 196 250 429 633 463 698 779 330 793 603 160 673 299 361 308 494 615 318 359 64 751 164 118 247 138 475 167 707 312 439 460 357 788 132 201 718 540 599 117 376 642 169 370 322 554 21 53 360 651 449 447 262 594 165 467 632 80 307 3 408 157 358 289 378 580 444 765 43 328 88 411 188 564 90 663 770 729 733 446 740 690 303 141 272 534 782 54 101 604 785 422 683 266 464 394 327 596 563 281 96 292 794 309 81 75 95 518 440 692 406 45 184 386 789 614 628 676 685 508 252 205 258 515 354 441 757 158 507 763 497 371 334 699 364 116 119 340 426 147 108 373 635 697 271 38 114 754 187 624 541 667 401 122 542 71 151 492 207 499 759 774 79 721 14 297 121 762 166 189 509 311 229 27 263 722 589 11 430 474 726 548 235 715 732 200 195 130 592 502 161 302 177 349 329 670 695 286 270 86 771 398 397 384 613 387 659 35 134 769 66 687 212 425 178 396 677 583 123 598 260 255 339 142 350 609 32 67 574 791 140 760 600 342 522 630 452 275 747 701 750 73 435 181 486 233 448 274 674 559 421 268 125 259 379 557 547 660 131 457 240 41 144 471 351 210 797 636 465 434 97 57 375 506 761 355 28 223 293 437 665 24 527 477 190 423 6 714 428 450 110 220 489 473 602 601 315 404 424 129 383 780 239 571 368 627 662 445 514 585 696 442 668 267 291 405 743 682 466 531 283 194 752 573 413 711 712 214 717 58 285 566 241 19 44 639 620 225 391 414 469 179 705 621 22 183 306 115 365 419 593 418 745 324 709 756 693 409 523 716 65 451 238 337 678 50 325 106 294 576 631 462 30 288 643 173 305 738 488 211 638 199 666 744 694 48 341 708 431 652 8 345 127 145 310 725 316 290 126 420 99 36 417 236 362 587 163 265 480 582 180 282 278 799 213 753 78 56 629 276 661 470 530 
461 556
746 556
152 746
742 556
646 742
69 746
366 152
505 366
455 646
227 455
478 455
244 646
193 227
237 69
567 505
680 237
273 505
675 193
76 478
89 680
269 273
552 567
402 680
323 273
684 402
735 244
104 273
320 323
535 104
526 320
18 402
681 18
77 735
313 735
798 681
314 681
565 76
168 552
374 535
472 681
758 565
215 314
656 758
249 374
319 656
150 77
634 319
171 150
176 249
454 634
792 454
737 176
197 249
159 197
487 526
155 565
304 155
347 487
796 215
787 304
296 176
191 787
649 787
537 304
532 787
608 737
772 171
647 155
243 159
588 796
500 772
491 347
485 537
60 608
610 608
217 532
84 772
438 191
136 60
298 243
5 84
570 491
0 5
476 588
257 5
336 136
539 336
133 298
393 133
741 133
724 0
280 60
52 724
560 485
317 52
192 476
242 724
490 741
719 280
679 192
206 192
533 570
710 539
363 206
546 206
300 710
148 719
221 242
218 719
392 148
645 218
723 679
783 221
7 783
51 393
174 679
496 221
617 560
581 710
611 206
640 783
501 174
456 174
416 617
172 496
399 300
348 581
17 348
432 501
626 432
369 617
381 456
578 626
112 369
203 640
648 496
739 51
618 51
481 578
162 369
153 112
748 581
92 17
139 381
498 92
100 748
16 748
26 399
415 481
658 162
569 26
597 618
778 172
767 778
70 92
367 739
154 153
641 367
143 100
484 658
653 748
784 203
198 653
295 597
377 641
655 778
42 498
579 653
736 139
343 579
669 295
551 669
550 377
459 550
412 198
713 415
49 569
128 49
256 154
605 736
543 550
385 784
650 655
734 713
483 343
503 128
34 605
222 579
230 143
9 605
561 484
562 543
516 734
74 128
228 230
768 154
335 459
544 650
25 42
720 562
20 720
568 544
389 720
208 228
749 544
538 749
59 9
536 59
94 25
186 483
731 538
773 720
321 768
590 228
410 94
40 590
549 536
103 549
555 186
61 321
524 516
572 410
31 59
209 94
777 40
264 572
1 103
352 103
98 524
625 31
612 31
558 625
776 625
124 538
47 20
185 536
702 558
686 47
433 61
87 561
436 87
137 549
545 47
519 686
277 555
109 572
216 776
55 545
13 731
251 558
149 612
691 137
91 216
72 277
706 545
781 691
46 1
513 706
219 777
382 46
495 264
644 46
688 513
395 91
595 109
62 644
202 62
553 72
619 495
23 251
575 23
68 382
120 575
510 149
528 706
107 55
63 495
2 519
29 62
689 595
111 436
479 619
637 706
407 575
504 433
521 689
82 510
755 13
700 553
326 82
146 689
353 111
204 755
517 353
37 62
113 637
766 111
261 146
591 113
390 619
671 82
388 700
246 407
224 671
672 766
443 224
727 390
657 591
372 504
529 407
175 113
105 204
10 504
728 372
135 521
254 107
616 390
427 224
623 529
284 443
795 37
253 246
622 616
482 728
586 529
279 755
606 175
453 586
704 727
331 795
511 135
344 616
493 344
403 254
584 279
654 623
39 254
232 331
156 253
400 284
512 511
577 331
4 577
458 482
248 577
15 39
730 512
703 10
102 344
356 156
170 654
85 344
333 156
468 344
12 584
346 403
380 493
607 704
287 253
301 346
520 511
664 39
786 703
790 356
33 380
245 520
182 12
226 458
525 703
775 15
93 400
231 93
338 468
234 606
332 775
83 525
764 232
196 607
250 234
429 607
633 170
463 33
698 332
779 333
330 83
793 520
603 332
160 664
673 698
299 160
361 250
308 429
494 248
615 525
318 231
359 779
64 160
751 338
164 250
118 164
247 615
138 698
475 673
167 164
707 475
312 633
439 707
460 793
357 330
788 615
132 494
201 231
718 494
540 718
599 359
117 361
376 201
642 318
169 751
370 299
322 599
554 718
21 201
53 718
360 132
651 117
449 138
447 312
262 169
594 370
165 357
467 370
632 594
80 447
307 322
3 788
408 707
157 460
358 157
289 312
378 408
580 449
444 262
765 554
43 360
328 43
88 157
411 201
188 651
564 132
90 157
663 449
770 642
729 262
733 467
446 411
740 289
690 540
303 690
141 632
272 378
534 303
782 663
54 3
101 272
604 303
785 733
422 53
683 408
266 599
464 782
394 411
327 141
596 327
563 307
281 43
96 281
292 683
794 88
309 394
81 770
75 262
95 327
518 54
440 96
692 596
406 281
45 440
184 785
386 292
789 386
614 394
628 309
676 266
685 518
508 740
252 54
205 794
258 406
515 789
354 515
441 685
757 266
158 596
507 508
763 292
497 205
371 45
334 507
699 272
364 676
116 757
119 508
340 614
426 371
147 515
108 205
373 386
635 371
697 184
271 340
38 497
114 364
754 334
187 373
624 252
541 757
667 38
401 108
122 624
542 114
71 699
151 147
492 635
207 187
499 628
759 158
774 624
79 207
721 697
14 401
297 151
121 71
762 542
166 721
189 166
509 721
311 721
229 624
27 71
263 14
722 497
589 14
11 229
430 108
474 119
726 542
548 726
235 430
715 541
732 430
200 189
195 509
130 715
592 200
502 311
161 151
302 759
177 589
349 474
329 161
670 349
695 229
286 329
270 670
86 670
771 722
398 726
397 715
384 161
613 130
387 384
659 474
35 329
134 302
769 613
66 130
687 384
212 397
425 384
178 398
396 430
677 592
583 35
123 398
598 66
260 178
255 123
339 212
142 613
350 387
609 255
32 695
67 769
574 613
791 67
140 235
760 229
600 598
342 260
522 396
630 583
452 760
275 67
747 760
701 760
750 583
73 255
435 140
181 140
486 677
233 255
448 574
274 425
674 32
559 522
421 630
268 178
125 274
259 140
379 574
557 452
547 750
660 212
131 687
457 677
240 181
41 448
144 255
471 435
351 457
210 131
797 351
636 233
465 268
434 636
97 434
57 660
375 674
506 125
761 465
355 125
28 375
223 131
293 240
437 293
665 223
24 67
527 210
477 486
190 375
423 557
6 351
714 434
428 471
450 421
110 477
220 131
489 6
473 465
602 355
601 477
315 489
404 506
424 450
129 428
383 110
780 601
239 714
571 97
368 190
627 450
662 379
445 28
514 424
585 627
696 383
442 293
668 368
267 445
291 662
405 291
743 267
682 424
466 473
531 442
283 743
194 283
752 404
573 383
413 291
711 780
712 283
214 129
717 531
58 711
285 404
566 220
241 285
19 58
44 682
639 717
620 682
225 214
391 220
414 639
469 573
179 413
705 225
621 466
22 241
183 179
306 668
115 573
365 19
419 283
593 194
418 571
745 365
324 705
709 418
756 620
693 365
409 693
523 409
716 621
65 183
451 693
238 621
337 58
678 639
50 678
325 214
106 238
294 239
576 306
631 325
462 678
30 716
288 30
643 576
173 106
305 50
738 305
488 324
211 488
638 325
199 30
666 65
744 462
694 678
48 199
341 694
708 211
431 48
652 173
8 652
345 48
127 694
145 708
310 345
725 145
316 708
290 638
126 8
420 290
99 316
36 199
417 420
236 431
362 310
587 420
163 36
265 163
480 36
582 99
180 362
282 582
278 163
799 163
213 282
753 282
78 278
56 753
629 78
276 629
661 78
470 78
530 629
