!
461 556 746 742 152 646 366 505 69 455 244 227 478 237 193 567 273 675 680 89 76 269 552 402 684 104 735 323 320 535 18 526 681 77 313 168 565 472 314 374 758 798 319 215 656 150 176 249 454 792 171 737 197 634 487 155 159 304 347 787 796 191 296 649 647 772 532 243 537 608 491 500 588 60 438 610 485 217 84 136 298 257 570 476 5 0 336 133 393 741 52 539 724 280 560 317 242 192 490 679 533 710 206 363 300 221 719 546 218 645 392 148 723 581 7 783 174 51 617 501 640 611 456 496 17 399 348 416 369 172 432 626 381 112 203 578 648 739 618 162 481 153 100 92 748 16 498 26 139 70 415 597 658 767 778 569 784 641 367 484 198 653 143 655 377 154 579 295 343 551 736 669 42 550 128 713 49 256 459 605 385 230 412 650 543 34 483 222 734 9 561 562 503 74 720 228 389 516 768 335 25 544 568 731 20 749 590 538 59 94 208 536 410 321 186 773 549 264 572 777 31 103 555 40 61 524 209 352 98 1 612 558 47 702 124 776 625 87 433 686 13 185 137 436 545 277 109 55 216 781 519 149 513 91 706 72 691 495 46 219 382 688 644 395 251 62 202 553 528 575 619 68 23 510 595 120 63 107 2 29 479 521 637 755 689 517 353 82 407 111 146 504 766 204 700 326 113 261 37 529 372 671 390 591 443 246 727 388 657 224 427 105 704 254 135 175 672 10 616 728 253 284 623 622 586 482 795 279 403 331 453 511 344 584 606 156 39 287 654 248 493 512 400 232 577 15 170 4 730 703 458 356 333 85 346 607 12 380 468 301 93 520 790 664 226 525 698 234 786 245 182 33 332 102 764 775 83 779 463 338 429 231 250 330 633 494 793 160 603 196 299 673 318 751 359 361 615 308 164 64 118 247 138 707 167 439 475 460 312 718 357 540 788 201 132 447 642 370 117 322 599 376 770 651 360 444 554 632 53 169 165 3 80 408 21 594 157 449 88 262 358 378 467 328 580 90 307 663 289 411 729 446 188 564 733 765 43 690 534 782 740 141 303 101 54 422 785 683 604 272 464 81 394 266 281 563 327 518 596 692 309 386 794 95 406 45 252 184 75 508 292 440 789 96 614 628 441 699 515 676 205 685 258 354 364 158 507 371 763 757 119 373 116 497 697 340 334 147 108 38 426 635 114 297 271 624 122 187 754 541 151 71 667 499 542 207 401 721 759 14 121 79 492 509 474 722 762 189 774 263 229 589 11 732 548 311 430 726 166 27 715 235 195 161 270 200 130 302 177 502 670 349 329 695 592 771 286 613 397 134 687 384 86 387 398 425 35 66 659 677 212 123 396 583 598 339 32 522 178 255 67 350 142 260 574 342 609 140 769 791 630 486 747 452 760 435 701 600 73 559 274 275 750 448 233 674 144 125 268 557 131 181 421 379 660 457 259 547 636 240 41 471 351 797 434 97 57 210 375 293 465 223 24 355 28 761 527 506 665 477 437 423 110 190 602 428 6 489 714 473 220 315 450 662 368 404 601 129 383 780 424 514 239 445 627 442 571 291 682 585 696 267 668 405 283 717 752 531 413 466 566 712 19 711 58 285 743 573 194 469 44 241 639 620 225 179 705 391 214 306 22 115 183 365 337 414 756 419 621 593 716 745 709 324 418 693 409 451 325 631 523 50 65 678 238 294 576 106 643 30 305 288 488 738 462 173 211 199 638 666 744 694 341 431 48 708 652 8 127 345 725 145 290 310 316 126 420 236 417 36 99 362 587 180 163 265 480 582 282 278 799 213 56 753 78 629 661 470 276 530 
461 556
746 556
742 556
152 746
646 742
366 152
505 366
69 505
455 646
244 646
227 244
478 455
237 69
193 227
567 505
273 69
675 193
680 237
89 680
76 193
269 273
552 567
402 680
684 402
104 273
735 244
323 273
320 269
535 104
18 684
526 320
681 684
77 735
313 735
168 552
565 168
472 681
314 472
374 535
758 565
798 314
319 758
215 472
656 565
150 77
176 374
249 374
454 319
792 454
171 150
737 176
197 249
634 792
487 526
155 565
159 197
304 155
347 487
787 304
796 215
191 787
296 176
649 787
647 155
772 150
532 787
243 197
537 155
608 737
491 347
500 772
588 796
60 608
438 347
610 608
485 537
217 532
84 772
136 60
298 243
257 84
570 491
476 588
5 84
0 257
336 136
133 298
393 133
741 133
52 0
539 336
724 52
280 336
560 217
317 52
242 724
192 476
490 741
679 192
533 393
710 539
206 192
363 206
300 710
221 242
719 280
546 206
218 719
645 218
392 719
148 645
723 679
581 710
7 317
783 221
174 723
51 393
617 560
501 174
640 783
611 546
456 174
496 221
17 581
399 148
348 581
416 617
369 533
172 416
432 723
626 432
381 611
112 369
203 640
578 432
648 496
739 51
618 51
162 369
481 456
153 112
100 17
92 100
748 100
16 748
498 92
26 399
139 381
70 92
415 578
597 618
658 597
767 416
778 767
569 26
784 648
641 618
367 739
484 658
198 748
653 198
143 748
655 767
377 641
154 153
579 198
295 597
343 579
551 295
736 139
669 551
42 498
550 377
128 569
713 415
49 128
256 153
459 550
605 736
385 784
230 143
412 579
650 655
543 550
34 605
483 343
222 412
734 713
9 736
561 484
562 543
503 49
74 503
720 669
228 230
389 720
516 734
768 256
335 459
25 42
544 768
568 544
731 544
20 720
749 731
590 228
538 749
59 9
94 25
208 94
536 59
410 94
321 768
186 483
773 20
549 536
264 410
572 410
777 590
31 59
103 549
555 186
40 590
61 321
524 516
209 94
352 549
98 524
1 103
612 31
558 74
47 20
702 558
124 538
776 702
625 776
87 389
433 61
686 47
13 124
185 549
137 103
436 87
545 47
277 555
109 572
55 545
216 625
781 185
519 686
149 781
513 545
91 216
706 513
72 277
691 149
495 209
46 352
219 777
382 46
688 545
644 46
395 91
251 702
62 46
202 62
553 72
528 706
575 251
619 495
68 382
23 251
510 149
595 109
120 575
63 495
107 688
2 519
29 644
479 619
521 595
637 528
755 13
689 521
517 433
353 517
82 510
407 120
111 353
146 689
504 517
766 353
204 755
700 219
326 82
113 637
261 146
37 62
529 407
372 504
671 82
390 619
591 113
443 82
246 407
727 390
388 700
657 591
224 671
427 671
105 204
704 727
254 107
135 521
175 591
672 766
10 372
616 390
728 672
253 246
284 443
623 529
622 135
586 623
482 672
795 37
279 755
403 254
331 795
453 586
511 135
344 616
584 279
606 591
156 253
39 254
287 156
654 623
248 795
493 616
512 511
400 284
232 331
577 331
15 39
170 654
4 248
730 511
703 10
458 482
356 156
333 356
85 344
346 403
607 704
12 584
380 493
468 607
301 346
93 400
520 511
790 356
664 39
226 458
525 703
698 15
234 606
786 525
245 520
182 12
33 380
332 698
102 468
764 427
775 332
83 525
779 333
463 33
338 468
429 607
231 400
250 234
330 83
633 170
494 248
793 511
160 664
603 775
196 429
299 160
673 698
318 764
751 338
359 779
361 250
615 525
308 338
164 250
64 160
118 164
247 615
138 673
707 226
167 164
439 707
475 439
460 793
312 790
718 4
357 330
540 494
788 615
201 231
132 494
447 312
642 318
370 64
117 167
322 359
599 322
376 201
770 642
651 117
360 132
444 751
554 718
632 370
53 718
169 444
165 357
3 788
80 447
408 707
21 201
594 632
157 793
449 673
88 157
262 444
358 157
378 408
467 370
328 360
580 449
90 157
307 322
663 449
289 312
411 201
729 262
446 411
188 651
564 132
733 467
765 554
43 328
690 540
534 53
782 580
740 289
141 632
303 690
101 378
54 3
422 53
785 733
683 408
604 690
272 101
464 782
81 770
394 446
266 599
281 43
563 307
327 141
518 54
596 327
692 141
309 394
386 683
794 88
95 327
406 281
45 81
252 518
184 785
75 729
508 740
292 683
440 45
789 386
96 440
614 309
628 309
441 518
699 683
515 789
676 266
205 794
685 441
258 406
354 515
364 676
158 327
507 508
371 81
763 386
757 266
119 508
373 763
116 757
497 205
697 184
340 614
334 119
147 515
108 205
38 497
426 371
635 371
114 364
297 147
271 340
624 252
122 624
187 373
754 334
541 757
151 297
71 699
667 38
499 507
542 114
207 187
401 108
721 697
759 158
14 401
121 71
79 207
492 340
509 721
474 754
722 38
762 542
189 697
774 122
263 14
229 624
589 14
11 624
732 722
548 542
311 721
430 732
726 548
166 189
27 71
715 541
235 430
195 311
161 373
270 474
200 189
130 715
302 759
177 263
502 195
670 270
349 670
329 161
695 774
592 502
771 722
286 329
613 130
397 715
134 302
687 151
384 687
86 670
387 384
398 726
425 384
35 329
66 715
659 499
677 592
212 397
123 398
396 430
583 35
598 66
339 212
32 695
522 396
178 398
255 123
67 726
350 387
142 598
260 178
574 613
342 178
609 255
140 177
769 67
791 67
630 583
486 677
747 32
452 630
760 452
435 140
701 760
600 598
73 609
559 396
274 425
275 791
750 583
448 574
233 73
674 32
144 255
125 274
268 260
557 452
131 350
181 140
421 750
379 142
660 212
457 677
259 181
547 750
636 144
240 181
41 379
471 435
351 457
797 240
434 636
97 434
57 660
210 131
375 674
293 240
465 268
223 131
24 275
355 125
28 375
761 465
527 210
506 355
665 223
477 486
437 293
423 557
110 477
190 375
602 355
428 471
6 351
489 6
714 97
473 24
220 527
315 489
450 421
662 41
368 190
404 602
601 477
129 428
383 110
780 601
424 450
514 424
239 714
445 423
627 424
442 437
571 97
291 662
682 424
585 627
696 383
267 445
668 368
405 291
283 445
717 442
752 404
531 717
413 291
466 473
566 220
712 283
19 780
711 601
58 711
285 602
743 267
573 383
194 283
469 573
44 424
241 285
639 717
620 44
225 428
179 413
705 225
391 566
214 225
306 668
22 241
115 573
183 179
365 19
337 58
414 639
756 682
419 194
621 466
593 194
716 621
745 711
709 716
324 705
418 709
693 365
409 693
451 693
325 214
631 325
523 409
50 414
65 183
678 639
238 621
294 631
576 306
106 238
643 576
30 716
305 324
288 30
488 324
738 305
462 639
173 106
211 488
199 30
638 325
666 65
744 462
694 678
341 694
431 294
48 431
708 211
652 666
8 652
127 694
345 48
725 127
145 708
290 638
310 345
316 708
126 8
420 290
236 431
417 420
36 199
99 417
362 310
587 417
180 362
163 36
265 163
480 36
582 99
282 582
278 480
799 278
213 282
56 213
753 56
78 278
629 78
661 629
470 78
276 661
530 661
