? 4 339 378 543 783 
? 4 33 113 64 570 
? 4 158 334 481 681 
? 3 541 763 408 
? 3 664 671 195 
? 3 484 740 335 
? 3 77 85 500 
!
423 683 494 104 644 111 112 353 235 512 612 491 766 
423 683
494 423
104 423
644 423
111 423
112 644
353 111
235 353
512 353
612 494
491 683
766 112
58 221 756 751 568 506 592 344 782 393 398 187 454 271 362 396 679 425 444 531 794 50 550 365 510 702 24 60 150 457 99 672 
58 221
756 221
751 756
568 58
506 751
592 221
344 221
782 751
393 756
398 756
187 506
454 782
271 782
362 782
396 751
679 454
425 393
444 679
531 398
794 271
50 187
550 782
365 454
510 531
702 794
24 454
60 393
150 531
457 393
99 531
672 393
127 630 347 300 416 193 788 559 296 79 399 640 560 234 177 49 631 2 470 724 352 10 125 164 
127 630
347 630
300 347
416 300
193 630
788 127
559 193
296 347
79 416
399 347
640 788
560 347
234 347
177 788
49 788
631 640
2 640
470 560
724 2
352 788
10 177
125 10
164 10
748 
635 639 575 341 552 405 152 342 744 563 645 132 
635 639
575 635
341 575
552 639
405 639
152 405
342 575
744 405
563 744
645 744
132 575
46 219 212 464 329 274 662 447 37 708 370 226 145 627 
46 219
212 46
464 46
329 212
274 329
662 329
447 329
37 464
708 274
370 274
226 370
145 37
627 226
158 334 481 681 
334 481
158 681
481 681
304 538 448 332 760 507 743 255 377 712 586 121 107 395 589 742 151 607 725 421 115 515 29 7 479 591 309 169 8 566 564 117 529 186 609 275 363 771 302 247 201 652 261 44 
304 538
448 538
332 538
760 448
507 538
743 304
255 304
377 448
712 332
586 377
121 586
107 255
395 107
589 743
742 586
151 121
607 589
725 121
421 107
115 151
515 589
29 151
7 121
479 589
591 515
309 742
169 591
8 309
566 586
564 151
117 589
529 591
186 151
609 186
275 107
363 479
771 309
302 151
247 529
201 479
652 275
261 275
44 247
74 465 784 198 301 160 
74 465
784 465
198 465
301 465
160 74
351 521 297 471 513 326 36 267 189 214 719 40 657 737 249 590 668 533 418 391 796 673 468 90 584 475 173 544 571 157 
351 521
297 351
471 521
513 351
326 351
36 471
267 36
189 36
214 521
719 521
40 267
657 297
737 326
249 36
590 267
668 40
533 657
418 590
391 719
796 668
673 40
468 668
90 418
584 391
475 737
173 590
544 796
571 475
157 584
514 614 298 174 47 603 618 562 39 65 284 126 355 106 462 781 103 200 364 0 565 
514 614
298 514
174 614
47 514
603 514
618 298
562 614
39 603
65 603
284 65
126 284
355 65
106 355
462 284
781 284
103 106
200 47
364 603
0 284
565 65
153 162 172 155 368 601 356 765 660 285 89 697 93 410 68 787 711 179 313 730 386 379 260 648 
153 162
172 153
155 162
368 162
601 162
356 153
765 172
660 155
285 368
89 356
697 155
93 155
410 89
68 285
787 89
711 660
179 697
313 765
730 93
386 730
379 711
260 711
648 313
87 647 557 139 156 233 316 450 686 315 
87 647
557 647
139 647
156 557
233 156
316 87
450 647
686 233
315 450
441 770 768 290 51 252 176 649 714 691 367 682 188 689 488 55 63 380 279 268 181 646 
441 770
768 770
290 770
51 770
252 290
176 51
649 176
714 768
691 714
367 649
682 691
188 367
689 188
488 689
55 188
63 488
380 682
279 488
268 689
181 689
646 380
30 225 
30 225
77 85 500 
85 500
77 85
698 
245 606 761 522 43 303 715 654 266 517 467 706 100 466 430 537 343 703 154 98 436 262 680 
245 606
761 606
522 606
43 245
303 522
715 522
654 245
266 606
517 522
467 522
706 654
100 303
466 43
430 303
537 466
343 715
703 715
154 303
98 43
436 537
262 98
680 537
474 641 216 291 278 536 348 540 451 524 785 746 
474 641
216 641
291 641
278 641
536 641
348 641
540 641
451 291
524 348
785 524
746 216
72 762 69 319 101 78 360 663 733 583 383 428 628 270 773 426 236 196 314 168 28 734 105 790 204 791 477 38 331 102 248 608 269 597 497 48 604 27 53 777 615 577 578 696 144 306 15 504 166 764 292 407 558 775 242 56 692 14 453 210 661 617 229 373 532 495 772 241 330 71 110 666 31 485 487 392 799 674 438 
72 762
69 762
319 72
101 762
78 69
360 762
663 72
733 78
583 762
383 762
428 583
628 360
270 428
773 628
426 663
236 773
196 383
314 428
168 663
28 428
734 28
105 168
790 663
204 319
791 773
477 383
38 790
331 791
102 28
248 38
608 204
269 791
597 477
497 105
48 597
604 204
27 204
53 331
777 38
615 608
577 777
578 477
696 168
144 38
306 144
15 48
504 791
166 28
764 306
292 15
407 48
558 144
775 168
242 166
56 15
692 28
14 604
453 692
210 306
661 144
617 453
229 692
373 292
532 661
495 15
772 764
241 504
330 764
71 661
110 504
666 495
31 241
485 615
487 166
392 31
799 487
674 407
438 373
359 455 655 222 88 9 605 26 582 
359 455
655 455
222 359
88 455
9 222
605 655
26 655
582 655
484 740 335 
484 740
740 335
482 677 286 272 678 687 223 62 716 463 638 750 374 523 
482 677
286 482
272 482
678 482
687 482
223 677
62 678
716 677
463 678
638 62
750 62
374 677
523 687
206 239 
206 239
288 780 61 59 598 202 
288 780
61 780
59 288
598 59
202 61
192 217 406 243 729 
192 217
406 192
243 217
729 192
33 113 64 570 
64 570
33 570
33 113
665 685 366 397 795 
665 685
366 685
397 366
795 397
81 318 667 637 237 228 723 312 755 283 
81 318
667 81
637 318
237 81
228 237
723 228
312 228
755 723
283 755
3 527 96 203 569 414 
3 527
96 3
203 527
569 527
414 3
664 671 195 
664 671
671 195
437 709 345 250 409 92 54 273 135 327 753 757 431 419 
437 709
345 709
250 709
409 709
92 709
54 92
273 54
135 709
327 250
753 250
757 54
431 345
419 135
339 378 543 783 
339 543
339 378
378 783
580 
94 503 338 20 445 670 120 322 22 
94 503
338 94
20 503
445 503
670 20
120 94
322 94
22 20
136 620 602 52 505 147 191 411 86 534 498 123 
136 620
602 136
52 620
505 620
147 602
191 136
411 505
86 191
534 86
498 136
123 136
258 710 572 131 435 548 718 146 619 610 159 574 21 434 573 375 650 358 622 350 551 432 324 354 384 308 717 42 134 
258 710
572 710
131 258
435 710
548 710
718 572
146 718
619 548
610 718
159 548
574 710
21 258
434 258
573 718
375 573
650 146
358 573
622 146
350 434
551 434
432 573
324 159
354 573
384 622
308 622
717 574
42 574
134 354
542 594 
542 594
449 452 
449 452
469 728 171 70 287 148 
469 728
171 728
70 469
287 469
148 469
371 616 732 299 547 579 91 161 116 183 246 555 361 
371 616
732 371
299 616
547 299
579 299
91 547
161 91
116 161
183 116
246 161
555 116
361 183
163 693 323 413 629 758 596 
163 693
323 163
413 163
629 163
758 693
596 413
289 310 227 676 293 
289 310
227 289
676 310
293 289
184 251 496 695 205 694 653 700 165 713 119 493 492 415 128 502 530 109 4 439 12 
184 251
496 251
695 251
205 496
694 184
653 205
700 184
165 205
713 694
119 694
493 694
492 205
415 251
128 713
502 713
530 492
109 492
4 502
439 502
12 713
257 317 735 461 400 
257 317
735 257
461 317
400 257
67 526 632 357 625 382 320 554 429 593 
67 526
632 67
357 67
625 632
382 526
320 357
554 632
429 357
593 320
23 66 387 704 722 483 17 518 149 232 739 519 256 41 197 83 490 446 
23 66
387 66
704 23
722 66
483 23
17 387
518 66
149 66
232 66
739 483
519 483
256 704
41 739
197 704
83 197
490 722
446 41
175 595 137 6 265 459 699 433 295 122 244 458 747 460 18 611 277 220 545 754 759 489 311 508 779 621 684 388 264 634 133 82 473 
175 595
137 175
6 595
265 175
459 175
699 137
433 265
295 459
122 295
244 137
458 295
747 265
460 433
18 460
611 137
277 433
220 18
545 265
754 137
759 244
489 244
311 277
508 265
779 759
621 220
684 621
388 311
264 545
634 699
133 779
82 779
473 460
394 546 
394 546
215 588 472 11 209 636 240 539 372 420 688 499 
215 588
472 215
11 215
209 215
636 209
240 472
539 209
372 240
420 209
688 420
499 539
130 369 440 613 34 75 797 741 727 207 424 129 218 658 456 669 230 208 57 340 211 731 263 626 282 124 745 
130 369
440 130
613 369
34 613
75 34
797 130
741 75
727 75
207 75
424 34
129 613
218 613
658 129
456 741
669 658
230 456
208 658
57 456
340 208
211 208
731 456
263 211
626 230
282 731
124 282
745 129
328 478 346 194 381 520 141 1 
328 478
346 478
194 328
381 328
520 478
141 478
1 328
541 763 408 
541 763
541 408
253 281 403 404 13 427 769 480 167 76 45 789 118 511 690 509 535 108 224 
253 281
403 253
404 253
13 253
427 253
769 281
480 253
167 480
76 403
45 403
789 253
118 769
511 45
690 769
509 118
535 281
108 403
224 480
140 337 178 294 190 385 114 259 476 422 553 581 389 556 675 726 231 170 213 307 280 776 567 643 752 651 390 97 143 349 276 720 305 798 321 
140 337
178 337
294 140
190 294
385 190
114 294
259 337
476 178
422 337
553 190
581 337
389 422
556 114
675 294
726 294
231 178
170 422
213 385
307 422
280 114
776 231
567 422
643 385
752 114
651 231
390 553
97 190
143 307
349 567
276 651
720 752
305 422
798 294
321 798
401 402 238 254 73 
401 402
238 402
254 238
73 238
561 
185 624 80 25 774 659 599 442 736 786 738 707 412 793 138 705 95 528 656 35 587 443 767 549 336 600 516 182 333 701 199 721 19 
185 624
80 624
25 624
774 185
659 185
599 624
442 774
736 80
786 185
738 80
707 80
412 659
793 185
138 736
705 736
95 412
528 599
656 624
35 736
587 707
443 442
767 412
549 80
336 442
600 528
516 443
182 528
333 528
701 738
199 599
721 35
19 599
32 623 792 142 576 376 585 84 5 749 642 501 180 778 525 633 486 417 16 325 
32 623
792 623
142 623
576 792
376 142
585 623
84 792
5 142
749 576
642 576
501 642
180 142
778 5
525 642
633 501
486 376
417 142
16 525
325 585
