? 4 680 706 316 154 
? 4 85 784 198 643 
? 4 150 237 667 173 
? 3 484 596 30 
? 3 341 405 342 
? 3 287 676 394 
? 3 339 594 414 
!
286 482 272 677 463 678 223 685 340 311 702 397 669 
286 482
272 286
677 482
463 482
678 482
223 677
685 223
340 685
311 685
702 340
397 311
669 702
358 573 354 21 718 134 610 131 375 61 417 432 146 650 42 258 552 710 202 132 572 384 575 435 619 308 639 622 288 574 635 548 
358 573
354 358
21 573
718 573
134 354
610 573
131 718
375 358
61 134
417 358
432 573
146 134
650 146
42 573
258 718
552 417
710 258
202 417
132 354
572 258
384 134
575 552
435 710
619 710
308 146
639 552
622 146
288 622
574 202
635 639
548 619
130 369 362 34 613 440 218 550 797 679 75 741 782 454 424 727 207 344 129 365 396 720 751 658 
130 369
362 130
34 369
613 34
440 130
218 369
550 440
797 369
679 362
75 34
741 75
782 362
454 679
424 613
727 454
207 75
344 782
129 613
365 454
396 130
720 782
751 720
658 129
789 
87 647 557 139 233 156 686 450 262 763 98 654 
87 647
557 647
139 647
233 557
156 233
686 647
450 87
262 450
763 647
98 262
654 262
126 284 65 39 603 514 0 161 47 174 355 116 364 565 
126 284
65 126
39 65
603 39
514 603
0 603
161 65
47 514
174 514
355 65
116 65
364 47
565 65
150 237 667 173 
237 173
150 667
667 173
304 538 448 760 332 507 743 586 121 487 107 742 589 151 255 712 607 421 117 169 395 566 725 115 8 591 309 515 29 479 7 564 529 186 302 670 363 652 555 275 799 201 247 771 
304 538
448 538
760 448
332 448
507 760
743 332
586 538
121 586
487 586
107 304
742 586
589 507
151 121
255 107
712 760
607 743
421 151
117 589
169 607
395 151
566 586
725 586
115 151
8 742
591 169
309 742
515 591
29 151
479 589
7 566
564 121
529 591
186 151
302 107
670 586
363 529
652 302
555 725
275 652
799 309
201 363
247 529
771 566
103 200 106 481 183 246 
103 200
106 200
481 103
183 103
246 481
303 522 715 606 517 761 245 100 467 783 386 430 378 543 537 343 697 711 452 730 43 703 266 155 648 466 315 239 449 206 
303 522
715 522
606 522
517 522
761 606
245 606
100 522
467 522
783 303
386 761
430 783
378 715
543 715
537 543
343 715
697 430
711 697
452 522
730 697
43 245
703 537
266 343
155 711
648 761
466 43
315 537
239 386
449 543
206 543
184 251 205 694 496 653 119 713 492 700 415 109 336 208 493 530 165 12 745 502 439 
184 251
205 251
694 184
496 205
653 205
119 184
713 694
492 205
700 496
415 492
109 205
336 713
208 653
493 694
530 109
165 492
12 713
745 492
502 12
439 502
215 551 588 434 372 209 472 164 350 240 717 539 11 324 636 159 10 420 499 724 766 688 177 125 
215 551
588 215
434 215
372 551
209 215
472 434
164 588
350 215
240 588
717 215
539 350
11 588
324 472
636 350
159 324
10 164
420 209
499 215
724 636
766 539
688 420
177 420
125 10
216 641 474 291 516 746 4 278 191 569 
216 641
474 641
291 641
516 216
746 216
4 216
278 641
191 291
569 191
58 221 756 568 506 280 592 393 321 752 798 556 457 99 646 60 581 24 271 794 672 406 
58 221
756 221
568 221
506 58
280 58
592 58
393 756
321 58
752 506
798 752
556 752
457 393
99 393
646 393
60 393
581 556
24 393
271 752
794 271
672 393
406 794
312 737 
312 737
339 594 414 
339 414
339 594
485 
253 281 403 404 13 427 76 480 45 769 118 401 224 690 509 108 254 195 535 167 402 664 451 
253 281
403 253
404 281
13 281
427 253
76 404
480 427
45 403
769 13
118 403
401 45
224 76
690 769
509 769
108 13
254 281
195 427
535 254
167 480
402 167
664 224
451 509
94 503 20 225 120 338 335 609 461 322 22 257 
94 503
20 503
225 503
120 94
338 94
335 94
609 503
461 120
322 503
22 20
257 120
72 762 101 69 733 78 383 663 628 105 319 428 583 773 360 314 270 269 204 236 28 196 168 790 734 38 791 477 331 102 608 597 696 48 497 426 53 604 558 248 577 144 166 504 692 764 15 306 407 292 578 777 242 56 14 453 615 27 210 617 229 666 532 661 373 775 241 598 674 495 71 772 330 31 110 377 392 59 780 
72 762
101 762
69 72
733 762
78 69
383 72
663 72
628 72
105 762
319 78
428 383
583 428
773 383
360 428
314 105
270 314
269 773
204 319
236 69
28 428
196 383
168 663
790 168
734 28
38 790
791 773
477 196
331 791
102 428
608 204
597 477
696 168
48 597
497 28
426 497
53 331
604 204
558 790
248 790
577 558
144 558
166 102
504 331
692 497
764 608
15 48
306 144
407 48
292 15
578 292
777 306
242 166
56 292
14 604
453 242
615 764
27 14
210 144
617 497
229 692
666 56
532 790
661 144
373 292
775 229
241 504
598 14
674 407
495 407
71 661
772 764
330 772
31 241
110 241
377 242
392 31
59 330
780 330
83 526 554 197 149 704 66 387 317 
83 526
554 83
197 83
149 554
704 149
66 149
387 704
317 83
287 676 394 
287 394
287 676
127 630 193 416 788 300 571 347 560 559 79 533 399 631 
127 630
193 630
416 127
788 127
300 416
571 193
347 300
560 347
559 571
79 416
533 193
399 788
631 788
19 633 
19 633
261 469 728 171 310 70 
261 469
728 469
171 469
310 469
70 728
681 758 158 629 400 
681 758
158 681
629 758
400 758
85 784 198 643 
85 643
198 643
85 784
227 289 293 721 238 
227 289
293 289
721 289
238 293
494 683 423 104 644 112 111 612 512 276 
494 683
423 494
104 494
644 494
112 423
111 644
612 423
512 644
276 423
563 744 152 431 546 748 
563 744
152 744
431 744
546 431
748 744
341 405 342 
341 405
341 342
371 732 616 299 579 438 547 91 562 781 618 462 614 298 
371 732
616 371
299 371
579 299
438 579
547 579
91 438
562 438
781 438
618 562
462 91
614 618
298 614
680 706 316 154 
706 154
706 316
680 154
361 
190 553 385 97 729 74 160 211 390 
190 553
385 190
97 385
729 97
74 729
160 729
211 190
390 211
194 328 346 478 381 520 348 580 785 524 141 536 
194 328
346 328
478 328
381 328
520 328
348 381
580 328
785 328
524 381
141 346
536 381
153 172 162 601 368 765 660 93 285 410 68 89 356 179 787 260 379 313 519 483 739 518 41 446 17 23 96 542 527 
153 172
162 153
601 153
368 172
765 172
660 153
93 153
285 601
410 172
68 410
89 285
356 410
179 601
787 68
260 660
379 162
313 765
519 787
483 787
739 483
518 483
41 739
446 260
17 483
23 483
96 446
542 739
527 41
232 256 
232 256
73 148 
73 148
163 511 323 693 740 413 
163 511
323 163
693 163
740 163
413 511
250 709 437 345 327 54 409 92 753 757 273 465 301 
250 709
437 709
345 709
327 250
54 709
409 709
92 709
753 709
757 54
273 54
465 327
301 757
33 77 64 113 500 570 645 
33 77
64 77
113 33
500 64
570 33
645 113
541 795 408 1 698 
541 795
408 541
1 541
698 1
297 521 351 471 326 36 513 189 719 267 40 249 590 214 657 668 418 475 90 584 391 
297 521
351 297
471 297
326 297
36 471
513 351
189 36
719 326
267 36
40 36
249 471
590 36
214 326
657 326
668 40
418 590
475 719
90 418
584 657
391 584
203 671 490 3 722 
203 671
490 671
3 671
722 203
52 602 136 436 620 147 505 534 411 86 
52 602
136 602
436 602
620 136
147 602
505 620
534 136
411 505
86 534
359 455 626 145 230 9 655 37 26 523 605 88 638 374 665 687 582 716 
359 455
626 359
145 455
230 455
9 359
655 455
37 145
26 455
523 37
605 655
88 605
638 88
374 37
665 655
687 638
582 665
716 687
175 595 137 265 6 699 295 459 747 244 122 433 684 611 458 545 277 460 759 779 621 634 508 388 754 264 489 18 82 133 473 220 366 
175 595
137 175
265 175
6 175
699 137
295 595
459 175
747 595
244 137
122 295
433 265
684 595
611 6
458 295
545 458
277 265
460 433
759 611
779 611
621 699
634 621
508 265
388 277
754 621
264 545
489 244
18 460
82 779
133 779
473 433
220 621
366 388
123 498 
123 498
320 357 445 625 632 735 67 382 429 334 593 561 
320 357
445 357
625 357
632 357
735 445
67 632
382 357
429 735
334 320
593 632
561 445
188 689 55 329 181 212 488 662 268 63 447 367 279 46 649 274 708 370 464 750 219 226 282 731 62 124 627 
188 689
55 689
329 689
181 188
212 689
488 212
662 188
268 188
63 181
447 689
367 181
279 55
46 329
649 689
274 46
708 367
370 329
464 274
750 46
219 46
226 181
282 649
731 55
62 750
124 649
627 226
234 470 296 2 640 157 352 49 
234 470
296 234
2 470
640 2
157 640
352 640
49 352
484 596 30 
484 596
596 30
768 770 441 290 252 51 714 176 425 691 57 444 682 380 456 81 318 637 222 
768 770
441 770
290 770
252 770
51 770
714 768
176 51
425 51
691 425
57 770
444 691
682 691
380 682
456 57
81 380
318 81
637 318
222 456
349 567 228 422 305 50 187 307 235 170 398 776 337 389 544 259 140 675 143 510 468 673 651 476 755 353 726 796 294 531 231 178 213 114 723 
349 567
228 349
422 567
305 422
50 305
187 349
307 305
235 228
170 307
398 349
776 235
337 422
389 307
544 228
259 170
140 337
675 307
143 307
510 307
468 235
673 544
651 776
476 337
755 776
353 235
726 307
796 468
294 140
531 398
231 651
178 337
213 337
114 294
723 776
217 263 192 243 786 
217 263
192 263
243 263
786 217
44 
185 624 80 774 442 659 599 412 95 528 738 25 736 35 705 587 443 128 138 793 600 695 707 701 549 333 419 182 767 540 656 135 199 
185 624
80 624
774 624
442 774
659 774
599 185
412 774
95 599
528 599
738 528
25 599
736 80
35 736
705 736
587 736
443 442
128 442
138 736
793 412
600 528
695 412
707 35
701 738
549 707
333 528
419 793
182 333
767 695
540 549
656 412
135 333
199 419
32 623 792 142 576 585 5 180 325 376 749 84 501 283 778 642 525 491 16 486 
32 623
792 623
142 32
576 623
585 32
5 142
180 623
325 32
376 792
749 576
84 749
501 84
283 32
778 142
642 501
525 501
491 283
16 501
486 283
