? 4 31 241 504 110 
? 4 527 542 41 758 
? 4 605 655 665 779 
? 3 122 295 458 
? 3 137 244 699 
? 3 424 613 218 
? 3 6 459 611 
!
29 564 395 186 302 609 261 670 30 287 338 171 20 
29 564
395 29
186 395
302 564
609 186
261 302
670 609
30 609
287 261
338 609
171 302
20 670
155 179 660 93 379 153 162 711 172 765 697 787 89 601 260 410 285 68 730 356 430 368 386 239 783 303 519 313 517 446 648 483 
155 179
660 179
93 155
379 660
153 155
162 153
711 379
172 162
765 172
697 711
787 660
89 787
601 765
260 711
410 89
285 89
68 787
730 93
356 89
430 697
368 601
386 730
239 430
783 239
303 386
519 68
313 730
517 303
446 783
648 313
483 519
439 502 4 12 713 336 641 348 474 194 536 580 291 328 184 119 251 381 493 694 785 505 695 411 
439 502
4 502
12 502
713 12
336 439
641 4
348 12
474 641
194 348
536 348
580 194
291 641
328 194
184 336
119 184
251 184
381 194
493 580
694 493
785 381
505 291
695 251
411 505
767 
243 406 702 211 794 263 271 192 321 581 553 190 
243 406
702 406
211 243
794 406
263 211
271 702
192 211
321 794
581 321
553 581
190 553
98 466 262 706 654 450 316 680 315 43 698 87 139 245 
98 466
262 98
706 98
654 466
450 262
316 706
680 262
315 680
43 316
698 680
87 450
139 87
245 43
605 655 665 779 
605 665
655 665
655 779
138 736 705 35 587 707 80 549 254 535 721 738 540 443 624 185 293 516 701 278 442 128 227 600 289 401 25 451 774 167 656 659 746 216 404 402 19 13 528 427 281 224 253 480 
138 736
705 736
35 736
587 35
707 587
80 587
549 707
254 705
535 254
721 705
738 721
540 549
443 540
624 80
185 624
293 721
516 540
701 738
278 516
442 443
128 443
227 701
600 738
289 701
401 293
25 600
451 278
774 442
167 401
656 774
659 656
746 128
216 746
404 167
402 401
19 600
13 404
528 600
427 167
281 13
224 402
253 13
480 167
256 722 149 704 83 490 
256 722
149 256
704 149
83 704
490 722
58 568 221 143 280 506 592 307 751 756 720 259 398 344 675 187 556 170 396 114 782 726 389 393 305 510 752 422 798 294 
58 568
221 58
143 568
280 143
506 221
592 568
307 143
751 221
756 751
720 506
259 307
398 592
344 720
675 259
187 307
556 720
170 187
396 751
114 259
782 344
726 675
389 675
393 756
305 170
510 305
752 556
422 170
798 556
294 114
57 124 282 649 176 207 456 441 365 770 51 741 440 290 222 768 24 679 797 230 75 
57 124
282 124
649 282
176 282
207 57
456 207
441 176
365 176
770 441
51 770
741 207
440 207
290 441
222 456
768 770
24 365
679 365
797 741
230 222
75 797
304 538 332 712 760 448 507 743 377 255 586 121 487 107 617 742 589 421 453 725 151 117 7 115 
304 538
332 538
712 538
760 332
448 332
507 712
743 507
377 448
255 507
586 377
121 586
487 377
107 255
617 377
742 586
589 743
421 107
453 617
725 121
151 421
117 589
7 742
115 151
108 403 195 789 664 690 671 769 118 203 
108 403
195 108
789 403
664 403
690 789
671 690
769 690
118 769
203 671
206 703 452 715 378 100 543 343 96 449 522 467 154 266 339 86 534 436 606 537 602 3 
206 703
452 206
715 452
378 703
100 378
543 100
343 100
96 703
449 96
522 452
467 522
154 343
266 467
339 378
86 339
534 86
436 154
606 467
537 154
602 436
3 86
202 417 
202 417
6 459 611 
6 459
459 611
596 
525 642 501 744 84 16 645 563 570 576 749 113 152 792 748 201 585 633 33 623 64 363 77 
525 642
501 642
744 525
84 501
16 501
645 744
563 744
570 16
576 84
749 576
113 645
152 749
792 576
748 570
201 563
585 792
633 16
33 748
623 792
64 633
363 152
77 33
318 637 237 667 81 99 646 150 380 531 60 682 
318 637
237 637
667 318
81 667
99 237
646 99
150 99
380 646
531 150
60 646
682 380
559 571 475 533 193 737 630 719 391 127 584 79 416 788 300 657 214 326 347 631 157 640 249 296 351 399 521 560 49 352 297 234 2 177 513 312 471 470 724 420 125 36 636 189 10 40 668 267 209 688 11 164 796 468 588 499 512 766 673 112 644 372 590 90 215 173 353 539 240 418 350 551 111 472 544 423 434 717 612 
559 571
475 571
533 559
193 559
737 475
630 193
719 737
391 533
127 630
584 391
79 193
416 79
788 584
300 416
657 584
214 657
326 214
347 300
631 788
157 788
640 631
249 214
296 347
351 326
399 640
521 351
560 347
49 157
352 49
297 521
234 296
2 399
177 2
513 351
312 157
471 297
470 560
724 2
420 352
125 470
36 471
636 724
189 36
10 125
40 36
668 40
267 189
209 636
688 420
11 10
164 11
796 668
468 796
588 164
499 688
512 468
766 499
673 267
112 512
644 512
372 588
590 267
90 590
215 372
173 590
353 512
539 766
240 372
418 90
350 215
551 215
111 353
472 240
544 673
423 112
434 472
717 350
612 423
444 457 691 672 425 714 454 252 50 
444 457
691 444
672 691
425 672
714 425
454 425
252 714
50 457
424 613 218 
424 613
613 218
346 478 520 141 473 795 1 277 433 460 18 541 508 397 
346 478
520 346
141 520
473 478
795 141
1 795
277 473
433 277
460 433
18 460
541 795
508 277
397 541
489 759 
489 759
349 567 494 104 500 550 
349 567
494 349
104 494
500 494
550 567
371 616 392 732 299 
371 616
392 616
732 371
299 616
527 542 41 758 
527 41
542 758
542 41
359 455 9 26 88 
359 455
9 359
26 359
88 455
225 555 361 503 246 94 335 400 317 728 
225 555
361 225
503 225
246 361
94 503
335 94
400 335
317 400
728 94
140 337 213 178 385 643 
140 337
213 337
178 213
385 178
643 213
137 244 699 
244 699
137 699
572 710 435 258 131 610 159 548 619 42 574 375 573 324 
572 710
435 572
258 435
131 710
610 131
159 435
548 159
619 548
42 610
574 42
375 610
573 375
324 159
31 241 504 110 
31 241
31 110
31 504
479 
148 469 70 310 652 676 73 275 238 
148 469
70 148
310 70
652 469
676 652
73 70
275 652
238 73
147 498 52 620 123 136 191 647 594 686 557 509 
147 498
52 147
620 52
123 620
136 620
191 136
647 123
594 191
686 647
557 686
509 191
279 329 55 447 63 212 268 488 662 188 689 181 46 464 274 219 367 708 750 370 226 62 374 678 731 37 463 716 627 
279 329
55 329
447 279
63 447
212 279
268 63
488 55
662 447
188 55
689 488
181 268
46 212
464 662
274 464
219 46
367 188
708 181
750 274
370 181
226 708
62 750
374 750
678 62
731 367
37 374
463 678
716 62
627 226
358 432 
358 432
82 626 
82 626
23 518 66 739 232 387 
23 518
66 23
739 518
232 23
387 66
723 755 276 651 776 486 491 235 283 231 683 476 228 
723 755
276 755
651 276
776 651
486 651
491 486
235 723
283 491
231 283
683 723
476 231
228 235
180 376 325 32 142 5 778 
180 376
325 376
32 180
142 32
5 142
778 5
523 638 145 582 223 
523 638
145 523
582 523
223 582
320 357 593 429 681 158 625 735 632 67 445 561 334 322 526 382 554 197 257 22 481 
320 357
593 357
429 593
681 429
158 593
625 429
735 158
632 625
67 632
445 158
561 445
334 561
322 735
526 67
382 526
554 382
197 382
257 681
22 322
481 561
130 369 727 362 34 
130 369
727 130
362 130
34 369
311 388 366 264 545 265 747 408 763 595 
311 388
366 311
264 388
545 264
265 388
747 265
408 366
763 408
595 265
15 56 407 666 495 292 674 578 166 373 438 242 309 547 53 566 579 8 
15 56
407 15
666 56
495 666
292 15
674 495
578 292
166 407
373 578
438 373
242 166
309 674
547 438
53 578
566 309
579 547
8 566
615 764 330 772 27 14 604 598 780 59 485 204 288 608 61 384 132 733 308 134 78 663 319 622 650 146 360 354 21 69 101 105 718 
615 764
330 615
772 330
27 764
14 27
604 27
598 330
780 772
59 780
485 59
204 604
288 59
608 204
61 780
384 59
132 61
733 204
308 384
134 132
78 733
663 733
319 78
622 308
650 134
146 650
360 663
354 134
21 354
69 319
101 360
105 663
718 650
133 685 
133 685
163 740 629 484 693 461 120 511 413 323 45 76 
163 740
629 740
484 740
693 629
461 484
120 461
511 163
413 484
323 693
45 511
76 45
174 514 298 603 614 47 618 39 562 65 126 462 284 355 781 161 364 565 106 0 91 200 799 771 103 116 183 
174 514
298 174
603 174
614 298
47 514
618 298
39 603
562 618
65 39
126 65
462 126
284 126
355 39
781 462
161 65
364 355
565 161
106 364
0 284
91 562
200 106
799 565
771 565
103 364
116 771
183 103
156 233 524 414 569 761 684 175 
156 233
524 156
414 524
569 414
761 414
684 524
175 684
122 295 458 
122 295
295 458
340 492 530 109 700 165 205 653 415 745 208 658 496 129 220 634 754 621 669 
340 492
530 492
109 530
700 530
165 340
205 700
653 530
415 205
745 165
208 109
658 208
496 415
129 658
220 165
634 745
754 634
621 754
669 208
199 419 135 465 327 599 333 182 786 250 709 301 160 95 345 85 753 409 793 437 74 729 757 394 54 784 92 412 390 546 273 198 431 97 217 
199 419
135 199
465 419
327 465
599 419
333 135
182 333
786 599
250 327
709 250
301 250
160 327
95 786
345 709
85 250
753 709
409 345
793 95
437 753
74 160
729 160
757 301
394 409
54 85
784 757
92 54
412 793
390 74
546 394
273 92
198 757
431 546
97 729
217 390
286 677 482 272 687 
286 677
482 286
272 482
687 677
17 
71 532 661 44 247 575 341 342 210 591 775 529 558 229 552 635 144 515 169 696 168 639 790 306 248 777 577 405 607 38 692 314 497 
71 532
661 71
44 532
247 44
575 44
341 575
342 44
210 661
591 247
775 591
529 342
558 210
229 775
552 341
635 552
144 558
515 591
169 515
696 775
168 696
639 635
790 168
306 144
248 558
777 306
577 306
405 639
607 169
38 790
692 696
314 168
497 696
72 762 628 583 383 270 236 428 773 196 426 28 791 477 269 331 734 102 597 48 
72 762
628 762
583 628
383 583
270 628
236 72
428 270
773 236
196 383
426 270
28 428
791 773
477 196
269 791
331 269
734 28
102 734
597 477
48 597
