? 4 275 676 431 546 
? 4 60 380 646 691 
? 4 203 490 789 527 
? 3 21 358 375 
? 3 335 758 22 
? 3 74 729 85 
? 3 511 740 484 
!
67 632 526 554 197 625 357 320 429 382 735 681 593 
67 632
526 67
554 632
197 632
625 67
357 67
320 357
429 357
382 526
735 357
681 632
593 197
349 567 228 50 235 544 776 337 140 353 111 276 651 476 531 150 468 796 178 231 726 673 486 668 173 213 755 723 40 283 644 512 
349 567
228 349
50 349
235 228
544 50
776 235
337 567
140 337
353 235
111 235
276 776
651 776
476 140
531 50
150 531
468 353
796 468
178 337
231 651
726 140
673 544
486 651
668 796
173 544
213 476
755 486
723 651
40 668
283 651
644 468
512 796
127 630 193 416 347 300 533 559 788 640 571 79 560 584 475 296 234 391 470 177 631 737 157 719 
127 630
193 630
416 127
347 630
300 416
533 630
559 533
788 127
640 788
571 559
79 416
560 347
584 788
475 571
296 416
234 347
391 584
470 347
177 560
631 788
737 571
157 788
719 737
569 
272 286 482 677 687 638 678 463 223 62 716 274 
272 286
482 272
677 286
687 286
638 286
678 482
463 678
223 687
62 678
716 482
274 62
23 66 704 387 739 232 483 518 722 17 149 519 41 256 
23 66
704 66
387 66
739 23
232 23
483 739
518 483
722 23
17 483
149 704
519 483
41 232
256 722
203 490 789 527 
203 490
203 527
203 789
304 538 448 760 332 507 743 377 121 487 255 586 742 107 725 151 589 421 712 115 309 515 169 7 479 395 591 566 564 29 117 302 529 186 8 670 609 363 261 652 247 799 201 287 
304 538
448 304
760 448
332 304
507 448
743 538
377 448
121 377
487 377
255 507
586 121
742 586
107 255
725 586
151 121
589 507
421 151
712 760
115 121
309 742
515 589
169 589
7 742
479 589
395 151
591 515
566 742
564 255
29 151
117 591
302 107
529 591
186 151
8 309
670 151
609 186
363 529
261 302
652 107
247 529
799 7
201 363
287 652
313 648 179 239 68 703 
313 648
179 313
239 179
68 179
703 239
215 551 588 164 434 209 472 350 717 240 372 324 11 539 10 258 42 636 574 724 420 710 159 435 766 2 125 688 548 399 
215 551
588 215
164 215
434 551
209 215
472 588
350 551
717 215
240 472
372 350
324 472
11 164
539 209
10 164
258 350
42 258
636 164
574 258
724 588
420 209
710 258
159 324
435 258
766 209
2 10
125 2
688 420
548 710
399 11
501 642 525 563 576 744 500 645 749 570 113 16 33 273 152 748 633 77 405 639 635 
501 642
525 501
563 642
576 501
744 642
500 501
645 501
749 576
570 645
113 563
16 501
33 570
273 33
152 563
748 273
633 16
77 273
405 749
639 749
635 639
253 281 403 404 13 45 167 427 76 480 769 402 254 535 118 690 509 108 664 401 195 451 671 224 
253 281
403 253
404 281
13 281
45 253
167 253
427 167
76 45
480 167
769 281
402 76
254 404
535 254
118 281
690 769
509 281
108 403
664 13
401 480
195 403
451 509
671 690
224 402
141 328 194 381 478 346 348 520 12 785 
141 328
194 328
381 328
478 328
346 478
348 328
520 328
12 328
785 141
130 369 34 440 550 75 727 207 679 218 365 741 797 24 456 230 798 57 731 222 626 794 
130 369
34 369
440 130
550 130
75 34
727 130
207 440
679 440
218 34
365 679
741 34
797 440
24 365
456 207
230 456
798 369
57 230
731 75
222 230
626 230
794 798
532 572 
532 572
511 740 484 
511 740
740 484
243 
315 537 262 98 436 343 654 680 466 602 450 43 147 698 715 522 498 100 52 378 245 452 87 
315 537
262 537
98 537
436 537
343 537
654 98
680 315
466 98
602 436
450 98
43 466
147 602
698 315
715 343
522 715
498 98
100 715
52 602
378 715
245 43
452 245
87 262
146 718 134 131 619 622 308 650 610 384 354 573 
146 718
134 146
131 718
619 146
622 146
308 619
650 146
610 146
384 134
354 134
573 354
72 762 69 101 319 733 78 628 360 105 428 583 663 383 773 270 236 790 28 314 38 168 734 102 791 597 477 196 48 204 331 608 269 497 426 604 53 248 696 407 558 306 617 504 15 144 692 777 453 14 242 292 578 615 764 27 166 577 775 241 229 661 56 330 59 373 666 598 210 495 71 110 781 674 772 607 0 392 31 
72 762
69 762
101 762
319 69
733 319
78 319
628 762
360 72
105 762
428 628
583 72
663 101
383 583
773 72
270 428
236 69
790 663
28 428
314 28
38 790
168 790
734 28
102 28
791 773
597 383
477 383
196 597
48 597
204 319
331 773
608 204
269 791
497 28
426 497
604 319
53 331
248 38
696 168
407 48
558 790
306 558
617 497
504 269
15 407
144 306
692 617
777 306
453 692
14 608
242 453
292 15
578 477
615 14
764 306
27 615
166 242
577 144
775 692
241 504
229 692
661 144
56 15
330 615
59 615
373 292
666 15
598 330
210 306
495 407
71 790
110 241
781 373
674 495
772 59
607 229
0 674
392 110
31 392
190 385 553 97 581 160 198 390 321 
190 385
553 190
97 190
581 190
160 97
198 553
390 190
321 553
74 729 85 
729 85
74 729
371 732 616 299 579 547 438 771 161 116 106 103 361 246 
371 732
616 371
299 616
579 299
547 579
438 579
771 438
161 771
116 771
106 116
103 106
361 106
246 106
158 555 
158 555
469 728 171 238 70 73 
469 728
171 728
238 728
70 469
73 728
183 481 334 445 561 
183 481
334 481
445 334
561 445
60 380 646 691 
646 691
60 646
380 691
665 685 397 580 702 
665 685
397 685
580 397
702 580
303 606 761 517 467 266 386 697 206 430 
303 606
761 606
517 303
467 303
266 606
386 606
697 303
206 303
430 303
188 367 268 370 124 605 
188 367
268 188
370 188
124 268
605 188
335 758 22 
335 758
335 22
153 162 172 155 368 601 765 285 410 660 356 89 93 730 
153 162
172 162
155 153
368 153
601 172
765 172
285 601
410 285
660 155
356 285
89 285
93 155
730 93
275 676 431 546 
431 546
275 676
275 431
99 
120 693 163 413 461 629 323 317 596 
120 693
163 693
413 120
461 120
629 413
323 163
317 693
596 120
768 770 441 290 51 252 714 176 672 649 282 425 
768 770
441 770
290 441
51 768
252 441
714 768
176 770
672 714
649 290
282 649
425 672
205 492 496 653 745 109 530 165 208 251 658 129 184 669 340 119 767 700 415 192 263 694 613 336 217 424 211 493 406 
205 492
496 205
653 492
745 492
109 492
530 496
165 745
208 492
251 496
658 653
129 745
184 251
669 653
340 496
119 496
767 496
700 492
415 165
192 767
263 192
694 251
613 129
336 530
217 263
424 613
211 669
493 694
406 263
83 400 
83 400
135 784 
135 784
260 711 787 446 379 783 
260 711
787 260
446 260
379 260
783 260
139 647 557 233 156 763 686 408 795 316 541 1 706 
139 647
557 647
233 557
156 233
763 233
686 139
408 233
795 156
316 139
541 233
1 795
706 316
94 503 20 338 322 225 257 
94 503
20 503
338 94
322 503
225 503
257 94
289 310 227 148 394 
289 310
227 289
148 310
394 289
351 521 297 471 36 326 513 267 189 214 249 657 590 90 418 667 318 637 81 237 682 
351 521
297 351
471 521
36 471
326 351
513 351
267 36
189 267
214 297
249 351
657 297
590 189
90 590
418 90
667 418
318 667
637 318
81 318
237 81
682 637
288 485 780 61 132 
288 485
780 288
61 780
132 61
46 219 212 55 279 329 63 447 689 488 
46 219
212 219
55 212
279 55
329 212
63 212
447 46
689 55
488 689
298 514 614 618 174 603 47 562 39 126 462 65 284 91 565 355 200 364 
298 514
614 298
618 298
174 298
603 514
47 174
562 614
39 47
126 39
462 174
65 126
284 126
91 174
565 514
355 39
200 47
364 355
58 221 751 756 143 307 568 280 720 506 592 393 398 675 187 782 170 457 305 344 259 114 752 556 422 396 454 510 389 362 294 271 444 
58 221
751 221
756 751
143 221
307 58
568 58
280 58
720 751
506 280
592 307
393 756
398 756
675 307
187 143
782 720
170 307
457 393
305 143
344 506
259 751
114 143
752 114
556 720
422 307
396 751
454 751
510 307
389 307
362 782
294 114
271 782
444 393
449 542 
449 542
250 709 437 345 757 327 54 409 92 465 301 753 
250 709
437 709
345 709
757 250
327 250
54 757
409 437
92 757
465 250
301 709
753 709
494 683 423 612 104 112 5 778 499 32 142 491 180 376 202 325 643 623 585 312 49 792 417 432 84 352 64 
494 683
423 683
612 494
104 494
112 423
5 104
778 104
499 494
32 5
142 32
491 142
180 32
376 32
202 5
325 376
643 325
623 32
585 623
312 612
49 312
792 623
417 142
432 202
84 32
352 49
64 84
216 439 502 713 746 278 128 4 
216 439
502 216
713 502
746 216
278 216
128 746
4 502
21 358 375 
21 358
358 375
359 455 627 226 37 145 26 655 9 708 374 523 88 464 662 181 582 750 82 
359 455
627 359
226 627
37 455
145 455
26 455
655 455
9 455
708 226
374 455
523 145
88 655
464 226
662 464
181 464
582 655
750 464
82 359
185 624 80 25 774 599 442 540 738 659 705 412 138 528 793 736 35 656 587 443 721 516 707 95 333 549 695 199 419 182 600 293 786 701 19 
185 624
80 624
25 185
774 624
599 185
442 774
540 624
738 80
659 442
705 80
412 659
138 80
528 738
793 185
736 80
35 736
656 659
587 736
443 442
721 736
516 35
707 736
95 412
333 528
549 80
695 412
199 599
419 199
182 333
600 333
293 721
786 25
701 738
19 736
44 341 575 552 342 
44 341
575 44
552 575
342 44
30 
175 595 137 699 459 122 265 460 433 6 277 747 295 244 458 545 621 611 634 18 759 779 264 489 754 388 220 684 133 311 473 508 366 
175 595
137 175
699 137
459 175
122 595
265 175
460 175
433 265
6 122
277 433
747 265
295 6
244 137
458 295
545 295
621 699
611 122
634 621
18 460
759 244
779 611
264 545
489 634
754 634
388 433
220 621
684 699
133 779
311 265
473 277
508 265
366 388
136 620 191 505 411 534 86 291 339 594 154 414 543 641 123 3 96 536 524 474 
136 620
191 136
505 620
411 505
534 191
86 534
291 505
339 86
594 191
154 136
414 534
543 534
641 411
123 505
3 534
96 3
536 411
524 536
474 641
