? 4 41 446 542 232 
? 4 118 569 594 414 
? 4 74 192 390 198 
? 3 186 670 30 
? 3 106 361 481 
? 3 257 400 335 
? 3 96 449 100 
!
768 770 441 714 252 290 672 649 176 282 691 425 393 
768 770
441 770
714 768
252 441
290 252
672 768
649 768
176 649
282 649
691 672
425 672
393 672
475 571 559 193 737 533 719 630 584 391 127 79 788 214 657 416 326 300 521 249 347 351 631 640 297 513 49 157 352 296 471 560 
475 571
559 571
193 571
737 475
533 571
719 475
630 193
584 533
391 584
127 630
79 630
788 584
214 584
657 584
416 630
326 657
300 79
521 326
249 326
347 416
351 521
631 788
640 788
297 351
513 351
49 788
157 391
352 631
296 347
471 297
560 296
289 701 310 70 254 238 721 227 728 402 469 135 73 148 293 535 224 171 394 261 401 167 431 404 
289 701
310 289
70 289
254 701
238 701
721 254
227 70
728 238
402 238
469 728
135 701
73 728
148 73
293 402
535 254
224 254
171 728
394 310
261 469
401 224
167 224
431 394
404 401
646 
371 732 616 299 392 547 579 91 200 103 246 183 
371 732
616 371
299 616
392 371
547 371
579 547
91 579
200 91
103 200
246 103
183 246
61 134 354 146 718 650 358 384 573 21 288 131 59 132 
61 134
354 134
146 134
718 134
650 134
358 354
384 134
573 358
21 573
288 384
131 146
59 384
132 131
74 192 390 198 
74 198
390 198
74 192
130 369 362 440 34 679 613 75 741 550 454 782 207 727 424 218 129 797 365 720 456 24 751 506 658 230 344 208 669 396 798 489 243 702 57 280 51 756 745 626 221 58 731 568 
130 369
362 130
440 130
34 130
679 440
613 34
75 34
741 75
550 369
454 679
782 362
207 741
727 362
424 613
218 741
129 613
797 424
365 454
720 782
456 207
24 365
751 782
506 751
658 129
230 456
344 506
208 658
669 208
396 362
798 720
489 613
243 720
702 798
57 207
280 506
51 365
756 751
745 129
626 230
221 751
58 221
731 456
568 58
308 622 619 548 485 710 
308 622
619 622
548 619
485 308
710 548
175 595 137 6 459 265 244 433 295 747 699 545 122 458 759 611 460 82 277 621 18 779 311 388 754 264 133 473 634 220 
175 595
137 175
6 175
459 595
265 595
244 137
433 265
295 6
747 265
699 244
545 265
122 295
458 295
759 137
611 759
460 433
82 759
277 433
621 699
18 433
779 82
311 277
388 545
754 621
264 545
133 779
473 277
634 621
220 621
359 455 627 222 226 37 655 145 370 88 26 9 708 605 582 665 523 638 687 367 124 
359 455
627 359
222 359
226 627
37 455
655 455
145 655
370 359
88 655
26 455
9 627
708 226
605 655
582 655
665 582
523 605
638 145
687 582
367 708
124 370
215 551 588 434 472 240 209 717 164 372 324 539 350 159 724 11 435 766 10 258 636 572 420 42 
215 551
588 215
434 551
472 588
240 434
209 215
717 551
164 588
372 551
324 472
539 215
350 551
159 324
724 209
11 240
435 472
766 539
10 11
258 159
636 10
572 258
420 209
42 717
272 286 677 223 685 366 508 457 444 397 
272 286
677 272
223 677
685 223
366 685
508 366
457 272
444 457
397 366
114 294 190 752 385 321 794 581 406 553 259 271 556 97 592 729 213 263 643 160 231 211 
114 294
190 294
752 114
385 190
321 114
794 114
581 190
406 794
553 190
259 294
271 752
556 406
97 190
592 556
729 97
213 97
263 406
643 385
160 729
231 643
211 406
239 680 
239 680
96 449 100 
96 100
449 100
587 
46 219 212 464 55 62 750 678 329 463 274 279 488 268 447 181 689 482 374 188 63 662 716 
46 219
212 46
464 46
55 46
62 46
750 62
678 62
329 55
463 678
274 464
279 46
488 212
268 488
447 46
181 447
689 279
482 678
374 62
188 689
63 279
662 181
716 678
557 647 87 156 233 139 763 686 698 785 98 408 
557 647
87 647
156 557
233 156
139 87
763 557
686 557
698 686
785 647
98 87
408 233
72 762 628 383 69 101 319 78 428 733 663 105 360 773 583 196 497 236 28 102 269 38 270 791 168 790 426 477 314 204 331 608 597 777 53 734 48 248 604 558 407 504 27 615 692 306 14 144 292 242 15 577 166 241 696 56 764 578 210 229 661 617 775 373 453 495 330 780 532 772 31 598 666 169 71 674 438 110 0 
72 762
628 762
383 762
69 72
101 72
319 69
78 319
428 383
733 319
663 733
105 428
360 628
773 383
583 383
196 383
497 428
236 319
28 428
102 428
269 773
38 663
270 428
791 773
168 105
790 168
426 105
477 196
314 168
204 78
331 773
608 204
597 477
777 790
53 331
734 28
48 477
248 790
604 608
558 38
407 48
504 791
27 204
615 27
692 168
306 558
14 27
144 306
292 477
242 692
15 407
577 615
166 242
241 504
696 105
56 15
764 14
578 292
210 144
229 692
661 144
617 166
775 229
373 292
453 692
495 407
330 764
780 330
532 144
772 330
31 241
598 14
666 495
169 229
71 532
674 407
438 373
110 241
0 15
23 66 704 518 387 17 722 739 483 
23 66
704 66
518 23
387 66
17 387
722 23
739 23
483 739
257 400 335 
257 400
257 335
635 639 575 552 341 247 152 405 201 363 529 417 44 525 
635 639
575 639
552 635
341 575
247 575
152 639
405 639
201 639
363 152
529 247
417 639
44 529
525 405
322 561 
322 561
275 652 676 302 744 563 
275 652
676 652
302 676
744 652
563 744
375 432 610 342 570 
375 432
610 432
342 375
570 342
118 569 594 414 
569 594
118 594
594 414
77 500 64 301 645 
77 500
64 500
301 77
645 77
381 524 536 346 520 795 474 141 498 541 
381 524
536 524
346 381
520 381
795 524
474 524
141 346
498 524
541 141
291 641 509 451 278 123 
291 641
509 291
451 509
278 641
123 291
106 361 481 
361 481
106 361
147 602 620 436 136 52 534 505 703 191 411 86 339 262 
147 602
620 147
436 602
136 602
52 602
534 602
505 620
703 602
191 136
411 505
86 191
339 534
262 147
41 446 542 232 
41 232
41 446
542 232
90 
81 318 637 380 667 60 237 682 99 
81 318
637 318
380 81
667 81
60 380
237 60
682 60
99 380
671 690 769 403 108 511 203 3 45 527 281 789 
671 690
769 690
403 690
108 690
511 671
203 671
3 769
45 403
527 690
281 403
789 671
184 251 205 694 496 530 700 713 119 653 336 684 492 415 439 165 502 12 493 109 340 580 194 4 216 328 348 478 217 
184 251
205 251
694 184
496 205
530 251
700 530
713 184
119 184
653 205
336 713
684 184
492 205
415 205
439 713
165 492
502 713
12 713
493 694
109 205
340 492
580 713
194 12
4 439
216 502
328 194
348 328
478 328
217 492
256 490 
256 490
206 543 
206 543
125 470 234 2 177 399 
125 470
234 470
2 125
177 470
399 177
40 668 796 267 36 512 590 189 644 312 111 418 112 
40 668
796 668
267 668
36 267
512 668
590 267
189 36
644 796
312 668
111 644
418 590
112 644
197 526 554 382 83 149 317 
197 526
554 197
382 526
83 526
149 554
317 554
413 596 484 461 629 
413 596
484 596
461 596
629 461
606 761 245 522 43 316 715 517 467 266 452 537 466 706 654 450 343 315 378 154 430 
606 761
245 606
522 606
43 245
316 606
715 522
517 715
467 606
266 43
452 517
537 43
466 537
706 466
654 537
450 706
343 715
315 537
378 715
154 266
430 452
323 693 163 758 740 
323 693
163 693
758 693
740 693
423 683 494 104 612 688 499 202 633 574 
423 683
494 683
104 683
612 423
688 423
499 688
202 104
633 683
574 202
32 623 792 142 576 585 5 84 325 749 376 778 501 180 283 642 491 748 
32 623
792 623
142 623
576 792
585 142
5 142
84 576
325 623
749 576
376 142
778 5
501 792
180 585
283 376
642 501
491 283
748 501
349 567 228 422 305 170 50 307 235 389 544 776 187 173 337 510 140 486 651 726 276 150 353 755 398 143 531 675 468 673 723 476 178 
349 567
228 349
422 567
305 422
170 422
50 422
307 422
235 228
389 422
544 50
776 235
187 170
173 349
337 422
510 50
140 337
486 776
651 486
726 140
276 651
150 544
353 235
755 276
398 50
143 307
531 150
675 307
468 353
673 544
723 776
476 337
178 337
195 664 
195 664
320 357 625 632 429 67 22 593 735 334 681 158 
320 357
625 357
632 625
429 632
67 632
22 357
593 67
735 320
334 320
681 320
158 357
153 162 172 155 368 601 89 660 765 285 179 410 93 787 356 379 260 730 711 68 648 697 386 303 313 783 519 
153 162
172 153
155 153
368 153
601 172
89 155
660 155
765 172
285 89
179 660
410 285
93 153
787 660
356 89
379 155
260 660
730 155
711 260
68 787
648 730
697 660
386 155
303 711
313 648
783 260
519 410
94 503 20 445 120 338 609 225 
94 503
20 503
445 503
120 94
338 94
609 20
225 20
186 670 30 
186 670
186 30
437 709 345 409 250 92 54 327 273 753 199 113 757 784 33 546 465 16 85 
437 709
345 709
409 437
250 709
92 709
54 437
327 250
273 54
753 250
199 327
113 437
757 54
784 757
33 273
546 409
465 327
16 437
85 409
304 538 448 332 760 507 743 377 586 255 712 121 589 107 742 487 117 7 151 725 515 395 607 309 421 479 566 29 591 564 115 8 555 287 116 
304 538
448 538
332 304
760 448
507 448
743 507
377 448
586 377
255 743
712 538
121 586
589 448
107 255
742 586
487 586
117 589
7 742
151 121
725 121
515 743
395 151
607 515
309 742
421 151
479 589
566 309
29 151
591 515
564 421
115 725
8 115
555 121
287 564
116 8
76 480 13 253 427 
76 480
13 76
253 13
427 253
1 
185 624 80 774 442 659 599 412 738 35 793 128 528 707 736 25 656 19 138 705 600 443 695 95 549 516 333 419 767 182 540 786 746 
185 624
80 185
774 624
442 774
659 774
599 185
412 774
738 185
35 80
793 185
128 442
528 599
707 35
736 35
25 599
656 442
19 185
138 80
705 80
600 528
443 442
695 412
95 412
549 736
516 442
333 528
419 599
767 695
182 333
540 443
786 599
746 516
126 284 65 39 603 462 618 771 781 565 514 298 355 174 799 614 161 364 562 47 
126 284
65 126
39 65
603 65
462 126
618 603
771 126
781 284
565 284
514 603
298 514
355 65
174 514
799 126
614 298
161 284
364 355
562 603
47 514
