? 3 211 721 651 
? 3 640 738 77 
? 3 182 457 311 
? 3 470 555 711 
? 3 578 798 625 
? 3 388 733 598 
? 3 324 765 604 
? 3 123 504 715 
? 3 105 588 26 
? 3 673 778 228 
? 3 20 477 395 
? 3 156 317 232 
? 3 629 685 96 
!
629 685 96 
629 685
685 96
546 728 380 552 234 
546 728
380 728
552 380
234 546
156 317 232 
156 317
156 232
106 328 539 151 167 510 
106 328
539 328
151 328
167 539
510 151
458 527 451 371 18 87 441 
458 527
451 458
371 527
18 527
87 451
441 371
85 218 206 638 
85 218
206 85
638 206
372 548 198 315 698 562 734 713 134 255 617 449 361 366 
372 548
198 372
315 548
698 372
562 315
734 372
713 315
134 198
255 713
617 134
449 698
361 255
366 734
70 788 650 416 287 672 356 48 55 141 173 533 488 431 
70 788
650 70
416 788
287 416
672 287
356 650
48 650
55 672
141 70
173 141
533 141
488 48
431 416
3 210 310 455 129 716 595 394 
3 210
310 3
455 210
129 455
716 210
595 716
394 716
175 374 491 66 782 249 187 266 
175 374
491 374
66 491
782 175
249 374
187 66
266 66
176 587 486 436 466 382 646 686 437 49 542 742 751 225 
176 587
486 176
436 587
466 436
382 486
646 436
686 466
437 466
49 437
542 486
742 542
751 742
225 382
764 
13 754 348 320 445 93 
13 754
348 13
320 754
445 320
93 754
204 263 615 484 547 631 
204 263
615 263
484 615
547 204
631 263
43 138 184 281 146 
43 138
184 138
281 43
146 184
476 600 309 503 677 40 538 61 5 240 537 654 731 610 440 735 717 
476 600
309 476
503 476
677 600
40 600
538 40
61 503
5 309
240 677
537 503
654 240
731 537
610 731
440 654
735 240
717 240
0 614 23 648 104 
0 614
23 614
648 0
104 648
174 354 
174 354
566 633 100 632 41 767 443 163 32 750 202 57 
566 633
100 566
632 566
41 632
767 41
443 633
163 100
32 633
750 32
202 32
57 767
20 477 395 
20 477
20 395
673 778 228 
673 778
778 228
82 753 194 402 71 727 623 
82 753
194 82
402 194
71 402
727 82
623 71
498 743 605 689 2 447 
498 743
605 498
689 498
2 689
447 605
644 
229 398 
229 398
153 783 212 509 404 746 
153 783
212 153
509 153
404 212
746 509
384 393 639 773 401 406 410 774 78 181 1 499 370 390 152 353 122 464 209 290 668 589 
384 393
639 384
773 393
401 393
406 384
410 639
774 384
78 393
181 401
1 181
499 410
370 406
390 1
152 774
353 390
122 353
464 370
209 406
290 773
668 152
589 464
461 517 168 90 405 180 179 75 
461 517
168 517
90 461
405 90
180 405
179 405
75 179
105 588 26 
105 588
105 26
637 
295 553 493 577 506 155 253 114 435 302 565 254 703 787 573 285 27 591 708 766 110 158 136 265 425 95 193 674 
295 553
493 295
577 295
506 295
155 553
253 493
114 253
435 295
302 155
565 253
254 114
703 114
787 253
573 254
285 254
27 506
591 703
708 253
766 27
110 591
158 285
136 708
265 703
425 158
95 110
193 302
674 110
230 305 159 692 559 291 128 340 
230 305
159 305
692 305
559 230
291 305
128 291
340 559
220 467 663 337 442 139 396 397 502 376 113 696 148 432 421 619 656 
220 467
663 467
337 663
442 337
139 442
396 663
397 663
502 139
376 337
113 502
696 113
148 397
432 148
421 396
619 432
656 619
480 642 554 515 
480 642
554 480
515 642
616 
123 504 715 
123 504
123 715
360 383 
360 383
88 679 628 535 64 239 583 378 36 
88 679
628 88
535 88
64 679
239 628
583 64
378 64
36 239
602 
324 765 604 
324 604
324 765
189 719 495 584 
189 719
495 719
584 719
592 
196 331 244 296 
196 331
244 196
296 331
63 599 241 330 14 278 208 732 339 256 172 744 414 341 389 745 345 145 271 514 59 701 403 452 247 635 739 460 415 
63 599
241 63
330 63
14 599
278 599
208 330
732 241
339 599
256 14
172 278
744 172
414 330
341 744
389 744
745 341
345 208
145 339
271 414
514 732
59 514
701 514
403 345
452 345
247 452
635 452
739 701
460 271
415 389
214 273 683 756 626 645 
214 273
683 214
756 683
626 756
645 273
671 676 367 15 581 170 705 678 286 691 92 39 69 
671 676
367 671
15 676
581 676
170 671
705 15
678 367
286 705
691 286
92 170
39 691
69 691
586 
109 665 275 147 789 185 658 793 720 530 736 609 24 262 669 294 300 259 312 543 226 560 647 712 521 7 596 
109 665
275 665
147 109
789 109
185 789
658 275
793 275
720 793
530 720
736 720
609 185
24 609
262 736
669 24
294 793
300 720
259 300
312 669
543 658
226 294
560 530
647 312
712 226
521 543
7 736
596 7
522 
571 784 126 355 
571 784
126 784
355 126
492 
233 540 660 8 118 364 200 171 438 124 478 306 794 
233 540
660 233
8 233
118 8
364 8
200 540
171 118
438 364
124 438
478 171
306 478
794 478
373 
359 
111 346 67 332 590 321 
111 346
67 111
332 346
590 332
321 590
28 297 160 485 10 391 45 593 327 284 576 781 195 34 779 
28 297
160 28
485 28
10 28
391 28
45 10
593 45
327 297
284 327
576 160
781 45
195 485
34 593
779 576
388 733 598 
388 733
733 598
54 747 483 557 434 91 585 288 582 223 308 608 659 
54 747
483 747
557 483
434 483
91 54
585 434
288 747
582 434
223 91
308 91
608 288
659 288
205 597 4 710 
205 597
4 205
710 597
419 612 439 238 
419 612
439 612
238 419
231 690 536 420 704 494 6 219 131 221 22 9 453 424 664 726 207 379 133 381 465 279 500 649 
231 690
536 690
420 231
704 231
494 231
6 494
219 690
131 420
221 219
22 536
9 219
453 9
424 221
664 22
726 494
207 664
379 424
133 424
381 133
465 726
279 465
500 664
649 424
251 666 
251 666
25 741 60 50 199 83 512 112 191 161 
25 741
60 741
50 741
199 50
83 199
512 50
112 60
191 112
161 191
335 479 643 352 752 
335 479
643 335
352 643
752 335
183 377 761 283 532 695 429 399 418 759 65 
183 377
761 377
283 183
532 283
695 377
429 532
399 532
418 695
759 429
65 759
42 611 164 613 
42 611
164 611
613 164
98 347 143 545 
98 347
143 347
545 347
103 116 257 385 215 342 400 102 709 772 30 157 329 135 280 528 12 
103 116
257 103
385 116
215 385
342 257
400 342
102 385
709 400
772 709
30 400
157 400
329 157
135 30
280 102
528 280
12 329
19 117 670 655 
19 117
670 19
655 117
38 243 
38 243
162 326 688 579 
162 326
688 326
579 688
407 769 269 785 526 630 730 454 523 
407 769
269 769
785 407
526 769
630 407
730 269
454 730
523 730
369 707 125 737 718 52 481 274 459 166 762 242 325 56 121 490 497 636 760 
369 707
125 707
737 369
718 707
52 737
481 125
274 481
459 707
166 274
762 707
242 459
325 274
56 737
121 242
490 325
497 56
636 737
760 762
350 
349 
386 723 165 641 702 51 277 
386 723
165 386
641 386
702 723
51 165
277 723
409 564 334 363 237 473 667 411 652 780 246 154 192 572 428 444 72 
409 564
334 564
363 334
237 363
473 334
667 409
411 334
652 667
780 564
246 652
154 237
192 363
572 667
428 192
444 154
72 192
245 
178 574 714 267 520 472 624 76 771 149 627 62 427 227 
178 574
714 178
267 714
520 714
472 267
624 520
76 574
771 76
149 267
627 771
62 624
427 771
227 267
150 777 558 413 
150 777
558 150
413 150
357 768 
357 768
84 293 351 758 795 622 675 186 46 682 549 570 487 
84 293
351 293
758 293
795 84
622 795
675 84
186 675
46 795
682 758
549 186
570 186
487 682
169 
108 
137 482 16 757 700 375 301 594 338 47 323 260 796 763 417 250 107 115 33 
137 482
16 137
757 137
700 137
375 482
301 16
594 482
338 757
47 375
323 594
260 594
796 16
763 47
417 796
250 47
107 250
115 796
33 417
81 
74 791 282 177 272 518 749 235 699 37 681 748 513 264 474 448 684 799 86 319 426 580 422 120 529 
74 791
282 791
177 74
272 74
518 177
749 272
235 791
699 235
37 699
681 235
748 272
513 37
264 177
474 272
448 699
684 37
799 264
86 474
319 799
426 799
580 513
422 426
120 580
529 37
119 343 462 101 252 463 740 
119 343
462 343
101 462
252 462
463 252
740 462
132 276 508 516 775 412 694 551 755 17 261 358 99 450 662 541 73 
132 276
508 132
516 132
775 276
412 775
694 516
551 508
755 551
17 412
261 755
358 17
99 755
450 261
662 17
541 17
73 508
79 
511 706 
511 706
578 798 625 
578 625
798 625
217 292 362 770 519 
217 292
362 217
770 217
519 217
568 621 786 21 556 89 130 607 
568 621
786 568
21 621
556 21
89 21
130 21
607 130
35 446 456 236 289 142 248 97 561 525 333 298 58 
35 446
456 35
236 35
289 446
142 289
248 289
97 456
561 236
525 561
333 142
298 142
58 298
470 555 711 
555 711
470 555
524 569 365 144 433 
524 569
365 524
144 569
433 144
53 
344 725 687 620 534 606 
344 725
687 344
620 344
534 687
606 534
299 392 
299 392
368 657 94 496 314 468 797 68 563 188 303 722 222 501 505 80 
368 657
94 657
496 94
314 657
468 657
797 368
68 657
563 314
188 368
303 94
722 496
222 314
501 797
505 797
80 222
387 661 336 680 634 127 489 550 408 11 
387 661
336 387
680 387
634 680
127 661
489 336
550 127
408 550
11 634
182 457 311 
457 311
182 311
258 653 475 430 
258 653
475 653
430 258
640 738 77 
738 77
640 738
203 693 567 322 
203 693
567 203
322 203
190 792 318 270 471 790 140 197 544 316 469 307 618 201 268 44 531 213 29 
190 792
318 792
270 318
471 270
790 792
140 471
197 318
544 197
316 544
469 140
307 469
618 140
201 270
268 307
44 268
531 44
213 197
29 44
31 603 575 776 216 507 304 224 724 729 601 423 697 313 
31 603
575 603
776 603
216 31
507 31
304 507
224 507
724 603
729 724
601 216
423 776
697 507
313 224
211 721 651 
721 651
211 651
