? 3 324 765 163 
? 3 299 688 579 
? 3 38 795 84 
? 3 57 767 100 
? 3 709 772 400 
? 3 336 387 680 
? 3 578 625 727 
? 3 374 491 66 
? 3 71 304 31 
? 3 388 733 4 
? 3 79 378 30 
? 3 196 244 558 
? 3 567 715 226 
!
567 715 226 
567 226
567 715
113 502 696 500 376 
113 502
696 113
500 696
376 502
196 244 558 
196 244
244 558
328 539 106 510 151 167 
328 539
106 328
510 539
151 539
167 539
432 447 619 148 656 350 397 
432 447
619 447
148 432
656 619
350 656
397 148
107 250 629 685 
107 250
629 250
685 250
368 657 94 314 496 468 563 68 797 188 722 626 501 303 
368 657
94 657
314 368
496 94
468 657
563 368
68 468
797 368
188 563
722 496
626 188
501 68
303 94
407 769 269 526 785 630 750 523 202 730 454 443 519 383 
407 769
269 769
526 269
785 769
630 407
750 630
523 269
202 750
730 523
454 730
443 454
519 730
383 519
32 682 487 633 758 293 566 46 
32 682
487 682
633 32
758 487
293 758
566 633
46 758
82 753 601 402 194 623 216 62 
82 753
601 82
402 82
194 402
623 402
216 601
62 82
137 482 16 757 301 375 700 47 594 338 323 260 796 763 
137 482
16 137
757 482
301 16
375 137
700 16
47 375
594 482
338 757
323 594
260 594
796 700
763 47
721 
220 467 663 337 139 442 
220 467
663 467
337 663
139 220
442 139
495 751 742 542 719 189 
495 751
742 495
542 742
719 542
189 719
203 693 606 649 712 
203 693
606 693
649 693
712 649
589 738 77 778 640 440 616 735 554 674 717 475 335 352 752 643 355 
589 738
77 589
778 738
640 778
440 77
616 77
735 440
554 735
674 616
717 554
475 674
335 738
352 335
752 335
643 335
355 717
344 725 687 583 534 
344 725
687 725
583 725
534 687
470 711 
470 711
760 762 461 517 707 121 180 718 459 90 49 405 
760 762
461 760
517 461
707 762
121 517
180 760
718 707
459 121
90 762
49 180
405 49
79 378 30 
79 378
79 30
388 733 4 
388 733
733 4
164 613 611 42 321 590 243 
164 613
611 164
42 611
321 42
590 42
243 590
429 759 81 225 65 584 
429 759
81 429
225 429
65 225
584 429
710 
29 287 
29 287
13 754 445 340 128 326 
13 754
445 13
340 445
128 340
326 340
295 553 493 114 577 435 253 506 155 565 254 302 573 787 708 591 285 703 766 27 265 136 
295 553
493 295
114 493
577 553
435 295
253 114
506 114
155 506
565 253
254 493
302 155
573 254
787 253
708 253
591 114
285 573
703 787
766 435
27 766
265 787
136 708
19 117 655 395 477 670 597 205 
19 117
655 117
395 655
477 655
670 395
597 670
205 597
71 304 31 
71 304
304 31
706 
74 791 518 177 272 282 235 699 749 249 681 37 748 264 474 799 513 86 448 319 529 266 684 422 580 120 426 651 
74 791
518 74
177 74
272 74
282 272
235 791
699 235
749 177
249 177
681 235
37 235
748 272
264 177
474 748
799 264
513 282
86 474
448 681
319 799
529 37
266 474
684 529
422 249
580 513
120 513
426 422
651 580
39 69 286 691 705 666 354 15 
39 69
286 69
691 69
705 286
666 39
354 666
15 705
363 564 334 237 409 473 411 72 192 428 652 667 154 246 780 349 444 
363 564
334 363
237 363
409 564
473 363
411 564
72 363
192 72
428 237
652 409
667 409
154 237
246 652
780 411
349 154
444 154
11 398 634 229 
11 398
634 398
229 634
689 
374 491 66 
491 66
374 66
332 622 
332 622
186 570 549 169 101 675 462 632 351 
186 570
549 570
169 186
101 169
675 101
462 675
632 549
351 549
644 
578 625 727 
578 625
578 727
12 438 124 329 
12 438
124 438
329 12
604 
524 569 505 612 
524 569
505 569
612 505
63 599 241 330 14 208 339 278 172 414 732 256 744 341 745 145 389 345 514 635 403 452 271 701 739 247 59 661 460 
63 599
241 63
330 63
14 599
208 330
339 63
278 339
172 278
414 330
732 241
256 732
744 172
341 744
745 341
145 172
389 172
345 208
514 732
635 345
403 635
452 345
271 414
701 514
739 701
247 452
59 514
661 403
460 271
671 676 367 170 678 146 
671 676
367 671
170 676
678 367
146 678
35 446 289 456 142 248 525 561 236 97 58 333 298 
35 446
289 446
456 35
142 289
248 289
525 35
561 525
236 525
97 248
58 289
333 142
298 142
602 
178 574 714 636 490 267 73 520 472 149 737 227 624 771 627 481 325 522 52 76 56 427 369 798 497 274 166 
178 574
714 178
636 574
490 574
267 714
73 636
520 267
472 73
149 267
737 636
227 149
624 520
771 490
627 771
481 490
325 481
522 624
52 737
76 771
56 737
427 76
369 737
798 520
497 737
274 481
166 274
492 
119 343 607 740 
119 343
607 343
740 119
463 
372 548 198 315 562 134 734 255 713 366 92 361 93 
372 548
198 548
315 198
562 315
134 198
734 548
255 134
713 315
366 734
92 366
361 134
93 361
419 
392 
98 347 129 143 545 572 
98 347
129 347
143 98
545 98
572 143
85 724 218 729 206 776 638 547 575 311 439 603 182 423 457 
85 724
218 724
729 218
206 85
776 85
638 206
547 206
575 776
311 206
439 776
603 575
182 638
423 776
457 311
336 387 680 
336 387
387 680
458 527 451 488 371 87 48 53 162 650 441 20 320 
458 527
451 527
488 451
371 451
87 371
48 488
53 371
162 53
650 48
441 162
20 48
320 53
279 465 647 373 
279 465
647 279
373 647
144 291 224 313 
144 291
224 291
313 224
536 690 231 704 420 219 494 6 221 131 521 543 22 9 453 424 133 637 664 726 379 381 207 658 
536 690
231 690
704 231
420 231
219 536
494 231
6 494
221 219
131 420
521 536
543 521
22 690
9 219
453 9
424 221
133 424
637 9
664 22
726 494
379 424
381 637
207 664
658 521
396 421 
396 421
509 746 404 23 153 433 614 212 0 783 
509 746
404 509
23 746
153 746
433 746
614 23
212 153
0 23
783 153
158 425 108 360 552 
158 425
108 425
360 158
552 158
33 782 768 417 234 115 408 175 550 489 357 
33 782
768 782
417 33
234 782
115 234
408 33
175 33
550 408
489 408
357 550
437 686 75 179 
437 686
75 437
179 75
586 645 165 51 
586 645
165 586
51 165
228 528 280 515 415 215 385 642 102 116 103 480 257 126 342 784 571 
228 528
280 528
515 228
415 228
215 280
385 215
642 515
102 385
116 385
103 116
480 642
257 116
126 480
342 103
784 126
571 784
80 365 683 222 
80 365
683 365
222 80
36 239 
36 239
105 588 123 504 
105 588
123 105
504 123
568 621 786 431 21 89 130 556 764 
568 621
786 568
431 786
21 621
89 21
130 89
556 21
764 786
54 747 483 557 434 585 288 659 91 608 223 308 111 582 252 251 67 174 346 
54 747
483 747
557 54
434 483
585 434
288 747
659 288
91 483
608 288
223 91
308 223
111 308
582 434
252 223
251 434
67 308
174 582
346 111
356 
242 
176 587 486 436 466 382 646 
176 587
486 176
436 587
466 436
382 486
646 436
141 533 43 138 449 173 281 184 698 18 581 104 70 648 617 348 788 
141 533
43 141
138 43
449 533
173 141
281 533
184 43
698 449
18 281
581 138
104 281
70 173
648 104
617 648
348 281
788 70
238 
296 394 716 595 245 310 3 210 413 211 331 455 187 150 
296 394
716 296
595 716
245 394
310 394
3 310
210 3
413 716
211 413
331 595
455 210
187 245
150 413
498 605 743 2 
498 605
743 498
2 498
125 359 
125 359
28 297 485 160 327 10 593 45 576 781 284 195 779 
28 297
485 297
160 28
327 297
10 28
593 10
45 10
576 327
781 45
284 327
195 160
779 576
232 
193 
109 665 147 275 789 185 793 720 530 736 262 609 300 24 312 259 294 669 560 
109 665
147 665
275 665
789 665
185 789
793 275
720 147
530 720
736 147
262 736
609 789
300 530
24 609
312 789
259 300
294 793
669 312
560 530
127 
384 393 639 773 401 181 410 774 370 406 390 1 499 78 152 353 122 209 95 464 668 110 673 479 290 
384 393
639 384
773 393
401 393
181 384
410 639
774 393
370 384
406 639
390 181
1 390
499 774
78 639
152 390
353 1
122 353
209 639
95 353
464 370
668 152
110 95
673 209
479 774
290 122
230 305 159 692 559 697 507 
230 305
159 305
692 230
559 230
697 305
507 697
5 309 40 538 600 476 503 537 430 61 677 731 240 653 610 654 258 
5 309
40 309
538 40
600 40
476 600
503 476
537 503
430 537
61 476
677 476
731 537
240 677
653 430
610 731
654 610
258 653
96 
156 317 
156 317
709 772 400 
772 400
709 772
88 679 535 628 64 
88 679
535 679
628 88
64 535
214 273 756 723 702 641 277 386 
214 273
756 273
723 273
702 723
641 723
277 756
386 723
60 741 25 50 199 112 191 512 83 34 161 555 391 
60 741
25 60
50 741
199 741
112 60
191 112
512 50
83 199
34 50
161 191
555 191
391 25
57 767 100 
57 100
57 767
478 794 306 322 620 
478 794
306 478
322 794
620 322
41 
204 263 615 484 511 631 
204 263
615 263
484 615
511 263
631 615
416 672 
416 672
377 596 183 7 358 761 283 662 17 694 695 532 399 775 418 516 
377 596
183 377
7 377
358 596
761 358
283 183
662 183
17 662
694 761
695 694
532 283
399 662
775 17
418 695
516 694
233 540 8 660 364 118 135 171 200 157 
233 540
8 233
660 233
364 233
118 8
135 540
171 8
200 540
157 135
38 795 84 
38 795
795 84
546 728 380 592 
546 728
380 728
592 380
299 688 579 
688 579
299 688
217 770 292 362 
217 770
292 217
362 770
190 792 318 270 471 197 790 140 316 618 307 469 544 268 201 531 44 55 213 
190 792
318 792
270 792
471 190
197 318
790 197
140 471
316 190
618 140
307 618
469 140
544 790
268 307
201 270
531 268
44 531
55 268
213 544
132 508 276 412 551 261 755 99 450 26 541 168 777 598 
132 508
276 132
412 132
551 132
261 551
755 261
99 755
450 755
26 508
541 412
168 541
777 261
598 450
324 765 163 
765 163
324 765
