? 3 268 307 531 
? 3 331 595 455 
? 3 79 378 725 
? 3 171 478 118 
? 3 37 699 670 
? 3 586 645 273 
? 3 203 693 687 
? 3 20 477 655 
? 3 36 637 239 
? 3 143 244 572 
? 3 129 333 187 
? 3 629 685 96 
? 3 38 795 622 
!
38 795 622 
38 795
795 622
589 738 77 464 640 
589 738
77 589
464 738
640 738
629 685 96 
629 685
685 96
626 756 80 683 505 365 
626 756
80 756
683 756
505 626
365 80
372 548 315 562 713 43 141 
372 548
315 548
562 315
713 315
43 372
141 43
574 714 26 597 
574 714
26 714
597 26
103 116 257 385 215 30 135 528 540 660 364 233 200 8 
103 116
257 116
385 116
215 385
30 257
135 30
528 215
540 135
660 540
364 660
233 660
200 540
8 364
11 398 58 545 298 246 248 142 289 229 347 446 98 35 
11 398
58 11
545 11
298 545
246 545
248 58
142 298
289 248
229 246
347 298
446 289
98 347
35 446
32 682 487 202 750 758 630 46 
32 682
487 682
202 32
750 202
758 487
630 750
46 758
386 641 165 723 51 702 277 214 
386 641
165 386
723 386
51 641
702 723
277 641
214 723
580 651 721 120 513 211 733 388 413 205 296 716 558 684 
580 651
721 651
120 580
513 120
211 721
733 721
388 733
413 211
205 388
296 211
716 296
558 413
684 513
766 
535 679 88 64 628 583 
535 679
88 679
64 535
628 88
583 64
149 227 267 472 4 710 
149 227
267 149
472 149
4 227
710 227
226 712 294 560 793 
226 712
294 226
560 226
793 294
54 747 483 557 434 91 585 288 223 608 582 111 659 308 252 67 321 
54 747
483 54
557 483
434 483
91 54
585 434
288 747
223 91
608 288
582 585
111 91
659 288
308 91
252 223
67 111
321 659
5 309 40 476 600 
5 309
40 309
476 40
600 476
243 346 
243 346
671 676 15 367 581 170 678 286 705 92 691 734 
671 676
15 676
367 671
581 367
170 676
678 367
286 15
705 286
92 170
691 286
734 170
129 333 187 
129 333
333 187
143 244 572 
143 244
143 572
368 563 657 468 314 797 188 
368 563
657 368
468 657
314 657
797 563
188 563
56 497 242 636 168 73 
56 497
242 497
636 56
168 242
73 636
731 
360 523 
360 523
416 672 287 55 29 44 
416 672
287 416
55 672
29 416
44 29
25 60 741 50 112 191 199 34 512 555 161 711 470 83 57 767 764 602 163 469 618 786 
25 60
741 25
50 741
112 60
191 112
199 741
34 25
512 50
555 191
161 555
711 112
470 161
83 199
57 34
767 57
764 711
602 161
163 767
469 555
618 469
786 764
217 292 770 362 519 454 324 383 
217 292
770 292
362 292
519 292
454 519
324 362
383 770
36 637 239 
36 637
36 239
649 
249 422 426 264 799 177 748 518 319 272 201 749 74 474 791 66 491 266 260 282 270 245 594 86 681 235 471 792 
249 422
426 249
264 426
799 264
177 264
748 177
518 177
319 799
272 748
201 319
749 272
74 177
474 749
791 74
66 474
491 66
266 474
260 201
282 272
270 319
245 266
594 260
86 266
681 791
235 681
471 270
792 270
312 669 647 350 789 656 619 665 
312 669
647 312
350 647
789 669
656 350
619 656
665 789
218 724 85 729 206 575 547 638 776 603 439 311 182 423 31 457 501 
218 724
85 724
729 218
206 85
575 729
547 206
638 206
776 575
603 575
439 776
311 638
182 311
423 439
31 603
457 182
501 439
552 668 380 136 
552 668
380 552
136 380
631 
20 477 655 
20 655
20 477
121 461 
121 461
75 179 437 180 686 49 405 466 511 
75 179
437 179
180 179
686 437
49 180
405 180
466 686
511 405
604 
203 693 687 
203 693
203 687
204 263 615 484 
204 263
615 263
484 615
598 
47 375 763 250 
47 375
763 47
250 47
33 782 417 768 796 115 234 700 408 175 525 561 550 16 357 489 757 374 546 137 236 301 728 338 482 643 752 352 335 
33 782
417 782
768 782
796 417
115 796
234 115
700 796
408 768
175 33
525 175
561 525
550 408
16 700
357 550
489 408
757 700
374 175
546 234
137 16
236 525
301 16
728 546
338 757
482 137
643 357
752 643
352 643
335 352
322 620 794 606 306 534 
322 620
794 322
606 620
306 794
534 606
295 506 553 493 577 435 155 114 253 565 302 708 27 
295 506
553 295
493 295
577 553
435 506
155 577
114 493
253 114
565 253
302 577
708 565
27 435
538 
231 704 690 420 536 494 6 131 219 543 521 221 22 726 453 9 207 664 424 465 279 658 133 500 379 381 696 
231 704
690 231
420 231
536 690
494 704
6 494
131 420
219 536
543 536
521 543
221 219
22 219
726 6
453 22
9 453
207 22
664 22
424 221
465 726
279 726
658 543
133 424
500 22
379 424
381 9
696 664
508 
436 646 706 760 
436 646
706 646
760 436
492 
95 122 110 591 674 616 290 265 152 703 573 254 787 
95 122
110 95
591 110
674 110
616 674
290 616
265 591
152 265
703 591
573 674
254 573
787 703
456 
431 
164 613 611 42 590 332 
164 613
611 164
42 611
590 42
332 590
2 689 189 719 584 373 498 495 605 542 743 742 447 751 432 
2 689
189 689
719 189
584 719
373 689
498 2
495 719
605 498
542 719
743 605
742 495
447 373
751 742
432 447
586 645 273 
586 645
586 273
220 467 663 337 396 442 139 502 397 113 376 148 421 
220 467
663 467
337 663
396 663
442 337
139 442
502 139
397 396
113 502
376 396
148 397
421 376
463 740 675 169 
463 740
675 740
169 675
451 488 48 458 
451 488
48 488
458 451
172 744 278 389 339 341 145 745 63 241 599 415 280 732 330 102 14 414 778 208 271 256 228 673 
172 744
278 744
389 744
339 172
341 278
145 339
745 341
63 339
241 63
599 63
415 389
280 415
732 241
330 599
102 745
14 241
414 330
778 145
208 330
271 778
256 14
228 280
673 271
443 765 
443 765
41 632 566 549 100 633 351 186 570 293 
41 632
566 41
549 632
100 566
633 566
351 549
186 549
570 186
293 351
108 425 158 475 285 
108 425
158 425
475 108
285 158
81 429 759 65 225 382 541 486 517 176 587 
81 429
759 429
65 429
225 65
382 225
541 65
486 382
517 382
176 486
587 176
419 612 68 238 
419 612
68 612
238 419
19 117 448 529 
19 117
448 117
529 19
247 452 127 345 635 403 661 479 387 336 460 499 634 209 774 680 97 
247 452
127 247
345 452
635 247
403 635
661 403
479 452
387 661
336 387
460 479
499 479
634 336
209 460
774 499
680 634
97 336
530 720 259 109 
530 720
259 720
109 720
567 715 
567 715
524 569 151 222 
524 569
151 524
222 524
62 522 82 520 76 427 753 178 601 
62 522
82 62
520 522
76 62
427 76
753 82
178 520
601 753
509 746 23 404 614 153 433 0 212 783 128 93 106 144 255 361 328 134 167 
509 746
23 509
404 746
614 23
153 746
433 509
0 614
212 153
783 153
128 212
93 614
106 433
144 128
255 0
361 93
328 106
134 361
167 144
395 
344 
71 623 216 340 697 224 527 
71 623
216 71
340 71
697 216
224 697
527 340
299 392 625 579 688 162 441 371 578 326 87 194 624 727 53 402 798 
299 392
625 299
579 299
688 579
162 579
441 162
371 441
578 625
326 579
87 371
194 688
624 578
727 624
53 441
402 194
798 624
323 
59 514 772 701 329 709 12 438 739 124 157 317 400 342 
59 514
772 59
701 514
329 772
709 772
12 329
438 12
739 701
124 438
157 329
317 739
400 157
342 400
258 653 430 537 
258 653
430 653
537 430
510 539 
510 539
384 393 639 401 78 773 406 410 181 1 370 353 390 
384 393
639 384
401 384
78 401
773 393
406 639
410 639
181 401
1 181
370 406
353 1
390 1
275 
193 
7 761 358 377 596 183 662 17 283 185 609 775 147 532 132 399 412 276 24 
7 761
358 761
377 761
596 377
183 377
662 183
17 662
283 183
185 596
609 185
775 17
147 185
532 283
132 775
399 17
412 775
276 132
24 609
173 
284 327 607 781 779 576 130 297 343 160 21 28 119 89 45 485 146 195 101 10 391 568 621 462 593 
284 327
607 284
781 327
779 327
576 779
130 779
297 327
343 607
160 297
21 130
28 297
119 343
89 21
45 781
485 160
146 89
195 485
101 343
10 45
391 28
568 195
621 568
462 101
593 10
197 790 318 190 544 316 213 
197 790
318 790
190 318
544 197
316 544
213 544
166 274 125 481 325 707 359 369 627 490 718 52 737 771 459 90 762 
166 274
125 166
481 166
325 481
707 125
359 325
369 707
627 325
490 325
718 707
52 369
737 52
771 627
459 718
90 274
762 459
140 
156 232 
156 232
37 699 670 
37 699
37 670
94 496 303 722 313 
94 496
303 94
722 496
313 722
305 692 230 159 291 507 304 559 
305 692
230 692
159 305
291 692
507 305
304 159
559 230
571 784 126 355 480 554 642 717 644 735 515 240 677 
571 784
126 784
355 784
480 126
554 480
642 480
717 554
644 717
735 554
515 642
240 735
677 240
171 478 118 
171 118
171 478
440 654 61 610 503 
440 654
61 654
610 61
503 61
84 
526 769 269 407 785 730 
526 769
269 526
407 769
785 407
730 269
107 592 
107 592
334 363 473 411 237 564 409 192 428 154 72 780 667 652 349 444 
334 363
473 334
411 473
237 363
564 473
409 564
192 334
428 192
154 237
72 192
780 411
667 409
652 667
349 428
444 349
39 69 354 666 251 556 174 184 138 366 
39 69
354 39
666 39
251 666
556 666
174 354
184 556
138 184
366 138
79 378 725 
79 725
79 378
70 788 650 356 
70 788
650 788
356 650
331 595 455 
331 455
331 595
3 310 210 394 
3 310
210 3
394 310
418 588 105 695 99 450 755 123 694 261 777 551 736 504 300 150 262 516 196 
418 588
105 588
695 418
99 588
450 99
755 99
123 105
694 99
261 755
777 450
551 261
736 695
504 123
300 736
150 777
262 736
516 694
196 123
104 648 281 348 617 13 18 445 320 698 754 449 533 198 
104 648
281 104
348 281
617 648
13 348
18 348
445 348
320 445
698 617
754 320
449 698
533 449
198 698
268 307 531 
268 531
268 307
