? 3 299 392 625 
? 3 395 655 670 
? 3 480 642 126 
? 3 4 388 597 
? 3 39 691 666 
? 3 571 784 515 
? 3 598 777 450 
? 3 419 439 612 
? 3 182 457 631 
? 3 710 798 578 
? 3 350 656 647 
? 3 721 733 205 
? 3 163 765 767 
!
163 765 767 
163 765
163 767
398 545 11 58 246 
398 545
11 398
58 398
246 398
721 733 205 
721 733
721 205
230 305 692 291 559 128 
230 305
692 305
291 305
559 230
128 291
487 682 32 758 633 566 100 
487 682
32 682
758 487
633 32
566 633
100 566
162 441 53 579 
162 441
53 441
579 162
125 274 707 166 481 325 369 359 737 718 627 52 459 490 
125 274
707 125
166 274
481 274
325 481
369 707
359 274
737 369
718 707
627 325
52 369
459 707
490 325
476 600 503 309 677 538 40 240 61 5 654 610 537 731 
476 600
503 476
309 476
677 600
538 600
40 309
240 677
61 503
5 309
654 61
610 61
537 503
731 503
495 742 751 542 719 189 584 689 
495 742
751 742
542 495
719 542
189 719
584 189
689 189
88 679 535 628 64 239 378 36 
88 679
535 88
628 88
64 679
239 628
378 64
36 239
70 788 650 416 672 48 488 287 356 533 141 173 458 477 
70 788
650 788
416 788
672 416
48 650
488 48
287 672
356 48
533 70
141 533
173 141
458 488
477 356
715 
328 539 106 151 144 524 
328 539
106 328
151 539
144 539
524 151
43 138 184 556 621 18 
43 138
184 43
556 184
621 556
18 138
258 653 475 108 430 
258 653
475 258
108 475
430 258
595 716 331 296 394 210 3 455 196 310 413 211 558 150 245 244 129 
595 716
331 595
296 716
394 296
210 716
3 210
455 210
196 455
310 3
413 595
211 413
558 413
150 558
245 394
244 196
129 210
431 786 764 21 130 
431 786
764 786
21 786
130 21
19 20 
19 20
233 540 8 660 118 364 171 200 438 478 124 306 
233 540
8 233
660 233
118 8
364 8
171 233
200 540
438 8
478 8
124 438
306 478
350 656 647 
350 656
350 647
710 798 578 
710 798
798 578
461 517 760 762 121 242 541 
461 517
760 461
762 760
121 517
242 121
541 242
250 629 107 685 604 96 
250 629
107 250
685 629
604 685
96 685
674 
646 706 
646 706
82 753 62 427 727 624 
82 753
62 82
427 62
727 62
624 727
190 792 318 270 471 197 790 140 316 544 618 307 469 268 201 531 44 213 55 29 426 117 
190 792
318 792
270 792
471 792
197 318
790 318
140 471
316 318
544 197
618 140
307 618
469 140
268 307
201 270
531 316
44 531
213 544
55 44
29 531
426 201
117 213
220 467 663 337 139 396 442 502 
220 467
663 467
337 663
139 337
396 337
442 337
502 139
182 457 631 
182 457
457 631
637 
295 553 493 114 435 253 155 506 565 254 577 302 787 573 708 703 285 591 27 766 110 265 158 136 425 193 592 95 
295 553
493 553
114 493
435 295
253 493
155 553
506 155
565 114
254 114
577 553
302 155
787 253
573 254
708 787
703 787
285 573
591 787
27 435
766 27
110 591
265 591
158 285
136 708
425 158
193 302
592 136
95 110
176 587 486 382 466 436 686 180 
176 587
486 176
382 486
466 587
436 466
686 466
180 466
334 363 564 411 237 473 192 409 154 428 72 780 606 652 349 667 444 
334 363
564 363
411 363
237 334
473 363
192 334
409 564
154 237
428 334
72 192
780 411
606 428
652 409
349 428
667 652
444 349
605 743 498 421 
605 743
498 743
421 605
602 
419 439 612 
419 612
439 612
251 354 
251 354
671 676 15 367 581 286 678 705 69 
671 676
15 676
367 671
581 676
286 15
678 367
705 286
69 286
552 
598 777 450 
777 450
598 450
105 588 123 99 
105 588
123 105
99 588
505 
355 717 554 644 
355 717
554 717
644 717
63 599 241 330 14 208 256 339 172 732 414 744 278 341 145 389 345 745 403 514 452 701 59 635 247 271 460 102 661 
63 599
241 63
330 599
14 241
208 330
256 14
339 63
172 339
732 14
414 208
744 172
278 744
341 744
145 744
389 744
345 208
745 341
403 345
514 732
452 345
701 514
59 514
635 403
247 452
271 414
460 271
102 745
661 403
13 754 320 348 445 281 
13 754
320 754
348 13
445 320
281 348
31 603 575 776 216 507 304 724 423 224 729 218 697 
31 603
575 603
776 603
216 31
507 31
304 507
724 575
423 776
224 507
729 724
218 724
697 507
497 
74 791 177 282 518 235 749 272 699 681 37 264 748 474 799 249 684 422 266 513 86 651 319 448 580 529 120 
74 791
177 74
282 791
518 177
235 791
749 74
272 282
699 235
681 699
37 699
264 518
748 177
474 272
799 264
249 264
684 37
422 249
266 474
513 282
86 266
651 513
319 799
448 681
580 651
529 684
120 580
492 
143 572 504 347 
143 572
504 572
347 143
463 
25 741 50 199 112 191 83 512 161 470 711 555 57 
25 741
50 741
199 741
112 25
191 112
83 199
512 50
161 191
470 161
711 112
555 161
57 512
415 
376 
634 680 336 229 387 232 
634 680
336 634
229 680
387 336
232 680
269 769 407 526 785 630 523 730 519 383 454 443 750 202 362 
269 769
407 769
526 407
785 407
630 407
523 269
730 523
519 730
383 730
454 730
443 454
750 630
202 750
362 519
571 784 515 
571 784
784 515
178 574 714 267 636 520 472 73 149 227 771 76 522 
178 574
714 178
267 714
636 574
520 267
472 267
73 472
149 267
227 149
771 574
76 771
522 76
206 638 311 85 
206 638
311 206
85 206
451 527 87 371 
451 527
87 451
371 87
231 420 690 494 536 704 6 131 219 22 221 726 207 453 465 664 9 424 279 379 500 133 381 696 
231 420
690 231
494 420
536 690
704 231
6 494
131 420
219 690
22 131
221 536
726 6
207 22
453 22
465 726
664 207
9 453
424 221
279 726
379 424
500 664
133 379
381 9
696 664
2 373 
2 373
509 746 23 614 404 433 153 0 783 212 
509 746
23 746
614 746
404 509
433 746
153 404
0 614
783 153
212 153
586 645 165 641 51 
586 645
165 586
641 165
51 165
589 738 77 640 673 778 440 209 616 290 735 
589 738
77 589
640 738
673 738
778 640
440 77
209 673
616 77
290 616
735 440
81 429 759 225 
81 429
759 429
225 81
217 324 770 292 
217 324
770 217
292 217
116 257 103 385 342 215 400 30 709 772 157 135 329 12 280 228 528 
116 257
103 116
385 103
342 103
215 385
400 103
30 400
709 400
772 709
157 400
135 157
329 157
12 329
280 385
228 280
528 228
408 550 489 768 
408 550
489 408
768 408
365 569 
365 569
546 728 380 115 
546 728
380 728
115 546
344 725 687 534 583 322 794 620 79 
344 725
687 344
534 687
583 725
322 344
794 322
620 322
79 583
372 548 198 315 698 562 713 255 617 134 734 366 648 449 92 361 170 93 104 
372 548
198 548
315 372
698 372
562 315
713 315
255 713
617 198
134 255
734 548
366 734
648 617
449 698
92 366
361 134
170 92
93 134
104 648
360 
340 
214 273 723 756 702 386 683 
214 273
723 273
756 273
702 723
386 723
683 756
28 297 160 391 781 485 10 593 284 45 327 195 779 576 34 568 60 
28 297
160 28
391 28
781 297
485 160
10 28
593 10
284 781
45 10
327 284
195 485
779 327
576 779
34 593
568 195
60 34
238 
35 446 289 456 142 236 248 97 525 561 333 187 298 98 
35 446
289 446
456 35
142 289
236 35
248 35
97 236
525 236
561 456
333 142
187 456
298 142
98 333
175 374 491 66 
175 374
491 374
66 491
119 607 
119 607
164 611 613 42 321 590 332 243 346 38 622 46 795 
164 611
613 164
42 611
321 42
590 321
332 590
243 332
346 590
38 243
622 346
46 38
795 46
167 
113 
368 657 496 94 314 468 563 68 797 303 188 722 222 80 626 277 313 501 510 
368 657
496 657
94 496
314 496
468 368
563 368
68 468
797 468
303 94
188 314
722 496
222 303
80 222
626 563
277 188
313 722
501 797
510 222
49 
109 665 275 147 789 185 720 658 793 262 609 530 736 300 24 294 259 669 312 560 226 543 712 521 596 
109 665
275 665
147 109
789 665
185 789
720 665
658 275
793 275
262 147
609 789
530 720
736 262
300 720
24 609
294 793
259 300
669 789
312 669
560 530
226 294
543 658
712 226
521 543
596 262
643 752 352 335 479 234 357 
643 752
352 643
335 643
479 335
234 752
357 335
54 747 483 557 434 585 91 288 608 223 111 659 308 67 252 582 174 
54 747
483 747
557 483
434 483
585 434
91 54
288 747
608 288
223 91
111 91
659 288
308 111
67 111
252 223
582 585
174 582
33 
89 146 
89 146
39 691 666 
39 691
39 666
432 447 619 148 397 
432 447
619 447
148 432
397 148
71 623 194 402 326 688 159 601 
71 623
194 623
402 71
326 194
688 194
159 71
601 71
132 276 775 508 516 412 694 551 755 261 56 17 168 
132 276
775 276
508 132
516 132
412 276
694 516
551 516
755 551
261 551
56 412
17 775
168 56
4 388 597 
4 597
388 597
75 437 179 405 511 
75 437
179 75
405 437
511 405
26 
204 263 615 90 547 484 
204 263
615 263
90 263
547 204
484 615
65 399 
65 399
137 482 757 16 301 338 700 375 47 594 796 323 260 763 417 782 
137 482
757 482
16 137
301 16
338 482
700 16
375 482
47 375
594 482
796 16
323 594
260 594
763 47
417 796
782 417
7 377 358 183 761 283 662 695 532 418 
7 377
358 7
183 377
761 377
283 183
662 358
695 7
532 283
418 695
480 642 126 
480 642
480 126
203 693 649 567 
203 693
649 693
567 203
395 655 670 
395 670
395 655
317 739 156 127 
317 739
156 317
127 739
384 393 639 401 773 181 406 499 774 410 152 370 1 78 390 353 122 464 668 
384 393
639 393
401 393
773 393
181 401
406 639
499 639
774 499
410 639
152 774
370 406
1 181
78 181
390 181
353 390
122 353
464 370
668 152
186 570 549 169 101 675 351 84 632 293 462 343 740 41 
186 570
549 186
169 186
101 169
675 101
351 186
84 351
632 549
293 351
462 101
343 462
740 462
41 632
299 392 625 
299 625
299 392
