? 3 365 683 612 
? 3 211 721 651 
? 3 53 162 578 
? 3 205 597 710 
? 3 38 46 243 
? 3 107 250 629 
? 3 206 638 311 
? 3 685 763 96 
? 3 362 454 383 
? 3 251 666 354 
? 3 127 550 489 
? 3 156 317 232 
? 3 4 388 733 
!
4 388 733 
388 733
4 733
299 392 441 579 625 
299 392
441 299
579 299
625 299
156 317 232 
156 317
156 232
269 769 526 730 523 519 
269 769
526 769
730 269
523 730
519 730
88 628 679 535 239 64 583 
88 628
679 88
535 679
239 628
64 679
583 64
447 619 397 373 
447 619
397 619
373 447
760 762 461 517 707 459 121 718 90 180 49 125 405 168 
760 762
461 760
517 461
707 762
459 707
121 517
718 707
90 762
180 90
49 180
125 707
405 49
168 121
671 676 15 367 170 678 581 705 286 69 691 184 92 39 
671 676
15 671
367 676
170 676
678 671
581 671
705 15
286 705
69 286
691 69
184 678
92 170
39 69
436 686 437 646 466 179 75 587 
436 686
437 686
646 436
466 437
179 437
75 437
587 436
226 712 567 649 693 606 534 379 
226 712
567 712
649 226
693 649
606 693
534 606
379 649
32 682 487 750 202 633 293 758 351 630 566 795 407 785 
32 682
487 682
750 32
202 32
633 32
293 682
758 487
351 293
630 202
566 633
795 758
407 630
785 407
765 
498 743 605 432 421 148 
498 743
605 498
432 605
421 743
148 432
296 716 595 394 413 210 
296 716
595 716
394 296
413 716
210 595
344 725 687 322 794 
344 725
687 344
322 344
794 322
31 603 575 776 216 507 423 304 697 722 724 729 601 224 218 159 313 
31 603
575 31
776 603
216 31
507 31
423 31
304 507
697 507
722 776
724 575
729 724
601 216
224 507
218 724
159 304
313 224
586 645 165 51 505 
586 645
165 586
51 165
505 51
284 607 
284 607
495 742 751 719 542 584 189 689 2 176 486 759 
495 742
751 742
719 495
542 719
584 719
189 719
689 189
2 689
176 751
486 176
759 542
127 550 489 
550 489
127 550
251 666 354 
251 666
251 354
82 753 194 62 402 688 326 
82 753
194 82
62 82
402 194
688 194
326 194
164 613 611 42 321 590 
164 613
611 164
42 611
321 42
590 42
764 
511 706 
511 706
11 58 398 229 634 680 
11 58
398 58
229 11
634 229
680 634
231 690 536 420 494 704 219 6 131 221 521 543 453 22 726 664 9 424 207 279 133 465 
231 690
536 690
420 231
494 231
704 231
219 690
6 494
131 420
221 219
521 221
543 521
453 219
22 453
726 494
664 453
9 453
424 221
207 664
279 726
133 9
465 279
13 754 320 445 361 93 18 153 
13 754
320 754
445 320
361 13
93 361
18 445
153 93
362 454 383 
454 383
362 454
631 
74 791 177 272 749 518 235 699 282 681 37 748 513 264 319 474 799 86 266 684 448 213 422 580 529 249 120 426 
74 791
177 74
272 74
749 272
518 177
235 791
699 235
282 74
681 699
37 699
748 272
513 74
264 177
319 264
474 748
799 264
86 282
266 474
684 37
448 699
213 448
422 264
580 513
529 684
249 422
120 580
426 264
43 138 533 281 648 348 621 556 
43 138
533 43
281 533
648 281
348 281
621 43
556 621
240 677 600 654 717 476 440 40 61 503 610 355 538 309 644 5 731 
240 677
600 677
654 677
717 677
476 600
440 654
40 600
61 654
503 61
610 503
355 717
538 40
309 476
644 717
5 309
731 610
312 647 656 350 
312 647
656 647
350 656
604 
685 763 96 
685 96
685 763
419 439 
419 439
214 273 723 641 702 756 626 386 277 
214 273
723 214
641 723
702 723
756 273
626 756
386 723
277 626
592 
206 638 311 
206 311
638 311
217 770 324 292 
217 770
324 217
292 217
572 
475 653 258 108 
475 653
258 653
108 653
63 599 241 330 14 339 208 278 732 744 256 172 414 341 745 345 389 145 271 514 403 701 739 452 59 460 247 661 635 
63 599
241 63
330 63
14 599
339 63
208 330
278 599
732 14
744 278
256 14
172 744
414 330
341 744
745 341
345 208
389 278
145 172
271 339
514 732
403 345
701 514
739 701
452 345
59 514
460 271
247 452
661 403
635 403
204 263 615 484 457 547 
204 263
615 263
484 615
457 484
547 484
230 305 692 291 559 128 144 340 167 212 71 783 623 
230 305
692 305
291 305
559 230
128 291
144 291
340 559
167 144
212 144
71 340
783 212
623 71
541 
295 553 493 155 506 114 435 253 577 565 254 302 787 708 573 285 703 27 591 766 110 136 265 158 95 425 193 
295 553
493 295
155 553
506 553
114 493
435 295
253 114
577 155
565 253
254 114
302 155
787 565
708 565
573 254
285 573
703 787
27 435
591 703
766 27
110 591
136 708
265 703
158 285
95 110
425 158
193 302
492 
113 502 696 376 
113 502
696 113
376 502
395 
137 482 16 757 301 375 700 47 338 594 323 796 417 
137 482
16 137
757 482
301 16
375 301
700 16
47 375
338 757
594 482
323 594
796 301
417 796
382 
360 
509 746 23 404 433 614 
509 746
23 746
404 746
433 746
614 509
54 747 483 557 434 288 585 91 223 608 111 659 308 582 252 
54 747
483 747
557 483
434 483
288 747
585 434
91 747
223 91
608 288
111 91
659 288
308 111
582 434
252 223
107 250 629 
250 629
107 250
70 788 650 416 29 287 356 672 48 55 141 173 458 
70 788
650 788
416 70
29 416
287 416
356 650
672 416
48 650
55 29
141 70
173 141
458 48
451 527 488 371 
451 527
488 451
371 451
89 130 21 146 
89 130
21 130
146 130
228 528 280 515 415 215 385 102 642 116 103 257 480 342 126 784 709 778 571 400 772 640 554 735 
228 528
280 228
515 228
415 515
215 280
385 215
102 385
642 515
116 385
103 116
257 103
480 642
342 103
126 480
784 126
709 103
778 415
571 784
400 342
772 709
640 778
554 126
735 554
274 359 
274 359
60 741 25 50 199 112 83 191 512 161 
60 741
25 60
50 741
199 50
112 60
83 199
191 112
512 50
161 191
175 374 33 782 408 
175 374
33 175
782 33
408 33
589 738 77 673 209 290 616 537 674 430 479 
589 738
77 589
673 738
209 673
290 77
616 290
537 290
674 616
430 537
479 209
568 786 431 779 
568 786
431 786
779 568
470 555 711 602 
470 555
711 470
602 555
233 540 118 8 364 660 135 200 438 171 124 157 478 30 306 12 329 
233 540
118 233
8 118
364 233
660 233
135 540
200 540
438 364
171 8
124 438
157 135
478 171
30 135
306 478
12 157
329 12
67 346 332 622 
67 346
332 346
622 346
624 798 
624 798
19 117 670 477 
19 117
670 19
477 117
101 169 462 675 740 119 343 84 463 
101 169
462 101
675 462
740 462
119 462
343 119
84 675
463 675
384 393 639 401 78 410 773 181 774 370 390 1 406 499 152 353 122 464 668 
384 393
639 393
401 393
78 384
410 393
773 639
181 384
774 401
370 773
390 181
1 181
406 773
499 639
152 181
353 181
122 353
464 370
668 152
260 
242 
220 467 663 337 396 139 442 
220 467
663 467
337 467
396 337
139 337
442 139
132 508 276 516 775 412 694 551 261 755 99 26 598 358 450 662 777 
132 508
276 508
516 508
775 276
412 775
694 516
551 516
261 551
755 261
99 755
26 508
598 261
358 694
450 755
662 358
777 450
238 
418 588 105 695 123 7 504 150 196 244 331 761 715 558 
418 588
105 588
695 588
123 105
7 695
504 123
150 418
196 150
244 196
331 196
761 7
715 504
558 150
335 643 352 357 
335 643
352 335
357 335
336 387 
336 387
35 446 456 289 142 248 97 236 525 333 561 298 187 
35 446
456 35
289 446
142 289
248 446
97 35
236 35
525 236
333 446
561 525
298 289
187 456
182 
174 
334 363 564 473 237 411 409 192 72 428 667 154 652 780 349 246 444 620 203 
334 363
564 363
473 363
237 363
411 564
409 564
192 334
72 192
428 72
667 409
154 564
652 667
780 411
349 428
246 652
444 154
620 349
203 72
87 
178 574 714 636 490 520 267 73 472 149 737 427 771 481 627 497 325 522 52 76 369 727 227 56 166 
178 574
714 178
636 574
490 574
520 714
267 714
73 574
472 73
149 267
737 636
427 490
771 427
481 490
627 771
497 636
325 627
522 520
52 737
76 427
369 481
727 522
227 267
56 497
166 325
183 377 596 283 17 532 399 
183 377
596 377
283 596
17 596
532 283
399 532
190 792 318 270 471 790 197 140 618 316 307 469 544 268 531 201 44 
190 792
318 792
270 792
471 792
790 270
197 318
140 471
618 140
316 318
307 618
469 618
544 197
268 307
531 544
201 270
44 268
85 
79 378 
79 378
38 46 243 
38 46
38 243
3 310 245 66 491 
3 310
245 310
66 245
491 66
546 728 380 234 552 115 752 768 
546 728
380 728
234 728
552 380
115 234
752 552
768 115
28 297 391 160 485 10 327 195 576 45 34 781 593 
28 297
391 28
160 297
485 297
10 28
327 297
195 485
576 195
45 10
34 391
781 45
593 34
205 597 710 
597 710
205 597
328 539 106 569 524 
328 539
106 328
569 328
524 569
0 
98 347 129 143 455 545 
98 347
129 347
143 347
455 129
545 347
20 655 
20 655
94 496 657 314 468 303 368 222 68 510 563 80 151 501 188 797 
94 496
657 94
314 657
468 496
303 94
368 657
222 314
68 468
510 303
563 657
80 222
151 510
501 468
188 563
797 368
41 632 549 57 767 100 163 186 570 443 
41 632
549 632
57 632
767 57
100 767
163 100
186 549
570 186
443 163
53 162 578 
162 578
53 162
381 637 36 500 
381 637
36 381
500 381
211 721 651 
721 651
211 651
81 429 225 65 
81 429
225 429
65 225
109 665 275 147 789 185 658 720 793 530 609 300 736 24 294 262 669 259 560 
109 665
275 665
147 109
789 109
185 789
658 275
720 147
793 275
530 720
609 789
300 720
736 185
24 609
294 793
262 736
669 789
259 300
560 530
372 548 198 698 315 562 617 134 713 734 255 449 366 104 
372 548
198 372
698 372
315 198
562 315
617 698
134 198
713 315
734 548
255 713
449 698
366 562
104 698
365 683 612 
365 683
365 612
