? 12 13 536 484 338 246 237 173 135 40 522 718 61 
? 12 12 30 615 324 512 470 661 546 682 670 279 120 
? 12 44 140 671 228 252 608 317 774 792 587 529 385 
? 12 248 353 755 777 109 440 659 636 591 639 10 152 
? 12 232 441 368 77 331 477 327 230 568 4 451 420 
? 12 539 580 307 449 233 66 211 464 217 328 754 93 
? 11 189 260 606 138 373 579 740 439 769 489 768 
? 11 588 781 303 198 280 194 294 764 158 212 407 
? 11 149 334 315 207 87 360 567 513 560 316 714 
? 10 502 548 733 187 414 775 41 261 705 640 
? 10 5 196 642 38 672 425 304 151 498 458 
? 10 114 462 683 631 269 386 335 221 25 144 
? 9 73 742 648 643 278 535 174 654 699 
? 9 67 320 332 266 69 250 453 547 172 
? 9 150 551 18 167 660 326 641 341 9 
? 9 113 349 656 782 118 494 652 169 456 
? 9 288 773 141 148 523 417 108 476 298 
? 8 600 731 52 359 102 543 609 537 
? 8 299 495 292 268 657 92 665 749 
? 8 253 793 461 450 761 14 442 35 
? 7 146 270 626 311 68 293 675 
? 7 444 527 398 633 794 403 154 
? 7 89 707 134 432 520 776 730 
? 7 443 767 177 79 628 676 218 
? 7 124 518 119 630 556 62 90 
? 7 309 369 351 787 42 190 23 
? 7 404 790 239 467 276 159 104 
? 7 57 696 395 687 51 50 117 
? 7 107 434 622 677 203 301 623 
? 7 76 285 688 684 188 515 376 
? 7 563 655 760 229 649 436 147 
? 6 226 662 601 762 282 540 
? 6 388 645 402 576 225 528 
? 6 738 756 752 115 26 22 
? 6 96 469 127 143 503 49 
? 6 205 509 763 445 739 296 
? 6 468 629 558 514 521 374 
? 6 72 210 758 612 123 788 
? 6 213 243 364 426 565 345 
? 6 181 595 497 355 723 686 
? 6 409 431 734 685 750 321 
? 6 0 371 481 491 422 691 
? 6 98 208 704 479 607 145 
? 6 570 713 557 122 542 708 
? 6 415 463 63 724 375 757 
? 6 106 483 447 389 472 263 
? 5 185 765 216 6 585 
? 5 235 745 583 562 396 
? 5 3 743 653 325 289 
? 5 82 748 323 83 744 
? 5 281 372 94 133 16 
? 5 231 783 156 778 605 
? 5 162 254 318 84 635 
? 5 313 519 300 455 283 
? 5 64 405 382 796 340 
? 5 46 571 136 377 454 
? 5 251 435 295 55 344 
? 5 339 475 19 624 664 
? 5 110 184 703 86 271 
? 5 638 771 428 785 393 
? 5 34 457 460 697 597 
? 5 81 798 589 592 125 
? 5 78 618 732 357 397 
? 5 423 474 88 736 383 
? 4 29 478 695 698 
? 4 381 408 499 392 
? 4 366 727 747 516 
? 4 182 430 1 651 
? 4 74 561 471 161 
? 4 45 577 121 619 
? 4 39 310 566 319 
? 4 501 647 2 532 
? 4 482 525 65 644 
? 4 139 336 728 411 
? 4 616 681 337 262 
? 4 75 308 530 302 
? 4 180 581 541 465 
? 4 99 706 247 770 
? 4 421 689 132 531 
? 4 111 701 36 286 
? 4 179 193 312 214 
? 4 329 575 554 186 
? 4 265 297 797 492 
? 4 8 384 486 504 
? 4 70 611 725 614 
? 4 71 466 490 257 
? 4 60 717 53 80 
? 3 496 789 594 
? 3 219 721 275 
? 3 287 617 322 
? 3 550 658 517 
? 3 37 427 354 
? 3 361 719 620 
? 3 391 735 105 
? 3 510 680 446 
? 3 15 91 678 
? 3 507 534 433 
? 3 204 362 582 
? 3 410 650 306 
? 3 538 795 637 
? 3 116 245 27 
? 3 48 157 716 
? 3 272 452 505 
? 3 610 667 573 
? 3 176 500 572 
? 3 346 751 526 
? 3 399 564 448 
? 3 666 674 545 
? 3 126 249 712 
? 3 47 690 223 
? 3 508 593 258 
? 3 178 533 343 
? 3 11 256 330 
? 3 604 625 163 
? 3 314 779 17 
!
60 717 53 80 
60 80
60 717
53 80
772 
766 
314 779 17 
314 779
779 17
753 
166 394 
166 394
234 277 
234 277
183 549 
183 549
32 634 
32 634
106 483 447 389 472 263 
106 483
389 472
483 447
389 263
447 263
129 379 
129 379
415 463 63 724 375 757 
63 724
724 757
415 463
415 375
415 63
288 773 141 148 523 417 108 476 298 
476 298
773 417
288 417
148 417
148 523
773 141
523 108
148 298
539 580 307 449 233 66 211 464 217 328 754 93 
464 328
307 449
211 328
539 580
580 449
217 754
449 66
580 211
233 66
66 93
539 217
71 466 490 257 
466 490
71 257
71 490
604 625 163 
604 625
625 163
11 256 330 
256 330
11 256
423 474 88 736 383 
423 474
88 383
423 88
474 736
178 533 343 
178 533
178 343
160 192 
160 192
380 603 
380 603
352 506 348 473 238 488 759 259 137 197 54 21 290 
352 506
348 506
473 352
238 352
488 473
759 506
259 473
137 348
197 137
54 197
21 488
290 137
199 710 
199 710
720 
563 655 760 229 649 436 147 
655 760
563 760
760 229
229 147
649 436
563 649
78 618 732 357 397 
618 732
78 618
357 397
732 357
24 202 602 487 128 784 43 729 673 85 227 424 480 112 
24 202
602 202
487 602
128 602
784 24
43 487
729 43
673 602
85 128
227 784
424 784
480 227
112 424
711 
555 574 
555 574
702 
31 438 
31 438
693 
232 441 368 77 331 477 327 230 568 4 451 420 
327 420
232 441
327 4
477 230
232 451
230 568
368 477
77 230
441 368
368 420
331 420
70 611 725 614 
611 614
70 614
611 725
692 
679 
171 206 
171 206
81 798 589 592 125 
81 798
81 589
81 125
81 592
669 
305 493 
305 493
149 334 315 207 87 360 567 513 560 316 714 
87 567
149 207
315 207
334 315
567 714
334 714
149 513
560 316
360 560
315 360
508 593 258 
508 258
508 593
76 285 688 684 188 515 376 
76 515
188 515
76 285
285 688
688 684
688 376
412 694 
412 694
663 
646 
632 
599 
34 457 460 697 597 
34 697
457 697
34 597
457 460
570 713 557 122 542 708 
570 713
122 542
557 542
542 708
713 122
559 586 
559 586
47 690 223 
47 690
690 223
8 384 486 504 
8 384
8 486
384 504
114 462 683 631 269 386 335 221 25 144 
114 462
631 386
114 683
462 269
386 144
221 25
683 335
462 631
335 221
265 297 797 492 
265 297
297 797
297 492
638 771 428 785 393 
638 428
638 393
771 428
771 785
588 781 303 198 280 194 294 764 158 212 407 
198 294
588 781
280 407
294 158
194 212
303 198
781 198
303 280
194 158
588 764
236 578 
236 578
200 242 
200 242
329 575 554 186 
575 554
329 554
575 186
107 434 622 677 203 301 623 
622 203
434 203
107 434
622 623
677 623
301 623
189 260 606 138 373 579 740 439 769 489 768 
189 260
189 373
138 489
138 579
740 489
606 768
740 769
260 740
606 373
606 439
248 353 755 777 109 440 659 636 591 639 10 152 
248 353
10 152
636 639
755 777
659 591
353 777
440 659
109 636
248 440
440 152
777 109
253 793 461 450 761 14 442 35 
253 793
461 442
442 35
793 461
253 450
461 14
793 761
113 349 656 782 118 494 652 169 456 
118 494
113 349
349 656
782 494
656 118
118 169
782 652
349 456
126 249 712 
126 712
249 712
596 
44 140 671 228 252 608 317 774 792 587 529 385 
140 228
252 774
792 587
44 140
44 671
317 792
671 529
228 608
671 587
228 774
529 385
666 674 545 
666 545
674 545
399 564 448 
399 564
564 448
358 746 621 255 613 224 164 416 799 7 33 240 419 387 195 97 485 
358 746
621 358
255 746
613 621
224 613
164 255
416 224
799 621
7 799
33 164
240 416
419 7
387 416
195 33
97 195
485 195
524 584 
524 584
103 700 
103 700
346 751 526 
346 751
751 526
110 184 703 86 271 
110 703
184 703
703 86
184 271
12 30 615 324 512 470 661 546 682 670 279 120 
12 30
30 615
324 546
512 661
682 670
546 670
30 324
512 682
12 470
512 120
546 279
590 
5 196 642 38 672 425 304 151 498 458 
38 458
5 196
5 642
38 425
642 425
304 458
38 498
642 151
196 672
552 
339 475 19 624 664 
339 19
339 475
19 624
339 664
299 495 292 268 657 92 665 749 
268 657
665 749
299 495
268 749
292 657
299 92
495 665
544 
176 500 572 
176 572
176 500
251 435 295 55 344 
251 435
295 344
435 344
251 55
46 571 136 377 454 
46 571
571 377
136 454
46 136
98 208 704 479 607 145 
98 704
208 479
208 145
208 704
98 607
610 667 573 
610 573
610 667
201 390 
201 390
272 452 505 
272 452
452 505
57 696 395 687 51 50 117 
57 696
57 395
57 687
687 117
687 51
395 50
48 157 716 
48 157
157 716
13 536 484 338 246 237 173 135 40 522 718 61 
536 484
338 522
246 173
13 536
40 61
338 173
522 718
484 246
13 237
246 135
338 40
168 569 
168 569
116 245 27 
116 245
245 27
179 193 312 214 
179 193
312 214
193 214
64 405 382 796 340 
64 405
64 382
405 796
405 340
538 795 637 
795 637
538 795
59 155 
59 155
410 650 306 
650 306
410 306
204 362 582 
204 362
204 582
291 722 
291 722
313 519 300 455 283 
313 300
313 519
313 455
313 283
162 254 318 84 635 
162 84
162 254
254 318
254 635
507 534 433 
534 433
507 534
511 
437 
111 701 36 286 
111 286
701 36
111 701
56 220 
56 220
0 371 481 491 422 691 
0 481
491 691
371 481
371 422
0 691
365 726 
365 726
15 91 678 
15 91
15 678
510 680 446 
510 680
510 446
413 
378 
370 
367 
356 
350 
347 
284 400 
284 400
342 
231 783 156 778 605 
783 156
778 605
231 783
156 605
333 
391 735 105 
391 105
391 735
281 372 94 133 16 
281 133
281 372
133 16
94 16
142 363 
142 363
715 791 
715 791
421 689 132 531 
421 689
421 132
132 531
274 
99 706 247 770 
99 770
99 706
99 247
404 790 239 467 276 159 104 
404 467
790 467
790 159
404 239
159 104
276 104
409 431 734 685 750 321 
409 431
750 321
431 734
685 750
409 750
273 
361 719 620 
719 620
361 719
82 748 323 83 744 
82 323
748 323
82 83
748 744
150 551 18 167 660 326 641 341 9 
18 660
167 341
150 551
167 326
551 326
150 18
660 9
150 641
181 595 497 355 723 686 
497 723
181 595
595 355
181 723
723 686
131 153 
131 153
67 320 332 266 69 250 453 547 172 
67 547
266 250
67 266
332 172
67 320
320 332
320 69
453 547
213 243 364 426 565 345 
213 426
243 426
364 426
243 565
213 345
267 
37 427 354 
427 354
37 427
72 210 758 612 123 788 
72 123
72 210
210 612
72 758
210 788
264 
180 581 541 465 
180 465
180 541
581 465
75 308 530 302 
75 530
75 308
530 302
222 598 
222 598
309 369 351 787 42 190 23 
369 351
309 351
309 787
351 42
787 190
369 23
468 629 558 514 521 374 
468 629
558 521
629 374
558 514
468 514
418 780 
418 780
616 681 337 262 
616 681
616 337
337 262
205 509 763 445 739 296 
205 509
445 739
509 296
205 763
509 739
124 518 119 630 556 62 90 
124 518
119 630
124 119
62 90
518 556
124 62
73 742 648 643 278 535 174 654 699 
742 648
742 535
278 535
73 648
643 174
174 654
73 699
648 643
550 658 517 
550 517
658 517
139 336 728 411 
139 336
728 411
139 728
244 
482 525 65 644 
482 525
525 65
482 644
241 
501 647 2 532 
501 647
647 532
2 532
39 310 566 319 
566 319
39 319
310 566
215 
401 429 
401 429
209 
191 
502 548 733 187 414 775 41 261 705 640 
548 733
733 187
261 705
502 548
502 261
414 261
414 775
187 640
502 41
96 469 127 143 503 49 
127 503
143 49
96 469
96 127
469 143
553 741 
553 741
175 
406 459 
406 459
170 
738 756 752 115 26 22 
738 756
756 115
26 22
738 22
752 115
165 
101 
287 617 322 
287 617
287 322
130 737 
130 737
45 577 121 619 
577 121
45 577
45 619
388 645 402 576 225 528 
388 645
645 402
225 528
645 528
388 576
100 
226 662 601 762 282 540 
601 282
226 662
662 282
662 762
601 540
74 561 471 161 
74 561
74 471
471 161
182 430 1 651 
182 430
430 651
430 1
443 767 177 79 628 676 218 
177 79
443 767
443 177
177 676
767 628
79 218
3 743 653 325 289 
3 743
743 653
3 289
325 289
366 727 747 516 
366 727
366 516
727 747
89 707 134 432 520 776 730 
432 520
89 707
134 520
776 730
432 776
89 134
95 
58 
444 527 398 633 794 403 154 
527 398
444 398
527 633
398 794
633 154
444 403
600 731 52 359 102 543 609 537 
600 359
600 731
102 537
731 543
52 609
102 609
52 359
219 721 275 
219 721
219 275
146 270 626 311 68 293 675 
68 293
146 270
270 626
626 311
270 68
311 675
235 745 583 562 396 
235 583
235 745
745 562
583 396
709 786 
709 786
627 668 
627 668
381 408 499 392 
381 408
408 392
381 499
185 765 216 6 585 
216 6
6 585
765 216
185 765
496 789 594 
496 789
496 594
28 
20 
29 478 695 698 
29 695
29 478
29 698
