? 12 443 767 177 79 628 71 257 218 407 75 676 692 
? 12 44 140 228 671 317 608 792 774 252 587 380 125 
? 12 248 353 755 777 109 440 659 636 591 639 10 152 
? 12 13 536 484 338 237 246 135 40 173 522 445 61 
? 12 232 441 368 331 77 477 480 568 327 4 420 230 
? 12 12 30 615 512 324 470 661 546 682 670 279 120 
? 11 63 415 463 724 757 375 298 476 417 288 773 
? 11 5 196 642 38 672 425 304 151 498 458 590 
? 11 600 731 52 359 102 537 609 543 634 772 719 
? 10 149 315 334 207 87 567 360 560 597 513 
? 10 150 551 167 18 326 660 641 700 341 206 
? 10 76 285 688 684 188 764 515 78 618 376 
? 9 67 320 266 332 69 250 453 547 172 
? 9 124 518 630 119 556 90 62 101 94 
? 9 189 260 606 138 740 579 373 489 769 
? 9 444 527 154 633 794 398 390 271 718 
? 9 502 548 733 187 775 261 414 41 640 
? 8 113 349 656 782 494 169 456 652 
? 8 114 462 683 631 335 386 269 221 
? 8 357 562 397 583 745 14 235 442 
? 7 122 485 147 277 708 713 557 
? 7 404 790 467 239 174 699 654 
? 7 3 743 289 653 657 325 268 
? 7 563 655 229 760 649 436 680 
? 7 72 210 758 612 555 788 422 
? 7 468 629 514 370 558 374 521 
? 7 181 595 497 412 686 723 355 
? 7 226 662 601 762 428 596 540 
? 7 539 580 307 449 211 233 66 
? 7 309 787 351 42 369 190 108 
? 7 299 495 92 47 292 665 749 
? 6 253 793 461 450 761 35 
? 6 272 520 432 452 505 27 
? 6 588 781 303 198 194 294 
? 6 381 408 142 392 666 499 
? 6 73 648 742 535 643 278 
? 6 146 270 626 311 68 293 
? 6 329 575 145 554 186 479 
? 6 148 523 141 478 29 23 
? 6 525 695 482 565 364 698 
? 6 0 481 371 491 296 58 
? 6 57 696 395 687 117 50 
? 6 98 208 704 607 16 83 
? 6 213 243 426 345 644 65 
? 6 214 454 646 144 437 46 
? 6 328 464 200 754 242 217 
? 5 106 483 447 389 472 
? 5 143 532 469 2 712 
? 5 201 321 28 409 750 
? 5 225 528 346 526 388 
? 5 121 577 45 669 619 
? 5 81 798 100 51 589 
? 5 19 475 339 624 664 
? 5 179 193 312 136 571 
? 5 96 503 127 789 496 
? 5 251 435 6 212 765 
? 5 714 738 756 115 752 
? 5 82 748 323 744 689 
? 5 313 455 519 300 786 
? 5 203 677 434 623 622 
? 5 162 254 84 318 236 
? 5 185 216 585 107 295 
? 5 385 529 592 31 105 
? 5 64 405 382 796 378 
? 4 638 771 785 393 
? 4 281 372 133 350 
? 4 8 486 384 460 
? 4 88 383 116 730 
? 4 11 685 256 431 
? 4 401 429 400 215 
? 4 231 783 156 778 
? 4 658 779 550 544 
? 4 265 297 797 492 
? 4 356 651 1 430 
? 4 34 457 524 697 
? 4 366 727 516 747 
? 4 616 681 337 262 
? 4 89 707 134 776 
? 4 39 310 319 566 
? 4 552 741 553 86 
? 4 180 465 541 581 
? 4 70 611 725 286 
? 4 130 283 737 709 
? 4 501 647 538 126 
? 4 48 157 716 702 
? 4 131 347 171 751 
? 4 99 770 247 91 
? 3 205 509 763 
? 3 110 184 703 
? 3 399 564 594 
? 3 627 668 80 
? 3 60 717 705 
? 3 471 508 561 
? 3 219 275 721 
? 3 37 427 354 
? 3 490 693 316 
? 3 306 650 241 
? 3 576 645 274 
? 3 36 701 111 
? 3 391 735 284 
? 3 175 728 411 
? 3 791 795 715 
? 3 204 362 301 
? 3 287 322 617 
? 3 439 768 559 
? 3 343 620 32 
? 3 244 504 17 
? 3 423 474 736 
? 3 178 533 263 
? 3 572 722 176 
? 3 273 675 413 
? 3 610 667 573 
? 3 333 433 534 
? 3 139 336 282 
? 3 53 249 637 
!
99 770 247 91 
99 770
99 247
99 91
766 
734 
53 249 637 
249 637
53 249
720 
49 448 
49 448
153 402 
153 402
22 26 
22 26
132 421 
132 421
328 464 200 754 242 217 
328 464
754 217
464 200
200 242
200 754
165 406 
165 406
214 454 646 144 437 46 
144 437
214 437
214 454
214 646
437 46
502 548 733 187 775 261 414 41 640 
548 733
733 187
502 548
502 261
261 414
775 414
187 640
502 41
12 30 615 512 324 470 661 546 682 670 279 120 
12 30
30 615
324 546
512 661
682 670
546 670
30 324
512 682
12 470
512 120
546 279
131 347 171 751 
347 751
131 171
131 751
139 336 282 
139 336
336 282
333 433 534 
333 534
333 433
64 405 382 796 378 
64 405
64 382
405 378
405 796
610 667 573 
610 573
610 667
129 379 
129 379
418 780 
418 780
352 506 348 473 759 259 488 137 54 197 21 238 290 
352 506
348 506
473 352
759 506
259 473
488 259
137 348
54 137
197 137
21 488
238 259
290 348
163 545 
163 545
711 
299 495 92 47 292 665 749 
665 749
299 495
47 665
292 749
299 92
495 47
385 529 592 31 105 
592 105
385 529
529 31
529 592
24 202 602 487 784 128 43 673 729 85 112 424 227 451 
24 202
602 202
487 602
784 202
128 487
43 487
673 128
729 43
85 128
112 85
424 112
227 24
451 227
710 
396 732 
396 732
694 
15 706 
15 706
690 
232 441 368 331 77 477 480 568 327 4 420 230 
327 420
232 441
327 4
477 230
568 230
368 477
77 230
441 368
232 480
368 420
331 420
48 157 716 702 
48 157
157 702
716 702
678 
663 
578 691 
578 691
185 216 585 107 295 
216 585
185 585
185 295
216 107
635 
9 103 
9 103
600 731 52 359 102 537 609 543 634 772 719 
600 359
600 731
102 537
731 543
52 609
102 609
52 359
537 634
600 772
634 719
273 675 413 
273 675
273 413
309 787 351 42 369 190 108 
351 369
309 351
309 787
351 42
42 108
787 190
159 410 
159 410
632 
614 
605 
603 
162 254 84 318 236 
318 236
162 84
162 254
254 318
213 243 426 345 644 65 
213 426
243 426
243 65
345 65
426 644
267 291 
267 291
572 722 176 
572 176
722 176
501 647 538 126 
647 126
501 647
647 538
76 285 688 684 188 764 515 78 618 376 
76 515
188 515
684 764
76 285
285 688
688 764
188 78
515 618
688 376
130 283 737 709 
283 737
283 709
130 737
203 677 434 623 622 
203 622
203 434
623 622
677 623
5 196 642 38 672 425 304 151 498 458 590 
38 458
5 196
5 642
38 425
642 425
498 590
304 458
38 498
642 151
196 672
93 340 
93 340
20 739 
20 739
70 611 725 286 
725 286
611 286
70 611
539 580 307 449 211 233 66 
307 449
539 580
580 449
449 66
580 211
233 66
63 415 463 724 757 375 298 476 417 288 773 
298 476
63 724
417 773
724 757
415 463
415 375
417 288
63 415
375 298
463 288
13 536 484 338 237 246 135 40 173 522 445 61 
536 484
338 522
246 173
13 536
40 61
135 445
338 173
484 246
13 237
13 445
338 40
357 562 397 583 745 14 235 442 
583 235
357 745
745 235
357 562
357 14
562 397
583 442
444 527 154 633 794 398 390 271 718 
633 271
527 398
444 398
527 271
154 271
794 390
794 398
444 718
178 533 263 
178 533
178 263
599 
248 353 755 777 109 440 659 636 591 639 10 152 
248 353
10 152
636 639
755 777
659 591
353 777
440 659
109 636
248 440
440 152
777 109
423 474 736 
423 474
474 736
244 504 17 
244 504
244 17
358 746 621 255 613 224 164 416 7 799 387 33 240 419 97 542 195 
358 746
621 358
255 746
613 621
224 613
164 255
416 164
7 621
799 613
387 416
33 164
240 416
419 799
97 33
542 33
195 97
191 330 
191 330
222 598 
222 598
343 620 32 
620 32
343 620
313 455 519 300 786 
313 300
313 519
313 455
455 786
44 140 228 671 317 608 792 774 252 587 380 125 
140 228
774 252
792 587
44 140
252 380
44 671
317 792
228 608
671 125
671 587
228 774
586 
150 551 167 18 326 660 641 700 341 206 
18 660
167 341
660 700
150 551
167 326
551 326
167 206
150 18
641 700
584 
82 748 323 744 689 
82 323
748 323
323 689
748 744
114 462 683 631 335 386 269 221 
114 462
631 386
114 683
462 269
683 335
462 631
335 221
574 
439 768 559 
439 559
439 768
714 738 756 115 752 
738 756
756 115
714 738
115 752
251 435 6 212 765 
251 435
6 765
435 6
251 212
98 208 704 607 16 83 
98 704
607 16
208 704
98 16
208 83
287 322 617 
287 617
287 322
56 220 
56 220
204 362 301 
204 362
362 301
226 662 601 762 428 596 540 
226 662
662 601
662 762
601 540
226 428
596 540
791 795 715 
791 715
795 715
443 767 177 79 628 71 257 218 407 75 676 692 
177 79
443 767
177 71
628 75
443 177
443 257
71 692
177 676
767 628
79 218
407 75
168 569 
168 569
175 728 411 
728 411
175 411
180 465 541 581 
180 465
180 541
465 581
96 503 127 789 496 
503 127
127 496
96 127
789 496
391 735 284 
391 735
391 284
170 726 
170 726
36 701 111 
36 701
701 111
576 645 274 
576 274
576 645
446 510 
446 510
179 193 312 136 571 
179 193
136 571
312 136
193 136
19 475 339 624 664 
19 339
475 339
19 624
339 664
306 650 241 
306 650
306 241
570 
549 
552 741 553 86 
741 553
552 86
552 553
166 394 
166 394
57 696 395 687 117 50 
57 696
57 395
57 687
687 117
395 50
183 517 
183 517
490 693 316 
490 316
490 693
37 427 354 
427 354
37 427
531 
530 
507 
466 
438 
403 
367 
199 500 
199 500
363 
81 798 100 51 589 
81 100
100 589
81 798
798 51
361 
219 275 721 
219 721
219 275
121 577 45 669 619 
121 577
577 45
45 619
577 669
365 679 
365 679
604 625 
604 625
39 310 319 566 
319 566
39 319
310 566
344 
89 707 134 776 
89 707
89 134
89 776
181 595 497 412 686 723 355 
497 723
181 595
595 355
181 723
686 723
412 355
0 481 371 491 296 58 
0 481
481 371
491 58
481 296
0 491
342 
471 508 561 
471 508
471 561
225 528 346 526 388 
346 388
225 528
225 346
225 526
189 260 606 138 740 579 373 489 769 
189 260
189 373
138 489
138 579
740 489
740 769
260 740
606 373
525 695 482 565 364 698 
525 482
695 482
364 698
525 565
565 364
258 511 
258 511
124 518 630 119 556 90 62 101 94 
124 94
124 518
630 119
124 119
90 62
518 556
556 101
62 94
148 523 141 478 29 23 
148 523
148 141
523 478
478 29
523 23
314 
60 717 705 
60 717
60 705
329 575 145 554 186 479 
575 554
329 554
145 479
575 186
329 145
308 
616 681 337 262 
616 681
616 337
337 262
366 727 516 747 
366 727
366 516
727 747
161 593 
161 593
468 629 514 370 558 374 521 
468 629
558 521
629 374
514 370
514 558
468 514
146 270 626 311 68 293 
68 293
146 270
270 626
626 311
270 68
182 223 
182 223
34 457 524 697 
34 697
457 697
524 697
73 648 742 535 643 278 
648 742
742 535
535 278
73 648
648 643
72 210 758 612 555 788 422 
72 210
210 612
72 758
210 788
72 422
612 555
67 320 266 332 69 250 453 547 172 
67 547
266 250
67 266
332 172
67 320
320 332
320 69
453 547
627 668 80 
627 80
668 80
356 651 1 430 
356 651
651 430
1 430
280 
265 297 797 492 
265 297
297 797
297 492
264 
658 779 550 544 
658 544
779 544
779 550
231 783 156 778 
783 156
231 783
231 778
245 
459 582 
459 582
234 
209 
149 315 334 207 87 567 360 560 597 513 
87 567
149 207
315 207
315 334
567 597
334 87
149 513
360 560
315 360
381 408 142 392 666 499 
142 392
381 408
381 666
408 142
381 499
377 753 
377 753
192 
305 493 
305 493
160 
588 781 303 198 194 294 
198 294
588 781
303 198
781 198
194 294
158 
123 
399 564 594 
399 564
564 594
104 276 
104 276
401 429 400 215 
401 400
401 215
429 400
272 520 432 452 505 27 
272 452
520 432
452 505
272 520
272 27
118 
253 793 461 450 761 35 
253 793
793 461
253 450
793 761
461 35
11 685 256 431 
11 685
685 431
685 256
88 383 116 730 
383 730
383 116
88 730
563 655 229 760 649 436 680 
655 760
563 760
229 760
649 680
649 436
563 649
201 321 28 409 750 
321 750
201 321
321 28
409 750
8 486 384 460 
8 384
8 486
384 460
3 743 289 653 657 325 268 
657 268
3 743
743 657
653 268
3 289
289 325
95 
74 
404 790 467 239 174 699 654 
404 467
790 467
404 239
174 654
404 174
790 699
113 349 656 782 494 169 456 652 
113 349
349 656
782 494
656 494
494 169
782 652
349 456
110 184 703 
110 703
184 703
122 485 147 277 708 713 557 
485 557
122 277
122 485
277 713
147 708
122 708
143 532 469 2 712 
532 712
143 532
469 2
143 469
302 674 
302 674
59 155 
59 155
281 372 133 350 
281 133
281 372
133 350
106 483 447 389 472 
106 483
389 472
483 447
483 472
205 509 763 
205 509
205 763
55 
25 
638 771 785 393 
638 393
638 771
771 785
