? 12 12 30 615 512 324 470 661 546 682 670 279 182 
? 12 13 536 484 338 135 246 237 173 522 40 445 718 
? 12 44 140 671 228 317 792 252 774 608 380 587 125 
? 12 24 202 487 602 128 784 43 729 673 85 227 424 
? 12 5 196 642 38 672 425 304 151 498 458 590 377 
? 12 600 731 359 537 102 543 52 634 609 772 361 403 
? 11 502 548 733 187 414 41 261 775 640 257 692 
? 11 232 441 368 331 77 477 327 480 420 451 568 
? 11 113 349 656 782 494 456 169 652 242 278 118 
? 10 67 320 332 266 69 250 453 547 318 172 
? 10 299 495 92 268 657 47 665 292 749 220 
? 10 588 781 198 303 194 280 294 764 158 684 
? 9 189 260 606 579 138 740 373 768 439 
? 9 149 334 315 207 87 567 360 560 714 
? 9 288 773 148 141 523 417 476 108 375 
? 9 106 483 447 389 472 761 635 263 254 
? 9 122 485 147 195 542 277 557 708 97 
? 8 563 655 760 229 649 436 680 234 
? 8 395 696 57 230 50 117 356 687 
? 8 72 210 758 612 711 788 555 422 
? 7 443 767 79 218 177 308 71 
? 7 309 787 351 369 42 190 23 
? 7 404 790 467 239 174 699 654 
? 7 660 700 9 256 18 103 330 
? 7 272 520 432 27 134 505 452 
? 7 73 742 648 535 643 306 410 
? 7 231 783 156 22 115 778 605 
? 7 146 270 626 68 311 293 675 
? 7 124 518 630 119 556 62 90 
? 7 444 527 398 633 794 154 390 
? 7 328 464 211 200 580 539 307 
? 6 213 243 364 565 426 65 
? 6 329 575 479 186 145 554 
? 6 226 662 601 762 282 540 
? 6 84 162 620 343 236 719 
? 6 98 208 704 607 16 350 
? 6 203 677 434 622 623 530 
? 6 3 743 653 325 289 56 
? 6 235 745 14 442 583 35 
? 6 357 562 397 396 55 618 
? 6 253 793 461 450 732 754 
? 6 216 765 185 6 585 295 
? 6 604 625 490 163 693 545 
? 6 501 647 686 2 723 497 
? 6 525 695 482 478 29 698 
? 6 39 310 319 566 265 155 
? 5 150 551 326 167 206 
? 5 386 631 144 437 114 
? 5 415 463 63 724 757 
? 5 201 321 61 28 409 
? 5 179 193 298 214 335 
? 5 143 532 712 469 49 
? 5 0 481 371 491 296 
? 5 281 372 133 94 721 
? 5 181 595 355 412 367 
? 5 457 513 34 597 697 
? 5 199 300 313 455 459 
? 5 241 650 159 104 276 
? 5 616 681 337 594 503 
? 5 462 683 269 221 25 
? 5 738 756 752 26 524 
? 5 8 384 486 460 504 
? 5 81 798 51 589 385 
? 5 64 405 382 448 796 
? 4 19 475 339 624 
? 4 70 611 725 614 
? 4 570 713 569 168 
? 4 727 747 366 516 
? 4 88 383 116 245 
? 4 347 528 225 526 
? 4 11 685 750 431 
? 4 468 629 514 558 
? 4 354 427 37 305 
? 4 66 449 93 378 
? 4 184 703 110 86 
? 4 82 748 323 83 
? 4 381 408 392 666 
? 4 130 283 737 786 
? 4 45 121 577 619 
? 4 96 127 496 789 
? 4 89 707 776 730 
? 4 428 771 638 785 
? 4 180 581 541 465 
? 4 399 564 340 262 
? 4 46 571 136 374 
? 4 139 336 345 728 
? 4 75 628 407 302 
? 3 285 688 376 
? 3 471 508 258 
? 3 454 646 312 
? 3 36 701 111 
? 3 176 500 572 
? 3 212 251 435 
? 3 391 735 592 
? 3 492 780 297 
? 3 17 314 779 
? 3 287 617 322 
? 3 142 363 550 
? 3 402 645 388 
? 3 507 534 333 
? 3 60 717 53 
? 3 346 751 131 
? 3 544 658 517 
? 3 15 91 706 
? 3 421 689 132 
? 3 466 676 316 
? 3 400 429 215 
? 3 80 627 668 
? 3 267 275 219 
? 3 223 651 430 
? 3 678 715 99 
? 3 48 157 716 
? 3 726 770 365 
? 3 31 438 664 
? 3 204 362 301 
!
75 628 407 302 
75 628
75 407
628 302
766 
763 
204 362 301 
204 362
362 301
744 
493 596 
493 596
129 379 
129 379
247 679 
247 679
175 411 
175 411
39 310 319 566 265 155 
319 566
265 155
39 319
310 566
310 265
153 171 
153 171
525 695 482 478 29 698 
525 482
695 482
695 29
478 29
29 698
122 485 147 195 542 277 557 708 97 
147 195
485 557
147 542
122 277
122 542
122 485
542 708
147 97
600 731 359 537 102 543 52 634 609 772 361 403 
600 359
600 731
634 361
537 102
731 543
52 609
600 403
102 609
359 52
537 634
600 772
139 336 345 728 
139 345
139 336
139 728
31 438 664 
31 438
31 664
726 770 365 
770 365
726 365
64 405 382 448 796 
64 405
64 382
405 796
382 448
48 157 716 
48 157
157 716
101 709 
101 709
78 217 
78 217
248 353 755 777 109 440 659 636 591 639 10 152 474 
248 353
755 248
777 755
109 777
440 248
659 440
636 109
591 440
639 636
10 591
152 10
474 659
573 667 
573 667
736 
328 464 211 200 580 539 307 
328 464
328 211
580 539
580 307
211 580
464 200
81 798 51 589 385 
81 385
81 798
589 385
798 51
358 746 255 621 613 224 164 416 799 387 7 33 419 240 
358 746
255 746
621 358
613 746
224 358
164 255
416 224
799 613
387 416
7 799
33 164
419 7
240 387
734 
489 769 
489 769
710 
183 797 
183 797
705 
5 196 642 38 672 425 304 151 498 458 590 377 
38 458
5 196
5 642
38 425
642 425
498 590
304 458
38 498
642 151
196 672
672 377
46 571 136 374 
46 571
46 136
571 374
702 
694 
161 593 
161 593
8 384 486 460 504 
460 504
8 384
8 486
384 504
690 
100 529 
100 529
113 349 656 782 494 456 169 652 242 278 118 
494 242
494 118
782 242
113 349
349 656
656 118
169 118
782 652
349 456
113 278
678 715 99 
678 715
678 99
444 527 398 633 794 154 390 
527 398
444 398
794 390
527 633
398 794
633 154
559 586 
559 586
674 
663 
644 
641 
738 756 752 26 524 
738 756
738 26
738 752
26 524
501 647 686 2 723 497 
501 686
501 647
723 497
686 2
501 723
286 753 
286 753
223 651 430 
223 651
651 430
399 564 340 262 
399 564
564 262
564 340
588 781 198 303 194 280 294 764 158 684 
198 294
588 781
764 684
294 158
198 303
781 198
303 280
194 158
588 764
180 581 541 465 
180 465
180 541
581 465
462 683 269 221 25 
462 269
462 683
221 25
683 221
232 441 368 331 77 477 327 480 420 451 568 
327 420
232 441
232 451
368 477
477 568
480 451
441 368
77 477
368 420
331 420
166 394 
166 394
274 576 
274 576
428 771 638 785 
428 638
428 771
771 785
124 518 630 119 556 62 90 
124 518
630 119
124 119
62 90
518 556
124 62
502 548 733 187 414 41 261 775 640 257 692 
548 733
733 187
502 548
502 261
414 261
640 257
414 775
640 692
187 640
41 692
24 202 487 602 128 784 43 729 673 85 227 424 
487 602
24 202
784 227
487 128
43 729
24 602
128 85
602 43
227 424
673 85
202 784
72 210 758 612 711 788 555 422 
72 210
210 612
72 758
210 788
72 422
612 555
758 711
106 483 447 389 472 761 635 263 254 
106 483
389 635
635 263
389 472
483 447
106 761
447 263
472 254
267 275 219 
267 275
267 219
637 
44 140 671 228 317 792 252 774 608 380 587 125 
140 228
252 774
792 587
44 140
252 380
44 671
317 792
228 608
671 125
671 587
228 774
80 627 668 
80 627
80 668
400 429 215 
400 215
400 429
352 506 348 473 759 488 137 259 197 54 21 238 188 515 290 233 76 
352 506
348 506
473 352
759 506
488 473
137 348
259 473
197 137
54 137
21 488
238 473
188 137
515 188
290 759
233 473
76 197
20 739 
20 739
446 510 
446 510
466 676 316 
466 316
466 676
616 681 337 594 503 
337 503
337 594
616 594
616 681
13 536 484 338 135 246 237 173 522 40 445 718 
536 484
338 522
246 173
13 536
135 445
338 173
522 718
484 246
13 237
13 445
338 40
632 
299 495 92 268 657 47 665 292 749 220 
268 657
665 749
299 495
268 749
657 292
47 665
299 92
495 47
92 220
599 
241 650 159 104 276 
650 276
650 104
159 104
241 650
395 696 57 230 50 117 356 687 
50 356
696 57
395 57
57 687
117 687
395 230
230 50
584 
421 689 132 
421 689
421 132
199 300 313 455 459 
300 313
199 300
199 455
300 459
457 513 34 597 697 
34 697
457 513
457 697
34 597
604 625 490 163 693 545 
490 693
604 545
604 625
625 163
604 490
15 91 706 
91 706
15 91
32 552 
32 552
544 658 517 
658 517
544 658
146 270 626 68 311 293 675 
68 293
146 270
270 626
626 311
270 68
311 675
346 751 131 
346 751
751 131
12 30 615 512 324 470 661 546 682 670 279 182 
12 30
30 615
324 546
512 661
682 670
546 670
30 324
512 682
279 182
12 470
546 279
406 582 
406 582
60 717 53 
60 717
60 53
89 707 776 730 
89 707
776 730
89 776
181 595 355 412 367 
355 367
181 595
595 367
355 412
507 534 333 
534 333
507 333
58 691 
58 691
402 645 388 
645 388
402 645
142 363 550 
142 550
142 363
1 720 
1 720
281 372 133 94 721 
281 133
281 372
372 94
94 721
0 481 371 491 296 
0 481
481 371
481 296
0 491
287 617 322 
287 617
287 322
578 
574 
96 127 496 789 
127 496
96 127
496 789
222 598 
222 598
216 765 185 6 585 295 
216 6
6 585
216 765
765 185
185 295
59 209 
59 209
17 314 779 
314 779
17 779
492 780 297 
492 780
492 297
549 
538 
531 
519 
511 
433 
423 
291 722 
291 722
413 
143 532 712 469 49 
143 49
532 49
532 712
143 469
401 
391 735 592 
391 735
391 592
179 193 298 214 335 
179 193
193 298
214 335
298 214
553 741 
553 741
418 521 
418 521
45 121 577 619 
121 577
45 577
45 619
370 
130 283 737 786 
283 737
130 737
283 786
231 783 156 22 115 778 605 
115 778
783 156
778 605
231 783
156 605
231 22
253 793 461 450 732 754 
253 793
793 461
253 450
732 754
450 754
344 
212 251 435 
251 435
212 251
201 321 61 28 409 
201 61
201 321
321 28
201 409
288 773 148 141 523 417 476 108 375 
773 417
288 417
148 417
148 523
773 141
523 108
476 375
476 108
357 562 397 396 55 618 
397 55
357 562
396 618
562 397
357 396
4 610 
4 610
149 334 315 207 87 567 360 560 714 
87 567
149 207
315 207
334 315
567 714
334 714
360 560
315 360
235 745 14 442 583 35 
235 583
235 745
235 14
442 35
442 583
342 
176 500 572 
176 572
176 500
3 743 653 325 289 56 
3 743
289 56
743 653
3 289
325 289
284 
381 408 392 666 
381 408
381 666
408 392
82 748 323 83 
82 323
748 323
82 83
341 603 
341 603
73 742 648 535 643 306 410 
742 648
742 535
73 648
73 410
643 410
73 306
203 677 434 622 623 530 
203 622
203 434
622 623
677 623
623 530
165 499 
165 499
184 703 110 86 
703 110
184 703
703 86
98 208 704 607 16 350 
98 704
607 16
607 350
208 704
98 16
272 520 432 27 134 505 452 
272 452
520 432
134 505
505 452
520 134
272 27
189 260 606 579 138 740 373 768 439 
189 260
189 373
579 138
606 768
138 740
260 740
606 373
606 439
36 701 111 
36 701
701 111
66 449 93 378 
66 449
93 378
66 93
273 
354 427 37 305 
354 427
427 37
354 305
271 
468 629 514 558 
468 629
514 558
468 514
11 685 750 431 
11 685
11 750
685 431
264 
126 249 
126 249
244 
192 
67 320 332 266 69 250 453 547 318 172 
67 547
266 250
250 318
67 266
332 172
67 320
320 332
320 69
453 318
84 162 620 343 236 719 
84 162
620 719
162 236
84 620
162 343
74 561 
74 561
191 
205 509 
205 509
170 
226 662 601 762 282 540 
601 282
226 662
662 282
662 762
601 540
160 
123 
454 646 312 
454 646
646 312
178 533 
178 533
347 528 225 526 
528 225
347 225
225 526
329 575 479 186 145 554 
575 554
329 554
479 145
575 186
329 145
120 
213 243 364 565 426 65 
213 426
243 426
364 426
243 65
243 565
88 383 116 245 
383 116
88 383
383 245
727 747 366 516 
727 366
366 516
727 747
660 700 9 256 18 103 330 
660 18
660 700
256 330
9 256
700 9
660 103
415 463 63 724 757 
63 724
724 757
415 463
415 63
570 713 569 168 
570 713
569 168
713 569
404 790 467 239 174 699 654 
404 467
790 467
404 239
174 654
404 174
790 699
112 
107 
309 787 351 369 42 190 23 
351 369
309 351
309 787
351 42
787 190
369 23
563 655 760 229 649 436 680 234 
655 760
563 760
760 229
649 680
649 436
680 234
563 649
471 508 258 
508 258
471 508
443 767 79 218 177 308 71 
79 177
443 767
177 71
767 308
443 177
79 218
386 631 144 437 114 
386 631
144 437
386 144
631 114
791 795 
791 795
393 669 
393 669
70 611 725 614 
611 614
70 614
611 725
150 551 326 167 206 
150 551
326 167
551 326
167 206
285 688 376 
285 688
688 376
105 
95 
19 475 339 624 
19 339
475 339
19 624
