? 12 13 536 484 246 237 338 135 173 40 522 445 718 
? 12 24 202 602 487 128 784 43 729 227 85 673 424 
? 12 352 506 348 473 759 259 488 137 197 54 238 290 
? 12 44 140 671 228 317 774 792 252 380 608 587 529 
? 12 5 196 642 38 425 672 304 151 498 458 377 590 
? 12 600 731 359 52 537 543 634 102 609 772 361 403 
? 11 189 260 606 138 579 740 373 489 394 768 215 
? 11 67 320 266 332 69 547 453 250 172 583 318 
? 11 588 781 198 280 303 294 194 764 158 684 622 
? 10 73 742 648 535 278 643 699 306 654 174 
? 10 124 518 556 630 119 62 90 607 372 219 
? 10 443 767 79 177 628 676 308 75 257 218 
? 9 88 383 245 116 730 776 264 423 271 
? 9 232 441 368 331 77 451 477 327 480 
? 9 113 349 656 782 494 169 652 456 118 
? 9 106 483 447 472 389 761 635 263 178 
? 9 76 285 688 188 515 618 78 376 599 
? 8 444 527 398 633 794 154 390 61 
? 8 149 334 315 207 87 567 513 714 
? 8 72 210 758 612 422 788 555 123 
? 7 329 575 145 554 479 186 208 
? 7 539 580 307 449 211 233 66 
? 7 548 733 502 187 261 414 775 
? 7 563 655 760 229 649 708 436 
? 7 299 495 268 657 47 292 665 
? 7 288 773 148 417 141 523 108 
? 7 357 562 397 745 235 396 14 
? 7 96 127 469 503 496 337 49 
? 7 0 371 481 296 491 58 691 
? 7 184 703 86 110 741 552 553 
? 7 122 542 147 277 557 713 570 
? 6 404 790 239 467 159 104 
? 6 468 629 370 514 521 374 
? 6 143 532 712 2 448 80 
? 6 216 765 185 6 585 251 
? 6 23 193 179 351 42 309 
? 6 150 551 18 167 326 641 
? 6 328 464 200 242 217 754 
? 6 462 683 114 221 269 386 
? 6 146 270 626 68 311 293 
? 6 605 778 115 231 756 783 
? 6 203 677 623 301 434 530 
? 6 3 743 325 653 289 19 
? 6 181 595 355 497 723 367 
? 6 201 321 28 409 769 750 
? 6 298 476 463 375 415 63 
? 5 213 243 364 426 345 
? 5 199 300 313 455 500 
? 5 369 787 190 478 482 
? 5 501 647 686 126 538 
? 5 272 520 432 452 134 
? 5 791 795 637 15 715 
? 5 162 254 84 236 343 
? 5 660 700 9 256 103 
? 5 98 704 16 94 350 
? 5 226 662 601 762 596 
? 5 611 725 70 614 701 
? 5 638 771 428 785 393 
? 5 82 748 323 83 744 
? 5 471 508 258 561 511 
? 5 339 475 664 624 663 
? 5 57 696 395 687 230 
? 5 180 465 541 581 531 
? 5 225 528 346 526 388 
? 4 253 461 793 450 
? 4 616 681 594 262 
? 4 690 749 223 356 
? 4 35 732 442 55 
? 4 182 430 1 95 
? 4 525 695 565 29 
? 4 46 571 136 144 
? 4 214 454 646 437 
? 4 45 577 121 619 
? 4 265 297 797 492 
? 4 366 727 747 25 
? 4 51 81 798 100 
? 4 411 728 175 336 
? 4 26 697 597 524 
? 4 64 405 796 382 
? 4 381 408 499 666 
? 4 402 645 576 274 
? 4 34 457 460 8 
? 4 391 735 592 105 
? 4 406 582 459 519 
? 4 130 283 737 786 
? 4 724 757 312 631 
? 4 99 770 726 247 
? 3 604 625 163 
? 3 544 658 550 
? 3 71 560 316 
? 3 39 310 566 
? 3 11 685 191 
? 3 60 717 705 
? 3 17 314 363 
? 3 91 706 678 
? 3 510 680 667 
? 3 738 752 22 
? 3 490 693 302 
? 3 291 722 572 
? 3 205 509 763 
? 3 206 341 603 
? 3 385 589 125 
? 3 421 689 132 
? 3 507 534 433 
? 3 399 564 789 
? 3 37 427 354 
? 3 702 716 157 
? 3 627 668 249 
? 3 400 401 429 
? 3 204 710 362 
? 3 384 504 486 
? 3 305 540 493 
? 3 412 694 598 
? 3 142 392 779 
? 3 573 610 569 
!
99 770 726 247 
99 770
99 247
770 726
766 
753 
573 610 569 
610 569
573 610
751 
295 344 
295 344
160 192 
160 192
65 139 
65 139
101 709 
101 709
298 476 463 375 415 63 
298 476
463 415
375 415
415 63
298 375
4 112 
4 112
201 321 28 409 769 750 
321 750
201 321
28 769
321 28
409 750
76 285 688 188 515 618 78 376 599 
76 515
376 599
188 515
76 285
285 688
188 78
515 618
688 376
600 731 359 52 537 543 634 102 609 772 361 403 
600 359
600 731
634 361
537 102
731 543
52 609
600 403
102 609
359 52
537 634
600 772
724 757 312 631 
724 757
757 312
757 631
142 392 779 
142 392
142 779
412 694 598 
412 598
412 694
225 528 346 526 388 
346 388
225 528
225 346
225 526
305 540 493 
305 493
540 493
176 593 
176 593
31 438 
31 438
12 30 615 324 661 512 470 546 682 670 279 120 92 
12 30
615 12
324 30
661 12
512 12
470 661
546 324
682 512
670 546
279 546
120 682
92 120
267 275 
267 275
736 
122 542 147 277 557 713 570 
713 570
542 147
122 277
122 542
542 557
277 570
180 465 541 581 531 
180 465
180 541
465 581
465 531
248 353 755 777 109 440 636 659 591 639 10 152 474 707 
248 353
755 353
777 755
109 777
440 353
636 109
659 440
591 659
639 636
10 440
152 10
474 659
707 639
720 
56 220 
56 220
669 
183 517 
183 517
644 
5 196 642 38 425 672 304 151 498 458 377 590 
38 458
5 196
5 642
38 425
642 425
498 590
304 458
38 498
642 151
196 672
672 377
130 283 737 786 
283 737
130 737
283 786
632 
584 
322 711 
322 711
57 696 395 687 230 
57 696
57 395
57 687
395 230
578 
439 586 
439 586
588 781 198 280 303 294 194 764 158 684 622 
198 294
588 781
764 684
294 158
198 303
781 198
280 303
194 158
303 622
588 764
384 504 486 
384 504
384 486
184 703 86 110 741 552 553 
741 553
703 110
184 703
703 86
86 552
552 553
212 435 
212 435
574 
568 
559 
549 
339 475 664 624 663 
339 475
339 663
664 663
475 624
181 595 355 497 723 367 
355 367
497 723
181 595
595 367
181 723
365 679 
365 679
204 710 362 
710 362
204 362
406 582 459 519 
582 459
582 519
406 519
443 767 79 177 628 676 308 75 257 218 
79 177
443 767
308 257
628 75
767 308
443 177
177 676
767 628
79 218
391 735 592 105 
592 105
391 105
391 735
471 508 258 561 511 
508 258
561 511
471 508
508 511
67 320 266 332 69 547 453 250 172 583 318 
67 547
266 250
250 318
67 266
332 172
67 320
320 332
172 583
320 69
453 318
413 721 
413 721
558 780 
558 780
34 457 460 8 
460 8
34 457
457 460
0 371 481 296 491 58 691 
0 481
491 691
371 481
491 58
481 296
0 691
189 260 606 138 579 740 373 489 394 768 215 
189 260
189 373
606 215
768 215
138 489
138 579
740 489
260 740
606 373
373 394
44 140 671 228 317 774 792 252 380 608 587 529 
140 228
774 252
792 587
44 140
252 380
44 671
317 792
671 529
228 608
671 587
228 774
72 210 758 612 422 788 555 123 
72 123
72 210
210 612
72 758
422 123
210 788
612 555
106 483 447 472 389 761 635 263 178 
106 483
389 635
635 263
263 178
472 389
483 447
106 761
447 263
400 401 429 
400 401
400 429
533 
352 506 348 473 759 259 488 137 197 54 238 290 
352 506
348 137
197 54
506 759
506 137
473 259
473 488
352 473
259 238
137 197
348 290
627 668 249 
627 249
627 668
702 716 157 
702 157
702 716
358 746 621 255 613 224 164 416 799 7 387 33 419 240 97 485 195 
358 746
621 358
255 746
613 621
224 621
164 255
416 164
799 621
7 224
387 416
33 164
419 7
240 416
97 33
485 33
195 97
620 719 
620 719
131 171 
131 171
37 427 354 
427 354
37 427
82 748 323 83 744 
82 323
748 323
82 83
748 744
24 202 602 487 128 784 43 729 227 85 673 424 
602 487
24 202
784 227
487 128
43 729
24 602
128 85
602 43
227 424
85 673
202 784
516 
124 518 556 630 119 62 90 607 372 219 
124 518
630 119
124 119
62 90
518 556
124 62
90 372
556 219
119 607
505 
638 771 428 785 393 
638 428
638 393
771 428
771 785
149 334 315 207 87 567 513 714 
87 567
149 207
315 207
334 315
567 714
334 714
149 513
418 
399 564 789 
564 789
399 789
611 725 70 614 701 
611 614
70 614
725 701
611 725
226 662 601 762 596 
226 662
662 601
662 762
601 596
3 743 325 653 289 19 
3 743
653 19
743 653
3 289
325 289
507 534 433 
534 433
507 534
273 675 
273 675
421 689 132 
421 689
421 132
96 127 469 503 496 337 49 
127 503
503 337
96 469
127 496
96 127
469 49
385 589 125 
385 589
385 125
13 536 484 246 237 338 135 173 40 522 445 718 
536 484
338 522
246 173
13 536
135 445
338 173
522 718
484 246
13 237
13 445
338 40
27 379 
27 379
206 341 603 
341 603
206 341
402 645 576 274 
402 645
576 274
645 576
98 704 16 94 350 
98 704
16 350
98 16
98 94
205 509 763 
205 509
205 763
50 651 
50 651
291 722 572 
722 572
291 572
490 693 302 
490 693
490 302
335 698 
335 698
660 700 9 256 103 
660 700
9 256
700 9
660 103
162 254 84 236 343 
162 84
162 254
254 236
254 343
738 752 22 
738 22
738 752
407 
342 
381 408 499 666 
381 408
381 666
381 499
74 161 
74 161
203 677 623 301 434 530 
203 434
677 623
203 623
623 301
623 530
111 286 
111 286
510 680 667 
510 667
680 667
91 706 678 
91 706
706 678
333 
330 
319 
284 
282 
276 
244 
153 347 
153 347
241 
791 795 637 15 715 
791 715
795 637
795 715
791 15
234 
17 314 363 
17 363
314 363
272 520 432 452 134 
272 452
520 432
520 134
272 520
410 650 
410 650
431 734 
431 734
64 405 796 382 
64 405
64 382
405 796
222 
26 697 597 524 
26 597
26 697
697 524
357 562 397 745 235 396 14 
357 745
745 235
357 562
357 14
562 397
235 396
605 778 115 231 756 783 
778 115
115 756
605 778
231 783
115 231
209 
60 717 705 
60 717
60 705
501 647 686 126 538 
501 686
647 126
501 647
647 538
113 349 656 782 494 169 652 456 118 
494 118
113 349
349 656
782 494
656 118
169 118
782 652
349 456
146 270 626 68 311 293 
68 293
146 270
270 626
626 311
270 68
340 378 
340 378
232 441 368 331 77 451 477 327 480 
232 441
232 451
368 477
451 480
441 368
77 477
368 327
331 327
462 683 114 221 269 386 
462 114
683 114
462 269
462 386
683 221
170 
11 685 191 
11 685
685 191
328 464 200 242 217 754 
328 464
217 754
464 200
200 242
200 754
168 
411 728 175 336 
411 728
411 175
728 336
51 81 798 100 
81 100
81 798
51 798
420 446 
420 446
288 773 148 417 141 523 108 
773 417
288 417
148 417
148 523
773 141
523 108
150 551 18 167 326 641 
150 551
167 326
551 326
150 18
150 641
287 617 
287 617
366 727 747 25 
366 727
366 25
727 747
23 193 179 351 42 309 
193 179
23 193
351 309
351 42
23 351
299 495 268 657 47 292 665 
268 657
299 495
657 292
268 665
47 665
495 47
88 383 245 116 730 776 264 423 271 
383 730
383 116
88 730
776 423
245 730
730 776
116 271
88 264
39 310 566 
310 566
39 566
265 297 797 492 
265 297
297 797
297 492
166 
45 577 121 619 
577 121
45 577
45 619
165 
214 454 646 437 
214 437
214 454
214 646
46 571 136 144 
46 571
136 144
46 136
156 
360 466 
360 466
129 
117 
73 742 648 535 278 643 699 306 654 174 
742 648
742 535
535 278
73 648
699 306
643 174
654 174
73 306
648 643
216 765 185 6 585 251 
216 6
6 585
216 765
585 251
765 185
20 739 
20 739
107 
133 281 
133 281
93 
143 532 712 2 448 80 
532 712
448 80
712 448
143 532
143 2
89 
53 
71 560 316 
560 316
71 560
59 155 
59 155
525 695 565 29 
525 695
695 29
525 565
468 629 370 514 521 374 
468 629
629 374
370 514
468 514
514 521
48 
404 790 239 467 159 104 
404 467
790 467
790 159
404 239
159 104
182 430 1 95 
182 430
430 1
1 95
35 732 442 55 
35 732
35 442
442 55
563 655 760 229 649 708 436 
655 760
563 760
760 229
649 436
760 708
649 708
369 787 190 478 482 
190 478
369 787
787 190
190 482
690 749 223 356 
690 749
223 356
690 223
548 733 502 187 261 414 775 
548 733
733 187
548 502
502 261
261 414
414 775
41 
36 
539 580 307 449 211 233 66 
307 449
539 580
580 449
449 66
580 211
233 66
444 527 398 633 794 154 390 61 
527 398
444 398
390 61
794 390
527 633
398 794
633 154
544 658 550 
544 658
658 550
329 575 145 554 479 186 208 
479 208
575 554
329 554
145 208
575 186
329 145
199 300 313 455 500 
300 313
199 300
199 455
300 500
640 692 
640 692
545 674 
545 674
616 681 594 262 
616 594
616 681
594 262
213 243 364 426 345 
213 426
243 426
364 426
213 345
604 625 163 
604 625
625 163
32 
21 
253 461 793 450 
253 793
461 793
253 450
