? 12 340 378 382 93 233 405 64 238 66 473 564 796 
? 12 451 480 735 227 391 105 24 232 202 441 100 784 
? 12 404 467 790 239 174 654 699 159 276 643 736 160 
? 12 149 334 315 207 87 567 513 360 34 466 714 560 
? 12 201 321 61 40 390 28 409 338 237 750 13 536 
? 12 12 30 615 512 324 470 661 546 682 670 279 120 
? 11 203 623 677 530 434 622 301 107 75 308 628 
? 11 471 508 161 561 593 74 258 511 295 291 176 
? 11 600 731 359 52 543 609 537 102 634 772 361 
? 10 73 742 648 535 278 306 410 650 263 241 
? 10 228 671 44 140 317 792 125 529 385 774 
? 10 62 90 518 124 372 721 556 281 119 219 
? 9 487 602 128 673 85 43 729 146 270 
? 9 613 621 358 224 746 255 799 7 416 
? 9 118 652 456 782 242 656 450 494 349 
? 9 80 249 53 668 126 712 627 60 637 
? 9 454 646 214 144 437 46 136 312 377 
? 8 5 196 642 38 425 672 304 151 
? 8 138 579 189 373 260 606 740 489 
? 8 251 435 6 212 585 216 765 185 
? 7 130 283 737 519 313 786 709 
? 7 501 647 686 2 723 538 497 
? 7 143 532 49 469 448 127 96 
? 7 322 711 287 617 758 413 72 
? 7 71 676 177 218 316 79 443 
? 7 91 706 99 15 678 156 247 
? 7 181 595 412 355 367 694 170 
? 7 370 514 25 221 468 516 558 
? 7 253 793 461 761 69 320 67 
? 7 421 689 132 82 323 531 748 
? 7 738 756 752 22 115 26 778 
? 6 490 693 302 604 625 674 
? 6 225 751 346 528 526 388 
? 6 369 787 42 351 309 190 
? 6 375 463 415 63 476 417 
? 6 459 582 406 499 362 300 
? 6 213 426 243 364 345 644 
? 6 77 477 230 368 568 327 
? 6 288 773 148 141 523 108 
? 6 352 506 348 259 759 488 
? 6 188 515 78 290 618 197 
? 6 211 328 464 200 580 539 
? 6 311 626 68 293 133 675 
? 6 525 695 482 565 478 29 
? 6 39 319 310 186 566 554 
? 6 81 798 51 687 589 592 
? 5 563 655 649 436 680 
? 5 268 657 292 665 743 
? 5 502 548 733 187 775 
? 5 150 551 18 326 167 
? 5 550 658 544 517 779 
? 5 690 749 47 495 223 
? 5 572 722 500 455 199 
? 5 376 599 688 684 640 
? 5 250 547 318 254 162 
? 5 184 703 110 86 552 
? 5 356 651 50 430 1 
? 5 272 520 432 452 27 
? 5 180 581 465 541 168 
? 5 588 781 303 198 294 
? 5 98 704 208 607 94 
? 5 111 701 286 725 36 
? 5 269 683 462 114 335 
? 5 76 285 764 54 137 
? 4 173 522 718 246 
? 4 231 783 605 534 
? 4 401 429 400 608 
? 4 106 483 472 389 
? 4 19 475 339 624 
? 4 289 325 3 274 
? 4 329 575 145 479 
? 4 205 763 509 296 
? 4 503 594 496 789 
? 4 384 486 8 504 
? 4 727 747 366 698 
? 4 20 739 445 135 
? 4 57 696 395 117 
? 4 131 347 171 153 
? 4 0 481 491 371 
? 4 226 662 601 762 
? 4 576 645 402 653 
? 4 444 527 398 403 
? 4 142 363 392 17 
? 4 23 193 179 298 
? 4 545 666 381 163 
? 4 88 383 245 116 
? 4 257 692 767 407 
? 3 11 685 256 
? 3 89 707 134 
? 3 112 424 331 
? 3 660 700 9 
? 3 284 587 48 
? 3 154 271 633 
? 3 573 610 667 
? 3 553 741 32 
? 3 730 776 423 
? 3 616 681 337 
? 3 524 697 597 
? 3 37 427 354 
? 3 70 614 611 
? 3 139 336 785 
? 3 439 768 215 
? 3 386 631 374 
? 3 16 350 83 
? 3 45 121 577 
? 3 206 341 380 
? 3 663 664 438 
? 3 123 788 612 
? 3 638 771 428 
? 3 724 757 571 
? 3 169 766 113 
? 3 178 533 343 
? 3 209 744 59 
? 3 492 780 418 
? 3 297 797 265 
!
257 692 767 407 
257 767
257 407
257 692
753 
732 
297 797 265 
297 265
297 797
726 
555 574 
555 574
183 549 
183 549
458 629 
458 629
507 619 
507 619
81 798 51 687 589 592 
81 798
81 589
798 687
51 687
81 592
164 387 
164 387
39 319 310 186 566 554 
319 566
39 319
39 186
310 566
566 554
454 646 214 144 437 46 136 312 377 
437 136
214 136
144 437
454 214
46 377
46 136
646 214
646 312
12 30 615 512 324 470 661 546 682 670 279 120 
12 30
30 615
324 546
512 661
682 670
546 670
30 324
512 682
12 470
512 120
546 279
88 383 245 116 
383 116
88 383
383 245
492 780 418 
780 418
492 780
209 744 59 
209 744
209 59
76 285 764 54 137 
76 285
76 54
285 764
54 137
178 533 343 
178 533
178 343
95 182 
95 182
252 603 
252 603
248 353 755 777 109 440 659 636 591 639 10 152 474 
248 353
755 353
777 755
109 777
440 353
659 440
636 109
591 659
639 636
10 591
152 10
474 659
58 691 
58 691
720 
738 756 752 22 115 26 778 
115 778
738 756
756 115
22 26
738 22
752 778
269 683 462 114 335 
462 114
683 114
269 462
683 335
147 277 542 122 485 195 708 97 557 760 33 229 713 234 
147 277
542 147
122 542
485 542
195 277
708 122
97 195
557 122
760 195
33 557
229 760
713 557
234 708
719 
244 314 
244 314
715 
204 710 
204 710
679 
201 321 61 40 390 28 409 338 237 750 13 536 
13 536
61 40
61 390
321 750
201 61
338 536
201 321
237 13
28 237
321 28
409 750
545 666 381 163 
545 666
666 381
545 163
641 
635 
431 734 
431 734
111 701 286 725 36 
111 286
111 725
701 36
701 725
632 
129 794 
129 794
600 731 359 52 543 609 537 102 634 772 361 
600 359
600 731
634 361
537 102
731 543
52 609
609 102
359 52
537 634
600 772
169 766 113 
169 766
169 113
421 689 132 82 323 531 748 
82 323
421 689
323 748
421 132
689 323
132 531
267 275 
267 275
596 
584 
570 
569 
98 704 208 607 94 
98 704
704 208
98 607
98 94
525 695 482 565 478 29 
525 482
695 482
695 29
525 565
478 29
191 330 
191 330
724 757 571 
724 757
757 571
23 193 179 298 
193 179
23 193
23 298
62 90 518 124 372 721 556 281 119 219 
518 124
372 281
124 119
62 90
518 556
62 124
90 721
721 219
90 372
142 363 392 17 
142 392
363 17
142 17
588 781 303 198 294 
198 294
588 781
303 198
781 198
471 508 161 561 593 74 258 511 295 291 176 
74 511
561 74
593 74
508 258
471 593
471 508
161 258
471 291
511 295
561 176
498 590 
498 590
236 578 
236 578
444 527 398 403 
527 398
444 398
444 403
253 793 461 761 69 320 67 
253 793
320 67
793 461
761 69
793 761
69 320
203 623 677 530 434 622 301 107 75 308 628 
203 622
203 434
434 107
623 622
530 628
623 677
677 75
75 628
623 301
75 308
149 334 315 207 87 567 513 360 34 466 714 560 
87 567
149 207
315 207
334 315
567 714
334 714
466 560
149 513
513 34
360 560
315 360
251 435 6 212 585 216 765 185 
251 435
6 216
6 585
216 765
435 585
251 212
765 185
80 249 53 668 126 712 627 60 637 
249 60
668 712
53 627
80 60
80 712
668 126
80 53
249 637
638 771 428 
638 428
771 428
521 
404 467 790 239 174 654 699 159 276 643 736 160 
404 467
467 790
790 159
174 643
404 239
174 654
404 174
699 276
699 159
159 160
239 736
123 788 612 
123 612
788 612
663 664 438 
663 664
664 438
357 562 397 583 745 172 235 14 396 194 442 55 332 158 453 266 35 
357 562
397 357
583 562
745 583
172 583
235 745
14 172
396 745
194 397
442 235
55 397
332 172
158 194
453 332
266 332
35 442
559 586 
559 586
411 728 
411 728
206 341 380 
206 341
341 380
180 581 465 541 168 
180 465
180 541
581 465
541 168
451 480 735 227 391 105 24 232 202 441 100 784 
24 202
227 784
232 441
451 232
391 105
451 784
451 480
735 391
202 784
480 735
735 100
510 
228 671 44 140 317 792 125 529 385 774 
125 529
228 140
44 140
671 44
317 792
671 529
228 774
671 792
125 385
505 
272 520 432 452 27 
272 452
520 432
272 520
272 27
138 579 189 373 260 606 740 489 
189 260
189 373
138 489
138 579
740 489
260 740
373 606
484 
45 121 577 
121 577
45 577
356 651 50 430 1 
356 50
356 651
651 430
430 1
184 703 110 86 552 
703 110
184 703
703 86
86 552
311 626 68 293 133 675 
68 293
311 626
293 133
626 68
311 675
16 350 83 
16 350
350 83
103 769 
103 769
386 631 374 
386 631
386 374
370 514 25 221 468 516 558 
25 516
370 221
514 516
25 221
514 558
514 468
439 768 215 
768 215
439 215
340 378 382 93 233 405 64 238 66 473 564 796 
405 64
382 64
564 796
340 238
340 378
378 93
405 564
340 233
378 405
233 66
238 473
420 446 
420 446
139 336 785 
336 785
139 785
576 645 402 653 
645 402
576 653
576 645
250 547 318 254 162 
254 162
250 318
250 254
250 547
70 614 611 
614 611
70 614
222 598 
222 598
37 427 354 
427 354
37 427
524 697 597 
697 597
524 697
333 433 
333 433
376 599 688 684 640 
376 599
688 684
376 688
376 640
572 722 500 455 199 
455 199
722 199
500 199
572 722
616 681 337 
616 681
616 337
447 
422 
226 662 601 762 
226 662
662 601
662 762
166 394 
166 394
211 328 464 200 580 539 
328 464
211 328
580 539
211 580
464 200
101 630 
101 630
730 776 423 
776 423
730 776
553 741 32 
553 741
553 32
419 
408 
399 
379 
344 
305 
299 
84 620 
84 620
282 
690 749 47 495 223 
690 47
749 47
47 495
690 223
280 
573 610 667 
573 610
610 667
550 658 544 517 779 
550 517
658 517
517 779
658 544
342 414 
342 414
365 770 
365 770
0 481 491 371 
0 481
481 371
0 491
273 
131 347 171 153 
131 171
131 347
131 153
181 595 412 355 367 694 170 
355 367
181 595
595 367
181 694
412 694
694 170
188 515 78 290 618 197 
188 515
188 197
188 78
78 290
515 618
264 
154 271 633 
271 633
154 271
150 551 18 326 167 
150 551
326 167
551 326
150 18
118 652 456 782 242 656 450 494 349 
242 494
118 494
782 242
656 349
118 656
456 450
652 782
652 450
352 506 348 259 759 488 
352 506
506 759
506 348
352 488
259 488
92 220 
92 220
613 621 358 224 746 255 799 7 416 
358 746
358 224
621 224
799 7
613 7
358 255
613 621
746 416
288 773 148 141 523 108 
773 148
148 523
773 141
288 773
523 108
262 
284 587 48 
284 587
284 48
77 477 230 368 568 327 
477 230
230 568
477 368
77 230
368 327
261 
57 696 395 117 
57 696
57 395
57 117
20 739 445 135 
739 135
445 135
20 135
791 795 
791 795
91 706 99 15 678 156 247 
706 99
91 156
91 706
706 678
99 247
91 15
213 426 243 364 345 644 
213 426
426 243
426 364
364 644
213 345
457 460 
457 460
727 747 366 698 
727 366
727 747
747 698
459 582 406 499 362 300 
459 499
582 300
582 499
406 499
459 362
71 676 177 218 316 79 443 
177 79
71 177
177 443
676 177
218 79
218 316
487 602 128 673 85 43 729 146 270 
487 602
487 128
146 270
673 270
43 729
128 85
602 43
85 146
660 700 9 
660 700
700 9
384 486 8 504 
384 8
486 8
384 504
240 
503 594 496 789 
503 496
503 594
496 789
210 
205 763 509 296 
205 509
509 296
205 763
329 575 145 479 
329 575
145 479
329 145
192 
217 754 
217 754
175 
165 
73 742 648 535 278 306 410 650 263 241 
742 648
742 535
535 278
73 648
306 650
73 410
306 241
73 306
278 263
375 463 415 63 476 417 
463 415
375 415
415 63
375 476
463 417
493 540 
493 540
157 
393 669 
393 669
155 
369 787 42 351 309 190 
369 351
351 309
787 309
42 351
787 190
104 
65 
112 424 331 
112 424
424 331
307 449 
307 449
289 325 3 274 
325 274
289 3
289 325
225 751 346 528 526 388 
751 388
751 346
225 528
751 528
225 526
56 
490 693 302 604 625 674 
302 674
490 693
604 674
604 625
490 604
19 475 339 624 
19 339
475 339
19 624
106 483 472 389 
106 483
472 389
483 472
322 711 287 617 758 413 72 
711 287
758 72
322 758
287 617
617 413
322 413
502 548 733 187 775 
548 733
733 187
502 548
502 775
401 429 400 608 
401 400
429 608
400 608
143 532 49 469 448 127 96 
143 49
532 49
469 96
127 96
532 448
143 469
41 
31 
501 647 686 2 723 538 497 
501 686
501 647
723 497
538 497
686 2
501 723
5 196 642 38 425 672 304 151 
5 196
5 642
38 425
642 425
38 304
642 151
196 672
89 707 134 
89 707
89 134
130 283 737 519 313 786 709 
283 737
519 313
283 709
313 709
130 737
283 786
268 657 292 665 743 
268 657
657 743
657 292
268 665
705 717 
705 717
702 716 
702 716
231 783 605 534 
231 783
783 605
231 534
563 655 649 436 680 
563 655
649 680
649 436
563 649
11 685 256 
11 685
685 256
21 
4 
173 522 718 246 
173 246
522 718
173 522
