? 5 133 547 507 372 274 
? 5 434 676 40 482 563 
? 5 339 598 277 712 191 
? 5 109 463 315 660 82 
? 5 156 267 186 10 553 
? 5 386 730 785 649 666 
? 5 559 680 145 631 38 
? 5 172 769 73 444 638 
? 5 164 192 556 258 589 
? 5 764 775 606 374 471 
? 5 562 699 522 797 750 
? 5 345 351 70 50 420 
? 4 18 489 472 684 
? 4 143 528 190 412 
? 4 312 768 369 693 
? 4 245 509 127 174 
? 4 356 426 278 774 
? 4 204 205 671 208 
? 4 400 519 424 621 
? 4 59 77 231 241 
? 4 15 770 159 703 
? 4 279 286 217 285 
? 4 155 295 247 60 
? 4 106 791 736 542 
? 4 371 709 697 664 
? 4 557 593 554 232 
? 4 167 363 90 119 
? 4 188 309 689 44 
? 4 248 570 742 297 
? 4 441 566 269 433 
? 4 682 722 647 268 
? 4 107 510 670 99 
? 4 380 698 177 140 
? 3 212 473 461 
? 3 252 499 748 
? 3 516 732 12 
? 3 360 508 8 
? 3 611 657 651 
? 3 734 771 432 
? 3 237 637 799 
? 3 3 540 259 
? 3 486 675 407 
? 3 322 585 435 
? 3 120 181 576 
? 3 411 641 36 
? 3 126 160 590 
? 3 85 490 728 
? 3 376 478 520 
? 3 30 725 640 
? 3 325 469 328 
? 3 101 175 150 
? 3 202 685 776 
? 3 332 614 475 
? 3 485 665 47 
? 3 308 715 83 
? 3 383 545 437 
? 3 292 401 625 
!
380 698 177 140 
698 177
380 698
698 140
796 
102 414 
102 414
752 758 511 745 408 569 737 42 298 572 28 780 759 448 521 134 552 
752 758
511 752
745 511
408 758
569 745
737 758
42 758
298 737
572 511
28 737
780 408
759 780
448 745
521 759
134 745
552 780
345 351 70 50 420 
345 50
345 70
345 351
70 420
242 438 326 646 310 95 565 428 539 161 56 338 54 757 
242 438
326 242
646 438
310 438
95 310
565 95
428 242
539 438
161 95
56 438
338 428
54 428
757 539
562 699 522 797 750 
699 522
562 699
699 750
562 797
169 317 
169 317
764 775 606 374 471 
764 606
606 374
764 775
374 471
292 401 625 
292 625
292 401
164 192 556 258 589 
192 589
164 589
164 556
258 589
107 510 670 99 
670 99
510 670
107 99
783 
682 722 647 268 
722 647
682 268
647 268
185 449 487 209 98 536 33 531 636 
185 449
487 185
209 449
98 449
536 185
33 185
531 449
636 449
605 678 502 179 246 717 532 784 359 688 587 193 630 9 346 
605 678
502 678
179 678
246 678
717 678
532 717
784 605
359 678
688 359
587 784
193 532
630 605
9 688
346 9
273 306 
273 306
291 514 
291 514
762 
348 705 
348 705
733 
397 763 626 436 394 75 658 443 4 781 567 756 773 655 
397 763
626 397
436 763
394 397
75 626
658 763
443 436
4 626
781 763
567 626
756 75
773 443
655 443
654 
441 566 269 433 
566 269
441 566
269 433
172 769 73 444 638 
769 73
769 638
172 638
73 444
383 545 437 
383 545
545 437
558 
13 766 
13 766
308 715 83 
715 83
308 715
301 415 343 135 413 128 110 41 792 525 591 613 211 480 388 
301 415
343 415
135 301
413 301
128 135
110 301
41 128
792 135
525 343
591 343
613 301
211 301
480 301
388 792
248 570 742 297 
248 297
248 570
742 297
523 601 504 321 184 761 622 121 
523 601
504 523
321 523
184 523
761 601
622 523
121 321
427 481 718 754 793 136 760 
427 481
718 481
754 481
793 427
136 481
760 427
188 309 689 44 
689 44
188 309
309 689
513 
468 524 347 125 129 494 700 
468 524
347 524
125 468
129 125
494 125
700 494
368 701 430 1 112 620 165 335 158 602 581 470 
368 701
430 701
1 368
112 368
620 430
165 701
335 1
158 620
602 1
581 368
470 620
392 465 
392 465
167 363 90 119 
167 363
90 119
363 119
485 665 47 
485 665
485 47
459 
332 614 475 
332 614
332 475
409 456 379 423 789 264 206 
409 456
379 456
423 379
789 456
264 423
206 423
557 593 554 232 
557 593
557 232
557 554
219 255 
219 255
371 709 697 664 
709 664
371 664
371 697
74 442 
74 442
202 685 776 
202 685
202 776
403 
235 765 
235 765
316 518 
316 518
431 724 498 599 182 157 300 
431 724
498 724
599 724
182 431
157 724
300 157
377 588 
377 588
101 175 150 
101 175
101 150
103 574 
103 574
571 798 
571 798
491 506 45 720 517 702 271 76 609 57 104 266 608 19 89 673 
491 506
45 506
720 506
517 506
702 491
271 491
76 491
609 45
57 271
104 76
266 45
608 271
19 271
89 608
673 57
385 
538 645 154 503 398 454 261 
538 645
154 538
503 538
398 538
454 538
261 645
106 791 736 542 
736 542
791 542
106 542
155 295 247 60 
155 60
155 295
295 247
325 469 328 
325 469
469 328
30 725 640 
30 640
30 725
376 478 520 
376 478
376 520
17 467 151 779 361 681 138 137 501 65 79 
17 467
151 17
779 17
361 467
681 151
138 361
137 467
501 361
65 361
79 501
365 
58 305 447 210 342 450 548 
58 305
447 305
210 305
342 58
450 305
548 447
279 286 217 285 
279 286
279 285
286 217
85 490 728 
490 728
85 728
287 616 132 69 440 122 445 213 32 284 
287 616
132 616
69 616
440 616
122 132
445 69
213 132
32 445
284 440
234 543 
234 543
358 
118 466 479 220 607 94 
118 466
479 118
220 118
607 466
94 466
124 652 713 11 418 214 331 147 653 176 362 146 405 
124 652
713 652
11 652
418 11
214 11
331 124
147 713
653 652
176 11
362 652
146 11
405 713
224 632 
224 632
559 680 145 631 38 
145 631
559 680
680 631
680 38
126 160 590 
126 590
126 160
354 
731 790 
731 790
583 721 
583 721
67 387 549 203 464 541 515 320 46 
67 387
549 387
203 67
464 387
541 67
515 203
320 387
46 67
20 708 275 642 225 302 153 662 344 
20 708
275 708
642 708
225 20
302 225
153 275
662 708
344 153
386 730 785 649 666 
386 666
386 730
386 785
386 649
15 770 159 703 
770 159
15 703
159 703
594 629 
594 629
327 
59 77 231 241 
59 231
59 77
231 241
488 544 604 460 628 575 7 695 194 395 667 
488 544
604 544
460 488
628 488
575 544
7 604
695 628
194 575
395 7
667 488
410 624 
410 624
661 746 393 43 749 600 
661 746
393 661
43 746
749 661
600 393
390 535 330 81 333 451 462 39 340 215 778 
390 535
330 390
81 535
333 390
451 390
462 535
39 330
340 81
215 390
778 390
400 519 424 621 
400 519
519 424
400 621
411 641 36 
641 36
411 641
391 399 216 200 71 178 529 195 564 
391 399
216 391
200 399
71 216
178 391
529 399
195 529
564 178
120 181 576 
120 181
181 576
314 
22 691 
22 691
256 
551 716 319 753 226 533 123 406 27 91 694 14 
551 716
319 716
753 551
226 716
533 716
123 319
406 319
27 533
91 406
694 27
14 551
251 668 
251 668
272 318 96 366 337 568 546 100 
272 318
96 272
366 318
337 366
568 366
546 272
100 272
156 267 186 10 553 
267 10
156 267
186 10
186 553
109 463 315 660 82 
109 82
315 82
109 463
315 660
249 
152 534 714 474 744 619 
152 534
714 152
474 714
744 152
619 474
198 500 162 493 497 453 168 375 
198 500
162 500
493 500
497 500
453 198
168 500
375 162
84 282 
84 282
579 735 
579 735
23 86 573 710 419 476 51 117 672 747 201 727 341 483 149 
23 86
573 86
710 23
419 86
476 86
51 86
117 86
672 86
747 86
201 419
727 51
341 23
483 573
149 341
243 455 313 349 288 787 
243 455
313 243
349 455
288 243
787 349
199 378 
199 378
108 111 
108 111
293 669 404 24 238 648 615 751 
293 669
404 293
24 293
238 404
648 669
615 293
751 293
595 634 
595 634
322 585 435 
585 435
322 585
236 
204 205 671 208 
205 671
204 205
671 208
486 675 407 
486 675
675 407
196 446 189 612 382 592 425 582 228 
196 446
189 196
612 446
382 196
592 612
425 612
582 425
228 592
356 426 278 774 
356 426
356 278
426 774
61 527 
61 527
230 
3 540 259 
540 259
3 540
270 289 115 739 692 68 512 
270 289
115 289
739 270
692 289
68 115
512 289
245 509 127 174 
245 509
509 127
509 174
25 34 777 166 719 294 218 350 
25 34
777 25
166 34
719 25
294 777
218 25
350 25
53 526 223 253 283 618 
53 526
223 53
253 223
283 253
618 53
312 768 369 693 
312 369
369 693
312 768
237 637 799 
637 799
237 637
280 402 72 596 48 743 329 741 439 555 336 577 357 105 578 29 
280 402
72 402
596 280
48 402
743 48
329 72
741 596
439 402
555 329
336 72
577 596
357 329
105 402
578 555
29 105
113 674 187 617 788 690 262 
113 674
187 113
617 113
788 113
690 674
262 690
180 
141 597 5 88 353 239 
141 597
5 597
88 597
353 597
239 597
734 771 432 
734 771
734 432
339 598 277 712 191 
598 277
598 712
339 712
277 191
611 657 651 
611 657
657 651
623 656 303 738 244 92 422 686 
623 656
303 656
738 623
244 656
92 303
422 303
686 303
496 580 683 373 63 633 650 6 352 171 755 323 
496 580
683 496
373 580
63 683
633 683
650 496
6 496
352 496
171 683
755 373
323 6
173 
434 676 40 482 563 
676 40
434 40
482 563
40 482
360 508 8 
360 8
360 508
52 772 492 221 222 706 233 584 265 381 644 740 250 
52 772
492 772
221 52
222 221
706 52
233 221
584 772
265 772
381 772
644 222
740 52
250 492
163 
26 263 
26 263
133 547 507 372 274 
133 547
547 372
133 507
372 274
143 528 190 412 
528 412
143 528
143 190
516 732 12 
732 12
516 12
116 
257 417 131 66 21 144 
257 417
131 417
66 257
21 66
144 21
87 
18 489 472 684 
489 472
18 684
489 684
2 457 170 416 254 782 296 729 723 
2 457
170 2
416 457
254 2
782 457
296 457
729 2
723 254
429 659 679 114 183 477 97 276 240 
429 659
679 659
114 659
183 429
477 183
97 659
276 659
240 183
49 
55 795 207 550 197 505 389 31 
55 795
207 795
550 55
197 795
505 55
389 207
31 795
229 364 
229 364
324 484 130 586 16 142 696 707 384 643 495 421 
324 484
130 484
586 324
16 130
142 130
696 586
707 16
384 130
643 384
495 707
421 696
37 
148 299 
148 299
252 499 748 
499 748
252 499
62 711 452 64 627 367 458 35 355 290 334 307 635 704 
62 711
452 711
64 711
627 62
367 711
458 711
35 62
355 627
290 452
334 64
307 64
635 290
704 64
212 473 461 
212 473
473 461
530 794 
530 794
80 663 
80 663
537 767 93 139 227 370 561 311 687 396 78 726 610 260 
537 767
93 767
139 767
227 537
370 139
561 370
311 227
687 537
396 227
78 370
726 78
610 687
260 537
603 639 
603 639
281 304 0 677 560 786 
281 304
0 304
677 304
560 677
786 281
