? 5 261 420 181 538 576 
? 5 81 535 390 333 109 
? 5 156 267 10 110 362 
? 5 421 696 586 554 84 
? 5 191 212 277 232 461 
? 5 70 345 43 351 393 
? 5 113 788 674 690 262 
? 5 94 536 308 273 607 
? 5 372 547 133 274 507 
? 5 347 468 524 129 615 
? 5 118 466 220 479 703 
? 5 92 422 404 101 175 
? 4 164 192 589 249 
? 4 206 417 264 66 
? 4 73 769 444 638 
? 4 519 621 732 424 
? 4 40 657 482 563 
? 4 79 501 65 328 
? 4 163 470 426 335 
? 4 317 715 83 378 
? 4 142 643 475 285 
? 4 552 593 557 282 
? 4 472 489 18 107 
? 4 462 692 545 383 
? 4 12 432 503 771 
? 4 647 722 606 697 
? 4 356 776 396 774 
? 4 376 478 385 520 
? 4 168 375 611 675 
? 4 33 98 689 231 
? 4 15 632 770 528 
? 4 339 712 640 598 
? 4 340 463 39 330 
? 3 441 566 89 
? 3 667 731 748 
? 3 46 794 543 
? 3 160 477 126 
? 3 187 617 146 
? 3 251 736 154 
? 3 204 230 205 
? 3 793 799 685 
? 3 180 315 660 
? 3 369 693 159 
? 3 629 634 239 
? 3 494 700 283 
? 3 80 631 663 
? 3 3 727 259 
? 3 658 721 676 
? 3 169 600 50 
? 3 664 723 108 
? 3 490 728 172 
? 3 665 755 459 
? 3 322 585 177 
? 3 99 414 61 
? 3 88 594 38 
? 3 44 190 219 
? 3 82 380 334 
!
340 463 39 330 
463 39
39 330
340 39
796 
332 512 
332 512
752 758 511 745 408 737 298 521 569 572 448 28 780 759 766 17 42 
752 758
511 752
745 758
408 758
737 752
298 737
521 752
569 745
572 511
448 745
28 737
780 521
759 780
766 780
17 28
42 298
92 422 404 101 175 
422 101
422 404
92 422
101 175
488 544 604 628 7 460 575 395 556 695 194 252 499 258 
488 544
604 544
628 488
7 544
460 544
575 604
395 604
556 575
695 460
194 604
252 628
499 460
258 488
118 466 220 479 703 
466 220
118 466
118 479
220 703
120 306 
120 306
347 468 524 129 615 
347 524
347 468
129 615
524 129
82 380 334 
82 380
380 334
372 547 133 274 507 
547 133
372 547
133 507
372 274
339 712 640 598 
712 598
339 712
640 598
765 
15 632 770 528 
770 528
15 770
632 770
0 304 281 560 90 677 786 119 433 
0 304
281 304
560 0
90 0
677 560
786 677
119 90
433 304
301 415 343 135 128 413 792 525 211 613 591 744 388 553 401 
301 415
343 415
135 415
128 135
413 415
792 135
525 343
211 301
613 415
591 343
744 211
388 792
553 792
401 135
256 590 
256 590
199 588 
199 588
733 
103 579 
103 579
673 
652 713 147 124 214 11 331 418 9 176 625 653 186 346 
652 713
147 713
124 652
214 652
11 713
331 652
418 124
9 331
176 11
625 713
653 11
186 713
346 331
671 
33 98 689 231 
98 231
33 689
33 98
94 536 308 273 607 
94 607
94 536
94 308
536 273
44 190 219 
190 219
44 190
642 
234 320 
234 320
88 594 38 
88 594
88 38
537 767 227 311 93 139 370 610 561 687 78 392 726 260 435 
537 767
227 767
311 537
93 537
139 227
370 139
610 537
561 370
687 610
78 370
392 767
726 561
260 767
435 78
168 375 611 675 
375 675
375 611
168 611
68 215 289 202 270 637 778 451 
68 215
289 215
202 68
270 289
637 68
778 215
451 289
248 290 297 790 288 243 619 
248 290
297 290
790 248
288 248
243 288
619 790
376 478 385 520 
385 520
376 385
376 478
630 
245 509 719 174 127 602 312 
245 509
719 509
174 245
127 509
602 509
312 602
2 457 539 170 757 254 416 371 782 296 473 438 
2 457
539 457
170 2
757 2
254 2
416 457
371 254
782 2
296 416
473 457
438 539
8 571 
8 571
356 776 396 774 
356 776
356 774
356 396
99 414 61 
99 61
99 414
624 
322 585 177 
322 585
322 177
352 548 698 22 342 485 47 
352 548
698 352
22 548
342 22
485 548
47 352
647 722 606 697 
647 722
722 606
722 697
453 709 
453 709
12 432 503 771 
12 503
503 771
12 432
263 325 
263 325
665 755 459 
665 459
755 459
516 
469 654 
469 654
74 442 
74 442
167 374 775 764 363 471 111 
167 374
775 374
764 374
363 167
471 167
111 167
292 405 
292 405
490 728 172 
490 172
490 728
302 662 
302 662
41 480 
41 480
491 506 45 720 134 271 266 76 104 57 702 19 609 517 269 608 
491 506
45 506
720 506
134 45
271 720
266 720
76 134
104 491
57 271
702 506
19 271
609 45
517 720
269 271
608 19
514 
5 559 680 145 144 353 597 
5 559
680 559
145 559
144 559
353 5
597 5
462 692 545 383 
545 383
462 692
692 545
472 489 18 107 
472 107
489 107
489 18
664 723 108 
664 723
664 108
169 600 50 
169 600
169 50
658 721 676 
658 676
658 721
523 601 504 321 761 121 24 253 213 49 238 
523 601
504 601
321 601
761 601
121 523
24 504
253 504
213 24
49 523
238 24
513 
53 526 505 686 223 798 31 
53 526
505 53
686 53
223 686
798 686
31 686
552 593 557 282 
593 557
552 557
557 282
3 727 259 
727 259
3 259
34 777 25 27 294 166 533 431 218 599 
34 777
25 777
27 34
294 777
166 777
533 27
431 294
218 777
599 294
208 518 
208 518
486 
454 791 106 542 398 645 
454 791
106 791
542 791
398 454
645 106
250 305 492 447 58 171 323 772 210 584 52 6 233 
250 305
492 250
447 305
58 305
171 250
323 250
772 492
210 250
584 305
52 772
6 305
233 52
268 682 
268 682
113 788 674 690 262 
113 674
690 262
113 788
674 690
80 631 663 
80 663
80 631
465 
381 530 
381 530
407 567 
407 567
63 683 496 580 650 633 373 26 450 
63 683
496 683
580 496
650 63
633 580
373 580
26 63
450 496
659 679 97 114 217 739 437 136 115 
659 679
97 679
114 659
217 679
739 217
437 97
136 114
115 437
70 345 43 351 393 
351 393
345 393
70 345
70 43
142 643 475 285 
643 475
142 643
142 285
364 510 
364 510
464 
317 715 83 378 
317 715
715 378
715 83
207 389 178 795 197 508 55 564 360 550 458 
207 389
178 389
795 207
197 207
508 178
55 795
564 178
360 795
550 55
458 564
21 595 
21 595
152 534 787 313 474 349 
152 534
787 152
313 787
474 313
349 474
495 707 183 16 130 240 484 279 429 384 324 
495 707
183 495
16 707
130 16
240 183
484 130
279 130
429 495
384 130
324 484
163 470 426 335 
163 426
470 335
163 470
494 700 283 
494 700
700 283
391 399 635 216 71 200 195 529 570 
391 399
635 391
216 391
71 391
200 399
195 635
529 635
570 195
629 634 239 
629 634
634 239
410 
224 705 
224 705
299 
272 318 366 96 568 337 546 235 100 141 762 641 
272 318
366 272
96 272
568 318
337 366
546 272
235 318
100 366
141 96
762 141
641 96
365 655 
365 655
242 326 646 310 565 95 161 56 
242 326
646 242
310 242
565 646
95 310
161 95
56 95
191 212 277 232 461 
212 277
191 212
277 461
212 232
421 696 586 554 84 
586 84
421 696
696 586
696 554
278 
188 412 143 157 309 209 
188 412
143 412
157 188
309 412
209 309
132 616 287 69 751 639 603 648 
132 616
287 616
69 132
751 616
639 616
603 639
648 69
286 614 
286 614
137 670 
137 670
23 86 672 149 51 476 573 201 710 341 117 419 747 483 750 
23 86
672 86
149 23
51 86
476 86
573 86
201 23
710 86
341 149
117 201
419 23
747 341
483 86
750 341
623 656 303 244 738 354 
623 656
303 656
244 656
738 656
354 244
140 355 
140 355
36 582 
36 582
409 456 423 789 379 558 131 257 
409 456
423 456
789 456
379 423
558 789
131 423
257 423
400 668 
400 668
369 693 159 
369 693
369 159
276 
79 501 65 328 
79 501
79 65
79 328
180 315 660 
180 315
180 660
198 500 54 162 493 428 729 338 497 
198 500
54 500
162 500
493 54
428 493
729 500
338 428
497 500
40 657 482 563 
657 482
657 563
40 482
574 725 
574 725
255 
793 799 685 
793 799
799 685
498 724 300 182 291 768 350 
498 724
300 724
182 724
291 182
768 724
350 182
519 621 732 424 
519 424
519 732
621 732
32 669 293 445 125 440 122 284 
32 669
293 669
445 669
125 32
440 445
122 669
284 669
185 449 487 377 636 241 
185 449
487 449
377 185
636 449
241 449
73 769 444 638 
73 769
769 638
73 444
204 230 205 
204 205
230 205
280 402 72 743 329 596 48 439 741 555 336 577 578 357 29 105 
280 402
72 280
743 402
329 72
596 280
48 743
439 72
741 402
555 329
336 329
577 596
578 555
357 336
29 577
105 577
20 708 275 153 225 344 714 
20 708
275 708
153 20
225 20
344 153
714 344
237 
427 481 718 754 348 760 
427 481
718 481
754 427
348 481
760 718
251 736 154 
251 154
736 154
156 267 10 110 362 
267 10
156 267
156 362
110 362
187 617 146 
617 146
187 617
368 701 430 112 1 620 581 158 
368 701
430 701
112 368
1 701
620 368
581 701
158 620
605 678 502 179 532 246 688 784 717 359 587 327 
605 678
502 678
179 605
532 605
246 678
688 605
784 678
717 532
359 688
587 688
327 717
236 
81 535 390 333 109 
81 535
390 333
81 390
535 109
160 477 126 
160 477
477 126
196 446 592 189 382 612 425 229 148 411 684 228 316 
196 446
592 446
189 196
382 196
612 446
425 446
229 196
148 612
411 229
684 612
228 684
316 684
150 
102 649 
102 649
261 420 181 538 576 
261 420
261 181
261 538
420 576
206 417 264 66 
206 264
206 66
417 264
46 794 543 
46 543
46 794
116 
562 699 522 797 358 173 
562 699
522 699
797 699
358 562
173 522
87 
164 192 589 249 
192 589
164 589
192 249
62 711 64 452 367 691 627 35 742 
62 711
64 711
452 62
367 711
691 62
627 62
35 711
742 62
681 779 151 467 138 361 247 155 295 
681 779
151 681
467 779
138 779
361 138
247 681
155 681
295 155
37 
67 387 203 549 515 541 307 455 
67 387
203 67
549 387
515 203
541 387
307 387
455 549
583 783 
583 783
222 644 386 221 666 540 730 785 706 265 740 193 
222 644
386 222
221 222
666 222
540 222
730 386
785 730
706 221
265 785
740 666
193 265
30 
13 735 
13 735
667 731 748 
731 748
667 731
397 763 436 626 75 394 443 4 756 434 781 773 651 734 
397 763
436 763
626 397
75 626
394 763
443 436
4 436
756 626
434 443
781 75
773 434
651 75
734 4
441 566 89 
441 566
566 89
60 527 
60 527
85 403 
85 403
551 716 319 753 406 123 226 184 91 694 618 14 165 622 
551 716
319 551
753 551
406 716
123 551
226 319
184 551
91 716
694 406
618 184
14 551
165 618
622 184
314 704 
314 704
77 749 59 531 661 746 
77 749
59 749
531 77
661 749
746 661
