? 5 341 383 750 149 545 
? 5 123 716 319 551 14 
? 5 600 746 50 661 393 
? 5 103 461 13 111 191 
? 5 106 542 736 791 645 
? 5 63 683 633 650 171 
? 5 139 370 561 726 776 
? 5 498 724 431 294 599 
? 5 603 751 24 150 213 
? 5 251 398 454 538 432 
? 5 537 767 311 93 227 
? 5 730 785 386 102 265 
? 4 9 331 405 346 
? 4 384 643 142 173 
? 4 41 343 591 415 
? 4 70 345 43 351 
? 4 51 263 727 79 
? 4 147 713 186 292 
? 4 609 702 45 134 
? 4 87 419 26 580 
? 4 82 698 140 380 
? 4 27 533 91 694 
? 4 601 761 121 504 
? 4 7 395 354 71 
? 4 313 474 349 714 
? 4 358 593 552 554 
? 4 759 780 212 277 
? 4 108 471 296 764 
? 4 356 426 278 78 
? 4 153 344 152 787 
? 4 434 773 676 40 
? 4 256 477 276 424 
? 4 205 671 204 641 
? 3 62 711 452 
? 3 120 576 317 
? 3 136 799 637 
? 3 114 659 429 
? 3 337 469 366 
? 3 167 374 775 
? 3 279 285 183 
? 3 105 577 29 
? 3 118 306 220 
? 3 307 464 704 
? 3 627 691 352 
? 3 164 258 192 
? 3 407 675 563 
? 3 98 636 209 
? 3 373 755 665 
? 3 21 66 353 
? 3 501 672 797 
? 3 371 709 697 
? 3 468 524 347 
? 3 52 706 666 
? 3 555 578 236 
? 3 8 31 795 
? 3 272 318 96 
? 3 562 699 747 
!
205 671 204 641 
205 671
205 204
671 641
760 
494 589 
494 589
248 790 195 529 570 290 297 742 635 288 216 619 35 391 399 314 642 
248 790
195 790
529 195
570 790
290 529
297 290
742 290
635 290
288 297
216 570
619 248
35 742
391 216
399 391
314 35
642 619
730 785 386 102 265 
730 386
785 386
785 265
730 102
95 161 310 56 565 438 646 282 326 232 242 421 557 696 
95 161
310 161
56 310
565 56
438 310
646 438
282 565
326 646
232 95
242 326
421 282
557 282
696 421
537 767 311 93 227 
767 227
537 767
93 227
537 311
53 55 
53 55
251 398 454 538 432 
251 538
251 398
398 432
454 538
562 699 747 
562 699
562 747
603 751 24 150 213 
24 213
751 24
603 751
24 150
256 477 276 424 
276 424
477 424
256 477
715 
434 773 676 40 
676 40
434 40
434 773
333 535 39 390 81 340 330 459 451 
333 535
39 535
390 535
81 333
340 81
330 390
459 330
451 330
499 748 628 695 667 302 460 488 252 731 544 225 662 604 575 
499 748
628 499
695 499
667 748
302 695
460 667
488 628
252 695
731 460
544 488
225 302
662 731
604 544
575 544
5 88 
5 88
523 753 
523 753
663 
375 611 
375 611
558 
339 640 30 104 712 76 725 572 598 677 560 574 90 116 
339 640
30 640
104 640
712 339
76 104
725 712
572 76
598 712
677 725
560 677
574 712
90 725
116 90
549 
153 344 152 787 
344 787
344 152
153 344
498 724 431 294 599 
498 431
498 724
431 294
724 599
272 318 96 
272 96
272 318
547 
85 363 
85 363
8 31 795 
31 795
8 31
617 674 788 187 113 690 262 513 357 418 144 362 625 336 80 
617 674
788 617
187 674
113 788
690 187
262 690
513 113
357 690
418 513
144 788
362 418
625 513
336 357
80 144
356 426 278 78 
356 426
356 278
426 78
58 210 305 323 250 6 492 450 
58 210
305 58
323 210
250 305
6 323
492 250
450 6
151 779 681 527 138 65 60 
151 779
681 151
527 681
138 779
65 138
60 527
108 471 296 764 
108 471
108 296
471 764
541 
94 536 308 466 479 607 83 
94 536
308 94
466 308
479 308
607 466
83 479
54 493 497 500 729 428 338 198 162 757 168 486 
54 493
497 493
500 54
729 497
428 54
338 428
198 500
162 500
757 729
168 162
486 338
48 733 
48 733
759 780 212 277 
759 780
212 277
780 212
555 578 236 
555 236
555 578
534 
52 706 666 
52 706
706 666
632 705 260 392 465 255 703 
632 705
260 632
392 705
465 632
255 260
703 465
358 593 552 554 
358 552
593 554
358 593
270 692 
270 692
313 474 349 714 
474 349
313 474
313 714
515 525 
515 525
468 524 347 
524 347
468 347
522 
396 774 
396 774
485 496 
485 496
508 564 178 200 458 360 389 
508 564
178 508
200 564
458 564
360 178
389 360
257 417 
257 417
371 709 697 
371 697
371 709
473 579 
473 579
89 566 
89 566
274 629 239 634 372 582 594 507 762 597 141 133 595 299 425 411 
274 629
239 274
634 239
372 629
582 274
594 239
507 372
762 594
597 634
141 594
133 507
595 133
299 582
425 582
411 299
453 
332 614 217 739 286 679 475 
332 614
217 614
739 614
286 217
679 332
475 286
7 395 354 71 
395 71
395 354
7 354
601 761 121 504 
121 504
761 121
601 504
501 672 797 
501 672
672 797
21 66 353 
21 353
66 353
373 755 665 
373 665
373 755
112 430 368 335 581 470 620 158 687 435 610 
112 430
368 112
335 430
581 368
470 335
620 470
158 620
687 335
435 470
610 687
442 
25 218 777 34 719 166 245 
25 218
777 25
34 25
719 218
166 719
245 719
27 533 91 694 
27 533
27 694
27 91
98 636 209 
98 636
98 209
2 170 457 539 782 723 416 254 735 664 
2 170
457 170
539 457
782 457
723 2
416 782
254 723
735 416
664 254
261 420 
261 420
441 
145 631 680 559 38 587 
145 631
680 631
559 631
38 680
587 145
284 445 440 287 69 122 669 32 616 648 132 639 125 
284 445
440 284
287 440
69 287
122 440
669 284
32 669
616 122
648 32
132 616
639 616
125 648
4 240 
4 240
139 370 561 726 776 
370 726
726 776
139 370
370 561
407 675 563 
675 563
407 675
394 
156 267 
156 267
388 744 
388 744
427 481 718 126 348 590 160 754 793 
427 481
718 481
126 481
348 718
590 718
160 126
754 427
793 754
315 660 180 109 37 177 322 463 585 
315 660
180 315
109 315
37 660
177 37
322 660
463 109
585 322
63 683 633 650 171 
63 633
633 650
63 171
683 171
82 698 140 380 
698 380
698 140
82 380
226 406 
226 406
365 
87 419 26 580 
87 419
26 580
87 26
57 271 19 673 720 608 506 517 491 266 269 
57 271
19 57
673 57
720 271
608 673
506 720
517 506
491 506
266 720
269 608
159 369 
159 369
77 531 59 231 749 241 
77 531
59 531
231 77
749 531
241 531
73 172 638 769 490 444 268 728 606 682 403 
73 172
638 73
769 73
490 769
444 769
268 490
728 268
606 268
682 606
403 490
609 702 45 134 
702 45
702 134
609 45
164 258 192 
164 258
258 192
228 316 229 208 684 382 18 489 364 
228 316
229 316
208 228
684 229
382 316
18 684
489 18
364 229
627 691 352 
627 691
691 352
321 
243 455 
243 455
293 
752 758 408 511 745 737 569 42 521 298 766 448 
752 758
408 758
511 752
745 511
737 408
569 745
42 737
521 511
298 42
766 521
448 745
647 722 
647 722
584 794 530 543 46 740 381 772 
584 794
530 794
543 584
46 543
740 530
381 530
772 740
106 542 736 791 645 
542 736
106 645
542 791
106 542
103 461 13 111 191 
13 111
461 191
13 191
103 461
211 
592 612 196 446 148 189 
592 612
196 592
446 196
148 612
189 196
436 783 658 443 583 655 721 734 
436 783
658 436
443 783
583 783
655 443
721 658
734 721
516 732 
516 732
184 622 
184 622
410 602 1 693 312 624 291 182 509 350 768 701 174 127 514 
410 602
1 410
693 410
312 410
624 1
291 312
182 291
509 182
350 509
768 312
701 1
174 509
127 174
514 768
472 510 670 518 107 230 
472 510
670 472
518 472
107 670
230 518
129 615 
129 615
301 613 
301 613
400 796 519 621 771 154 668 503 
400 796
519 400
621 400
771 621
154 796
668 154
503 154
320 387 
320 387
307 464 704 
307 464
464 704
181 
147 713 186 292 
147 713
713 186
186 292
118 306 220 
118 220
118 306
23 86 201 573 74 476 710 483 117 
23 86
201 23
573 201
74 86
476 201
710 573
483 74
117 476
51 263 727 79 
51 79
51 727
263 727
275 708 
275 708
169 
105 577 29 
577 29
105 577
11 653 214 176 146 652 124 
11 653
214 11
176 653
146 176
652 214
124 652
70 345 43 351 
70 345
345 351
70 43
135 480 110 128 401 413 553 792 
135 480
110 135
128 135
401 110
413 480
553 110
792 553
686 798 571 253 238 623 
686 798
571 686
253 798
238 798
623 571
41 343 591 415 
343 591
343 415
41 415
279 285 183 
279 285
285 183
567 756 626 75 324 484 781 707 586 397 130 16 84 763 651 495 
567 756
626 567
75 756
324 756
484 324
781 626
707 626
586 324
397 781
130 484
16 130
84 586
763 397
651 75
495 707
99 247 61 295 568 235 155 
99 247
61 99
295 99
568 61
235 568
155 295
165 
28 467 17 361 765 137 
28 467
17 28
361 467
765 17
137 765
167 374 775 
167 374
374 775
600 746 50 661 393 
746 661
600 746
661 393
50 393
337 469 366 
337 366
337 469
280 402 741 72 596 439 329 743 
280 402
741 280
72 280
596 741
439 72
329 72
743 402
115 215 68 97 778 512 289 237 685 437 462 202 
115 215
68 215
97 215
778 97
512 778
289 512
237 68
685 237
437 289
462 437
202 685
163 
123 716 319 551 14 
716 551
716 319
123 319
551 14
114 659 429 
659 429
114 659
179 678 605 246 502 630 327 784 532 717 359 193 688 
179 678
605 179
246 678
502 246
630 502
327 179
784 605
532 327
717 327
359 784
193 532
688 359
47 
505 526 
505 526
341 383 750 149 545 
383 545
750 545
341 750
341 149
384 643 142 173 
384 643
384 142
643 173
136 799 637 
136 637
799 637
36 
376 478 520 385 618 550 
376 478
520 478
385 376
618 520
550 385
20 
9 331 405 346 
331 346
9 331
405 346
334 342 22 367 64 234 355 447 548 
334 342
22 342
367 334
64 334
234 22
355 367
447 234
548 22
33 185 377 588 449 689 487 378 199 
33 185
377 185
588 33
449 377
689 185
487 449
378 377
199 378
12 
409 456 379 423 789 264 206 131 
409 456
379 409
423 379
789 379
264 423
206 264
131 264
482 657 
482 657
325 654 3 414 259 328 540 644 221 649 222 233 
325 654
3 654
414 654
259 3
328 414
540 3
644 325
221 644
649 325
222 644
233 221
10 
197 207 
197 207
120 576 317 
120 317
576 317
92 422 175 303 556 101 194 656 283 738 249 404 244 700 
92 422
175 92
303 422
556 92
101 175
194 556
656 303
283 303
738 656
249 556
404 101
244 738
700 101
62 711 452 
62 711
62 452
100 546 
100 546
49 223 
49 223
190 528 143 412 219 309 188 300 157 44 15 770 224 273 
190 528
143 190
412 190
219 143
309 412
188 309
300 412
157 300
44 309
15 528
770 15
224 770
273 44
67 203 
67 203
0 304 281 786 433 119 
0 304
281 304
786 281
433 304
119 0
