? 5 449 487 209 636 44 
? 5 427 481 793 718 760 
? 5 372 507 133 274 634 
? 5 444 769 638 172 73 
? 5 600 746 393 345 351 
? 5 563 657 611 40 168 
? 5 580 755 373 633 442 
? 5 562 699 522 797 341 
? 5 504 601 121 321 761 
? 5 259 328 79 155 654 
? 5 212 277 461 191 598 
? 5 107 204 489 472 671 
? 4 118 220 607 424 
? 4 24 639 751 603 
? 4 505 526 53 798 
? 4 18 684 148 641 
? 4 106 791 251 398 
? 4 293 615 494 404 
? 4 243 288 297 790 
? 4 109 315 180 660 
? 4 173 554 421 593 
? 4 647 722 764 606 
? 4 181 420 120 576 
? 4 281 441 433 566 
? 4 193 327 381 102 
? 4 136 799 160 637 
? 4 12 432 365 771 
? 4 58 584 323 794 
? 4 80 359 587 38 
? 4 137 765 247 28 
? 4 217 679 286 97 
? 4 71 354 422 283 
? 4 162 198 497 453 
? 3 632 754 392 
? 3 29 733 257 
? 3 451 545 383 
? 3 43 70 50 
? 3 369 768 291 
? 3 15 260 770 
? 3 371 664 697 
? 3 378 689 309 
? 3 302 748 642 
? 3 83 715 231 
? 3 30 640 712 
? 3 228 382 316 
? 3 127 245 174 
? 3 469 649 88 
? 3 682 728 268 
? 3 332 614 475 
? 3 37 177 355 
? 3 241 377 199 
? 3 111 579 108 
? 3 21 66 595 
? 3 465 703 705 
? 3 229 670 299 
? 3 619 731 35 
? 3 205 208 510 
!
162 198 497 453 
198 497
162 497
198 453
747 
237 778 
237 778
752 758 511 408 745 737 569 298 572 766 448 17 759 521 780 552 467 
752 758
511 752
408 752
745 511
737 752
569 745
298 737
572 511
766 572
448 745
17 298
759 766
521 759
780 759
552 780
467 17
107 204 489 472 671 
107 472
107 489
204 671
489 671
397 763 436 781 394 443 4 734 721 658 773 434 732 655 
397 763
436 763
781 397
394 397
443 436
4 436
734 4
721 397
658 436
773 436
434 773
732 436
655 443
212 277 461 191 598 
461 598
212 277
277 598
212 191
403 490 
403 490
259 328 79 155 654 
328 155
155 654
259 79
328 79
205 208 510 
205 208
208 510
504 601 121 321 761 
504 121
504 321
121 761
504 601
71 354 422 283 
354 283
71 283
354 422
742 
217 679 286 97 
286 97
679 97
217 286
409 456 789 379 423 206 264 131 547 
409 456
789 409
379 456
423 379
206 423
264 423
131 206
547 789
301 415 343 128 135 792 41 525 413 591 480 211 613 388 744 
301 415
343 415
128 343
135 128
792 135
41 415
525 343
413 343
591 343
480 301
211 301
613 301
388 792
744 211
325 414 
325 414
36 594 
36 594
729 
13 735 
13 735
676 
324 484 130 586 142 16 75 567 756 384 696 707 626 643 
324 484
130 484
586 484
142 130
16 130
75 324
567 75
756 75
384 142
696 586
707 16
626 75
643 384
663 
137 765 247 28 
765 247
137 765
137 28
562 699 522 797 341 
699 522
562 699
699 341
562 797
619 731 35 
619 35
731 35
624 
364 411 
364 411
229 670 299 
229 299
229 670
2 457 539 170 757 438 254 416 782 473 723 709 296 161 646 
2 457
539 457
170 2
757 170
438 539
254 170
416 457
782 2
473 457
723 757
709 254
296 2
161 438
646 438
80 359 587 38 
359 587
587 38
80 359
5 559 145 680 353 597 141 631 
5 559
145 559
680 559
353 5
597 5
141 597
631 680
196 446 592 189 425 612 582 
196 446
592 196
189 196
425 446
612 592
582 612
58 584 323 794 
584 323
58 323
584 794
558 
94 536 466 185 308 479 588 
94 536
466 94
185 94
308 466
479 466
588 94
183 240 495 621 477 429 114 279 783 519 659 285 
183 240
495 183
621 240
477 240
429 495
114 429
279 495
783 183
519 621
659 429
285 429
169 317 
169 317
12 432 365 771 
432 365
12 432
12 771
465 703 705 
465 705
703 705
530 
21 66 595 
66 595
21 66
143 528 190 412 219 159 188 
143 528
190 143
412 143
219 412
159 143
188 412
136 799 160 637 
136 637
799 637
799 160
234 543 
234 543
193 327 381 102 
193 327
381 102
193 102
348 796 
348 796
111 579 108 
111 108
579 108
514 
410 693 
410 693
485 665 
485 665
184 618 478 165 523 622 223 
184 618
478 618
165 618
523 184
622 523
223 184
276 590 
276 590
241 377 199 
241 377
241 199
129 284 
129 284
210 450 
210 450
491 506 45 720 271 609 134 702 266 76 57 19 89 517 608 673 
491 506
45 506
720 506
271 506
609 491
134 45
702 506
266 720
76 134
57 271
19 271
89 271
517 134
608 517
673 19
482 
270 289 739 692 115 215 512 
270 289
739 270
692 270
115 289
215 115
512 289
281 441 433 566 
441 566
281 441
433 566
181 420 120 576 
181 420
181 120
420 576
37 177 355 
177 355
37 177
332 614 475 
332 614
332 475
682 728 268 
682 268
728 268
502 678 605 179 246 346 630 784 717 532 688 
502 678
605 678
179 678
246 502
346 502
630 502
784 678
717 678
532 179
688 502
462 
352 548 82 380 22 47 447 
352 548
82 352
380 352
22 548
47 548
447 22
647 722 764 606 
764 606
647 722
722 606
469 649 88 
469 649
649 88
272 318 366 337 568 96 762 546 100 235 
272 318
366 272
337 366
568 366
96 318
762 96
546 272
100 272
235 366
516 583 
516 583
405 
167 374 363 775 471 119 
167 374
363 167
775 167
471 167
119 363
652 713 147 124 11 214 418 653 9 331 176 146 10 
652 713
147 713
124 652
11 652
214 11
418 124
653 713
9 652
331 124
176 11
146 11
10 176
61 527 
61 527
580 755 373 633 442 
580 373
755 633
580 755
373 442
127 245 174 
127 245
245 174
358 
239 629 
239 629
175 571 
175 571
207 389 197 795 508 360 55 550 322 
207 389
197 207
795 207
508 389
360 508
55 795
550 55
322 550
303 656 623 738 686 31 92 8 244 
303 656
623 656
738 656
686 303
31 623
92 303
8 656
244 656
563 657 611 40 168 
563 657
657 611
657 40
611 168
173 554 421 593 
173 554
173 593
173 421
49 253 
49 253
306 
109 315 180 660 
109 180
109 315
180 660
187 674 113 262 690 617 788 144 513 362 625 
187 674
113 674
262 674
690 262
617 674
788 674
144 113
513 187
362 187
625 788
400 668 
400 668
95 310 565 326 232 557 
95 310
565 310
326 565
232 95
557 95
399 635 391 216 178 248 458 529 570 200 564 
399 635
391 635
216 391
178 399
248 635
458 178
529 248
570 248
200 178
564 178
243 288 297 790 
243 790
288 297
243 297
228 382 316 
228 382
382 316
435 470 620 430 278 158 112 335 426 
435 470
620 435
430 470
278 435
158 620
112 430
335 470
426 278
30 640 712 
30 712
30 640
292 
407 651 
407 651
282 
488 544 604 575 7 667 460 628 194 499 395 695 
488 544
604 544
575 488
7 604
667 488
460 544
628 488
194 7
499 488
395 7
695 628
87 650 
87 650
390 535 81 333 330 39 463 459 
390 535
81 535
333 535
330 535
39 535
463 535
459 81
600 746 393 345 351 
393 351
393 345
600 746
746 393
444 769 638 172 73 
769 73
769 638
638 172
444 73
269 
202 774 356 776 685 68 
202 774
356 774
776 774
685 202
68 202
368 701 1 581 385 602 376 520 
368 701
1 701
581 701
385 701
602 701
376 581
520 376
230 518 
230 518
60 99 
60 99
23 86 710 573 51 476 672 117 74 201 501 483 149 750 419 
23 86
710 86
573 23
51 86
476 23
672 51
117 23
74 23
201 86
501 51
483 86
149 117
750 149
419 710
125 347 32 524 468 648 
125 347
32 125
524 347
468 524
648 125
103 574 
103 574
56 84 
56 84
20 708 275 662 153 714 344 225 
20 708
275 708
662 20
153 275
714 708
344 714
225 20
464 704 
464 704
83 715 231 
715 231
83 715
263 
293 615 494 404 
615 494
293 404
293 615
302 748 642 
302 748
748 642
338 428 675 54 500 493 242 375 486 
338 428
675 338
54 428
500 54
493 500
242 428
375 428
486 428
106 791 251 398 
106 251
251 398
106 791
163 585 
163 585
238 
378 689 309 
689 309
378 689
560 677 304 0 90 339 786 
560 677
304 677
0 304
90 677
339 560
786 677
18 684 148 641 
684 641
684 148
18 684
431 498 724 300 599 182 312 157 
431 498
724 431
300 498
599 431
182 431
312 182
157 300
59 749 98 77 661 531 
59 749
98 59
77 749
661 749
531 59
505 526 53 798 
505 53
526 53
53 798
371 664 697 
371 664
371 697
280 402 72 329 743 596 48 577 336 555 439 357 741 105 578 417 
280 402
72 402
329 72
743 402
596 402
48 743
577 280
336 596
555 329
439 72
357 72
741 329
105 577
578 329
417 577
151 681 779 138 361 65 295 
151 681
779 681
138 779
361 138
65 138
295 681
236 
164 192 258 556 252 700 
164 192
258 192
556 164
252 258
700 164
15 260 770 
15 260
15 770
372 507 133 274 634 
274 634
507 133
372 274
372 133
369 768 291 
369 768
768 291
25 34 777 294 218 350 719 509 
25 34
777 25
294 777
218 25
350 25
719 350
509 719
222 644 785 52 772 730 386 221 706 666 3 265 
222 644
785 222
52 222
772 52
730 644
386 730
221 772
706 221
666 772
3 222
265 386
224 
427 481 793 718 760 
481 760
427 718
427 760
427 793
43 70 50 
70 50
43 70
551 716 319 123 753 533 406 91 14 27 226 694 166 
551 716
319 716
123 551
753 319
533 716
406 716
91 716
14 716
27 533
226 319
694 27
166 27
140 
116 725 
116 725
449 487 209 636 44 
449 487
449 209
487 636
449 44
24 639 751 603 
24 639
24 751
751 603
451 545 383 
545 383
451 545
104 
156 267 186 553 110 401 
156 267
186 156
553 156
110 553
401 553
85 
118 220 607 424 
220 607
118 607
118 424
67 387 203 549 541 515 46 320 455 
67 387
203 67
549 387
541 387
515 67
46 541
320 387
455 549
440 616 122 132 69 669 213 445 287 
440 616
122 616
132 616
69 132
669 440
213 616
445 69
287 122
42 
538 645 542 503 154 261 736 454 
538 645
542 645
503 538
154 538
261 645
736 542
454 538
249 589 
249 589
171 683 63 496 492 233 250 26 305 740 727 540 
171 683
63 171
496 683
492 171
233 492
250 492
26 171
305 250
740 305
727 683
540 233
6 
33 273 
33 273
29 733 257 
29 733
29 257
62 711 452 64 627 367 342 314 691 698 334 290 307 195 
62 711
452 711
64 711
627 711
367 64
342 62
314 711
691 367
698 627
334 367
290 452
307 64
195 290
632 754 392 
632 392
754 392
101 150 
101 150
340 437 
340 437
537 767 93 227 370 396 139 610 311 78 561 255 687 726 
537 767
93 767
227 767
370 767
396 537
139 370
610 93
311 227
78 370
561 370
255 537
687 93
726 370
126 256 
126 256
152 534 787 349 474 313 
152 534
787 152
349 787
474 349
313 474
