? 5 686 798 283 253 404 
? 5 212 277 598 473 766 
? 5 133 507 372 595 629 
? 5 726 774 356 396 426 
? 5 157 188 309 209 528 
? 5 184 618 14 581 53 
? 5 92 422 175 101 244 
? 5 119 363 111 374 339 
? 5 121 601 504 321 761 
? 5 180 315 177 463 322 
? 5 427 481 718 160 760 
? 5 269 566 786 104 712 
? 4 563 675 482 40 
? 4 18 489 472 107 
? 4 312 369 159 693 
? 4 46 543 584 447 
? 4 190 412 143 219 
? 4 611 657 434 168 
? 4 425 582 239 148 
? 4 71 354 200 508 
? 4 164 192 252 258 
? 4 118 220 479 607 
? 4 373 755 459 650 
? 4 181 576 420 120 
? 4 554 557 593 232 
? 4 682 722 647 606 
? 4 205 671 230 204 
? 4 100 546 102 730 
? 4 59 77 231 377 
? 4 754 793 126 799 
? 4 24 751 603 293 
? 4 542 791 454 736 
? 4 129 468 648 494 
? 3 55 526 49 
? 3 305 740 210 
? 3 371 709 697 
? 3 764 775 728 
? 3 619 731 667 
? 3 99 247 469 
? 3 274 634 141 
? 3 13 103 191 
? 3 259 328 3 
? 3 155 263 483 
? 3 270 451 545 
? 3 465 703 348 
? 3 15 224 770 
? 3 43 70 169 
? 3 424 590 400 
? 3 60 501 201 
? 3 516 583 771 
? 3 365 398 432 
? 3 229 411 641 
? 3 223 505 520 
? 3 150 238 571 
? 3 127 624 34 
? 3 288 742 642 
? 3 320 464 234 
!
129 468 648 494 
129 494
129 468
648 494
765 
291 514 
291 514
752 758 511 745 569 408 42 521 737 572 298 448 137 134 30 28 759 
752 758
511 752
745 758
569 745
408 752
42 758
521 752
737 758
572 511
298 737
448 745
137 745
134 572
30 572
28 42
759 521
269 566 786 104 712 
269 566
104 712
269 104
566 786
324 484 130 586 16 142 696 707 421 384 643 495 84 285 
324 484
130 484
586 484
16 130
142 130
696 586
707 16
421 696
384 130
643 384
495 707
84 696
285 142
427 481 718 160 760 
481 760
427 718
427 760
718 160
381 541 
381 541
180 315 177 463 322 
315 322
180 177
180 315
315 463
320 464 234 
464 234
320 464
121 601 504 321 761 
121 504
504 321
121 761
601 504
542 791 454 736 
542 736
542 454
791 454
735 
24 751 603 293 
751 293
603 293
24 751
368 701 430 112 1 602 335 470 410 
368 701
430 701
112 430
1 430
602 701
335 701
470 430
410 701
605 678 502 179 246 587 717 784 532 193 688 359 346 327 630 
605 678
502 678
179 678
246 678
587 605
717 246
784 605
532 717
193 532
688 587
359 688
346 502
327 179
630 346
173 358 
173 358
286 778 
286 778
733 
340 442 
340 442
729 
652 713 124 147 11 214 418 331 9 186 625 267 653 292 
652 713
124 652
147 713
11 652
214 11
418 11
331 652
9 124
186 147
625 652
267 186
653 11
292 652
655 
754 793 126 799 
754 126
754 793
793 799
119 363 111 374 339 
119 374
119 363
363 339
111 374
288 742 642 
288 742
288 642
654 
414 649 
414 649
127 624 34 
624 34
127 624
301 415 343 135 413 792 128 525 613 110 480 211 591 41 744 
301 415
343 415
135 415
413 415
792 135
128 135
525 343
613 301
110 415
480 301
211 301
591 343
41 128
744 211
59 77 231 377 
59 231
59 77
231 377
158 620 376 435 550 478 163 385 
158 620
376 158
435 620
550 158
478 158
163 435
385 158
156 388 553 401 10 405 515 
156 388
553 156
401 388
10 156
405 401
515 401
100 546 102 730 
102 730
100 730
546 730
640 
207 389 564 795 197 360 178 
207 389
564 389
795 207
197 207
360 389
178 564
5 559 680 597 145 144 353 80 88 631 663 38 
5 559
680 5
597 5
145 680
144 559
353 5
80 559
88 680
631 559
663 680
38 559
450 485 
450 485
205 671 230 204 
205 671
205 204
671 230
150 238 571 
150 238
150 571
622 
223 505 520 
223 505
223 520
94 536 308 466 44 378 33 
94 536
308 94
466 536
44 94
378 536
33 94
682 722 647 606 
722 647
722 606
682 606
574 725 
574 725
554 557 593 232 
557 593
557 232
554 557
241 588 
241 588
229 411 641 
229 641
411 641
594 
632 705 
632 705
676 783 
676 783
185 449 487 689 98 636 199 
185 449
487 449
689 185
98 449
636 98
199 449
302 662 
302 662
365 398 432 
365 432
398 432
236 362 
236 362
56 282 
56 282
491 506 45 271 720 702 517 89 609 76 266 57 19 608 560 673 
491 506
45 506
271 506
720 506
702 506
517 491
89 491
609 506
76 491
266 45
57 720
19 271
608 57
560 517
673 271
490 
455 549 349 387 243 203 67 
455 549
349 455
387 549
243 455
203 549
67 203
181 576 420 120 
181 420
181 120
576 420
373 755 459 650 
755 650
373 459
373 755
516 583 771 
583 771
516 583
60 501 201 
501 201
60 501
424 590 400 
424 400
424 590
242 438 326 646 565 310 95 539 161 428 497 
242 438
326 242
646 438
565 438
310 438
95 310
539 438
161 95
428 242
497 242
486 
2 457 170 757 723 254 416 
2 457
170 2
757 2
723 457
254 457
416 457
118 220 479 607 
220 607
118 607
118 479
43 70 169 
43 169
43 70
290 635 195 399 391 248 790 529 216 297 
290 635
195 290
399 635
391 399
248 195
790 290
529 195
216 391
297 290
364 518 
364 518
475 
522 699 562 797 692 383 
522 699
562 699
797 562
692 522
383 692
488 544 628 604 575 7 460 748 695 194 395 499 556 
488 544
628 488
604 544
575 488
7 604
460 628
748 488
695 488
194 604
395 604
499 748
556 194
47 665 
47 665
92 422 175 101 244 
422 101
92 244
92 422
175 101
15 224 770 
224 770
15 224
392 
334 704 
334 704
510 670 
510 670
661 746 393 600 345 749 351 531 50 
661 746
393 746
600 746
345 746
749 661
351 393
531 749
50 600
17 467 779 361 681 151 138 65 527 
17 467
779 467
361 467
681 779
151 681
138 361
65 779
527 361
184 618 14 581 53 
184 581
618 581
618 14
14 53
164 192 252 258 
192 252
164 258
192 258
668 796 
668 796
375 
71 354 200 508 
200 508
71 354
71 200
294 724 431 498 777 25 599 768 300 182 218 
294 724
431 724
498 724
777 294
25 777
599 431
768 431
300 724
182 599
218 777
579 782 
579 782
257 417 206 131 264 558 
257 417
206 257
131 417
264 257
558 264
187 674 113 690 788 262 146 617 513 176 21 
187 674
113 674
690 674
788 674
262 674
146 187
617 113
513 113
176 146
21 788
425 582 239 148 
582 239
239 148
425 582
465 703 348 
703 348
465 348
62 711 64 452 627 691 35 342 307 
62 711
64 711
452 711
627 711
691 62
35 711
342 64
307 64
270 451 545 
451 545
270 545
317 
85 403 
85 403
314 
115 215 68 289 202 390 437 739 237 97 462 512 
115 215
68 115
289 115
202 115
390 115
437 115
739 289
237 68
97 68
462 390
512 289
37 140 
37 140
272 318 366 96 337 568 762 295 
272 318
366 318
96 272
337 272
568 366
762 318
295 337
157 188 309 209 528 
157 188
157 309
157 528
188 209
726 774 356 396 426 
356 426
726 426
726 396
774 426
306 
245 719 350 509 166 533 
245 719
350 719
509 245
166 719
533 719
154 538 645 503 251 261 106 12 
154 538
645 538
503 538
251 538
261 645
106 645
12 154
36 235 
36 235
585 660 
585 660
23 86 573 51 710 476 117 672 149 419 727 747 750 79 341 
23 86
573 86
51 86
710 23
476 86
117 23
672 51
149 23
419 710
727 51
747 86
750 149
79 51
341 750
73 769 638 172 444 268 
73 769
638 769
172 769
444 769
268 172
458 570 
458 570
407 651 
407 651
659 679 217 279 114 614 332 136 
659 679
217 679
279 679
114 679
614 217
332 679
136 659
83 715 
83 715
155 263 483 
155 483
155 263
299 
611 657 434 168 
611 657
657 434
611 168
259 328 3 
259 328
259 3
132 616 69 122 440 445 213 287 639 
132 616
69 616
122 616
440 616
445 69
213 132
287 122
639 122
190 412 143 219 
190 219
412 143
190 143
530 794 
530 794
278 
13 103 191 
13 191
103 191
32 125 669 347 524 615 284 
32 125
669 32
347 125
524 125
615 669
284 32
46 543 584 447 
46 447
543 447
46 584
592 612 446 196 684 382 228 189 
592 612
446 592
196 446
684 612
382 196
228 382
189 196
81 535 333 330 109 39 
81 535
333 535
330 535
109 81
39 535
312 369 159 693 
312 369
369 693
312 159
274 634 141 
274 634
634 141
280 402 72 329 48 743 596 555 336 439 577 741 578 105 357 29 
280 402
72 280
329 72
48 280
743 48
596 280
555 329
336 329
439 72
577 402
741 336
578 72
105 280
357 336
29 577
198 500 54 493 162 338 453 
198 500
54 500
493 54
162 198
338 54
453 198
273 
379 789 423 409 456 547 
379 789
423 379
409 379
456 409
547 789
99 247 469 
99 247
99 469
133 507 372 595 629 
133 507
372 629
133 372
507 595
619 731 667 
731 667
619 731
171 683 63 250 492 580 496 26 
171 683
63 683
250 171
492 250
580 683
496 580
26 171
275 708 20 534 153 714 344 787 152 313 474 225 
275 708
20 708
534 275
153 708
714 275
344 275
787 344
152 534
313 787
474 313
225 20
256 
212 277 598 473 766 
277 473
598 473
212 277
212 766
764 775 728 
764 775
775 728
222 644 221 772 233 386 52 540 666 265 706 785 325 
222 644
221 222
772 222
233 222
386 644
52 772
540 233
666 644
265 644
706 233
785 222
325 644
249 
208 316 
208 316
686 798 283 253 404 
686 798
686 253
253 404
798 283
18 489 472 107 
472 107
489 107
18 489
371 709 697 
371 697
371 709
174 
296 471 108 167 664 461 
296 471
108 296
167 471
664 296
461 471
74 
563 675 482 40 
563 482
563 675
482 40
352 548 698 22 367 380 323 58 355 
352 548
698 352
22 548
367 22
380 352
323 548
58 323
355 548
183 240 734 477 429 621 721 276 519 
183 240
734 240
477 240
429 183
621 240
721 183
276 477
519 621
66 
281 304 0 677 441 90 116 433 
281 304
0 304
677 304
441 281
90 281
116 281
433 677
637 685 
637 685
551 716 319 753 91 123 406 27 523 165 226 694 
551 716
319 716
753 551
91 716
123 551
406 319
27 91
523 551
165 716
226 406
694 27
61 
6 82 
6 82
305 740 210 
305 210
305 740
537 767 227 370 93 139 776 610 687 561 260 311 78 255 
537 767
227 537
370 537
93 537
139 370
776 537
610 767
687 93
561 370
260 537
311 227
78 370
255 260
55 526 49 
55 526
526 49
87 633 
87 633
589 700 
589 700
397 763 436 626 394 75 781 443 4 658 756 773 567 732 
397 763
436 763
626 397
394 763
75 397
781 763
443 436
4 626
658 763
756 75
773 394
567 626
732 4
552 780 
552 780
31 623 656 738 303 8 
31 623
656 31
738 656
303 656
8 738
