? 5 332 552 148 411 177 
!
762 768 724 376 750 281 407 95 797 580 711 780 278 599 668 516 565 221 65 591 254 1 570 229 527 292 507 640 517 541 645 781 
762 768
724 768
376 768
750 768
281 762
407 762
95 762
797 762
580 768
711 750
780 281
278 750
599 278
668 724
516 724
565 668
221 281
65 376
591 768
254 599
1 221
570 221
229 1
527 599
292 376
507 221
640 570
517 565
541 254
645 278
781 570
255 595 431 147 679 42 84 127 677 318 544 175 593 193 734 777 727 512 142 54 216 120 755 
255 595
431 595
147 595
679 431
42 147
84 595
127 431
677 147
318 431
544 42
175 42
593 127
193 175
734 431
777 318
727 318
512 727
142 512
54 512
216 727
120 216
755 54
103 302 576 665 674 775 425 456 63 
103 302
576 302
665 576
674 576
775 665
425 576
456 576
63 576
585 774 706 417 377 246 680 293 789 67 531 716 397 623 538 598 189 301 280 240 497 390 382 168 700 365 213 676 5 259 427 742 37 713 187 275 678 340 712 666 108 172 79 0 14 124 215 283 78 290 596 378 58 28 675 43 383 749 77 471 505 150 118 131 217 501 183 107 138 717 287 608 761 198 305 285 509 430 155 479 647 286 128 747 670 555 462 689 56 536 250 548 353 655 433 334 76 129 185 506 443 144 8 269 366 739 
585 774
706 774
417 585
377 585
246 774
680 246
293 774
789 706
67 293
531 585
716 67
397 417
623 789
538 706
598 789
189 538
301 67
280 67
240 417
497 240
390 538
382 417
168 497
700 497
365 67
213 280
676 189
5 538
259 240
427 538
742 789
37 742
713 742
187 5
275 497
678 275
340 187
712 275
666 713
108 37
172 340
79 172
0 213
14 108
124 172
215 172
283 0
78 215
290 215
596 187
378 713
58 240
28 290
675 275
43 0
383 675
749 37
77 378
471 215
505 259
150 596
118 0
131 150
217 43
501 150
183 471
107 471
138 150
717 217
287 378
608 43
761 596
198 608
305 761
285 471
509 761
430 183
155 509
479 430
647 717
286 198
128 285
747 58
670 58
555 430
462 58
689 761
56 462
536 430
250 536
548 138
353 430
655 689
433 536
334 198
76 128
129 76
185 56
506 536
443 548
144 76
8 334
269 548
366 506
739 185
90 264 662 268 81 442 765 522 227 779 116 414 743 315 85 29 190 639 401 482 553 274 12 452 403 395 705 109 726 105 772 153 707 194 748 738 400 26 248 463 606 771 448 154 48 631 310 523 86 484 466 114 6 597 306 619 464 20 438 682 137 117 446 784 684 418 326 233 654 220 192 333 730 410 545 547 473 703 22 214 799 165 644 
90 264
662 90
268 90
81 662
442 90
765 90
522 90
227 765
779 264
116 90
414 442
743 268
315 414
85 268
29 227
190 765
639 264
401 765
482 315
553 315
274 414
12 315
452 268
403 268
395 401
705 414
109 12
726 765
105 395
772 12
153 452
707 153
194 401
748 194
738 401
400 772
26 707
248 395
463 772
606 85
771 772
448 403
154 748
48 26
631 463
310 707
523 194
86 248
484 154
466 772
114 248
6 523
597 448
306 26
619 6
464 154
20 464
438 26
682 306
137 464
117 682
446 117
784 117
684 114
418 20
326 446
233 20
654 682
220 438
192 438
333 117
730 523
410 438
545 192
547 654
473 654
703 682
22 473
214 333
799 214
165 333
644 619
91 348 694 753 342 130 459 
91 348
694 91
753 91
342 753
130 753
459 342
160 637 381 582 59 488 282 495 149 311 18 304 251 261 10 99 530 208 721 52 51 391 423 39 4 629 581 634 568 792 741 202 563 361 344 106 166 759 96 174 126 294 460 764 499 704 564 61 178 469 297 664 752 44 369 692 66 429 267 104 683 620 68 562 695 322 266 167 600 364 
160 637
381 160
582 160
59 160
488 637
282 160
495 582
149 637
311 488
18 311
304 311
251 637
261 18
10 495
99 304
530 381
208 18
721 282
52 18
51 721
391 18
423 530
39 10
4 52
629 4
581 391
634 530
568 629
792 4
741 629
202 629
563 51
361 39
344 629
106 563
166 792
759 202
96 423
174 361
126 792
294 361
460 106
764 634
499 96
704 51
564 126
61 126
178 294
469 106
297 178
664 564
752 764
44 752
369 460
692 202
66 634
429 66
267 564
104 664
683 664
620 664
68 564
562 66
695 104
322 267
266 66
167 469
600 562
364 692
219 559 441 594 330 171 627 436 209 
219 559
441 559
594 441
330 219
171 559
627 219
436 171
209 171
569 605 225 152 134 62 235 289 
569 605
225 605
152 605
134 569
62 152
235 569
289 235
158 331 386 698 573 760 511 224 15 245 574 757 164 358 617 588 490 776 745 74 773 211 426 41 341 204 101 572 317 560 13 205 273 23 323 
158 331
386 158
698 331
573 386
760 331
511 698
224 386
15 698
245 158
574 224
757 245
164 15
358 224
617 511
588 698
490 617
776 15
745 574
74 574
773 574
211 617
426 574
41 224
341 164
204 341
101 574
572 511
317 101
560 317
13 317
205 560
273 205
23 560
323 205
767 786 24 540 435 249 646 432 298 714 389 271 754 444 394 223 236 27 788 362 590 45 270 455 324 641 498 222 406 480 336 450 256 533 237 156 618 518 308 413 359 
767 786
24 767
540 767
435 786
249 786
646 435
432 767
298 786
714 435
389 24
271 24
754 646
444 540
394 646
223 540
236 24
27 298
788 435
362 540
590 362
45 540
270 27
455 270
324 223
641 540
498 540
222 223
406 271
480 24
336 249
450 27
256 270
533 432
237 450
156 237
618 156
518 156
308 618
413 518
359 413
461 656 650 496 141 346 468 162 604 57 630 454 549 539 199 719 532 93 
461 656
650 656
496 650
141 656
346 656
468 650
162 346
604 346
57 141
630 604
454 162
549 346
539 630
199 454
719 454
532 454
93 454
451 770 64 75 263 556 218 102 577 372 170 307 17 615 657 658 489 337 
451 770
64 451
75 451
263 64
556 451
218 263
102 770
577 556
372 102
170 263
307 102
17 372
615 218
657 372
658 615
489 615
337 489
327 486 355 632 503 11 122 320 445 34 374 55 710 470 474 350 234 554 262 73 7 699 643 740 257 642 197 583 520 373 276 416 228 47 244 663 478 796 380 778 728 493 338 652 347 145 180 319 625 763 626 89 651 139 508 579 161 328 434 238 398 790 487 393 313 751 72 603 272 691 300 49 157 723 70 241 88 159 783 701 610 21 513 729 94 260 601 635 136 371 453 587 316 736 607 758 351 500 575 212 279 32 412 477 405 524 519 715 449 566 329 143 357 354 602 46 420 733 475 638 2 571 526 295 196 146 731 535 191 702 258 578 681 182 671 83 321 296 589 492 744 352 19 458 299 181 525 720 502 92 33 661 404 50 660 769 614 80 408 186 542 115 653 345 439 586 247 628 472 648 550 82 534 399 467 551 685 795 69 514 195 766 793 616 112 163 584 325 335 396 87 529 343 592 25 230 173 38 176 119 9 312 140 485 546 624 179 622 97 457 428 40 722 253 686 363 35 613 419 288 557 609 465 537 30 515 226 718 392 309 384 669 737 360 206 782 
327 486
355 486
632 486
503 486
11 327
122 355
320 486
445 327
34 503
374 122
55 503
710 55
470 34
474 55
350 11
234 374
554 234
262 470
73 262
7 122
699 474
643 374
740 486
257 445
642 34
197 320
583 699
520 643
373 470
276 474
416 55
228 262
47 470
244 699
663 583
478 699
796 643
380 796
778 234
728 470
493 380
338 796
652 197
347 663
145 197
180 228
319 728
625 145
763 583
626 234
89 197
651 234
139 651
508 642
579 180
161 643
328 493
434 161
238 470
398 380
790 398
487 145
393 579
313 328
751 583
72 487
603 508
272 579
691 751
300 652
49 603
157 338
723 603
70 470
241 49
88 122
159 338
783 328
701 157
610 398
21 651
513 691
729 328
94 21
260 159
601 145
635 603
136 601
371 601
453 723
587 328
316 398
736 21
607 736
758 751
351 260
500 260
575 260
212 500
279 272
32 758
412 21
477 691
405 94
524 316
519 405
715 279
449 279
566 157
329 453
143 603
357 601
354 583
602 783
46 566
420 46
733 157
475 32
638 566
2 143
571 635
526 329
295 513
196 519
146 295
731 295
535 453
191 535
702 295
258 279
578 477
681 405
182 143
671 329
83 146
321 736
296 715
589 513
492 182
744 405
352 351
19 566
458 279
299 535
181 405
525 607
720 566
502 351
92 420
33 500
661 295
404 587
50 502
660 420
769 19
614 681
80 733
408 2
186 492
542 404
115 671
653 321
345 702
439 321
586 769
247 143
628 92
472 19
648 681
550 92
82 299
534 321
399 82
467 329
551 534
685 542
795 614
69 702
514 648
195 404
766 69
793 550
616 408
112 795
163 614
584 404
325 584
335 69
396 19
87 399
529 793
343 335
592 404
25 614
230 82
173 534
38 335
176 589
119 492
9 502
312 230
140 247
485 793
546 140
624 176
179 467
622 112
97 82
457 502
428 614
40 115
722 602
253 335
686 115
363 316
35 2
613 335
419 592
288 9
557 546
609 542
465 514
537 514
30 529
515 546
226 299
718 766
392 502
309 399
384 226
669 30
737 335
360 226
206 537
782 542
71 612 483 725 200 440 53 231 243 409 
71 612
483 612
725 612
200 71
440 71
53 612
231 725
243 53
409 483
265 447 611 239 303 31 402 132 693 151 100 687 528 385 688 649 415 621 567 242 708 210 133 561 252 121 367 370 673 494 672 746 659 375 510 203 339 558 284 188 3 
265 447
611 447
239 265
303 447
31 611
402 31
132 402
693 402
151 693
100 239
687 693
528 693
385 687
688 100
649 385
415 100
621 132
567 693
242 100
708 649
210 649
133 210
561 242
252 385
121 708
367 210
370 133
673 242
494 133
672 121
746 367
659 746
375 242
510 746
203 510
339 203
558 673
284 203
188 558
3 558
291 424 667 36 16 60 379 481 277 387 111 794 785 421 98 368 135 123 697 201 756 709 636 521 125 696 169 504 732 232 349 314 543 110 207 184 735 791 798 491 422 476 787 113 356 690 633 437 388 
291 424
667 291
36 667
16 424
60 424
379 667
481 16
277 379
387 60
111 277
794 111
785 111
421 111
98 794
368 794
135 111
123 368
697 421
201 98
756 421
709 123
636 368
521 697
125 111
696 368
169 481
504 421
732 697
232 521
349 636
314 232
543 349
110 368
207 636
184 201
735 543
791 207
798 207
491 232
422 798
476 491
787 491
113 735
356 735
690 184
633 798
437 732
388 690
332 552 148 411 177 
148 411
332 177
552 177
552 411
