? 5 379 667 98 201 184 
!
73 373 470 728 34 642 262 11 347 319 238 350 47 70 241 723 453 180 603 49 228 579 272 554 778 329 234 635 526 535 374 571 
73 373
470 373
728 73
34 470
642 73
262 470
11 34
347 728
319 728
238 319
350 11
47 262
70 238
241 347
723 319
453 723
180 47
603 241
49 603
228 47
579 180
272 579
554 228
778 554
329 723
234 554
635 49
526 329
535 453
374 234
571 635
71 440 35 618 409 214 616 408 40 115 686 674 103 302 753 576 671 665 467 179 775 456 97 
71 440
35 71
618 35
409 71
214 440
616 618
408 616
40 409
115 40
686 40
674 686
103 674
302 103
753 302
576 674
671 686
665 576
467 671
179 467
775 179
456 665
97 179
156 518 386 760 158 331 245 698 15 
156 518
386 518
760 386
158 760
331 158
245 331
698 331
15 698
64 75 451 170 263 556 218 622 428 770 615 113 163 25 795 112 437 577 735 614 739 349 744 628 543 356 537 185 658 181 648 465 489 125 92 793 102 206 550 476 681 110 633 307 514 519 56 657 696 196 372 405 491 787 732 462 420 368 529 756 17 30 169 504 485 525 207 472 660 798 388 421 521 123 337 791 314 709 46 94 422 669 111 636 91 232 321 21 135 670 794 785 534 769 173 348 697 747 88 586 651 607 566 277 161 551 
64 75
451 75
170 64
263 64
556 451
218 556
622 170
428 263
770 451
615 170
113 615
163 428
25 163
795 163
112 25
437 113
577 218
735 113
614 795
739 218
349 735
744 614
628 112
543 349
356 615
537 739
185 739
658 356
181 744
648 181
465 537
489 658
125 543
92 112
793 628
102 577
206 465
550 793
476 437
681 181
110 349
633 356
307 102
514 465
519 92
56 577
657 102
696 110
196 519
372 307
405 681
491 476
787 491
732 125
462 56
420 196
368 696
529 793
756 732
17 372
30 529
169 368
504 732
485 30
525 514
207 633
472 529
660 472
798 207
388 798
421 756
521 504
123 169
337 388
791 798
314 521
709 123
46 420
94 405
422 388
669 337
111 421
636 709
91 669
232 314
321 525
21 94
135 111
670 462
794 123
785 794
534 321
769 472
173 534
348 422
697 232
747 670
88 46
586 769
651 94
607 321
566 769
277 135
161 88
551 534
54 443 142 512 144 269 517 591 129 76 755 281 727 548 177 668 459 780 565 128 332 724 28 762 219 292 768 93 559 285 376 797 95 711 148 330 627 527 65 131 655 407 555 138 599 221 342 516 541 552 366 594 1 124 507 750 278 79 471 254 441 532 150 171 719 454 172 501 229 215 411 645 57 580 640 430 216 78 689 290 209 539 436 
54 443
142 54
512 443
144 512
269 443
517 142
591 517
129 144
76 129
755 517
281 76
727 517
548 269
177 755
668 727
459 177
780 281
565 668
128 129
332 459
724 727
28 128
762 724
219 459
292 780
768 762
93 332
559 219
285 128
376 762
797 376
95 724
711 95
148 93
330 559
627 219
527 565
65 768
131 28
655 627
407 95
555 285
138 131
599 407
221 292
342 330
516 711
541 527
552 148
366 221
594 342
1 221
124 131
507 366
750 407
278 750
79 124
471 285
254 541
441 342
532 552
150 138
171 627
719 148
454 719
172 79
501 150
229 1
215 471
411 532
645 254
57 541
580 65
640 1
430 555
216 645
78 215
689 655
290 215
209 171
539 719
436 441
16 60 291 481 424 36 387 
16 60
291 60
481 16
424 291
36 291
387 60
383 675 505 275 678 58 712 382 700 497 259 713 77 168 240 598 666 287 378 14 789 680 623 742 417 653 246 397 108 585 37 774 749 377 439 390 706 531 412 538 384 293 736 596 509 360 305 67 716 427 296 258 187 155 340 226 449 458 761 715 5 189 676 280 279 393 139 301 365 626 
383 675
505 383
275 675
678 505
58 675
712 678
382 275
700 382
497 700
259 382
713 712
77 712
168 497
240 259
598 168
666 713
287 77
378 666
14 378
789 598
680 598
623 789
742 666
417 680
653 287
246 417
397 417
108 742
585 246
37 742
774 585
749 108
377 585
439 653
390 742
706 774
531 706
412 439
538 390
384 108
293 531
736 412
596 749
509 384
360 509
305 509
67 531
716 67
427 538
296 360
258 296
187 427
155 360
340 187
226 155
449 258
458 296
761 305
715 458
5 187
189 716
676 189
280 716
279 715
393 449
139 736
301 280
365 280
626 139
562 600 617 490 572 429 511 341 588 
562 600
617 562
490 617
572 617
429 600
511 490
341 429
588 572
164 776 204 167 283 213 0 43 
164 776
204 776
167 204
283 776
213 283
0 283
43 0
255 595 679 147 677 84 431 42 127 734 593 544 8 175 318 506 250 777 536 433 193 334 286 781 570 118 353 479 198 647 717 217 183 107 608 
255 595
679 595
147 595
677 147
84 677
431 679
42 147
127 431
734 84
593 127
544 42
8 734
175 42
318 431
506 593
250 8
777 506
536 593
433 536
193 544
334 250
286 250
781 777
570 781
118 536
353 433
479 353
198 286
647 198
717 198
217 647
183 118
107 183
608 217
59 160 637 381 488 282 582 495 311 251 18 149 208 304 530 261 721 52 423 391 51 4 563 634 764 581 96 106 166 61 704 126 499 564 460 752 369 44 266 469 66 
59 160
637 59
381 160
488 637
282 381
582 381
495 582
311 495
251 582
18 311
149 311
208 18
304 208
530 282
261 208
721 530
52 261
423 530
391 52
51 721
4 261
563 51
634 423
764 530
581 391
96 764
106 563
166 4
61 581
704 563
126 166
499 96
564 126
460 704
752 499
369 460
44 752
266 369
469 106
66 266
68 620 322 267 604 346 630 650 496 141 162 656 468 461 199 120 312 309 
68 620
322 68
267 68
604 620
346 322
630 604
650 322
496 650
141 650
162 346
656 496
468 141
461 656
199 630
120 468
312 199
309 312
415 561 242 688 100 673 392 396 558 188 375 3 694 720 690 19 733 638 
415 561
242 561
688 242
100 415
673 242
392 688
396 688
558 673
188 558
375 558
3 375
694 3
720 396
690 694
19 720
733 720
638 720
223 362 641 540 284 510 222 236 480 590 444 24 203 746 767 672 324 498 494 336 45 249 271 659 406 389 435 786 432 370 714 788 270 339 367 754 298 533 455 210 646 256 133 252 27 644 121 649 394 708 450 385 621 718 567 619 6 528 687 151 782 237 523 730 693 38 737 132 685 345 83 343 69 613 766 542 253 335 418 137 748 738 195 194 609 325 404 154 20 402 484 726 419 357 464 584 702 190 592 722 146 661 233 401 295 300 136 587 601 395 765 611 105 31 176 624 371 227 354 29 602 589 303 248 89 729 684 114 313 86 72 447 731 625 363 513 763 487 145 639 652 328 265 691 482 315 783 264 457 90 119 779 197 12 662 109 316 751 578 758 524 493 790 239 553 442 477 398 663 502 50 583 522 186 268 414 81 116 492 772 610 380 7 631 743 699 705 416 9 320 478 33 182 771 351 445 500 140 463 257 244 546 260 32 80 85 710 55 632 475 796 352 575 701 355 508 274 159 474 400 466 452 212 486 327 403 288 122 338 503 276 143 157 557 247 2 
223 362
641 362
540 362
284 641
510 284
222 284
236 222
480 510
590 236
444 540
24 444
203 480
746 510
767 24
672 746
324 540
498 324
494 203
336 498
45 336
249 444
271 249
659 746
406 249
389 767
435 767
786 389
432 435
370 203
714 786
788 432
270 406
339 370
367 494
754 714
298 389
533 788
455 270
210 367
646 754
256 455
133 210
252 367
27 298
644 256
121 252
649 210
394 646
708 252
450 27
385 649
621 708
718 121
567 133
619 644
6 619
528 567
687 528
151 385
782 151
237 450
523 6
730 523
693 528
38 730
737 523
132 687
685 621
345 718
83 345
343 730
69 343
613 737
766 83
542 685
253 613
335 343
418 237
137 418
748 137
738 253
195 782
194 748
609 195
325 609
404 542
154 748
20 137
402 325
484 20
726 194
419 325
357 404
464 20
584 609
702 335
190 726
592 584
722 592
146 702
661 146
233 20
401 154
295 661
300 357
136 300
587 300
601 136
395 401
765 190
611 402
105 395
31 611
176 190
624 176
371 300
227 765
354 295
29 401
602 587
589 176
303 611
248 105
89 601
729 371
684 248
114 684
313 602
86 248
72 354
447 303
731 589
625 371
363 602
513 354
763 72
487 763
145 72
639 227
652 89
328 729
265 447
691 513
482 29
315 482
783 313
264 639
457 447
90 264
119 731
779 90
197 652
12 315
662 119
109 12
316 783
751 691
578 731
758 578
524 363
493 328
790 783
239 457
553 109
442 779
477 758
398 790
663 751
502 524
50 502
583 663
522 442
186 578
268 442
414 553
81 268
116 268
492 186
772 12
610 398
380 493
7 493
631 772
743 522
699 583
705 553
416 7
9 502
320 7
478 699
33 50
182 492
771 631
351 33
445 7
500 351
140 81
463 771
257 445
244 478
546 140
260 351
32 182
80 33
85 268
710 699
55 710
632 320
475 32
796 380
352 80
575 260
701 260
355 632
508 475
274 743
159 701
474 55
400 274
466 463
452 85
212 159
486 355
327 486
403 140
288 80
122 257
338 796
503 710
276 474
143 475
157 159
557 546
247 143
2 143
82 399 87 191 299 230 740 520 643 434 
82 399
87 399
191 87
299 82
230 299
740 299
520 740
643 520
434 643
117 682 784 654 310 547 306 473 707 22 26 153 333 192 48 446 101 74 545 703 317 773 41 358 410 574 745 438 413 606 224 359 326 597 426 757 448 220 211 573 515 
117 682
784 117
654 682
310 784
547 654
306 654
473 547
707 310
22 473
26 306
153 707
333 682
192 306
48 26
446 333
101 473
74 101
545 192
703 333
317 547
773 74
41 101
358 545
410 48
574 773
745 773
438 410
413 358
606 446
224 358
359 224
326 446
597 326
426 41
757 745
448 597
220 438
211 426
573 359
515 448
134 569 364 692 605 225 323 174 231 725 152 568 289 294 273 297 361 205 202 62 344 53 759 39 695 741 178 13 104 629 243 200 425 235 63 683 130 664 483 549 560 23 799 10 792 165 308 612 99 
134 569
364 569
692 364
605 134
225 605
323 605
174 605
231 225
725 231
152 231
568 174
289 692
294 174
273 152
297 294
361 294
205 323
202 568
62 152
344 202
53 725
759 202
39 568
695 289
741 344
178 297
13 205
104 695
629 741
243 53
200 725
425 243
235 289
63 425
683 104
130 243
664 683
483 200
549 683
560 13
23 62
799 23
10 39
792 664
165 23
308 23
612 200
99 10
379 667 98 201 184 
201 184
98 184
379 667
667 98
