? 5 708 718 528 567 209 
!
71 612 214 483 440 53 674 799 200 63 62 448 103 597 725 425 308 231 302 243 152 576 273 326 23 665 703 606 775 456 130 403 
71 612
214 71
483 71
440 71
53 483
674 53
799 214
200 71
63 53
62 799
448 799
103 674
597 448
725 62
425 53
308 62
231 62
302 103
243 53
152 62
576 302
273 62
326 214
23 799
665 576
703 799
606 448
775 665
456 576
130 576
403 448
188 558 3 690 673 348 184 375 694 201 561 242 91 415 798 791 669 422 337 688 123 98 207 
188 558
3 558
690 3
673 558
348 690
184 690
375 3
694 3
201 184
561 673
242 561
91 3
415 242
798 184
791 798
669 91
422 184
337 3
688 561
123 798
98 201
207 798
331 698 164 15 760 776 518 156 48 
331 698
164 331
15 698
760 331
776 164
518 760
156 518
48 518
585 774 706 417 377 246 680 293 789 716 531 67 301 598 397 623 538 700 390 676 497 168 365 189 240 5 280 187 742 213 283 259 382 712 713 340 275 666 0 37 290 108 172 427 596 78 79 14 124 678 749 215 43 471 675 150 378 383 131 505 58 217 77 107 305 501 183 28 717 287 509 138 608 555 198 384 430 118 761 128 155 285 479 353 462 647 689 747 670 286 56 129 548 433 334 655 185 8 536 739 76 250 780 206 512 144 
585 774
706 774
417 585
377 774
246 585
680 417
293 585
789 377
716 706
531 585
67 706
301 706
598 680
397 680
623 706
538 706
700 789
390 538
676 716
497 700
168 598
365 67
189 538
240 497
5 538
280 67
187 5
742 789
213 365
283 213
259 240
382 240
712 497
713 712
340 187
275 497
666 742
0 213
37 623
290 213
108 37
172 187
427 340
596 340
78 290
79 187
14 666
124 596
678 275
749 596
215 5
43 0
471 215
675 275
150 596
378 713
383 275
131 124
505 712
58 383
217 0
77 378
107 283
305 596
501 305
183 107
28 172
717 0
287 378
509 305
138 596
608 217
555 471
198 717
384 509
430 183
118 183
761 509
128 471
155 509
285 128
479 430
353 430
462 675
647 608
689 761
747 462
670 747
286 717
56 462
129 285
548 138
433 479
334 286
655 761
185 56
8 286
536 479
739 185
76 129
250 536
780 76
206 739
512 129
144 76
20 464 418 233 137 484 154 684 248 395 114 748 86 237 105 401 644 29 12 194 455 256 6 450 619 726 315 406 270 765 771 27 190 482 109 523 45 772 639 298 227 498 249 522 631 553 779 336 389 264 705 444 90 271 414 466 463 324 24 659 116 442 767 786 672 540 662 268 274 362 284 754 641 746 223 590 743 714 81 452 222 85 435 
20 464
418 20
233 20
137 418
484 418
154 137
684 233
248 684
395 248
114 684
748 418
86 248
237 418
105 248
401 395
644 418
29 395
12 248
194 748
455 644
256 237
6 194
450 237
619 6
726 401
315 12
406 256
270 256
765 401
771 315
27 450
190 765
482 315
109 315
523 619
45 270
772 109
639 765
298 27
227 765
498 644
249 270
522 315
631 771
553 772
779 401
336 256
389 298
264 227
705 315
444 249
90 264
271 249
414 12
466 705
463 772
324 455
24 271
659 6
116 90
442 90
767 24
786 767
672 767
540 24
662 264
268 90
274 414
362 540
284 540
754 786
641 659
746 659
223 540
590 786
743 414
714 767
81 662
452 414
222 324
85 81
435 786
199 539 719 532 411 235 332 
199 539
719 199
532 199
411 539
235 539
332 532
255 595 431 147 42 679 127 677 84 544 175 734 318 593 777 506 193 781 570 507 229 366 1 640 221 292 797 580 376 65 516 281 768 762 711 724 750 95 727 443 407 278 54 591 517 142 599 668 565 269 254 216 755 527 120 541 645 141 459 57 148 468 177 162 93 454 219 496 650 627 
255 595
431 255
147 595
42 147
679 431
127 431
677 147
84 147
544 147
175 544
734 147
318 431
593 679
777 431
506 127
193 544
781 127
570 781
507 781
229 507
366 229
1 507
640 1
221 1
292 221
797 1
580 229
376 797
65 376
516 376
281 376
768 376
762 376
711 768
724 768
750 724
95 750
727 762
443 281
407 750
278 750
54 443
591 516
517 724
142 443
599 750
668 724
565 668
269 142
254 278
216 254
755 142
527 724
120 599
541 254
645 278
141 120
459 269
57 599
148 541
468 254
177 755
162 541
93 54
454 162
219 269
496 141
650 496
627 219
424 481 291 794 100 621 151 385 782 
424 481
291 424
794 481
100 794
621 100
151 621
385 151
782 385
441 594 559 436 330 342 171 552 
441 594
559 441
436 441
330 441
342 441
171 559
552 330
232 314 697 521 787 504 732 491 421 372 476 756 437 17 349 379 125 387 111 102 135 113 735 277 543 307 657 696 770 577 16 36 785 667 60 
232 314
697 232
521 314
787 314
504 521
732 521
491 787
421 521
372 787
476 787
756 521
437 232
17 476
349 421
379 504
125 421
387 379
111 421
102 372
135 111
113 349
735 113
277 111
543 735
307 372
657 372
696 111
770 113
577 770
16 387
36 379
785 111
667 379
60 16
160 637 488 282 530 721 423 51 563 764 634 704 96 106 499 369 178 752 44 266 429 600 322 66 469 167 460 341 562 205 617 461 656 323 572 490 346 225 204 13 511 
160 637
488 637
282 160
530 160
721 530
423 530
51 721
563 51
764 423
634 51
704 634
96 764
106 51
499 764
369 634
178 499
752 178
44 752
266 369
429 634
600 266
322 637
66 634
469 106
167 469
460 66
341 66
562 44
205 178
617 562
461 322
656 461
323 205
572 617
490 617
346 322
225 205
204 341
13 205
511 617
64 451 263 75 170 218 556 615 356 489 658 633 110 368 169 636 709 388 
64 451
263 64
75 64
170 64
218 64
556 263
615 218
356 170
489 356
658 356
633 356
110 615
368 633
169 368
636 368
709 368
388 636
394 646 788 432 533 236 339 480 510 203 494 370 210 133 252 649 367 121 
394 646
788 646
432 788
533 788
236 788
339 533
480 339
510 480
203 510
494 480
370 339
210 203
133 210
252 133
649 210
367 210
121 367
327 486 503 355 122 632 710 11 34 55 445 320 374 470 373 7 262 474 699 416 554 234 350 257 478 643 73 583 642 652 197 228 276 778 380 663 796 338 728 520 244 493 145 70 47 347 180 89 238 319 740 272 651 508 487 626 161 72 434 625 139 579 790 729 398 610 751 328 691 49 241 32 723 603 260 393 763 316 21 453 94 783 212 449 157 88 701 513 313 601 300 159 575 136 758 519 475 736 477 635 279 371 196 405 351 2 638 733 46 500 587 566 329 420 354 535 526 412 720 715 258 143 571 357 681 702 607 602 182 578 295 146 492 299 296 321 363 404 19 502 191 661 352 589 671 525 769 467 472 744 92 33 524 230 458 722 616 50 550 586 731 186 614 660 247 112 648 87 439 80 181 766 592 685 163 534 542 82 551 9 795 399 176 584 335 514 345 624 343 793 312 408 119 25 35 653 753 40 83 628 546 529 173 97 69 730 737 179 253 325 457 288 396 686 618 465 115 309 613 485 195 537 392 409 428 30 38 622 226 738 447 360 557 515 140 609 
327 486
503 327
355 486
122 327
632 122
710 486
11 503
34 11
55 503
445 122
320 632
374 122
470 34
373 470
7 445
262 470
474 503
699 474
416 7
554 374
234 374
350 355
257 445
478 699
643 374
73 470
583 699
642 474
652 7
197 652
228 262
276 642
778 643
380 7
663 699
796 380
338 796
728 262
520 643
244 478
493 380
145 197
70 228
47 642
347 699
180 228
89 145
238 73
319 262
740 374
272 180
651 234
508 474
487 583
626 651
161 643
72 145
434 161
625 493
139 651
579 180
790 796
729 625
398 380
610 398
751 583
328 493
691 751
49 276
241 728
32 49
723 70
603 49
260 398
393 180
763 487
316 398
21 651
453 723
94 21
783 398
212 260
449 228
157 260
88 161
701 260
513 691
313 790
601 89
300 601
159 701
575 157
136 601
758 32
519 161
475 49
736 21
477 751
635 603
279 272
371 328
196 519
405 94
351 260
2 49
638 157
733 157
46 519
500 351
587 729
566 638
329 453
420 46
354 487
535 453
526 329
412 736
720 566
715 279
258 279
143 2
571 635
357 89
681 405
702 136
607 736
602 398
182 143
578 477
295 702
146 295
492 182
299 535
296 715
321 736
363 500
404 587
19 566
502 351
191 535
661 295
352 351
589 513
671 526
525 321
769 19
467 329
472 769
744 681
92 519
33 500
524 398
230 299
458 279
722 404
616 571
50 33
550 92
586 769
731 589
186 492
614 519
660 769
247 2
112 614
648 681
87 535
439 736
80 500
181 614
766 601
592 404
685 404
163 614
534 321
542 404
82 535
551 534
9 50
795 614
399 82
176 589
584 404
335 702
514 648
345 766
624 186
343 335
793 92
312 82
408 616
119 578
25 614
35 408
653 551
753 526
40 616
83 766
628 793
546 182
529 550
173 534
97 399
69 335
730 343
737 335
179 87
253 335
325 542
457 502
288 352
396 586
686 40
618 616
465 514
115 686
309 82
613 253
485 660
195 592
537 514
392 288
409 35
428 614
30 529
38 253
622 793
226 230
738 253
447 457
360 226
557 546
515 557
140 546
609 584
31 611 303 265 402 693 419 239 687 132 
31 611
303 31
265 303
402 31
693 402
419 402
239 265
687 693
132 402
22 473 101 117 682 358 654 306 74 192 574 41 545 359 773 317 224 784 413 547 410 426 26 333 757 707 745 560 386 438 220 573 588 310 446 153 245 165 158 211 400 
22 473
101 473
117 473
682 117
358 22
654 117
306 654
74 101
192 22
574 358
41 101
545 473
359 358
773 41
317 41
224 574
784 117
413 224
547 101
410 306
426 41
26 306
333 682
757 224
707 117
745 574
560 317
386 224
438 410
220 438
573 386
588 573
310 26
446 333
153 707
245 358
165 682
158 573
211 41
400 26
202 629 344 39 4 759 695 568 104 792 261 99 174 166 664 208 741 10 361 683 364 569 391 18 304 126 564 620 289 294 52 692 495 605 311 251 604 582 61 134 549 149 267 630 68 297 59 381 581 
202 629
344 202
39 629
4 629
759 629
695 629
568 39
104 695
792 4
261 4
99 202
174 39
166 792
664 104
208 344
741 759
10 261
361 39
683 664
364 361
569 364
391 4
18 391
304 4
126 166
564 126
620 564
289 683
294 174
52 391
692 361
495 18
605 569
311 495
251 495
604 664
582 495
61 126
134 569
549 664
149 311
267 564
630 604
68 604
297 361
59 582
381 582
581 61
708 718 528 567 209 
708 718
718 528
528 567
718 209
