? 4 320 399 405 602 
? 4 366 740 672 706 
? 4 68 207 369 51 
? 4 69 243 755 406 
? 4 18 334 476 444 
? 4 272 501 714 97 
? 4 561 695 264 311 
? 4 108 646 465 636 
? 4 533 736 652 542 
? 4 552 757 335 667 
? 4 120 433 358 325 
? 4 231 604 290 245 
? 4 370 791 20 611 
? 4 541 710 782 195 
? 4 149 573 10 715 
? 4 172 400 765 756 
? 4 260 316 493 409 
? 4 675 747 619 176 
? 4 180 350 331 707 
? 3 249 596 628 
? 3 255 711 392 
? 3 119 771 250 
? 3 128 478 417 
? 3 54 102 610 
? 3 118 122 340 
? 3 217 403 135 
? 3 594 781 113 
? 3 413 653 615 
? 3 60 359 34 
? 3 123 502 317 
? 3 198 666 182 
? 3 630 724 738 
? 3 39 101 193 
? 3 63 716 252 
? 3 4 162 271 
? 3 455 554 304 
? 3 37 136 789 
? 3 265 432 167 
? 3 30 273 338 
? 3 551 563 107 
? 3 146 376 452 
? 3 183 617 430 
? 3 598 608 262 
? 3 158 489 129 
? 3 490 579 425 
? 3 121 453 385 
? 3 208 242 306 
? 3 374 391 721 
? 3 435 484 723 
? 3 344 411 72 
? 3 170 496 141 
? 3 9 319 77 
? 3 355 491 704 
? 3 525 671 175 
? 3 310 696 697 
? 3 494 526 427 
? 3 168 524 498 
? 3 423 767 439 
? 3 43 712 750 
? 3 126 566 29 
? 3 263 581 233 
? 3 540 547 741 
? 3 115 643 372 
? 3 80 275 70 
? 3 2 670 218 
? 3 57 774 239 
? 3 98 621 99 
? 3 58 65 189 
? 3 142 625 613 
? 3 137 730 408 
? 3 205 450 568 
? 3 267 332 256 
? 3 564 587 574 
? 3 291 553 555 
? 3 470 737 749 
? 3 418 458 468 
!
645 648 
645 648
798 
96 495 
96 495
390 788 
390 788
787 
418 458 468 
458 468
418 458
470 737 749 
470 737
470 749
779 
778 
138 186 
138 186
23 214 
23 214
116 429 
116 429
19 104 
19 104
776 
361 576 389 713 321 
361 576
389 361
713 576
321 389
760 
206 504 
206 504
759 
86 152 
86 152
71 500 
71 500
754 
434 763 247 220 79 532 81 
434 763
247 763
220 763
79 247
532 79
81 247
748 
735 
291 553 555 
553 555
291 553
734 
709 719 380 473 92 
709 719
380 719
473 380
92 719
720 
286 348 
286 348
28 687 770 606 603 445 
28 687
770 687
606 687
603 606
445 606
180 350 331 707 
180 331
350 331
350 707
705 
337 659 
337 659
564 587 574 
564 574
587 574
703 
267 332 256 
267 332
332 256
188 204 
188 204
351 518 
351 518
215 454 
215 454
240 386 
240 386
153 237 298 254 768 
153 237
298 153
254 153
768 237
675 747 619 176 
675 747
747 176
747 619
194 474 192 203 590 565 
194 474
192 474
203 194
590 474
565 194
75 294 91 634 511 722 
75 294
91 75
634 75
511 91
722 294
690 
685 
683 
277 753 308 174 257 151 402 
277 753
308 277
174 753
257 753
151 753
402 174
769 793 
769 793
315 514 
315 514
678 
190 733 
190 733
677 
205 450 568 
450 568
205 450
673 
184 314 
184 314
223 303 
223 303
668 
664 
137 730 408 
137 730
730 408
260 316 493 409 
316 409
260 316
316 493
654 
651 
371 539 
371 539
142 625 613 
142 625
625 613
172 400 765 756 
400 765
400 756
172 765
368 674 
368 674
117 624 
117 624
644 
639 
637 
149 573 10 715 
149 573
573 715
149 10
112 285 
112 285
635 
437 633 
437 633
148 460 
148 460
163 164 166 744 591 
163 164
166 163
744 163
591 166
631 
497 567 
497 567
623 
160 333 559 181 758 
160 333
559 333
181 160
758 160
620 
618 
25 300 
25 300
607 
48 487 
48 487
58 65 189 
65 189
58 65
597 
244 365 
244 365
324 582 
324 582
66 537 775 686 486 577 78 560 
66 537
775 66
686 66
486 537
577 66
78 537
560 66
98 621 99 
621 99
98 99
622 660 785 725 379 
622 660
785 622
725 785
379 785
93 266 
93 266
742 799 
742 799
342 589 
342 589
221 746 
221 746
541 710 782 195 
541 710
710 195
710 782
593 
302 679 
302 679
592 
100 353 5 349 772 
100 353
5 100
349 100
772 100
586 
569 
57 774 239 
57 774
57 239
499 629 
499 629
557 
632 751 
632 751
157 288 
157 288
370 791 20 611 
370 20
370 791
791 611
548 
2 670 218 
2 670
2 218
41 794 
41 794
140 570 
140 570
545 
530 
22 578 728 274 209 658 
22 578
728 22
274 578
209 274
658 22
231 604 290 245 
231 604
290 245
231 245
529 
528 
105 173 407 85 792 179 225 
105 173
407 105
85 173
792 407
179 407
225 407
73 595 599 67 42 
73 595
599 73
67 73
42 595
527 
517 
127 600 
127 600
53 59 17 341 211 708 106 
53 59
17 53
341 59
211 17
708 53
106 53
13 364 616 74 562 87 
13 364
616 13
74 13
562 13
87 364
80 275 70 
80 275
80 70
516 
513 
115 643 372 
643 372
115 643
510 
492 
540 547 741 
540 741
547 741
479 
360 693 
360 693
263 581 233 
263 233
263 581
475 
471 
463 
462 
126 566 29 
126 29
566 29
580 627 
580 627
469 657 536 222 717 
469 657
536 657
222 657
717 536
457 
451 
330 550 
330 550
447 
442 
440 
43 712 750 
43 712
712 750
449 459 
449 459
423 767 439 
423 439
423 767
420 531 
420 531
436 
431 
367 665 
367 665
428 
382 467 
382 467
168 524 498 
168 524
524 498
422 
416 
234 443 752 549 197 
234 443
752 234
549 234
197 443
415 
414 
31 676 
31 676
494 526 427 
494 526
494 427
279 584 
279 584
404 
398 
62 147 
62 147
396 
310 696 697 
310 696
696 697
393 
134 426 
134 426
387 
383 
378 
525 671 175 
525 671
671 175
355 491 704 
355 704
355 491
11 585 
11 585
363 
535 784 
535 784
456 505 
456 505
9 319 77 
9 77
9 319
170 496 141 
496 141
170 141
95 312 
95 312
224 694 
224 694
293 701 650 235 283 
293 701
650 701
235 650
283 293
344 411 72 
344 411
344 72
131 397 
131 397
356 
84 762 236 726 488 
84 762
236 762
726 84
488 762
435 484 723 
435 484
484 723
357 424 
357 424
284 745 
284 745
354 
130 384 
130 384
346 
345 
374 391 721 
374 391
391 721
481 512 
481 512
343 
336 
313 
208 242 306 
242 306
208 242
219 727 
219 727
297 
251 558 
251 558
120 433 358 325 
120 433
433 358
358 325
296 
287 521 649 472 144 544 
287 521
649 521
472 521
144 472
544 287
14 506 
14 506
210 448 27 49 114 26 
210 448
27 448
49 210
114 448
26 448
121 453 385 
453 385
121 453
583 642 571 373 381 
583 642
571 642
373 571
381 583
490 579 425 
490 579
490 425
158 489 129 
158 489
489 129
33 614 1 419 626 
33 614
1 33
419 33
626 419
552 757 335 667 
552 757
757 335
335 667
281 
0 110 
0 110
299 556 
299 556
598 608 262 
598 608
608 262
305 401 656 641 609 
305 401
656 401
641 401
609 305
183 617 430 
617 430
183 430
322 783 
322 783
605 796 
605 796
280 
55 282 
55 282
270 
347 681 
347 681
269 
268 
421 797 150 395 241 227 377 352 
421 797
150 421
395 421
241 395
227 395
377 227
352 227
146 376 452 
146 376
146 452
533 736 652 542 
533 736
736 652
652 542
259 483 
259 483
575 684 
575 684
47 731 
47 731
261 
551 563 107 
551 563
551 107
111 538 729 718 519 213 
111 538
729 111
718 538
519 538
213 538
258 
30 273 338 
30 273
30 338
248 
232 
229 
265 432 167 
265 432
265 167
228 
139 588 
139 588
309 698 
309 698
301 323 
301 323
318 466 
318 466
37 136 789 
37 136
136 789
226 
455 554 304 
455 554
554 304
216 
201 
200 
4 162 271 
162 271
4 162
196 
191 
46 441 692 35 699 647 
46 441
692 46
35 441
699 46
647 46
187 
178 
177 
171 
36 438 662 790 327 295 
36 438
662 36
790 36
327 438
295 36
108 646 465 636 
108 465
108 646
646 636
165 
339 764 546 680 307 739 246 761 612 
339 764
546 764
680 546
307 339
739 339
246 764
761 764
612 546
63 716 252 
716 252
63 252
561 695 264 311 
695 264
561 695
561 311
289 508 
289 508
156 
39 101 193 
39 193
39 101
388 702 253 38 90 89 520 329 8 482 
388 702
253 702
38 388
90 388
89 388
520 38
329 702
8 520
482 702
375 780 
375 780
412 523 
412 523
272 501 714 97 
501 97
501 714
272 501
630 724 738 
630 724
630 738
509 688 278 83 655 773 
509 688
278 688
83 688
655 509
773 509
155 
154 
133 
132 
18 334 476 444 
334 476
18 334
18 444
125 
198 666 182 
198 182
198 666
123 502 317 
123 502
123 317
12 230 766 56 143 464 543 795 663 
12 230
766 12
56 230
143 230
464 766
543 143
795 766
663 56
124 
109 
103 
60 359 34 
60 359
60 34
94 661 
94 661
413 653 615 
413 653
653 615
88 
69 243 755 406 
69 755
243 406
69 243
594 781 113 
594 781
594 113
82 
217 403 135 
217 403
403 135
118 122 340 
118 340
118 122
61 
503 691 
503 691
202 485 
202 485
32 161 
32 161
54 102 610 
102 610
54 102
446 572 410 522 238 601 
446 572
410 572
522 572
238 410
601 572
52 
68 207 369 51 
68 207
207 51
68 369
50 
6 145 212 24 199 292 480 
6 145
212 6
24 6
199 145
292 6
480 212
45 
128 478 417 
478 417
128 417
477 732 700 640 159 743 638 
477 732
700 732
640 477
159 477
743 477
638 159
44 
40 
366 740 672 706 
366 706
366 672
740 706
21 
362 394 682 326 515 689 461 
362 394
682 394
326 362
515 394
689 394
461 362
16 
15 
7 
119 771 250 
119 771
119 250
185 534 
185 534
255 711 392 
255 392
255 711
276 328 64 777 76 669 169 
276 328
64 276
777 276
76 64
669 328
169 777
249 596 628 
249 596
596 628
507 786 
507 786
3 
320 399 405 602 
320 399
399 405
399 602
