? 4 84 762 368 488 
? 4 180 350 336 331 
? 4 583 788 642 618 
? 4 277 753 308 257 
? 4 19 295 104 592 
? 4 492 511 91 294 
? 4 612 761 764 339 
? 4 285 507 786 112 
? 4 594 781 113 550 
? 4 21 288 468 95 
? 4 43 482 712 717 
? 4 155 694 575 684 
? 4 159 638 485 743 
? 4 191 291 553 404 
? 4 60 359 629 45 
? 4 122 346 118 693 
? 4 403 473 217 380 
? 4 471 704 338 30 
? 4 224 374 391 128 
? 3 31 676 134 
? 3 724 738 630 
? 3 195 623 782 
? 3 249 588 795 
? 3 381 707 528 
? 3 63 252 508 
? 3 12 56 230 
? 3 42 73 595 
? 3 284 666 745 
? 3 546 680 677 
? 3 79 532 319 
? 3 109 405 320 
? 3 343 596 225 
? 3 604 742 760 
? 3 37 789 136 
? 3 70 759 275 
? 3 148 460 735 
? 3 490 679 787 
? 3 188 204 778 
? 3 327 438 36 
? 3 72 344 411 
? 3 83 655 656 
? 3 279 584 633 
? 3 2 516 251 
? 3 41 794 474 
? 3 100 353 5 
? 3 14 123 502 
? 3 178 783 322 
? 3 120 433 358 
? 3 92 135 99 
? 3 475 582 734 
? 3 585 675 747 
? 3 223 664 168 
? 3 105 173 407 
? 3 296 691 369 
? 3 268 625 649 
? 3 650 701 293 
? 3 304 408 455 
? 3 564 587 456 
? 3 149 715 573 
? 3 430 620 617 
? 3 436 597 503 
? 3 498 548 769 
? 3 29 175 566 
? 3 361 576 389 
? 3 58 65 410 
? 3 197 203 194 
? 3 153 237 298 
? 3 384 678 662 
? 3 446 572 238 
? 3 80 644 635 
? 3 366 740 706 
? 3 362 682 394 
? 3 354 464 376 
? 3 53 59 17 
? 3 133 494 637 
? 3 127 600 86 
!
115 643 
115 643
799 
176 619 
176 619
137 730 
137 730
798 
127 600 86 
127 86
600 86
133 494 637 
494 637
133 637
796 
793 
130 720 
130 720
611 714 
611 714
187 220 
187 220
185 534 
185 534
790 
265 432 35 167 280 
265 432
35 432
167 432
280 265
785 
541 710 
541 710
779 
190 733 
190 733
94 661 
94 661
772 
76 276 328 777 64 232 669 
76 276
328 76
777 276
64 76
232 276
669 777
766 
765 
53 59 17 
53 59
53 17
754 
184 665 314 226 367 
184 665
314 184
226 665
367 226
751 
119 771 
119 771
261 561 695 311 758 631 
261 561
695 261
311 695
758 561
631 695
224 374 391 128 
374 128
374 391
224 128
750 
463 505 
463 505
354 464 376 
354 376
464 376
749 
362 682 394 
362 394
362 682
239 321 
239 321
3 652 
3 652
51 770 
51 770
154 216 
154 216
388 702 329 90 423 
388 702
329 388
90 329
423 702
471 704 338 30 
704 338
704 30
471 704
161 729 32 111 345 569 
161 729
32 161
111 729
345 32
569 32
54 282 324 102 725 55 
54 282
324 282
102 54
725 54
55 324
721 
719 
716 
38 520 6 89 451 253 480 
38 520
6 520
89 38
451 89
253 89
480 451
497 567 
497 567
622 660 
622 660
713 
202 302 
202 302
708 
366 740 706 
366 706
740 706
703 
500 639 
500 639
172 400 
172 400
700 
698 
80 644 635 
80 644
80 635
403 473 217 380 
403 217
403 473
473 380
663 
658 
552 757 
552 757
446 572 238 
572 238
446 238
122 346 118 693 
122 118
122 346
118 693
417 478 
417 478
386 397 
386 397
657 
651 
645 
60 359 629 45 
60 359
359 629
60 45
75 784 
75 784
627 
415 483 
415 483
11 300 
11 300
281 393 699 39 692 
281 393
699 393
39 393
692 699
616 
110 156 
110 156
615 
371 555 259 653 413 
371 555
259 555
653 371
413 259
610 
607 
256 332 
256 332
605 
67 599 
67 599
384 678 662 
384 678
678 662
602 
317 544 
317 544
313 709 
313 709
206 512 481 4 531 189 107 171 
206 512
481 512
4 481
531 4
189 512
107 531
171 481
153 237 298 
153 237
237 298
93 390 373 325 141 
93 390
373 93
325 93
141 390
255 711 
255 711
160 181 
160 181
71 580 
71 580
50 74 
50 74
191 291 553 404 
191 553
191 291
191 404
589 
16 52 
16 52
579 
440 466 705 269 318 
440 466
705 466
269 440
318 466
571 
565 
197 203 194 
197 203
197 194
305 609 
305 609
554 
97 437 
97 437
509 688 
509 688
159 638 485 743 
159 638
638 485
159 743
549 
58 65 410 
58 410
65 410
357 424 
357 424
221 746 
221 746
547 
545 
513 685 387 495 654 96 
513 685
387 513
495 685
654 685
96 387
155 694 575 684 
155 694
694 575
155 684
536 
529 
315 514 335 20 667 132 370 
315 514
335 514
20 514
667 335
132 315
370 514
162 271 356 504 628 
162 271
356 271
504 271
628 162
526 
524 
0 231 
0 231
414 768 543 125 254 152 143 
414 768
543 414
125 768
254 125
152 768
143 543
493 510 316 236 260 409 
493 510
316 510
236 493
260 316
409 493
361 576 389 
361 389
361 576
517 
506 
29 175 566 
175 566
29 175
496 
491 
498 548 769 
498 548
498 769
487 
169 418 
169 418
436 597 503 
597 503
436 503
467 
462 
458 
450 
430 620 617 
430 617
620 617
164 372 
164 372
379 671 525 7 61 
379 671
525 671
7 379
61 525
447 
445 
40 270 
40 270
425 
422 
416 
149 715 573 
149 573
715 573
26 348 
26 348
564 587 456 
587 456
564 587
85 792 
85 792
399 
398 
647 773 
647 773
396 
140 570 
140 570
304 408 455 
304 408
304 455
392 
385 
297 640 477 732 48 
297 640
477 297
732 477
48 477
382 
377 
431 559 
431 559
650 701 293 
701 293
650 701
183 283 
183 283
364 
363 
68 207 
68 207
360 
268 625 649 
625 649
268 625
355 
427 593 
427 593
349 
341 
340 
296 691 369 
296 369
691 369
105 173 407 
105 173
105 407
551 563 
551 563
334 
540 648 
540 648
530 791 
530 791
223 664 168 
664 168
223 664
585 675 747 
675 747
585 747
28 687 
28 687
287 521 
287 521
274 574 323 578 586 
274 574
323 574
578 274
586 578
475 582 734 
475 734
582 734
668 741 
668 741
333 
696 697 299 310 556 
696 697
299 696
310 697
556 697
92 135 99 
92 99
92 135
289 527 
289 527
479 560 
479 560
326 
378 632 
378 632
312 
309 
120 433 358 
120 433
433 358
146 337 
146 337
303 
286 
278 
178 783 322 
178 783
783 322
428 683 
428 683
273 
412 523 
412 523
43 482 712 717 
43 712
482 717
43 717
267 
347 681 233 581 453 263 
347 681
233 347
581 233
453 681
263 233
272 501 
272 501
27 448 210 426 248 689 
27 448
210 448
426 27
248 426
689 426
14 123 502 
14 502
123 502
535 659 634 722 452 
535 659
634 659
722 535
452 634
100 353 5 
100 353
353 5
41 794 474 
41 794
794 474
124 476 198 18 182 
124 476
198 476
18 124
182 198
21 288 468 95 
288 468
21 95
468 95
266 
264 499 
264 499
603 606 
603 606
2 516 251 
2 251
2 516
421 797 150 241 395 
421 797
150 421
241 797
395 241
279 584 633 
584 633
279 584
434 763 
434 763
227 352 
227 352
250 
46 441 
46 441
247 
457 672 
457 672
243 
240 
47 442 246 307 82 739 731 258 
47 442
246 47
307 246
82 307
739 442
731 47
258 82
83 655 656 
83 656
83 655
594 781 113 550 
594 781
594 113
781 550
215 454 
215 454
461 515 
461 515
242 306 
242 306
235 
72 344 411 
344 411
72 344
142 613 106 472 211 144 
142 613
106 142
472 142
211 613
144 472
234 
327 438 36 
438 36
327 438
229 
228 
222 
188 204 778 
204 778
188 204
214 
205 568 
205 568
174 402 
174 402
558 673 
558 673
674 726 
674 726
490 679 787 
490 679
490 787
212 
148 460 735 
148 735
148 460
208 
200 
193 
70 759 275 
759 275
70 275
192 
179 
87 723 484 13 562 435 
87 723
484 87
13 723
562 484
435 87
177 
170 
165 
158 
209 375 780 186 728 444 
209 375
780 209
186 780
728 186
444 186
285 507 786 112 
285 786
507 112
285 507
157 
219 727 330 406 755 342 670 69 218 
219 727
330 219
406 330
755 406
342 330
670 727
69 406
218 670
37 789 136 
37 136
789 136
612 761 764 339 
764 339
761 764
612 339
98 621 
98 621
151 
604 742 760 
742 760
604 760
636 690 244 465 44 646 108 469 383 365 
636 690
244 690
465 636
44 465
646 44
108 465
469 690
383 244
365 383
419 626 
419 626
33 614 
33 614
492 511 91 294 
91 294
492 511
511 294
343 596 225 
343 596
596 225
262 601 608 420 598 522 
262 601
608 262
420 601
598 601
522 262
139 
138 
131 
126 
19 295 104 592 
19 104
19 295
295 592
121 
109 405 320 
109 405
405 320
79 532 319 
79 319
532 319
66 486 537 577 686 775 539 196 78 
66 486
537 66
577 537
686 486
775 486
539 577
196 537
78 686
117 
114 
103 
546 680 677 
680 677
546 677
449 459 
449 459
284 666 745 
666 745
284 666
101 
277 753 308 257 
753 308
277 308
753 257
42 73 595 
73 595
42 595
81 
12 56 230 
12 230
12 56
63 252 508 
63 252
63 508
77 
116 443 
116 443
57 774 
57 774
470 737 
470 737
381 707 528 
707 528
381 707
166 591 129 744 163 489 
166 591
129 166
744 591
163 744
489 129
49 
583 788 642 618 
583 642
583 788
788 618
34 
24 199 301 145 62 292 147 
24 199
301 24
145 199
62 301
292 145
147 62
25 
249 588 795 
249 795
249 588
351 533 518 736 88 748 542 
351 533
518 351
736 533
88 736
748 518
542 748
23 
22 
180 350 336 331 
350 336
180 331
350 331
15 
519 767 439 538 624 718 213 
519 767
439 519
538 519
624 439
718 767
213 538
10 
9 
8 
195 623 782 
195 623
195 782
201 590 
201 590
724 738 630 
724 630
738 630
557 776 290 245 756 429 752 
557 776
290 557
245 776
756 290
429 245
752 245
31 676 134 
676 134
31 676
401 641 
401 641
1 
84 762 368 488 
762 368
84 762
368 488
