? 4 446 572 410 238 
? 4 75 91 294 382 
? 4 287 521 144 472 
? 4 492 511 784 40 
? 4 370 791 714 132 
? 4 198 476 182 666 
? 4 162 628 464 271 
? 4 304 455 175 554 
? 4 541 710 782 195 
? 4 259 653 615 413 
? 4 102 610 282 54 
? 4 255 711 392 559 
? 4 523 672 25 706 
? 4 149 573 318 715 
? 4 158 489 418 169 
? 4 585 675 747 176 
? 4 272 501 97 661 
? 4 650 701 293 283 
? 4 509 688 773 789 
? 3 155 694 704 
? 3 119 771 250 
? 3 598 601 608 
? 3 180 350 331 
? 3 160 333 658 
? 3 30 355 273 
? 3 447 756 290 
? 3 374 391 81 
? 3 470 796 724 
? 3 417 478 128 
? 3 69 243 755 
? 3 57 774 239 
? 3 484 562 167 
? 3 185 534 313 
? 3 9 319 154 
? 3 231 604 742 
? 3 146 376 452 
? 3 260 316 236 
? 3 490 579 679 
? 3 299 697 310 
? 3 115 643 599 
? 3 208 242 306 
? 3 99 135 92 
? 3 107 531 4 
? 3 39 193 23 
? 3 582 740 366 
? 3 288 468 670 
? 3 594 781 78 
? 3 630 738 605 
? 3 317 428 495 
? 3 26 676 134 
? 3 98 192 621 
? 3 43 712 482 
? 3 494 526 133 
? 3 123 385 121 
? 3 556 696 157 
? 3 218 589 251 
? 3 142 613 544 
? 3 453 581 263 
? 3 320 405 109 
? 3 172 765 400 
? 3 22 578 780 
? 3 344 411 72 
? 3 37 136 278 
? 3 435 595 73 
? 3 42 67 229 
? 3 215 640 743 
? 3 632 751 378 
? 3 80 221 275 
? 3 249 596 343 
? 3 769 793 498 
? 3 116 197 698 
? 3 170 703 496 
? 3 108 636 646 
? 3 341 681 233 
? 3 137 730 619 
? 3 256 332 645 
!
0 760 
0 760
798 
535 722 
535 722
409 609 
409 609
778 
256 332 645 
256 332
256 645
137 730 619 
137 730
137 619
758 
754 
106 708 
106 708
222 329 
222 329
11 300 
11 300
530 611 
530 611
750 
100 353 5 772 518 
100 353
5 353
772 353
518 100
746 
183 351 
183 351
741 
258 479 
258 479
312 406 
312 406
734 
210 448 27 49 114 58 65 
210 448
27 448
49 210
114 210
58 210
65 58
731 
727 
341 681 233 
681 233
341 681
700 
469 657 536 717 465 
469 657
536 657
717 536
465 536
693 
94 437 
94 437
583 642 571 373 18 788 
583 642
571 642
373 571
18 642
788 583
509 688 773 789 
688 789
509 773
509 688
692 
226 367 
226 367
108 636 646 
108 646
636 646
690 
170 703 496 
170 703
170 496
776 799 
776 799
168 223 
168 223
500 639 
500 639
404 497 
404 497
153 237 298 414 254 
153 237
298 237
414 153
254 298
650 701 293 283 
701 293
650 701
293 283
28 687 603 770 606 445 
28 687
603 28
770 28
606 687
445 606
277 753 308 174 257 151 
277 753
308 753
174 753
257 753
151 753
684 
683 
678 
159 485 425 732 48 638 477 
159 485
425 485
732 159
48 485
638 159
477 732
545 618 
545 618
307 442 
307 442
664 
286 348 
286 348
663 
116 197 698 
116 698
116 197
655 
131 397 
131 397
19 77 
19 77
644 
637 
769 793 498 
769 498
769 793
272 501 97 661 
501 97
272 501
97 661
635 
631 
398 466 
398 466
249 596 343 
596 343
249 596
585 675 747 176 
675 747
747 176
585 176
21 516 
21 516
262 522 
262 522
629 
623 
620 
158 489 418 169 
158 418
489 418
158 169
570 779 
570 779
607 
224 454 
224 454
654 685 
654 685
622 660 725 10 399 
622 660
725 622
10 660
399 660
602 
268 625 
268 625
600 
380 719 709 473 403 
380 719
709 719
473 380
403 473
592 
590 
246 677 
246 677
569 
70 550 
70 550
80 221 275 
80 275
221 275
568 
334 745 
334 745
737 749 
737 749
421 797 150 241 395 227 352 377 
421 797
150 421
241 797
395 421
227 395
352 227
377 421
632 751 378 
632 751
751 378
194 474 794 203 565 
194 474
794 474
203 194
565 474
649 720 
649 720
357 761 
357 761
371 567 
371 567
213 767 
213 767
149 573 318 715 
149 573
573 715
573 318
555 
181 311 
181 311
548 
361 389 576 321 713 
361 389
576 361
321 389
713 576
539 
529 
215 640 743 
215 640
640 743
467 627 
467 627
528 
3 748 
3 748
574 586 
574 586
523 672 25 706 
523 672
672 706
672 25
527 
42 67 229 
42 67
67 229
71 580 
71 580
112 507 
112 507
519 
517 
209 375 728 444 274 138 
209 375
728 209
444 375
274 375
138 444
255 711 392 559 
711 559
255 392
255 711
514 
513 
234 443 752 549 245 204 110 
234 443
752 443
549 234
245 234
204 443
110 234
33 614 1 419 626 
33 614
1 33
419 614
626 419
510 
506 
491 575 
491 575
36 438 790 662 327 295 384 
36 438
790 36
662 438
327 36
295 327
384 790
17 211 502 53 14 59 
17 211
502 211
53 17
14 502
59 53
435 595 73 
595 73
435 73
505 
487 
37 136 278 
37 136
136 278
475 
471 
344 411 72 
344 411
344 72
462 
141 390 
141 390
22 578 780 
22 578
578 780
460 
456 
439 
436 
172 765 400 
765 400
172 765
188 557 
188 557
163 164 744 591 372 
163 164
744 164
591 163
372 164
431 
430 
84 493 
84 493
429 
422 
416 
320 405 109 
405 109
320 405
103 402 
103 402
453 581 263 
453 581
581 263
205 449 
205 449
412 
408 
285 457 
285 457
396 
178 783 
178 783
142 613 544 
142 544
613 544
393 
387 
335 552 757 20 667 
335 552
757 552
20 335
667 757
383 
381 
189 512 
189 512
218 589 251 
218 589
589 251
152 768 
152 768
368 
365 
330 342 
330 342
356 
556 696 157 
696 157
556 157
354 
85 139 
85 139
347 
346 
345 
123 385 121 
123 385
385 121
494 526 133 
494 526
526 133
503 597 
503 597
337 
2 558 
2 558
284 386 
284 386
43 712 482 
43 712
43 482
98 192 621 
192 621
98 192
126 566 
126 566
481 504 
481 504
68 207 51 691 369 
68 207
51 207
691 68
369 691
26 676 134 
676 134
26 676
651 673 
651 673
324 
120 433 325 266 358 
120 433
325 433
266 325
358 325
317 428 495 
317 495
317 428
584 633 
584 633
190 733 
190 733
323 
547 665 
547 665
315 
309 
630 738 605 
630 738
738 605
252 716 
252 716
303 
296 
280 
594 781 78 
594 781
781 78
113 759 
113 759
279 
427 593 
427 593
102 610 282 54 
102 610
102 54
282 54
270 
46 441 281 699 35 647 
46 441
281 441
699 46
35 441
647 46
191 721 
191 721
561 695 34 240 264 499 
561 695
34 695
240 561
264 695
499 695
288 468 670 
288 468
468 670
533 736 652 235 542 
533 736
652 736
235 736
542 652
582 740 366 
582 740
582 366
39 193 23 
193 23
39 193
674 726 349 762 488 
674 726
349 674
762 726
488 349
259 653 615 413 
653 413
259 653
259 615
269 
184 314 
184 314
415 483 
415 483
107 531 4 
531 4
107 531
401 656 305 641 83 
401 656
305 401
641 401
83 656
99 135 92 
99 92
135 92
540 648 
540 648
297 338 
297 338
267 
363 420 
363 420
261 
424 787 
424 787
248 
244 
362 394 682 461 515 689 326 426 
362 394
682 362
461 394
515 394
689 682
326 689
426 689
208 242 306 
242 306
208 242
541 710 782 195 
541 710
710 195
710 782
291 553 
291 553
634 659 
634 659
336 707 
336 707
232 
115 643 599 
115 643
643 599
13 364 616 74 87 723 
13 364
616 13
74 364
87 13
723 616
228 
299 697 310 
299 310
299 697
219 
217 
216 
490 579 679 
490 579
490 679
214 
60 359 
60 359
148 560 
148 560
147 301 
147 301
463 564 
463 564
260 316 236 
316 236
260 316
206 
146 376 452 
146 376
146 452
201 
200 
196 
231 604 742 
604 742
231 604
187 
186 
379 671 525 785 61 7 
379 671
525 671
785 671
61 379
7 379
177 
171 
165 
156 
6 145 292 212 24 199 
6 145
292 145
212 6
24 6
199 6
304 455 175 554 
304 175
455 554
304 554
140 
276 328 64 777 669 76 166 95 458 
276 328
64 276
777 276
669 777
76 276
166 328
95 328
458 777
9 319 154 
9 319
9 154
162 628 464 271 
162 271
628 464
162 628
265 432 
265 432
130 
185 534 313 
185 313
534 313
388 702 253 89 451 520 423 90 38 8 
388 702
253 702
89 388
451 388
520 702
423 702
90 253
38 520
8 451
86 617 
86 617
32 117 
32 117
198 476 182 666 
198 476
198 182
476 666
484 562 167 
484 167
562 167
434 763 247 220 79 532 
434 763
247 434
220 763
79 220
532 79
129 
127 
125 
124 
370 791 714 132 
370 791
791 714
370 132
104 
57 774 239 
57 774
57 239
69 243 755 
69 755
69 243
12 230 766 143 56 588 795 543 322 
12 230
766 230
143 230
56 230
588 766
795 766
543 143
322 143
101 
96 
93 
417 478 128 
417 478
417 128
551 563 
551 563
470 796 724 
796 724
470 796
88 
492 511 784 40 
492 511
492 784
511 40
374 391 81 
374 391
374 81
82 
447 756 290 
447 756
447 290
30 355 273 
30 273
355 273
62 
480 587 
480 587
668 786 
668 786
450 459 
450 459
160 333 658 
160 333
160 658
111 538 729 718 161 624 
111 538
729 111
718 111
161 729
624 111
55 
287 521 144 472 
144 472
287 521
521 144
52 
339 764 546 680 47 612 739 
339 764
546 764
680 546
47 339
612 339
739 339
50 
180 350 331 
180 331
350 331
66 537 775 486 686 577 735 
66 537
775 66
486 66
686 66
577 537
735 537
45 
44 
75 91 294 382 
294 382
75 91
75 294
41 
118 122 360 340 63 289 508 
118 122
360 122
340 118
63 118
289 118
508 118
31 
29 
16 
598 601 608 
598 601
601 608
202 302 
202 302
119 771 250 
119 771
119 250
105 173 179 407 524 225 792 
105 173
179 105
407 179
524 105
225 179
792 225
155 694 704 
155 694
694 704
440 705 
440 705
15 
446 572 410 238 
572 238
446 238
410 238
