!
0 1 
0 1
2 
3 4 
3 4
5 6 
5 6
7 
8 9 10 
8 9
9 10
11 12 13 
11 12
12 13
14 
15 
16 17 
16 17
18 19 
18 19
20 21 
20 21
22 23 
22 23
24 
25 26 27 28 29 
25 26
26 27
27 28
28 29
30 
31 32 
31 32
33 
34 35 
34 35
36 37 
36 37
38 
39 40 41 42 43 44 45 
39 40
40 41
41 42
42 43
43 44
44 45
46 
47 
48 49 50 
48 49
49 50
51 
52 53 54 55 56 
52 53
53 54
54 55
55 56
57 
58 59 
58 59
60 61 62 63 64 65 
60 61
61 62
62 63
63 64
64 65
66 67 68 69 
66 67
67 68
68 69
70 
71 72 
71 72
73 74 75 
73 74
74 75
76 
77 78 79 
77 78
78 79
80 81 
80 81
82 83 
82 83
84 85 
84 85
86 87 
86 87
88 89 90 91 92 
88 89
89 90
90 91
91 92
93 94 95 96 
93 94
94 95
95 96
97 98 99 100 101 102 
97 98
98 99
99 100
100 101
101 102
103 104 105 106 107 108 
103 104
104 105
105 106
106 107
107 108
109 
110 
111 
112 113 114 115 116 117 118 
112 113
113 114
114 115
115 116
116 117
117 118
119 120 
119 120
121 122 
121 122
123 
124 125 
124 125
126 
127 128 129 
127 128
128 129
130 
131 132 
131 132
133 134 
133 134
135 
136 
137 138 139 
137 138
138 139
140 141 142 143 
140 141
141 142
142 143
144 
145 
146 147 
146 147
148 149 150 
148 149
149 150
151 152 153 154 
151 152
152 153
153 154
155 156 
155 156
157 158 
157 158
159 
160 
161 
162 163 164 165 
162 163
163 164
164 165
166 167 
166 167
168 
169 170 
169 170
171 172 
171 172
173 174 175 176 177 
173 174
174 175
175 176
176 177
178 
179 180 
179 180
181 
182 183 184 185 186 
182 183
183 184
184 185
185 186
187 
188 
189 190 
189 190
191 
192 193 
192 193
194 195 196 
194 195
195 196
197 
198 199 
198 199
200 201 
200 201
202 203 204 205 206 207 208 209 
202 203
203 204
204 205
205 206
206 207
207 208
208 209
210 211 212 
210 211
211 212
213 214 215 216 217 
213 214
214 215
215 216
216 217
218 219 
218 219
220 221 
220 221
222 223 
222 223
224 225 
224 225
226 227 228 229 
226 227
227 228
228 229
230 
231 232 
231 232
233 
234 235 236 237 238 
234 235
235 236
236 237
237 238
239 
240 
241 242 243 
241 242
242 243
244 245 
244 245
246 
247 248 
247 248
249 250 
249 250
251 252 253 254 
251 252
252 253
253 254
255 
256 257 258 
256 257
257 258
259 260 
259 260
261 262 
261 262
263 
264 
265 266 267 268 269 270 
265 266
266 267
267 268
268 269
269 270
271 272 273 274 
271 272
272 273
273 274
275 
276 
277 278 279 280 281 282 283 
277 278
278 279
279 280
280 281
281 282
282 283
284 285 286 287 288 
284 285
285 286
286 287
287 288
289 
290 
291 292 
291 292
293 294 295 296 297 298 299 
293 294
294 295
295 296
296 297
297 298
298 299
300 301 302 303 304 305 
300 301
301 302
302 303
303 304
304 305
306 307 308 
306 307
307 308
309 
310 
311 312 313 
311 312
312 313
314 
315 
316 317 318 
316 317
317 318
319 
320 321 
320 321
322 323 324 
322 323
323 324
325 
326 
327 
328 
329 330 331 
329 330
330 331
332 333 
332 333
334 335 336 337 338 
334 335
335 336
336 337
337 338
339 
340 
341 342 
341 342
343 
344 
345 
346 347 348 
346 347
347 348
349 350 
349 350
351 352 353 
351 352
352 353
354 355 
354 355
356 
357 
358 359 
358 359
360 
361 362 
361 362
363 364 365 
363 364
364 365
366 
367 
368 369 370 371 372 
368 369
369 370
370 371
371 372
373 
374 
375 376 
375 376
377 378 379 
377 378
378 379
380 381 
380 381
382 
383 
384 385 
384 385
386 
387 388 389 
387 388
388 389
390 
391 392 
391 392
393 
394 
395 
396 397 398 
396 397
397 398
399 400 401 
399 400
400 401
402 403 
402 403
404 
405 406 
405 406
407 408 
407 408
409 410 411 
409 410
410 411
412 413 414 
412 413
413 414
415 416 
415 416
417 418 
417 418
419 420 421 422 423 
419 420
420 421
421 422
422 423
424 425 426 
424 425
425 426
427 428 
427 428
429 
430 431 432 433 434 
430 431
431 432
432 433
433 434
435 436 437 
435 436
436 437
438 439 
438 439
440 441 
440 441
442 
443 444 
443 444
445 
446 
447 448 449 
447 448
448 449
450 451 
450 451
452 
453 
454 
455 456 457 
455 456
456 457
458 459 
458 459
460 
461 462 
461 462
463 464 465 466 
463 464
464 465
465 466
467 
468 469 470 471 472 473 
468 469
469 470
470 471
471 472
472 473
474 475 
474 475
476 477 478 479 480 481 
476 477
477 478
478 479
479 480
480 481
482 483 484 
482 483
483 484
485 486 487 488 489 
485 486
486 487
487 488
488 489
490 491 492 
490 491
491 492
493 494 495 
493 494
494 495
496 497 498 499 500 
496 497
497 498
498 499
499 500
501 502 503 504 
501 502
502 503
503 504
505 
506 507 
506 507
508 509 
508 509
510 511 512 
510 511
511 512
513 514 515 516 517 
513 514
514 515
515 516
516 517
518 519 520 
518 519
519 520
521 522 
521 522
523 524 
523 524
525 
526 527 
526 527
528 
529 530 
529 530
531 
532 
533 534 535 536 537 538 539 540 
533 534
534 535
535 536
536 537
537 538
538 539
539 540
541 542 543 
541 542
542 543
544 545 546 547 
544 545
545 546
546 547
548 549 
548 549
550 551 
550 551
552 553 
552 553
554 
555 556 557 
555 556
556 557
558 559 560 561 562 563 
558 559
559 560
560 561
561 562
562 563
564 
565 566 567 
565 566
566 567
568 
569 
570 
571 572 573 
571 572
572 573
574 
575 576 
575 576
577 578 
577 578
579 580 
579 580
581 582 
581 582
583 584 585 
583 584
584 585
586 
587 588 589 
587 588
588 589
590 
591 
592 
593 594 595 
593 594
594 595
596 
597 
598 599 600 601 602 603 
598 599
599 600
600 601
601 602
602 603
604 
605 
606 
607 
608 609 610 611 612 613 
608 609
609 610
610 611
611 612
612 613
614 615 616 617 
614 615
615 616
616 617
618 
619 620 621 622 623 624 625 626 627 
619 620
620 621
621 622
622 623
623 624
624 625
625 626
626 627
628 629 630 
628 629
629 630
631 632 633 634 
631 632
632 633
633 634
635 636 
635 636
637 
638 639 640 
638 639
639 640
641 642 643 644 645 646 647 648 649 650 
641 642
642 643
643 644
644 645
645 646
646 647
647 648
648 649
649 650
651 652 
651 652
653 654 
653 654
655 656 657 658 
655 656
656 657
657 658
659 660 661 
659 660
660 661
662 663 664 665 666 667 
662 663
663 664
664 665
665 666
666 667
668 
669 
670 
671 
672 673 674 675 
672 673
673 674
674 675
676 
677 678 679 
677 678
678 679
680 681 682 
680 681
681 682
683 684 685 686 687 688 689 690 691 
683 684
684 685
685 686
686 687
687 688
688 689
689 690
690 691
692 
693 
694 
695 696 697 
695 696
696 697
698 699 
698 699
700 701 702 
700 701
701 702
703 
704 705 706 707 
704 705
705 706
706 707
708 709 710 
708 709
709 710
711 
712 713 714 
712 713
713 714
715 716 717 
715 716
716 717
718 
719 720 
719 720
721 722 
721 722
723 724 
723 724
725 726 727 
725 726
726 727
728 729 730 731 732 733 
728 729
729 730
730 731
731 732
732 733
734 
735 736 737 738 
735 736
736 737
737 738
739 
740 741 742 743 744 745 746 
740 741
741 742
742 743
743 744
744 745
745 746
747 
748 749 750 
748 749
749 750
751 752 753 754 755 756 757 
751 752
752 753
753 754
754 755
755 756
756 757
758 
759 
760 761 762 763 
760 761
761 762
762 763
764 
765 766 767 768 769 770 771 
765 766
766 767
767 768
768 769
769 770
770 771
772 
773 
774 
775 776 777 
775 776
776 777
778 779 
778 779
780 781 782 
780 781
781 782
783 784 785 786 787 788 789 
783 784
784 785
785 786
786 787
787 788
788 789
790 791 792 
790 791
791 792
793 794 
793 794
795 
796 797 798 799 
796 797
797 798
798 799
