? 4 361 576 389 713 
? 4 255 711 392 505 
? 4 370 791 20 272 
? 4 209 375 274 728 
? 4 585 675 747 619 
? 4 142 613 472 144 
? 4 199 301 24 147 
? 4 287 521 685 625 
? 4 162 271 4 628 
? 4 149 573 772 318 
? 4 180 350 331 707 
? 4 100 353 748 3 
? 4 509 688 278 647 
? 4 380 719 709 645 
? 4 69 755 243 275 
? 4 541 710 782 195 
? 4 263 341 233 607 
? 4 604 742 231 760 
? 4 225 596 249 343 
? 3 293 701 650 
? 3 102 610 282 
? 3 622 660 725 
? 3 630 738 724 
? 3 706 740 366 
? 3 108 465 779 
? 3 523 672 507 
? 3 119 250 494 
? 3 320 399 405 
? 3 598 601 608 
? 3 260 316 236 
? 3 121 453 428 
? 3 58 65 189 
? 3 374 478 81 
? 3 67 599 73 
? 3 317 495 544 
? 3 146 376 452 
? 3 299 697 157 
? 3 440 715 10 
? 3 490 579 679 
? 3 97 501 714 
? 3 413 653 615 
? 3 594 781 330 
? 3 22 578 780 
? 3 43 712 482 
? 3 37 136 789 
? 3 30 273 338 
? 3 551 563 107 
? 3 265 432 793 
? 3 335 552 667 
? 3 304 455 126 
? 3 84 762 493 
? 3 291 721 391 
? 3 556 696 310 
? 3 694 704 355 
? 3 208 242 306 
? 3 63 716 252 
? 3 314 540 665 
? 3 14 123 506 
? 3 202 302 424 
? 3 57 321 774 
? 3 98 621 590 
? 3 172 765 776 
? 3 94 661 437 
? 3 218 589 342 
? 3 39 101 193 
? 3 137 771 730 
? 3 175 408 300 
? 3 212 480 145 
? 3 731 739 246 
? 3 15 617 430 
? 3 2 670 251 
? 3 103 402 357 
? 3 470 796 737 
? 3 184 648 547 
? 3 344 411 72 
? 3 651 673 468 
!
156 201 
156 201
787 
196 483 
196 483
86 183 
86 183
784 
651 673 468 
651 468
673 468
344 411 72 
344 411
344 72
768 
767 
634 639 
634 639
54 416 
54 416
444 745 
444 745
315 514 
315 514
761 
13 364 616 74 723 
13 364
616 13
74 13
723 364
759 
62 574 
62 574
758 
481 512 
481 512
464 663 
464 663
754 
234 443 549 752 245 778 188 
234 443
549 234
752 234
245 443
778 443
188 443
751 
750 
184 648 547 
184 547
184 648
749 
533 736 652 235 542 
533 736
652 736
235 736
542 736
735 
0 110 
0 110
75 294 91 492 659 535 
75 294
91 75
492 75
659 294
535 294
225 596 249 343 
225 249
596 343
596 249
734 
239 511 
239 511
470 796 737 
470 796
470 737
722 
103 402 357 
103 402
402 357
96 426 
96 426
346 398 
346 398
415 539 
415 539
216 633 
216 633
484 562 769 167 435 
484 562
769 562
167 484
435 484
604 742 231 760 
742 760
604 760
604 231
401 656 305 641 83 655 
401 656
305 401
641 656
83 656
655 656
120 433 358 757 626 325 
120 433
358 433
757 120
626 358
325 626
720 
708 
705 
339 764 546 680 258 307 47 
339 764
546 764
680 546
258 764
307 339
47 339
45 77 
45 77
42 229 
42 229
690 
553 798 
553 798
684 
2 670 251 
2 670
670 251
683 
550 635 
550 635
116 698 
116 698
678 
677 
15 617 430 
617 430
15 617
263 341 233 607 
263 233
263 341
263 607
668 
664 
52 109 
52 109
731 739 246 
731 246
731 739
541 710 782 195 
541 710
710 195
710 782
268 365 
268 365
528 703 
528 703
654 
644 
637 
69 755 243 275 
69 755
69 243
243 275
504 531 
504 531
631 
197 203 
197 203
555 567 
555 567
447 756 290 799 400 
447 756
290 756
799 756
400 756
629 
131 397 
131 397
627 
92 135 99 473 403 
92 135
99 135
473 92
403 473
620 
618 
134 676 
134 676
612 
232 288 
232 288
212 480 145 
480 145
212 145
611 
382 467 
382 467
129 418 
129 418
159 485 425 48 477 638 743 732 
159 485
425 485
48 159
477 48
638 485
743 48
732 477
175 408 300 
175 408
408 300
379 671 525 61 7 
379 671
525 379
61 671
7 671
128 224 
128 224
138 165 
138 165
32 569 
32 569
125 783 
125 783
380 719 709 645 
380 719
719 709
380 645
609 
29 566 
29 566
605 
33 614 1 419 141 
33 614
1 33
419 1
141 419
602 
600 
137 771 730 
137 730
137 771
206 337 
206 337
595 
70 113 
70 113
297 640 
297 640
509 688 278 647 
688 278
509 688
509 647
592 
39 101 193 
39 193
39 101
384 649 
384 649
152 283 
152 283
575 
570 
17 211 53 502 59 385 
17 211
53 17
502 211
59 53
385 502
100 353 748 3 
100 353
748 3
100 748
558 
554 
79 319 9 247 532 417 763 
79 319
9 319
247 319
532 319
417 319
763 247
160 658 181 333 586 
160 658
181 160
333 160
586 658
548 
545 
285 786 
285 786
46 441 35 281 699 692 773 
46 441
35 441
281 441
699 46
692 441
773 46
111 538 729 718 519 161 
111 538
729 111
718 538
519 538
161 729
218 589 342 
589 342
218 589
530 
529 
94 661 437 
94 661
94 437
527 
517 
172 765 776 
172 765
172 776
516 
25 785 
25 785
98 621 590 
98 621
98 590
513 
510 
500 
497 
57 321 774 
57 774
57 321
508 693 
508 693
118 122 360 340 289 
118 122
360 122
340 118
289 118
491 
489 
336 381 
336 381
479 
475 
466 
202 302 424 
302 424
202 302
406 727 
406 727
14 123 506 
14 123
123 506
215 487 
215 487
463 
460 
503 597 
503 597
457 
140 717 
140 717
314 540 665 
314 665
314 540
456 
454 
674 726 349 488 5 
674 726
349 674
488 674
5 674
451 
445 
80 221 
80 221
63 716 252 
716 252
63 252
23 214 
23 214
442 
436 
71 580 
71 580
422 
208 242 306 
242 306
208 242
412 
240 386 
240 386
409 
404 
396 
694 704 355 
694 355
694 704
556 696 310 
696 310
556 310
564 587 
564 587
393 
228 434 
228 434
449 450 
449 450
291 721 391 
721 391
291 721
84 762 493 
84 762
762 493
309 741 
309 741
217 646 
217 646
194 474 565 794 192 
194 474
565 194
794 474
192 794
304 455 126 
304 126
304 455
93 390 
93 390
387 
583 642 571 373 788 
583 642
571 642
373 571
788 583
335 552 667 
335 552
335 667
351 518 
351 518
19 295 
19 295
383 
431 559 
431 559
368 
367 
265 432 793 
265 793
265 432
259 371 
259 371
356 
348 
347 
551 563 107 
551 563
551 107
593 691 
593 691
324 
248 286 
248 286
180 350 331 707 
180 331
350 331
350 707
323 
198 476 182 18 666 334 
198 476
182 476
18 476
666 198
334 18
55 582 
55 582
163 164 166 591 372 744 
163 164
166 163
591 166
372 166
744 163
30 273 338 
30 273
30 338
153 237 298 254 414 
153 237
298 153
254 298
414 153
37 136 789 
37 136
136 789
43 712 482 
43 712
43 482
68 207 296 557 369 
68 207
296 68
557 207
369 68
149 573 772 318 
573 772
149 573
573 318
313 
262 363 
262 363
170 496 
170 496
22 578 780 
22 578
578 780
469 657 536 222 636 
469 657
536 657
222 657
636 469
594 781 330 
594 781
781 330
439 624 
439 624
588 792 
588 792
312 
459 568 
459 568
303 
139 746 
139 746
292 
284 
276 328 777 64 169 669 458 158 
276 328
777 276
64 276
169 777
669 777
458 169
158 669
413 653 615 
413 653
653 615
162 271 4 628 
162 271
162 4
162 628
154 584 
154 584
213 345 
213 345
21 623 
21 623
280 
97 501 714 
97 501
501 714
561 695 34 264 311 499 
561 695
34 695
264 695
311 561
499 264
279 
490 579 679 
490 579
490 679
270 
269 
267 
440 715 10 
440 10
440 715
266 
11 176 
11 176
168 498 
168 498
148 560 
148 560
427 526 
427 526
299 697 157 
299 157
299 697
261 
146 376 452 
146 376
146 452
244 
226 
223 
317 495 544 
317 495
317 544
219 
205 
28 687 603 606 770 51 
28 687
603 687
606 603
770 603
51 770
191 
187 
186 
178 
36 438 790 662 327 104 
36 438
790 36
662 790
327 438
104 36
287 521 685 625 
521 625
287 521
287 685
177 
12 230 766 143 56 322 354 795 543 
12 230
766 12
143 230
56 12
322 230
354 230
795 766
543 143
67 599 73 
599 73
67 599
199 301 24 147 
199 301
301 147
199 24
60 359 
60 359
171 
374 478 81 
478 81
374 478
388 702 253 520 329 90 423 89 38 6 
388 702
253 702
520 388
329 388
90 253
423 702
89 520
38 253
6 38
256 332 
256 332
190 733 
190 733
142 613 472 144 
472 144
613 144
142 613
58 65 189 
65 189
58 65
446 572 410 238 420 522 
446 572
410 572
238 410
420 446
522 572
155 
133 
132 
130 
585 675 747 619 
675 747
585 619
747 619
127 
121 453 428 
121 428
121 453
260 316 236 
316 236
260 316
421 797 241 395 150 227 377 352 462 
421 797
241 421
395 797
150 421
227 395
377 421
352 227
462 797
124 
117 
112 
598 601 608 
598 601
601 608
185 534 
185 534
320 399 405 
320 399
399 405
106 
209 375 274 728 
209 375
209 274
209 728
119 250 494 
119 250
250 494
95 
523 672 507 
523 672
523 507
108 465 779 
108 779
465 779
88 
115 643 
115 643
581 681 
581 681
378 632 
378 632
706 740 366 
706 366
706 740
277 753 174 151 308 257 
277 753
174 753
151 753
308 753
257 277
87 
370 791 20 272 
370 20
370 791
791 272
82 
362 394 682 461 326 515 220 
362 394
682 394
461 394
326 362
515 461
220 362
76 
630 738 724 
630 724
630 738
66 537 775 486 577 78 686 
66 537
775 66
486 537
577 537
78 537
686 66
50 
44 
255 711 392 505 
255 505
392 505
255 711
41 
105 173 407 524 179 85 200 
105 173
407 105
524 105
179 173
85 179
200 173
40 
31 
16 
622 660 725 
622 660
660 725
204 429 
204 429
102 610 282 
102 610
102 282
210 448 27 49 114 689 26 
210 448
27 210
49 448
114 210
689 114
26 689
293 701 650 
293 701
701 650
471 700 
471 700
8 
361 576 389 713 
361 389
361 576
576 713
