!
196 547 781 397 79 405 394 520 348 659 627 456 483 651 120 234 368 388 119 715 568 712 763 236 544 380 408 719 769 468 582 518 356 459 263 280 701 742 288 173 241 328 377 223 580 340 464 143 343 430 680 296 564 218 534 657 788 137 281 409 599 595 660 665 393 591 131 66 194 290 466 584 449 646 115 124 620 136 283 512 303 347 302 316 585 658 482 11 344 135 98 565 139 496 374 499 426 472 476 349 78 191 540 759 128 366 548 645 96 30 717 44 593 676 138 329 383 386 362 587 757 257 26 556 465 790 613 117 6 730 507 18 274 608 260 655 616 423 403 610 786 445 201 612 420 84 452 553 718 632 695 773 589 782 491 38 326 708 592 398 159 350 55 494 322 650 219 372 433 666 100 60 80 164 19 663 775 169 579 514 167 682 709 363 
196 547
781 547
397 196
79 781
405 397
394 547
520 79
348 520
659 348
627 397
456 627
483 659
651 659
120 456
234 627
368 405
388 120
119 368
715 388
568 348
712 119
763 388
236 568
544 234
380 544
408 763
719 712
769 544
468 236
582 715
518 468
356 712
459 119
263 518
280 544
701 380
742 263
288 468
173 701
241 288
328 518
377 288
223 582
580 701
340 408
464 223
143 173
343 769
430 377
680 580
296 263
564 680
218 143
534 464
657 223
788 657
137 464
281 218
409 241
599 788
595 599
660 430
665 218
393 660
591 409
131 343
66 534
194 66
290 131
466 393
584 194
449 591
646 194
115 660
124 137
620 124
136 584
283 620
512 290
303 646
347 512
302 283
316 449
585 283
658 466
482 283
11 136
344 347
135 482
98 482
565 482
139 565
496 11
374 496
499 135
426 658
472 426
476 472
349 139
78 349
191 499
540 191
759 78
128 540
366 426
548 128
645 476
96 645
30 366
717 96
44 30
593 44
676 759
138 593
329 30
383 138
386 676
362 96
587 593
757 587
257 383
26 757
556 257
465 386
790 556
613 757
117 790
6 117
730 613
507 790
18 556
274 730
608 18
260 507
655 274
616 260
423 616
403 260
610 608
786 655
445 610
201 786
612 445
420 201
84 420
452 84
553 612
718 452
632 452
695 553
773 695
589 632
782 773
491 782
38 782
326 38
708 326
592 708
398 491
159 718
350 159
55 589
494 55
322 350
650 494
219 159
372 322
433 592
666 433
100 219
60 372
80 60
164 55
19 164
663 164
775 663
169 433
579 19
514 169
167 169
682 167
709 682
363 465
242 586 744 644 508 0 629 91 237 532 683 14 20 376 294 470 714 738 65 745 230 535 306 67 604 554 469 784 756 267 575 123 170 569 422 411 602 673 414 88 521 387 264 247 511 630 489 410 438 787 287 435 531 187 200 161 425 732 175 155 471 268 432 59 415 427 63 273 794 102 81 378 624 600 277 447 224 226 626 346 497 721 746 204 180 43 182 772 515 578 505 533 36 255 266 13 271 23 31 189 94 566 654 439 132 364 381 501 141 791 681 726 319 93 492 434 293 149 488 220 462 171 643 331 286 53 429 789 213 458 413 153 99 741 214 697 486 560 710 766 421 42 667 475 524 431 4 25 97 222 354 92 552 379 157 34 252 333 311 195 253 258 323 478 750 525 536 118 37 417 177 339 27 172 546 77 720 144 705 28 642 713 256 798 158 623 391 238 145 777 113 555 723 639 353 17 166 365 54 315 359 747 254 502 441 767 212 321 652 389 68 89 572 57 485 537 76 640 792 384 152 210 114 484 406 722 371 101 440 82 373 160 12 275 703 107 336 455 513 140 178 130 550 186 785 474 528 549 32 653 543 577 795 304 412 672 33 150 291 15 641 133 571 48 457 39 724 437 90 428 62 168 762 50 633 395 679 61 162 647 601 203 453 337 126 704 295 179 305 142 621 799 259 71 634 699 345 239 576 668 690 573 73 606 207 671 563 21 755 282 358 147 317 615 648 351 269 58 670 490 151 460 208 16 47 1 64 70 727 638 588 443 793 8 590 736 598 10 330 418 51 688 424 232 129 559 205 375 46 206 692 396 711 261 227 765 754 355 367 231 737 743 385 289 217 625 279 739 338 211 780 778 110 400 390 541 636 332 176 684 637 776 783 509 700 104 190 309 529 86 399 75 215 686 221 662 202 631 656 276 174 419 106 209 461 40 156 369 503 446 181 188 603 685 609 451 751 669 382 335 192 248 691 480 262 522 249 392 768 675 416 516 125 517 519 334 45 370 760 193 495 87 22 617 545 444 664 108 500 605 450 111 310 635 510 314 324 225 477 661 251 523 557 270 678 596 614 694 312 581 771 292 5 758 229 83 436 342 298 481 103 318 607 235 285 146 567 674 761 740 448 538 199 341 352 246 85 9 297 3 539 148 327 618 729 29 250 407 735 105 313 216 693 725 649 487 233 402 698 454 197 706 687 284 506 198 35 498 493 56 49 558 163 716 562 594 184 320 526 542 728 272 121 467 122 52 628 245 116 530 41 265 677 112 733 779 442 127 243 611 473 504 597 308 401 154 361 734 185 404 300 796 574 749 74 752 479 69 561 278 463 764 240 165 325 774 619 95 622 360 748 301 797 24 2 183 689 731 753 583 702 7 707 134 770 551 357 527 570 307 244 109 299 696 72 228 
242 586
744 242
644 586
508 644
0 644
629 242
91 508
237 629
532 91
683 508
14 532
20 508
376 0
294 629
470 376
714 237
738 294
65 644
745 532
230 376
535 745
306 20
67 714
604 65
554 67
469 14
784 604
756 745
267 604
575 306
123 784
170 756
569 469
422 123
411 67
602 267
673 756
414 554
88 414
521 414
387 575
264 88
247 673
511 411
630 511
489 264
410 521
438 264
787 511
287 387
435 569
531 422
187 414
200 531
161 287
425 435
732 200
175 161
155 425
471 784
268 425
432 155
59 511
415 59
427 387
63 415
273 247
794 471
102 175
81 787
378 427
624 425
600 410
277 63
447 415
224 200
226 102
626 273
346 268
497 247
721 447
746 427
204 497
180 224
43 471
182 81
772 346
515 180
578 521
505 378
533 497
36 772
255 155
266 721
13 59
271 224
23 226
31 578
189 31
94 255
566 13
654 204
439 255
132 578
364 13
381 439
501 31
141 654
791 600
681 364
726 505
319 505
93 791
492 93
434 141
293 31
149 681
488 434
220 81
462 726
171 23
643 94
331 566
286 43
53 286
429 53
789 189
213 271
458 213
413 36
153 171
99 93
741 458
214 643
697 149
486 319
560 413
710 492
766 560
421 439
42 99
667 42
475 421
524 560
431 213
4 654
25 434
97 213
222 475
354 710
92 462
552 741
379 697
157 149
34 431
252 153
333 34
311 97
195 501
253 501
258 524
323 252
478 524
750 331
525 253
536 258
118 379
37 552
417 750
177 214
339 475
27 710
172 726
546 478
77 488
720 536
144 789
705 417
28 34
642 195
713 222
256 421
798 478
158 37
623 536
391 177
238 379
145 417
777 144
113 311
555 798
723 195
639 253
353 77
17 546
166 113
365 17
54 429
315 28
359 238
747 54
254 28
502 798
441 145
767 353
212 441
321 256
652 642
389 321
68 144
89 713
572 502
57 27
485 57
537 144
76 315
640 321
792 76
384 359
152 652
210 57
114 353
484 441
406 389
722 210
371 166
101 639
440 640
82 485
373 406
160 747
12 158
275 57
703 441
107 767
336 12
455 384
513 107
140 767
178 391
130 101
550 572
186 747
785 140
474 373
528 537
549 140
32 186
653 384
543 82
577 484
795 336
304 653
412 722
672 101
33 210
150 107
291 17
15 513
641 152
133 178
571 792
48 577
457 785
39 371
724 703
437 653
90 652
428 672
62 437
168 130
762 549
50 762
633 795
395 455
679 50
61 39
162 762
647 61
601 133
203 457
453 412
337 76
126 641
704 633
295 428
179 395
305 62
142 295
621 186
799 621
259 168
71 453
634 133
699 543
345 126
239 428
576 724
668 71
690 440
573 71
73 474
606 704
207 345
671 799
563 601
21 571
755 73
282 528
358 671
147 21
317 291
615 606
648 239
351 282
269 699
58 358
670 73
490 50
151 490
460 203
208 317
16 699
47 395
1 151
64 1
70 207
727 208
638 90
588 638
443 573
793 490
8 64
590 351
736 573
598 151
10 490
330 48
418 330
51 588
688 282
424 47
232 8
129 424
559 688
205 64
375 232
46 330
206 269
692 51
396 58
711 736
261 208
227 648
765 227
754 129
355 754
367 443
231 754
737 755
743 460
385 737
289 670
217 129
625 10
279 634
739 590
338 743
211 206
780 737
778 367
110 396
400 110
390 688
541 780
636 239
332 598
176 739
684 261
637 424
776 637
783 261
509 338
700 385
104 110
190 711
309 70
529 206
86 509
399 46
75 390
215 590
686 783
221 636
662 190
202 700
631 390
656 227
276 625
174 780
419 51
106 625
209 355
461 279
40 289
156 656
369 332
503 559
446 309
181 338
188 662
603 174
685 40
609 221
451 86
751 399
669 190
382 656
335 399
192 202
248 382
691 669
480 609
262 631
522 691
249 419
392 691
768 503
675 188
416 751
516 40
125 768
517 446
519 181
334 768
45 516
370 783
760 209
193 519
495 370
87 369
22 276
617 451
545 193
444 760
664 188
108 45
500 509
605 480
450 334
111 309
310 700
635 461
510 545
314 334
324 45
225 335
477 21
661 314
251 419
523 461
557 416
270 517
678 450
596 270
614 22
694 108
312 324
581 760
771 225
292 760
5 156
758 603
229 581
83 262
436 87
342 111
298 614
481 5
103 758
318 436
607 523
235 481
285 771
146 436
567 510
674 678
761 674
740 292
448 229
538 607
199 581
341 103
352 225
246 500
85 567
9 567
297 312
3 298
539 436
148 341
327 761
618 481
729 3
29 450
250 539
407 477
735 607
105 148
313 83
216 596
693 758
725 105
649 352
487 29
233 694
402 407
698 735
454 342
197 729
706 313
687 618
284 246
506 694
198 454
35 285
498 487
493 199
56 567
49 35
558 698
163 103
716 35
562 618
594 649
184 558
320 506
526 716
542 198
728 163
272 448
121 56
467 184
122 327
52 506
628 467
245 594
116 148
530 526
41 493
265 313
677 121
112 184
733 493
779 542
442 530
127 184
243 733
611 243
473 677
504 498
597 611
308 245
401 473
154 611
361 677
734 687
185 361
404 284
300 498
796 597
574 127
749 154
74 265
752 574
479 779
69 216
561 197
278 127
463 74
764 401
240 764
165 116
325 116
774 74
619 300
95 619
622 401
360 95
748 622
301 774
797 300
24 561
2 779
183 404
689 734
731 185
753 301
583 797
702 749
7 245
707 95
134 796
770 731
551 619
357 7
527 463
570 748
307 2
244 702
109 122
299 244
696 570
72 357
228 240
