!
196 547 781 397 79 405 394 520 348 627 659 456 651 483 120 234 368 388 119 715 568 763 236 712 544 380 408 719 769 582 468 518 263 459 356 280 288 742 173 241 328 377 340 223 464 430 534 137 657 788 409 599 595 660 393 591 66 194 584 466 449 646 620 124 115 136 283 303 585 316 658 302 482 11 98 135 374 496 499 472 426 191 540 128 548 366 30 44 593 329 138 383 386 587 757 257 26 790 556 117 613 465 6 730 507 274 18 608 260 616 655 423 403 786 445 201 612 420 84 452 553 718 632 109 695 773 589 782 38 326 708 491 398 592 350 159 55 322 165 494 650 116 219 372 666 100 433 325 689 60 728 80 479 164 19 663 775 169 579 514 2 167 682 709 307 628 467 735 69 184 558 127 698 363 278 112 574 752 522 691 392 477 407 402 
196 547
781 547
397 781
79 781
405 397
394 196
520 781
348 520
627 397
659 348
456 627
651 659
483 659
120 456
234 627
368 394
388 120
119 368
715 388
568 520
763 120
236 568
712 394
544 234
380 544
408 763
719 712
769 544
582 715
468 568
518 468
263 518
459 119
356 712
280 769
288 468
742 263
173 380
241 288
328 518
377 241
340 408
223 582
464 223
430 377
534 464
137 464
657 223
788 459
409 430
599 788
595 599
660 430
393 660
591 409
66 534
194 66
584 194
466 393
449 591
646 194
620 137
124 620
115 660
136 584
283 124
303 646
585 124
316 449
658 466
302 283
482 302
11 136
98 302
135 98
374 11
496 374
499 135
472 115
426 472
191 499
540 191
128 540
548 128
366 426
30 366
44 30
593 44
329 30
138 593
383 138
386 128
587 593
757 587
257 383
26 757
790 257
556 790
117 790
613 757
465 386
6 117
730 613
507 117
274 730
18 507
608 18
260 507
616 260
655 274
423 616
403 260
786 655
445 423
201 786
612 445
420 201
84 420
452 84
553 612
718 452
632 452
109 553
695 553
773 695
589 632
782 773
38 782
326 38
708 326
491 782
398 491
592 708
350 491
159 350
55 589
322 350
165 465
494 55
650 494
116 165
219 159
372 322
666 398
100 219
433 666
325 116
689 433
60 372
728 325
80 60
479 689
164 650
19 164
663 19
775 663
169 689
579 775
514 479
2 514
167 514
682 167
709 682
307 2
628 728
467 628
735 628
69 2
184 735
558 184
127 184
698 558
363 467
278 127
112 127
574 278
752 574
522 69
691 522
392 691
477 392
407 477
402 407
511 630 411 59 415 67 63 277 489 787 714 554 447 721 738 13 266 438 566 264 364 681 88 535 294 81 149 182 237 414 629 220 331 697 187 673 745 379 157 118 189 273 521 750 789 242 247 756 626 586 417 744 230 376 238 434 31 532 501 170 488 293 145 0 359 91 470 644 14 578 705 508 384 144 410 141 204 441 777 654 253 212 484 683 455 497 25 68 77 132 533 20 525 653 639 703 469 600 577 353 537 304 195 4 437 48 114 528 62 395 155 784 179 724 767 305 381 306 569 439 255 65 101 604 123 107 513 422 267 222 94 15 150 432 723 576 471 475 643 642 140 785 575 791 425 602 47 282 421 672 130 435 713 351 794 457 339 387 89 43 129 424 549 214 142 330 268 203 295 42 346 46 492 418 93 531 754 428 36 772 355 667 200 231 590 624 152 217 99 688 287 652 776 732 460 559 637 739 161 679 176 399 175 168 256 239 50 209 427 413 406 762 710 390 373 64 8 224 215 389 641 743 102 162 232 321 515 151 1 509 335 391 378 180 375 751 259 640 75 177 631 746 126 226 560 648 262 429 474 440 86 271 354 490 205 338 53 444 505 286 10 766 416 760 503 793 451 598 478 27 524 546 181 23 125 345 768 225 726 500 581 292 365 332 485 90 636 178 213 319 557 73 334 617 771 199 670 458 229 227 625 17 285 462 207 171 369 519 545 314 82 193 798 661 97 258 740 352 536 765 555 221 543 276 83 448 609 480 722 57 510 755 431 450 741 153 311 210 656 70 246 106 623 720 486 133 34 649 87 35 605 690 289 502 493 313 156 412 567 49 634 716 54 333 572 552 92 526 9 85 172 252 678 113 22 747 382 309 28 737 275 323 385 601 37 33 248 674 272 284 594 166 29 41 530 588 706 40 291 453 638 160 699 442 51 487 761 516 733 550 611 498 796 436 243 45 597 56 327 186 685 16 315 265 71 668 563 692 446 700 539 245 324 158 154 32 318 614 269 780 202 121 146 749 254 573 108 312 235 481 250 308 298 74 419 371 111 76 3 792 249 541 192 504 517 677 174 404 621 310 463 443 5 799 618 279 361 208 317 211 297 206 603 694 473 729 122 702 727 774 185 671 300 736 39 7 12 336 134 197 358 342 301 261 360 270 244 367 61 562 647 753 778 58 95 183 357 687 401 461 619 596 795 527 571 764 529 731 299 512 131 783 711 506 770 290 707 686 797 454 198 684 240 645 633 337 396 233 251 344 583 72 717 704 103 680 622 758 216 551 105 52 341 542 662 564 725 665 748 759 190 362 21 606 343 148 320 675 580 676 147 188 96 349 523 635 565 110 664 615 610 570 561 139 143 347 228 104 370 218 495 779 538 24 734 693 607 476 669 78 400 696 296 281 701 163 
511 630
411 630
59 511
415 59
67 411
63 59
277 63
489 411
787 63
714 67
554 411
447 415
721 447
738 554
13 277
266 721
438 489
566 13
264 438
364 566
681 364
88 264
535 714
294 738
81 787
149 681
182 81
237 714
414 88
629 237
220 182
331 220
697 149
187 414
673 535
745 535
379 697
157 266
118 697
189 187
273 673
521 187
750 118
789 189
242 629
247 673
756 745
626 273
586 242
417 750
744 242
230 521
376 230
238 379
434 626
31 189
532 745
501 31
170 756
488 434
293 31
145 417
0 744
359 238
91 532
470 376
644 0
14 532
578 293
705 417
508 91
384 359
144 789
410 521
141 626
204 141
441 145
777 144
654 141
253 501
212 441
484 441
683 508
455 384
497 204
25 488
68 777
77 25
132 578
533 497
20 683
525 253
653 359
639 253
703 212
469 14
600 410
577 484
353 77
537 68
304 653
195 525
4 25
437 304
48 577
114 353
528 537
62 437
395 455
155 170
784 470
179 395
724 703
767 353
305 62
381 533
306 20
569 469
439 381
255 439
65 306
101 639
604 65
123 784
107 767
513 114
422 123
267 604
222 4
94 255
15 513
150 107
432 155
723 195
576 724
471 422
475 222
643 439
642 723
140 767
785 140
575 306
791 600
425 569
602 267
47 395
282 528
421 475
672 101
130 672
435 425
713 222
351 282
794 471
457 785
339 713
387 575
89 140
43 471
129 305
424 47
549 140
214 643
142 672
330 48
268 425
203 457
295 142
42 791
346 268
46 330
492 791
418 330
93 492
531 422
754 129
428 672
36 432
772 346
355 754
667 42
200 531
231 754
590 351
624 268
152 723
217 129
99 93
688 282
287 575
652 152
776 47
732 200
460 203
559 688
637 776
739 776
161 287
679 549
176 739
399 46
175 161
168 130
256 421
239 428
50 679
209 637
427 287
413 36
406 713
762 50
710 492
390 688
373 406
64 203
8 64
224 200
215 590
389 373
641 152
743 460
102 161
162 762
232 8
321 389
515 224
151 64
1 64
509 743
335 399
391 256
378 427
180 515
375 232
751 335
259 168
640 321
75 390
177 391
631 75
746 378
126 641
226 102
560 413
648 259
262 390
429 43
474 373
440 640
86 509
271 180
354 710
490 151
205 1
338 743
53 429
444 209
505 378
286 53
10 490
766 560
416 751
760 444
503 559
793 10
451 86
598 10
478 766
27 354
524 766
546 478
181 338
23 226
125 75
345 126
768 125
225 335
726 505
500 509
581 760
292 444
365 546
332 205
485 27
90 345
636 239
178 391
213 271
319 226
557 416
73 474
334 768
617 451
771 292
199 760
670 73
458 213
229 581
227 648
625 793
17 365
285 771
462 726
207 345
171 23
369 332
519 181
545 181
314 768
82 485
193 519
798 524
661 314
97 213
258 798
740 292
352 225
536 258
765 227
555 798
221 636
543 82
276 625
83 262
448 229
609 636
480 609
722 82
57 722
510 545
755 73
431 213
450 334
741 171
153 171
311 97
210 57
656 765
70 207
246 500
106 625
623 258
720 536
486 319
133 178
34 431
649 352
87 369
35 285
605 480
690 755
289 670
502 798
493 199
313 83
156 656
412 722
567 510
49 35
634 133
716 35
54 429
333 34
572 502
552 741
92 462
526 35
9 567
85 567
172 726
252 153
678 450
113 311
22 276
747 54
382 656
309 207
28 333
737 755
275 54
323 486
385 737
601 133
37 552
33 210
248 382
674 678
272 448
284 246
594 649
166 113
29 450
41 493
530 526
588 90
706 83
40 289
291 17
453 412
638 588
160 747
699 453
442 530
51 638
487 29
761 674
516 289
733 41
550 572
611 733
498 487
796 611
436 87
243 611
45 516
597 611
56 9
327 761
186 160
685 40
16 699
315 28
265 313
71 453
668 71
563 601
692 51
446 309
700 385
539 436
245 594
324 45
158 37
154 41
32 186
318 436
614 22
269 16
780 700
202 700
121 56
146 539
749 154
254 315
573 71
108 45
312 324
235 605
481 235
250 146
308 245
298 614
74 265
419 638
371 166
111 248
76 315
3 298
792 76
249 419
541 780
192 202
504 706
517 249
677 121
174 541
404 284
621 32
310 202
463 74
443 573
5 481
799 621
618 481
279 174
361 677
208 291
317 208
211 692
297 312
206 211
603 174
694 108
473 677
729 298
122 327
702 154
727 208
774 74
185 361
671 799
300 498
736 443
39 371
7 594
12 158
336 12
134 796
197 729
358 671
342 111
301 774
261 208
360 504
270 517
244 702
367 206
61 39
562 618
647 39
753 301
778 367
58 358
95 360
183 308
357 7
687 5
401 473
461 279
619 300
596 270
795 336
527 463
571 647
764 401
529 206
731 185
299 244
512 299
131 244
783 261
711 736
506 694
770 731
290 512
707 95
686 783
797 619
454 342
198 454
684 261
240 764
645 527
633 795
337 76
396 58
233 694
251 419
344 299
583 797
72 183
717 645
704 633
103 192
680 7
622 401
758 103
216 596
551 619
105 103
52 506
341 103
542 198
662 711
564 680
725 105
665 564
748 622
759 770
190 711
362 753
21 571
606 704
343 131
148 105
320 52
675 778
580 680
676 759
147 21
188 662
96 717
349 770
523 461
635 523
565 349
110 396
664 675
615 337
610 551
570 748
561 52
139 565
143 564
347 344
228 240
104 110
370 783
218 665
495 370
779 542
538 523
24 561
734 779
693 758
607 523
476 96
669 190
78 349
400 104
696 570
296 290
281 218
701 580
163 148
