!
53 286 429 54 213 311 354 97 113 747 166 431 160 27 458 186 32 275 57 34 28 333 371 39 315 792 210 33 741 61 621 647 76 799 722 485 254 552 412 571 82 671 358 58 453 37 71 573 543 21 668 337 158 396 336 110 153 147 736 400 711 12 443 699 104 704 795 615 633 190 606 269 252 16 669 522 392 691 778 662 367 188 323 206 90 675 211 588 664 638 51 529 477 692 345 70 407 402 207 419 249 251 517 309 446 270 596 111 248 382 342 216 454 5 198 69 542 481 687 618 779 235 479 562 2 307 734 514 689 709 682 167 169 326 109 708 433 592 38 666 398 695 782 773 553 491 612 80 445 60 372 322 350 423 616 219 100 159 403 718 260 507 6 650 494 632 589 55 274 84 452 613 786 663 655 420 775 730 757 201 579 19 26 164 
53 286
429 286
54 429
213 53
311 213
354 429
97 213
113 311
747 54
166 113
431 213
160 747
27 354
458 213
186 160
32 186
275 160
57 27
34 431
28 34
333 34
371 166
39 371
315 28
792 371
210 57
33 57
741 34
61 39
621 160
647 39
76 315
799 621
722 210
485 722
254 315
552 741
412 722
571 39
82 722
671 799
358 671
58 358
453 412
37 552
71 453
573 71
543 82
21 571
668 573
337 571
158 37
396 358
336 254
110 396
153 37
147 21
736 573
400 110
711 736
12 336
443 573
699 668
104 110
704 336
795 336
615 337
633 704
190 711
606 633
269 699
252 153
16 269
669 396
522 669
392 669
691 669
778 269
662 711
367 778
188 662
323 252
206 778
90 543
675 778
211 206
588 211
664 675
638 588
51 588
529 206
477 21
692 51
345 90
70 345
407 477
402 407
207 345
419 638
249 419
251 419
517 249
309 207
446 517
270 517
596 270
111 446
248 111
382 248
342 111
216 596
454 342
5 382
198 454
69 216
542 198
481 5
687 5
618 481
779 542
235 481
479 779
562 618
2 779
307 2
734 479
514 2
689 734
709 514
682 709
167 682
169 167
326 562
109 326
708 326
433 169
592 708
38 708
666 433
398 708
695 38
782 38
773 782
553 773
491 782
612 553
80 666
445 612
60 80
372 60
322 372
350 322
423 445
616 423
219 372
100 219
159 219
403 616
718 159
260 403
507 260
6 507
650 159
494 650
632 718
589 632
55 494
274 403
84 632
452 84
613 6
786 274
663 100
655 274
420 786
775 663
730 274
757 730
201 786
579 775
19 579
26 757
164 19
193 519 545 181 510 338 617 9 375 369 451 232 86 567 743 460 8 205 87 64 56 85 332 1 539 436 509 121 677 146 276 473 250 598 500 318 151 401 625 764 10 203 361 22 793 284 513 457 15 185 246 240 150 490 785 106 3 622 576 107 614 748 298 228 114 676 731 557 679 140 418 767 404 549 570 729 50 770 197 416 696 324 312 353 759 724 751 762 703 465 297 516 330 24 308 77 386 45 649 705 245 349 162 183 48 212 352 89 577 78 139 225 128 335 561 594 399 540 506 108 46 694 484 441 289 670 565 145 25 417 548 40 191 685 72 488 52 499 135 4 49 129 98 434 750 217 320 482 653 406 220 304 331 357 713 771 141 73 118 474 233 359 385 182 222 302 437 737 373 231 283 754 7 310 124 620 654 238 585 355 285 339 700 202 665 716 697 305 62 379 384 273 755 626 35 281 389 496 209 218 292 81 566 424 475 564 204 11 192 442 725 680 440 530 364 640 374 533 526 136 105 321 780 149 681 740 165 421 143 637 455 116 444 277 497 63 13 199 690 256 148 381 787 760 341 173 395 340 643 580 47 137 776 103 541 603 439 673 796 174 179 247 66 584 157 214 59 134 194 493 415 597 733 701 646 581 255 178 391 611 94 163 728 758 325 243 176 630 41 266 170 511 303 380 464 763 534 154 535 693 756 408 721 280 177 447 229 131 739 343 714 244 634 702 279 745 544 749 769 582 67 223 411 155 133 657 489 461 120 715 456 388 538 563 290 601 237 272 523 215 738 627 554 234 512 432 742 438 590 351 607 68 296 263 532 413 264 299 365 36 448 294 282 405 14 88 628 467 262 469 629 144 459 789 17 735 777 368 537 397 635 546 688 91 560 344 119 528 346 686 772 189 478 79 414 425 390 184 783 766 788 242 586 261 196 524 518 781 555 268 291 347 508 547 394 328 569 20 501 558 698 208 744 127 187 75 683 798 639 31 631 435 727 363 559 624 278 684 112 253 574 317 644 520 0 495 313 463 599 370 83 376 293 521 572 230 752 527 306 502 74 525 125 348 265 660 377 142 470 101 258 241 659 288 483 295 578 768 476 595 550 774 430 115 356 623 651 568 387 661 503 536 712 672 706 645 314 195 410 468 236 717 393 575 334 132 96 65 719 720 466 472 746 301 753 428 287 130 427 498 604 504 784 267 658 600 362 723 426 591 123 378 409 487 602 422 360 449 450 175 239 505 642 316 161 29 726 95 102 168 471 636 707 152 200 300 462 383 172 732 531 609 791 678 226 480 648 138 619 674 794 366 259 42 761 652 605 593 221 43 319 44 492 93 257 667 641 30 551 327 126 556 224 23 99 180 227 797 92 790 515 117 587 486 171 583 608 271 18 610 329 122 656 710 765 156 
193 519
545 193
181 545
510 545
338 181
617 545
9 510
375 181
369 519
451 617
232 375
86 451
567 9
743 338
460 743
8 232
205 8
87 369
64 8
56 9
85 567
332 205
1 64
539 87
436 539
509 451
121 56
677 121
146 436
276 332
473 677
250 539
598 332
500 509
318 436
151 205
401 473
625 276
764 401
10 151
203 8
361 677
22 276
793 10
284 85
513 203
457 203
15 513
185 361
246 284
240 764
150 203
490 10
785 457
106 625
3 318
622 401
576 509
107 150
614 3
748 622
298 3
228 240
114 513
676 185
731 361
557 246
679 490
140 785
418 576
767 150
404 284
549 140
570 748
729 298
50 679
770 731
197 729
416 557
696 570
324 614
312 324
353 107
759 770
724 576
751 416
762 50
703 724
465 228
297 312
516 324
330 418
24 197
308 404
77 353
386 465
45 516
649 557
705 114
245 308
349 770
162 762
183 308
48 724
212 703
352 649
89 162
577 48
78 349
139 349
225 352
128 78
335 751
561 24
594 649
399 335
540 78
506 297
108 45
46 399
694 108
484 577
441 484
289 108
670 289
565 139
145 441
25 77
417 145
548 128
40 289
191 540
685 40
72 565
488 25
52 506
499 191
135 499
4 25
49 594
129 46
98 135
434 488
750 417
217 129
320 52
482 135
653 577
406 162
220 417
304 653
331 220
357 72
713 406
771 49
141 25
73 670
118 750
474 406
233 320
359 653
385 40
182 220
222 713
302 482
437 653
737 385
373 406
231 217
283 482
754 231
7 357
310 685
124 283
620 283
654 141
238 359
585 302
355 231
285 771
339 713
700 385
202 700
665 357
716 771
697 118
305 437
62 305
379 697
384 238
273 654
755 73
626 273
35 716
281 665
389 373
496 499
209 355
218 665
292 285
81 220
566 697
424 355
475 222
564 665
204 654
11 496
192 700
442 716
725 233
680 564
440 389
530 442
364 697
640 440
374 496
533 204
526 530
136 11
105 725
321 389
780 700
149 364
681 364
740 292
165 320
421 475
143 564
637 424
455 384
116 165
444 209
277 566
497 533
63 277
13 681
199 292
690 755
256 321
148 105
381 533
787 63
760 444
341 148
173 143
395 455
340 281
643 381
580 680
47 424
137 340
776 637
103 341
541 780
603 541
439 381
673 273
796 530
174 603
179 395
247 673
66 136
584 66
157 149
214 643
59 277
134 796
194 584
493 199
415 59
597 796
733 597
701 580
646 194
581 199
255 439
178 321
391 256
611 733
94 439
163 341
728 163
758 341
325 163
243 611
176 776
630 415
41 733
266 13
170 247
511 630
303 646
380 701
464 137
763 380
534 464
154 243
535 673
693 758
756 170
408 763
721 266
280 701
177 391
447 721
229 581
131 134
739 176
343 131
714 535
244 131
634 178
702 244
279 174
745 756
544 280
749 154
769 544
582 408
67 714
223 534
411 67
155 255
133 634
657 534
489 411
461 279
120 408
715 582
456 120
388 715
538 758
563 133
290 244
601 133
237 535
272 229
523 538
215 739
738 714
627 456
554 67
234 627
512 290
432 155
742 343
438 489
590 215
351 590
607 538
68 351
296 742
263 742
532 237
413 432
264 489
299 512
365 177
36 432
448 272
294 738
282 351
405 456
14 532
88 264
628 538
467 628
262 215
469 14
629 237
144 68
459 582
789 144
17 365
735 607
777 144
368 388
537 68
397 627
635 461
546 17
688 282
91 14
560 546
344 299
119 459
528 537
346 36
686 635
772 346
189 789
478 560
79 397
414 88
425 346
390 688
184 735
783 686
766 560
788 459
242 629
586 242
261 783
196 79
524 766
518 263
781 196
555 546
268 346
291 17
347 344
508 91
547 196
394 196
328 518
569 469
20 91
501 189
558 184
698 558
208 261
744 242
127 184
187 414
75 390
683 508
798 555
639 777
31 501
631 75
435 425
727 208
363 127
559 688
624 268
278 127
684 261
112 127
253 639
574 278
317 208
644 744
520 79
0 644
495 686
313 448
463 313
599 788
370 495
83 313
376 0
293 31
521 187
572 798
230 376
752 574
527 463
306 20
502 572
74 463
525 253
125 631
348 520
265 74
660 328
377 328
142 528
470 376
101 639
258 524
241 377
659 348
288 377
483 659
295 142
578 31
768 125
476 347
595 599
550 572
774 74
430 377
115 660
356 595
623 258
651 483
568 520
387 306
661 768
503 768
536 258
712 356
672 142
706 265
645 527
314 661
195 525
410 521
468 568
236 568
717 645
393 430
575 387
334 314
132 578
96 717
65 575
719 712
720 536
466 393
472 476
746 387
301 774
753 301
428 672
287 575
130 101
427 746
498 314
604 65
504 706
784 604
267 604
658 466
600 410
362 753
723 195
426 472
591 393
123 604
378 427
409 591
487 498
602 267
422 123
360 504
449 591
450 334
175 287
239 428
505 378
642 723
316 449
161 175
29 487
726 505
95 360
102 161
168 130
471 422
636 239
707 95
152 642
200 602
300 95
462 726
383 96
172 726
732 200
531 200
609 636
791 600
678 450
226 102
480 609
648 239
138 383
619 300
674 678
794 471
366 426
259 168
42 791
761 674
652 152
605 480
593 383
221 636
43 471
319 505
44 593
492 791
93 492
257 383
667 42
641 152
30 44
551 619
327 761
126 641
556 257
224 531
23 102
99 492
180 224
227 648
797 551
92 462
790 556
515 180
117 790
587 593
486 319
171 23
583 797
608 551
271 224
18 608
610 551
329 44
122 327
656 227
710 93
765 227
156 656
