? 3 40 797 775 
? 3 87 131 220 
? 3 505 696 146 
? 3 73 746 710 
? 3 144 318 626 
? 3 209 283 702 
? 3 427 482 394 
? 3 254 361 597 
? 3 329 714 355 
? 3 49 261 202 
? 3 563 680 184 
? 3 33 758 565 
? 3 82 276 399 
? 3 55 128 486 
? 3 296 757 554 
!
333 530 315 690 564 226 
333 530
315 530
690 530
564 690
226 315
506 697 193 70 438 454 635 718 791 
506 697
193 697
70 697
438 193
454 506
635 70
718 438
791 70
780 
764 
706 
107 511 
107 511
12 306 638 545 645 114 573 470 308 591 
12 306
638 306
545 12
645 545
114 638
573 306
470 114
308 573
591 573
91 109 159 352 731 
91 109
159 91
352 109
731 91
344 408 167 779 418 444 181 
344 408
167 344
779 167
418 408
444 779
181 418
381 704 
381 704
693 
688 
115 514 698 217 613 1 284 749 532 322 716 500 487 520 574 
115 514
698 514
217 115
613 115
1 217
284 613
749 514
532 284
322 1
716 749
500 284
487 532
520 322
574 500
243 253 703 101 792 738 50 604 359 529 
243 253
703 253
101 243
792 101
738 792
50 738
604 101
359 50
529 738
402 560 393 666 141 568 104 
402 560
393 402
666 560
141 393
568 141
104 568
670 
332 783 654 541 363 715 
332 783
654 783
541 654
363 654
715 541
62 667 43 550 740 733 498 392 378 390 
62 667
43 62
550 62
740 43
733 550
498 740
392 740
378 733
390 498
296 757 554 
296 554
757 554
30 210 299 206 501 
30 210
299 210
206 210
501 30
74 644 364 233 387 371 
74 644
364 74
233 364
387 644
371 233
646 
370 531 130 41 618 432 298 
370 531
130 531
41 370
618 41
432 618
298 41
641 
633 
55 128 486 
55 128
128 486
323 687 
323 687
154 223 231 411 473 258 649 
154 223
231 154
411 223
473 154
258 473
649 473
628 
474 480 701 20 162 182 259 794 
474 480
701 480
20 480
162 20
182 162
259 182
794 701
623 
82 276 399 
82 399
82 276
416 443 280 369 741 788 256 662 
416 443
280 416
369 443
741 416
788 280
256 369
662 256
72 397 543 263 705 569 619 
72 397
543 72
263 543
705 263
569 543
619 569
353 407 183 179 413 452 196 110 580 
353 407
183 407
179 183
413 353
452 183
196 452
110 179
580 110
33 758 565 
33 565
33 758
57 317 784 449 215 608 
57 317
784 57
449 317
215 784
608 57
336 431 477 205 
336 431
477 336
205 431
132 307 
132 307
227 567 692 620 172 490 279 155 601 426 89 627 157 53 341 301 728 773 92 28 
227 567
692 567
620 692
172 227
490 620
279 172
155 279
601 692
426 490
89 601
627 172
157 89
53 157
341 490
301 627
728 157
773 426
92 627
28 53
525 793 76 103 499 365 465 242 13 
525 793
76 525
103 793
499 793
365 499
465 103
242 76
13 242
445 522 
445 522
617 
123 689 447 145 273 47 727 542 675 
123 689
447 123
145 689
273 689
47 447
727 145
542 47
675 447
25 747 
25 747
563 680 184 
563 680
563 184
142 533 366 99 85 
142 533
366 142
99 366
85 533
602 682 579 436 230 
602 682
579 682
436 579
230 436
345 483 168 707 221 636 612 659 83 631 
345 483
168 345
707 168
221 707
636 707
612 221
659 168
83 612
631 483
35 558 405 404 108 319 334 
35 558
405 35
404 558
108 405
319 404
334 319
589 759 400 664 665 457 44 
589 759
400 759
664 589
665 589
457 759
44 400
367 557 339 190 368 605 712 428 777 311 584 302 683 
367 557
339 557
190 339
368 339
605 367
712 368
428 712
777 190
311 777
584 311
302 777
683 302
75 469 52 178 448 476 639 471 
75 469
52 75
178 469
448 178
476 448
639 75
471 448
556 767 658 430 169 548 798 502 711 744 170 622 648 600 503 267 
556 767
658 767
430 556
169 556
548 658
798 169
502 548
711 548
744 502
170 798
622 711
648 170
600 502
503 169
267 622
247 650 264 424 494 
247 650
264 247
424 650
494 424
16 643 517 289 58 467 721 539 614 661 135 147 388 763 252 136 437 598 360 510 34 386 383 632 
16 643
517 16
289 517
58 643
467 289
721 58
539 721
614 721
661 539
135 661
147 467
388 614
763 721
252 661
136 763
437 135
598 437
360 598
510 136
34 252
386 510
383 34
632 360
49 261 202 
261 202
49 202
329 714 355 
329 714
714 355
316 625 414 56 478 669 521 596 22 607 199 769 192 
316 625
414 316
56 316
478 414
669 56
521 478
596 478
22 56
607 596
199 22
769 22
192 669
599 
553 
547 
488 742 180 415 
488 742
180 488
415 180
127 222 629 752 
127 222
629 222
752 222
528 
116 762 
116 762
11 236 
11 236
401 723 134 198 251 513 754 8 17 719 
401 723
134 401
198 134
251 723
513 134
754 513
8 251
17 8
719 8
576 676 
576 676
254 361 597 
361 597
254 597
412 422 
412 422
516 518 555 354 
516 518
555 516
354 518
219 538 213 150 
219 538
213 219
150 219
158 492 778 586 77 460 357 149 156 736 475 508 282 512 795 187 433 
158 492
778 158
586 492
77 492
460 77
357 778
149 357
156 357
736 586
475 156
508 736
282 508
512 357
795 736
187 149
433 512
214 285 519 245 660 42 314 717 54 224 737 
214 285
519 214
245 285
660 519
42 245
314 660
717 42
54 717
224 717
737 314
463 
176 685 347 403 634 755 534 674 228 309 51 
176 685
347 685
403 347
634 685
755 403
534 685
674 403
228 534
309 228
51 534
138 348 699 398 241 312 
138 348
699 138
398 348
241 699
312 398
122 456 493 509 111 327 208 297 484 
122 456
493 122
509 456
111 509
327 111
208 493
297 456
484 208
239 358 566 760 118 
239 358
566 239
760 358
118 566
446 
18 439 
18 439
64 337 
64 337
417 725 163 442 
417 725
163 725
442 163
377 523 621 570 606 616 552 
377 523
621 523
570 621
606 570
616 570
552 621
423 
23 174 435 726 672 189 143 203 120 97 750 656 300 351 647 587 152 177 799 
23 174
435 23
726 435
672 435
189 672
143 726
203 672
120 143
97 143
750 203
656 189
300 656
351 120
647 656
587 351
152 300
177 203
799 656
294 709 642 610 768 93 561 479 753 2 
294 709
642 709
610 294
768 642
93 709
561 93
479 642
753 479
2 561
427 482 394 
482 394
427 482
209 283 702 
209 283
209 702
106 739 544 212 578 
106 739
544 106
212 739
578 212
232 325 340 526 595 751 593 278 269 786 38 31 409 
232 325
340 232
526 340
595 325
751 232
593 751
278 340
269 526
786 593
38 278
31 595
409 593
225 686 
225 686
21 137 524 218 745 461 343 246 281 201 
21 137
524 137
218 21
745 218
461 745
343 21
246 343
281 524
201 343
144 318 626 
144 626
318 626
194 274 275 237 80 
194 274
275 274
237 275
80 194
451 590 537 781 
451 590
537 451
781 537
406 
185 292 497 577 96 730 785 581 265 
185 292
497 292
577 292
96 497
730 577
785 577
581 785
265 785
655 684 
655 684
391 
98 546 615 37 379 164 
98 546
615 98
37 98
379 546
164 379
63 425 197 441 
63 425
197 63
441 197
410 663 485 117 268 32 594 6 295 455 171 491 121 630 678 575 603 
410 663
485 410
117 663
268 117
32 485
594 268
6 32
295 594
455 594
171 117
491 6
121 6
630 121
678 121
575 491
603 171
255 540 266 36 462 14 
255 540
266 255
36 255
462 266
14 36
536 681 421 440 
536 681
421 681
440 536
234 549 24 640 271 774 588 78 489 15 
234 549
24 234
640 549
271 24
774 271
588 234
78 640
489 588
15 774
161 464 694 583 216 
161 464
694 464
583 464
216 161
382 
288 380 782 326 373 105 330 466 349 350 724 26 328 165 362 0 
288 380
782 380
326 288
373 782
105 288
330 373
466 330
349 373
350 105
724 105
26 326
328 326
165 349
362 165
0 724
244 429 495 585 60 790 395 453 67 450 100 559 88 5 69 191 562 571 313 652 
244 429
495 429
585 495
60 585
790 244
395 495
453 495
67 790
450 790
100 453
559 100
88 790
5 453
69 60
191 395
562 450
571 88
313 88
652 191
324 
651 691 238 592 
651 691
238 651
592 691
303 
235 708 207 551 262 396 338 166 
235 708
207 235
551 235
262 708
396 207
338 207
166 262
151 374 796 270 720 743 419 4 695 372 376 771 389 342 637 291 624 748 9 572 
151 374
796 151
270 374
720 270
743 796
419 270
4 720
695 270
372 743
376 743
771 376
389 771
342 389
637 4
291 637
624 743
748 342
9 419
572 624
290 
79 468 
79 468
139 140 434 153 
139 140
434 140
153 139
671 765 732 677 287 772 375 321 496 713 735 
671 765
732 765
677 671
287 765
772 677
375 772
321 287
496 375
713 677
735 321
304 582 
304 582
73 746 710 
73 746
746 710
515 722 119 250 45 240 
515 722
119 722
250 515
45 119
240 119
293 420 
293 420
756 761 229 657 66 
756 761
229 756
657 229
66 761
65 84 609 211 
65 84
609 84
211 65
195 356 48 700 770 
195 356
48 195
700 356
770 700
257 
472 673 305 81 789 
472 673
305 472
81 472
789 81
94 679 
94 679
248 
188 
173 
126 
10 776 
10 776
125 200 504 39 
125 200
504 200
39 125
272 653 481 249 
272 653
481 272
249 653
27 384 310 286 148 29 68 787 668 186 71 95 160 204 766 90 277 59 320 133 335 175 7 535 86 527 385 
27 384
310 27
286 27
148 310
29 310
68 29
787 286
668 384
186 148
71 668
95 186
160 787
204 71
766 668
90 204
277 787
59 160
320 68
133 186
335 59
175 335
7 766
535 277
86 90
527 7
385 133
46 346 
46 346
505 696 146 
505 146
505 696
113 
112 
61 
129 729 
129 729
87 131 220 
87 131
131 220
19 
40 797 775 
40 775
40 797
124 260 102 734 3 458 459 611 331 507 
124 260
102 124
734 260
3 102
458 734
459 734
611 124
331 611
507 331
