? 3 351 587 143 
? 3 226 315 188 
? 3 0 355 336 
? 3 308 377 570 
? 3 26 249 725 
? 3 22 414 625 
? 3 12 114 306 
? 3 178 469 52 
? 3 568 618 432 
? 3 48 257 276 
? 3 201 256 764 
? 3 358 714 118 
? 3 442 697 465 
? 3 32 737 227 
? 3 362 566 165 
!
436 602 579 230 682 54 
436 602
579 436
230 602
682 436
54 436
47 123 447 542 675 529 420 689 242 
47 123
447 47
542 47
675 447
529 123
420 47
689 447
242 529
705 
687 
681 
85 105 
85 105
394 427 482 733 378 550 329 760 390 62 
394 427
482 427
733 394
378 733
550 733
329 482
760 329
390 329
62 394
302 770 777 683 283 
302 770
777 302
683 777
283 302
686 752 531 603 41 629 127 
686 752
531 686
603 752
41 686
629 686
127 686
168 345 
168 345
661 
634 
91 159 109 505 38 496 146 128 10 287 278 794 742 375 731 
91 159
109 159
505 91
38 505
496 505
146 91
128 159
10 159
287 10
278 505
794 287
742 128
375 496
731 505
59 175 787 160 557 277 86 190 367 535 
59 175
787 175
160 59
557 175
277 59
86 59
190 557
367 557
535 557
40 797 471 476 775 75 448 
40 797
471 797
476 797
775 797
75 797
448 797
614 
53 728 157 354 516 555 
53 728
157 53
354 53
516 53
555 728
99 554 328 533 142 774 234 549 366 604 
99 554
328 99
533 328
142 99
774 554
234 774
549 234
366 99
604 554
362 566 165 
362 165
362 566
189 203 435 171 663 
189 203
435 203
171 203
663 203
195 700 747 356 82 428 
195 700
747 195
356 195
82 700
428 700
520 
654 783 631 363 131 541 87 
654 783
631 783
363 783
131 363
541 783
87 131
511 
502 
32 737 227 
32 737
737 227
369 619 
369 619
223 231 590 411 628 154 649 
223 231
590 223
411 223
628 223
154 411
649 628
491 
481 653 635 272 690 564 74 192 
481 653
635 653
272 653
690 481
564 690
74 690
192 635
475 
442 697 465 
442 697
697 465
313 754 571 88 513 113 652 560 
313 754
571 313
88 313
513 313
113 754
652 88
560 652
232 340 325 269 595 696 526 
232 340
325 340
269 232
595 269
696 232
526 340
206 753 294 30 768 93 709 610 479 
206 753
294 753
30 206
768 294
93 294
709 753
610 768
479 30
358 714 118 
358 714
714 118
289 643 16 467 58 517 
289 643
16 643
467 289
58 643
517 643
360 598 437 539 
360 598
437 598
539 598
103 296 
103 296
514 698 532 322 217 386 500 388 613 763 115 136 574 510 46 284 1 487 346 721 
514 698
532 514
322 514
217 514
386 514
500 386
388 698
613 532
763 500
115 322
136 763
574 500
510 136
46 532
284 46
1 532
487 46
346 46
721 763
326 380 288 782 466 350 373 330 349 
326 380
288 326
782 380
466 380
350 326
373 380
330 288
349 466
81 673 
81 673
446 
108 558 405 35 761 581 66 756 342 
108 558
405 558
35 558
761 108
581 761
66 761
756 761
342 558
304 717 
304 717
201 256 764 
201 256
256 764
397 543 112 107 569 
397 543
112 543
107 543
569 543
321 671 765 732 772 
321 671
765 321
732 765
772 321
353 407 413 183 196 452 290 423 666 552 
353 407
413 353
183 407
196 183
452 196
290 407
423 290
666 413
552 452
545 638 470 645 402 573 591 
545 638
470 638
645 545
402 545
573 638
591 573
381 674 755 176 347 715 83 
381 674
755 674
176 755
347 176
715 381
83 755
161 464 503 694 307 617 658 323 400 457 169 132 430 
161 464
503 464
694 161
307 161
617 464
658 464
323 161
400 617
457 400
169 658
132 694
430 169
117 410 594 750 268 177 295 455 
117 410
594 410
750 117
268 594
177 594
295 117
455 594
138 699 348 398 241 641 61 312 275 274 258 250 237 303 194 80 
138 699
348 699
398 348
241 348
641 699
61 641
312 398
275 138
274 699
258 61
250 312
237 398
303 312
194 274
80 194
164 546 98 615 632 
164 546
98 546
615 546
632 164
255 540 36 565 780 706 523 266 462 472 14 441 110 762 580 33 758 616 621 197 305 676 179 606 
255 540
36 255
565 255
780 540
706 255
523 540
266 255
462 36
472 706
14 255
441 706
110 255
762 565
580 110
33 580
758 565
616 523
621 616
197 762
305 472
676 706
179 110
606 616
48 257 276 
48 257
257 276
568 618 432 
568 432
618 432
8 141 719 251 17 401 723 298 391 225 198 134 393 
8 141
719 141
251 8
17 141
401 251
723 401
298 141
391 251
225 8
198 401
134 401
393 719
425 
422 
418 
210 501 199 19 
210 501
199 210
19 501
13 273 757 297 
13 273
757 13
297 13
376 
403 704 
403 704
254 726 
254 726
21 137 281 461 218 524 745 528 246 343 
21 137
281 137
461 21
218 21
524 281
745 21
528 218
246 281
343 21
116 473 
116 473
178 469 52 
178 469
178 52
221 332 
221 332
130 370 104 222 
130 370
104 130
222 130
494 650 424 612 
494 650
424 494
612 650
219 538 213 140 300 152 434 150 139 153 656 799 647 173 23 64 672 
219 538
213 538
140 219
300 538
152 300
434 140
150 434
139 150
153 150
656 300
799 150
647 300
173 152
23 656
64 150
672 656
185 292 96 740 577 498 170 730 667 785 392 
185 292
96 292
740 292
577 185
498 740
170 740
730 577
667 740
785 577
392 577
352 
9 626 4 144 419 620 318 773 637 553 720 
9 626
4 626
144 626
419 9
620 9
318 626
773 626
637 9
553 9
720 637
205 431 477 724 684 468 
205 431
477 431
724 477
684 205
468 205
238 651 463 691 609 415 180 486 55 
238 651
463 238
691 238
609 651
415 238
180 651
486 415
55 486
478 596 597 387 521 
478 596
597 478
387 478
521 478
341 
42 285 
42 285
72 263 
72 263
648 744 43 497 
648 744
43 648
497 648
556 767 711 798 622 600 548 
556 767
711 767
798 556
622 711
600 767
548 767
337 
124 734 3 459 102 507 408 344 331 445 211 167 611 65 260 779 646 458 396 
124 734
3 124
459 734
102 124
507 734
408 734
344 408
331 507
445 124
211 102
167 344
611 507
65 3
260 124
779 344
646 65
458 331
396 445
243 253 359 703 101 792 50 15 738 599 
243 253
359 243
703 253
101 243
792 243
50 253
15 243
738 243
599 703
12 114 306 
12 114
12 306
22 414 625 
22 414
22 625
90 527 204 368 27 
90 527
204 90
368 90
27 527
121 678 630 519 92 245 314 301 485 660 214 6 575 
121 678
630 121
519 678
92 519
245 92
314 678
301 314
485 121
660 121
214 519
6 678
575 630
267 379 
267 379
718 769 438 299 669 316 607 2 56 506 
718 769
438 718
299 769
669 769
316 769
607 769
2 718
56 438
506 438
26 249 725 
26 725
26 249
70 791 365 417 163 
70 791
365 791
417 791
163 791
440 536 688 530 
440 536
688 440
530 440
333 
207 338 551 262 708 576 789 522 166 
207 338
551 338
262 207
708 551
576 207
789 338
522 551
166 708
181 735 
181 735
309 
34 383 252 693 37 135 
34 383
252 34
693 34
37 693
135 34
339 712 335 605 
339 712
335 712
605 339
259 572 624 372 439 743 636 748 264 389 707 162 796 474 771 483 18 
259 572
624 572
372 572
439 572
743 372
636 259
748 439
264 748
389 743
707 636
162 372
796 572
474 162
771 624
483 707
18 748
208 493 456 484 633 11 
208 493
456 493
484 208
633 208
11 208
547 665 44 583 
547 665
44 547
583 665
200 504 623 39 371 361 120 97 382 125 
200 504
623 504
39 200
371 504
361 39
120 200
97 504
382 361
125 200
515 722 240 119 45 
515 722
240 515
119 515
45 722
265 
60 585 429 69 453 559 495 790 562 450 5 395 100 67 191 244 
60 585
429 585
69 60
453 60
559 60
495 60
790 585
562 60
450 790
5 559
395 453
100 559
67 790
191 585
244 585
57 317 608 449 129 534 729 680 228 51 664 716 589 784 216 184 563 749 759 685 
57 317
608 57
449 317
129 449
534 608
729 608
680 449
228 608
51 449
664 680
716 129
589 664
784 608
216 680
184 317
563 317
749 716
759 589
685 129
247 
293 327 145 727 
293 327
145 327
727 327
236 
670 788 416 106 280 443 578 741 
670 788
416 788
106 670
280 416
443 788
578 106
741 416
248 385 133 73 746 95 710 148 412 71 186 384 766 668 7 29 310 68 286 320 
248 385
133 248
73 248
746 73
95 133
710 73
148 385
412 133
71 385
186 133
384 186
766 746
668 384
7 766
29 186
310 384
68 310
286 384
320 95
235 
151 374 
151 374
233 364 421 644 
233 364
421 364
644 364
172 279 627 567 601 224 692 426 89 155 490 
172 279
627 172
567 172
601 567
224 279
692 567
426 172
89 692
155 279
490 279
399 488 
399 488
308 377 570 
308 377
308 570
212 220 739 662 544 126 
212 220
739 220
662 220
544 212
126 220
291 677 
291 677
489 588 78 24 239 
489 588
78 489
24 489
239 489
499 509 76 111 
499 509
76 499
111 76
444 679 582 406 94 
444 679
582 444
406 444
94 444
215 
324 702 584 311 209 
324 702
584 324
311 324
209 584
271 640 
271 640
202 
193 
182 
174 
49 261 
49 261
451 781 537 63 
451 781
537 451
63 451
454 642 122 561 
454 642
122 642
561 454
158 492 586 778 77 149 357 282 736 695 460 187 795 508 156 657 433 334 639 28 319 229 655 270 518 512 404 
158 492
586 492
778 492
77 158
149 158
357 778
282 492
736 586
695 492
460 492
187 149
795 736
508 795
156 778
657 795
433 357
334 657
639 282
28 158
319 334
229 657
655 492
270 695
518 28
512 149
404 334
525 793 
525 793
0 355 336 
355 336
0 336
147 
84 
79 
592 776 
592 776
226 315 188 
226 188
315 188
25 
351 587 143 
351 587
587 143
659 701 480 786 409 20 713 593 31 751 
659 701
480 701
786 659
409 659
20 701
713 20
593 480
31 409
751 409
