? 3 29 668 68 
? 3 195 356 240 
? 3 222 799 432 
? 3 395 450 446 
? 3 325 593 696 
? 3 72 705 511 
? 3 374 720 151 
? 3 403 650 687 
? 3 66 581 52 
? 3 473 781 451 
? 3 144 318 426 
? 3 119 722 276 
? 3 428 712 683 
? 3 76 604 525 
? 3 54 682 235 
!
308 606 591 573 306 114 
308 606
591 606
573 606
306 606
114 308
91 159 505 794 38 146 109 375 278 
91 159
505 91
794 91
38 505
146 91
109 159
375 159
278 38
789 
776 
735 
182 796 
182 796
8 141 17 719 391 686 652 393 134 198 
8 141
17 141
719 17
391 141
686 391
652 719
393 652
134 391
198 17
30 210 501 479 642 
30 210
501 30
479 30
642 210
431 477 684 79 0 336 417 
431 477
684 431
79 431
0 431
336 477
417 477
13 145 
13 145
658 
619 
435 672 750 268 203 656 189 300 603 726 120 23 174 127 152 
435 672
750 672
268 672
203 750
656 435
189 672
300 656
603 750
726 750
120 435
23 672
174 672
127 603
152 300
243 253 703 792 738 50 101 273 327 727 
243 253
703 253
792 243
738 792
50 792
101 253
273 101
327 50
727 738
164 711 546 617 44 98 767 
164 711
546 711
617 711
44 711
98 546
767 711
598 
208 633 11 493 420 456 
208 633
11 208
493 208
420 633
456 493
200 504 39 623 382 361 125 371 596 143 
200 504
39 200
623 200
382 200
361 39
125 623
371 623
596 200
143 504
54 682 235 
682 235
54 682
233 421 644 536 681 
233 421
644 233
536 421
681 421
78 640 489 588 165 239 
78 640
489 78
588 489
165 588
239 489
583 
147 467 289 643 517 16 721 
147 467
289 467
643 467
517 643
16 289
721 643
548 
526 
76 604 525 
604 525
76 604
442 499 
442 499
121 678 314 737 6 285 32 
121 678
314 678
737 314
6 121
285 678
32 121
516 
9 626 4 270 419 490 341 773 
9 626
4 9
270 9
419 9
490 9
341 9
773 490
510 
428 712 683 
428 712
428 683
34 383 252 37 622 135 693 661 
34 383
252 34
37 34
622 37
135 34
693 37
661 693
324 702 209 190 311 777 283 
324 702
209 702
190 324
311 190
777 311
283 777
326 380 288 350 466 782 330 85 724 
326 380
288 380
350 326
466 380
782 380
330 380
85 326
724 350
119 722 276 
119 276
722 276
232 340 595 31 409 751 
232 340
595 340
31 595
409 232
751 232
221 631 83 662 
221 631
83 221
662 631
563 634 
563 634
138 699 348 641 241 398 312 61 194 250 274 258 80 237 275 411 515 649 463 238 
138 699
348 138
641 699
241 641
398 348
312 699
61 641
194 61
250 398
274 398
258 61
80 194
237 250
275 250
411 258
515 250
649 411
463 80
238 463
40 797 471 775 476 75 730 448 205 
40 797
471 797
775 797
476 797
75 797
730 797
448 471
205 471
227 620 
227 620
469 
405 558 108 761 756 494 376 18 424 
405 558
108 558
761 108
756 761
494 405
376 108
18 494
424 494
298 370 
298 370
144 318 426 
144 426
318 426
488 742 592 399 747 
488 742
592 488
399 488
747 742
539 614 58 437 360 
539 614
58 614
437 539
360 539
353 407 413 183 452 196 666 290 552 590 
353 407
413 407
183 407
452 183
196 452
666 196
290 407
552 452
590 290
674 755 381 176 541 715 612 
674 755
381 674
176 755
541 674
715 674
612 755
294 768 93 753 610 709 236 
294 768
93 294
753 768
610 294
709 294
236 610
394 482 378 427 733 550 329 62 390 760 714 498 43 
394 482
378 394
427 482
733 378
550 733
329 482
62 733
390 329
760 329
714 329
498 329
43 498
20 713 701 786 291 637 474 496 
20 713
701 20
786 701
291 713
637 20
474 701
496 20
331 507 611 3 128 609 646 211 65 181 486 415 458 418 55 651 
331 507
611 507
3 331
128 507
609 331
646 611
211 646
65 646
181 507
486 646
415 331
458 3
418 507
55 611
651 646
19 597 254 478 414 
19 597
254 597
478 597
414 597
255 540 36 706 780 462 472 565 523 266 621 758 110 33 441 377 580 616 762 14 116 179 423 570 
255 540
36 255
706 255
780 36
462 255
472 706
565 780
523 540
266 255
621 523
758 565
110 565
33 565
441 706
377 540
580 33
616 523
762 33
14 36
116 441
179 580
423 33
570 616
473 781 451 
781 451
473 451
66 581 52 
581 52
66 52
670 788 416 280 741 281 578 739 106 246 212 544 443 
670 788
416 670
280 416
741 416
281 280
578 670
739 578
106 739
246 280
212 578
544 741
443 280
465 
379 
332 
2 561 193 793 
2 561
193 2
793 561
355 566 349 118 
355 566
349 566
118 349
304 
468 655 
468 655
309 685 
309 685
313 754 401 88 67 571 513 723 191 251 
313 754
401 313
88 313
67 754
571 88
513 88
723 67
191 754
251 401
677 731 
677 731
403 650 687 
403 650
650 687
25 48 
25 48
365 506 103 454 
365 506
103 506
454 506
84 691 352 257 
84 691
352 691
257 691
259 572 624 372 439 748 743 707 264 162 636 345 480 659 35 342 483 
259 572
624 572
372 572
439 624
748 624
743 372
707 259
264 624
162 372
636 707
345 707
480 162
659 480
35 439
342 743
483 707
161 464 503 694 184 132 400 430 169 307 323 
161 464
503 464
694 503
184 161
132 161
400 464
430 503
169 430
307 694
323 132
265 
481 653 690 635 192 74 272 791 364 333 564 
481 653
690 481
635 653
192 635
74 690
272 481
791 635
364 74
333 690
564 690
545 638 402 645 560 470 
545 638
402 545
645 402
560 402
470 638
185 292 740 577 96 170 785 667 392 
185 292
740 185
577 292
96 577
170 740
785 96
667 740
392 667
615 744 556 502 600 
615 744
556 744
502 615
600 615
261 
440 688 
440 688
351 587 
351 587
648 798 267 497 
648 798
267 798
497 798
207 338 708 576 445 676 305 
207 338
708 207
576 338
445 207
676 338
305 708
256 
444 779 167 408 344 582 679 734 459 406 260 94 102 551 10 124 396 522 321 
444 779
167 444
408 779
344 408
582 779
679 444
734 408
459 734
406 582
260 459
94 679
102 734
551 679
10 408
124 734
396 551
522 396
321 10
21 137 218 461 524 528 745 343 112 201 
21 137
218 21
461 21
524 21
528 218
745 461
343 528
112 528
201 218
374 720 151 
374 720
720 151
72 705 511 
705 511
72 511
535 605 277 339 422 
535 605
277 535
339 277
422 605
99 554 328 533 271 15 234 774 599 549 142 366 24 
99 554
328 99
533 328
271 554
15 554
234 554
774 554
599 774
549 15
142 533
366 99
24 234
28 188 
28 188
718 769 438 299 669 70 206 607 697 56 
718 769
438 718
299 718
669 718
70 718
206 299
607 299
697 718
56 438
325 593 696 
593 696
325 696
287 732 765 772 671 
287 732
765 287
772 287
671 287
111 509 122 297 
111 509
122 509
297 509
247 
117 410 594 177 455 485 295 491 663 
117 410
594 117
177 410
455 594
485 594
295 594
491 410
663 295
226 530 
226 530
199 
64 629 752 41 337 171 
64 629
752 629
41 629
337 629
171 752
26 725 249 373 
26 725
249 26
373 26
514 698 749 322 532 386 500 487 613 217 284 763 388 574 136 115 46 
514 698
749 514
322 698
532 514
386 514
500 386
487 514
613 386
217 698
284 487
763 386
388 749
574 500
136 763
115 514
46 487
363 654 131 783 87 704 
363 654
131 363
783 363
87 131
704 363
63 197 673 425 
63 197
673 197
425 63
213 538 219 434 153 140 139 173 150 647 
213 538
219 538
434 219
153 538
140 434
139 434
173 538
150 434
647 139
223 231 154 628 537 
223 231
154 231
628 223
537 231
180 
172 279 567 627 92 224 155 301 214 717 692 519 245 660 89 601 
172 279
567 172
627 172
92 172
224 279
155 279
301 92
214 92
717 224
692 567
519 92
245 92
660 279
89 301
601 89
57 317 608 449 534 129 729 680 228 664 784 51 215 589 216 457 759 716 347 665 
57 317
608 57
449 317
534 608
129 317
729 608
680 57
228 608
664 317
784 57
51 608
215 57
589 664
216 680
457 664
759 589
716 449
347 228
665 759
178 
302 368 584 770 
302 368
584 368
770 302
168 
436 602 166 579 230 262 630 575 
436 602
166 602
579 436
230 579
262 166
630 436
575 630
248 385 73 133 148 746 710 186 766 384 412 7 95 310 204 45 286 303 27 320 
248 385
73 385
133 385
148 385
746 73
710 73
186 133
766 746
384 148
412 133
7 766
95 133
310 384
204 7
45 7
286 384
303 710
27 310
320 148
163 
100 244 
100 244
49 568 202 104 
49 568
202 49
104 49
47 123 447 542 529 359 675 689 484 293 242 
47 123
447 47
542 47
529 123
359 47
675 47
689 47
484 47
293 447
242 529
369 764 
369 764
395 450 446 
395 450
450 446
175 557 59 787 160 367 
175 557
59 175
787 175
160 59
367 557
263 569 
263 569
126 346 520 220 1 
126 346
520 346
220 346
1 520
269 543 107 397 
269 543
107 543
397 543
86 90 527 700 335 
86 90
527 90
700 86
335 86
113 
53 728 354 157 555 
53 728
354 728
157 728
555 728
296 757 
296 757
105 
97 
82 
81 
315 518 
315 518
387 521 625 316 
387 521
625 387
316 521
225 531 618 130 
225 531
618 531
130 531
158 492 586 778 149 77 357 695 156 508 460 736 187 433 334 553 512 657 795 319 475 229 639 771 282 389 404 
158 492
586 158
778 492
149 158
77 158
357 149
695 77
156 586
508 158
460 492
736 586
187 695
433 357
334 736
553 187
512 433
657 334
795 657
319 657
475 433
229 657
639 736
771 319
282 319
389 334
404 334
547 632 
547 632
222 799 432 
222 799
799 432
71 
42 
22 
358 362 
358 362
195 356 240 
195 356
195 240
12 
29 668 68 
668 68
29 68
60 585 69 429 559 562 495 790 453 5 
60 585
69 60
429 585
559 585
562 60
495 60
790 429
453 559
5 559
