? 3 107 543 397 
? 3 254 521 625 
? 3 655 684 516 
? 3 63 116 84 
? 3 468 475 52 
? 3 118 330 366 
? 3 25 569 511 
? 3 72 325 278 
? 3 685 687 634 
? 3 465 561 193 
? 3 443 662 369 
? 3 165 362 105 
? 3 351 587 97 
? 3 315 536 188 
? 3 296 757 271 
!
477 724 431 205 0 417 
477 724
431 477
205 431
0 477
417 477
46 346 126 220 520 87 578 704 131 
46 346
126 46
220 346
520 46
87 220
578 220
704 520
131 220
764 
731 
720 
424 694 
424 694
208 493 456 111 11 633 236 122 509 297 
208 493
456 493
111 493
11 208
633 11
236 11
122 456
509 456
297 456
82 722 527 240 195 
82 722
527 722
240 527
195 82
88 313 754 571 513 67 450 
88 313
754 313
571 313
513 313
67 754
450 88
552 570 
552 570
705 
677 
172 279 627 92 567 155 224 245 89 601 301 519 214 314 692 
172 279
627 172
92 279
567 172
155 172
224 279
245 92
89 172
601 89
301 92
519 301
214 155
314 92
692 567
47 542 123 447 293 689 420 727 484 675 
47 542
123 47
447 47
293 47
689 47
420 47
727 689
484 420
675 484
686 752 629 41 130 261 531 
686 752
629 686
41 686
130 686
261 752
531 130
666 
308 606 591 573 470 12 
308 606
591 308
573 591
470 573
12 591
243 253 703 359 50 738 101 792 529 599 
243 253
703 243
359 243
50 243
738 243
101 243
792 738
529 792
599 703
296 757 271 
757 271
296 757
13 242 76 327 273 
13 242
76 242
327 242
273 242
16 643 467 721 517 58 
16 643
467 643
721 16
517 16
58 721
622 
9 626 553 4 490 374 637 
9 626
553 626
4 9
490 9
374 9
637 4
614 
583 
315 536 188 
536 188
315 536
204 276 
204 276
481 653 690 635 192 333 74 
481 653
690 481
635 653
192 635
333 481
74 690
547 
654 783 363 381 631 541 755 612 
654 783
363 654
381 654
631 783
541 783
755 381
612 755
539 
351 587 97 
351 587
351 97
99 554 774 24 142 234 549 604 
99 554
774 554
24 554
142 99
234 24
549 234
604 99
290 590 223 451 231 537 411 
290 590
223 590
451 590
231 223
537 590
411 223
430 767 169 556 711 548 798 658 546 
430 767
169 767
556 430
711 430
548 767
798 169
658 430
546 711
165 362 105 
165 362
165 105
436 602 579 230 202 305 
436 602
579 436
230 579
202 436
305 436
371 681 644 688 
371 681
644 371
688 371
263 619 
263 619
435 672 750 203 726 603 189 300 656 23 177 152 268 117 799 143 295 120 171 382 
435 672
750 672
203 750
726 435
603 750
189 435
300 435
656 672
23 750
177 435
152 300
268 435
117 268
799 656
143 672
295 177
120 23
171 117
382 120
207 338 576 708 262 676 166 81 235 
207 338
576 338
708 207
262 207
676 338
166 262
81 338
235 338
332 715 
332 715
530 
353 407 179 413 183 196 452 580 758 
353 407
179 353
413 353
183 353
196 183
452 196
580 179
758 580
318 735 
318 735
443 662 369 
443 662
662 369
91 794 146 696 747 
91 794
146 91
696 91
747 146
98 615 744 502 600 
98 615
744 615
502 744
600 744
238 651 609 80 463 691 488 180 55 592 
238 651
609 651
80 238
463 238
691 651
488 651
180 651
55 651
592 238
597 607 19 596 316 414 30 
597 607
19 597
596 597
316 607
414 607
30 607
59 175 557 90 367 160 787 
59 175
557 175
90 59
367 175
160 59
787 160
659 701 480 786 713 409 162 751 20 593 483 474 31 
659 701
480 659
786 701
713 701
409 786
162 480
751 786
20 713
593 659
483 659
474 713
31 409
438 718 769 299 669 697 206 753 
438 718
769 438
299 718
669 438
697 438
206 299
753 206
138 699 348 241 398 641 312 61 194 275 250 258 274 473 237 515 
138 699
348 138
241 699
398 348
641 699
312 138
61 641
194 138
275 61
250 398
258 61
274 61
473 258
237 274
515 194
628 762 649 154 781 
628 762
649 628
154 628
781 762
248 385 133 73 746 68 710 186 95 27 384 766 412 668 310 7 148 286 320 71 119 45 303 29 
248 385
133 248
73 248
746 73
68 385
710 73
186 68
95 133
27 95
384 95
766 384
412 133
668 384
310 384
7 766
148 133
286 384
320 310
71 384
119 7
45 7
303 710
29 310
465 561 193 
465 561
561 193
685 687 634 
687 634
685 634
534 608 228 51 729 176 347 216 563 215 494 184 309 
534 608
228 608
51 534
729 228
176 534
347 176
216 534
563 534
215 608
494 216
184 494
309 51
526 
497 
458 
210 501 56 199 
210 501
56 210
199 56
86 356 770 712 
86 356
770 86
712 86
425 
265 469 
265 469
525 793 
525 793
326 380 350 288 533 466 328 373 349 782 
326 380
350 326
288 380
533 326
466 288
328 533
373 466
349 466
782 328
163 442 
163 442
72 325 278 
325 278
72 278
103 499 
103 499
113 391 134 306 
113 391
134 113
306 391
682 717 54 789 
682 717
54 682
789 682
404 558 108 405 35 748 389 132 376 439 743 264 771 624 761 572 323 
404 558
108 558
405 558
35 558
748 404
389 748
132 558
376 404
439 748
743 748
264 439
771 743
624 439
761 108
572 624
323 264
219 538 213 140 434 153 150 139 647 173 64 
219 538
213 538
140 538
434 140
153 538
150 434
139 150
647 139
173 213
64 434
355 
200 504 623 39 125 387 361 478 455 233 594 
200 504
623 504
39 200
125 39
387 200
361 39
478 39
455 504
233 504
594 455
545 645 638 402 652 560 
545 645
638 545
402 645
652 402
560 652
40 797 471 775 448 75 178 730 476 
40 797
471 797
775 40
448 797
75 471
178 471
730 775
476 730
53 728 157 737 28 
53 728
157 53
737 728
28 53
345 
18 650 
18 650
42 660 
42 660
49 104 370 114 
49 104
370 104
114 104
294 768 610 93 479 709 642 
294 768
610 294
93 294
479 294
709 768
642 294
337 
514 698 532 749 386 322 217 500 613 716 115 388 284 574 487 510 1 763 136 
514 698
532 698
749 698
386 698
322 698
217 698
500 386
613 698
716 322
115 514
388 698
284 532
574 500
487 284
510 574
1 115
763 510
136 510
185 292 740 96 577 170 43 648 392 785 
185 292
740 292
96 292
577 292
170 185
43 292
648 170
392 170
785 577
25 569 511 
25 569
25 511
118 330 366 
118 330
330 366
78 640 15 588 358 
78 640
15 640
588 78
358 588
287 321 10 732 375 772 765 671 496 505 181 159 776 
287 321
10 321
732 287
375 287
772 10
765 287
671 732
496 765
505 496
181 10
159 505
776 321
249 272 
249 272
394 427 482 378 733 550 329 667 498 390 
394 427
482 427
378 394
733 394
550 378
329 394
667 550
498 329
390 329
468 475 52 
468 475
468 52
446 562 244 453 191 
446 562
244 562
453 244
191 453
26 791 85 725 
26 791
85 26
725 791
336 
8 141 719 17 251 393 198 401 723 
8 141
719 8
17 8
251 719
393 8
198 8
401 251
723 8
109 352 
109 352
335 
259 372 636 707 291 168 
259 372
636 259
707 636
291 372
168 259
66 581 307 503 
66 581
307 581
503 307
444 779 167 344 408 459 94 582 679 734 445 551 406 522 418 396 124 
444 779
167 779
344 167
408 344
459 344
94 779
582 779
679 344
734 459
445 459
551 679
406 344
522 551
418 408
396 445
124 734
121 630 678 575 285 491 
121 630
678 121
575 630
285 121
491 121
410 663 32 485 
410 663
32 410
485 410
60 585 69 495 429 559 790 100 5 395 
60 585
69 60
495 585
429 60
559 60
790 429
100 69
5 559
395 585
714 760 489 566 239 
714 760
489 760
566 489
239 489
298 
21 137 524 745 218 281 246 461 343 528 201 112 280 283 788 416 
21 137
524 137
745 21
218 137
281 21
246 21
461 745
343 21
528 218
201 21
112 246
280 246
283 528
788 280
416 280
589 759 664 400 680 632 44 164 665 457 317 617 449 57 784 129 161 437 598 464 
589 759
664 759
400 759
680 664
632 589
44 589
164 400
665 664
457 759
317 680
617 400
449 317
57 449
784 664
129 317
161 664
437 129
598 437
464 161
257 
222 225 127 618 
222 225
127 225
618 222
256 
324 702 190 311 584 209 339 683 
324 702
190 324
311 702
584 702
209 702
339 190
683 209
255 540 780 36 706 565 462 472 266 14 523 621 441 673 197 33 110 423 377 616 
255 540
780 255
36 255
706 255
565 255
462 565
472 540
266 540
14 540
523 540
621 523
441 706
673 462
197 441
33 565
110 565
423 33
377 523
616 523
247 
342 796 
342 796
535 605 277 422 
535 605
277 605
422 605
34 383 252 37 693 379 661 267 289 135 360 
34 383
252 34
37 383
693 252
379 37
661 252
267 379
289 252
135 661
360 379
227 341 
227 341
63 116 84 
63 116
116 84
106 739 212 670 544 741 
106 739
212 106
670 739
544 106
741 670
518 620 
518 620
302 777 428 368 700 
302 777
428 777
368 302
700 302
426 773 144 304 
426 773
144 773
304 773
232 595 340 269 38 
232 595
340 232
269 595
38 340
182 
421 564 364 226 440 
421 564
364 564
226 564
440 564
432 568 
432 568
174 
147 
145 
62 
415 486 
415 486
365 506 454 70 
365 506
454 506
70 365
83 674 403 221 
83 674
403 83
221 83
158 492 778 586 77 357 149 156 736 695 460 187 433 657 79 270 508 639 334 319 282 795 151 229 756 419 512 
158 492
778 158
586 158
77 492
357 778
149 158
156 778
736 586
695 77
460 158
187 149
433 357
657 736
79 433
270 695
508 736
639 357
334 657
319 657
282 639
795 657
151 77
229 657
756 229
419 270
512 357
354 555 
354 555
655 684 516 
684 516
655 684
48 
22 
6 
399 742 
399 742
254 521 625 
254 521
521 625
2 
107 543 397 
107 397
107 543
331 507 611 102 260 646 3 211 128 65 
331 507
611 331
102 611
260 331
646 331
3 102
211 646
128 507
65 3
