? 7 288 709 622 606 794 292 72 
? 6 29 244 690 407 272 265 
? 4 488 624 82 457 
? 4 655 714 274 161 
? 4 135 652 428 511 
? 3 177 656 349 
? 3 270 381 459 
!
191 730 223 354 779 575 400 752 517 126 373 399 577 129 230 107 37 415 24 114 502 525 
191 730
223 730
354 730
779 223
575 191
400 730
752 400
517 779
126 400
373 400
399 517
577 126
129 126
230 129
107 399
37 373
415 399
24 577
114 230
502 114
525 415
267 278 786 352 763 75 623 315 183 382 
267 278
786 267
352 267
763 786
75 267
623 75
315 278
183 352
382 315
368 544 108 68 645 165 726 516 175 397 353 105 537 498 247 409 99 212 455 
368 544
108 368
68 544
645 544
165 68
726 165
516 544
175 544
397 175
353 175
105 397
537 105
498 353
247 353
409 397
99 105
212 409
455 537
135 652 428 511 
652 428
135 428
428 511
720 756 348 340 742 403 626 649 738 205 299 466 142 630 484 351 92 128 363 377 199 309 252 769 47 546 401 618 694 229 737 613 681 701 693 441 697 370 163 723 
720 756
348 756
340 348
742 720
403 340
626 348
649 720
738 742
205 403
299 205
466 626
142 649
630 466
484 299
351 299
92 299
128 630
363 630
377 738
199 377
309 377
252 199
769 377
47 205
546 252
401 309
618 47
694 309
229 363
737 466
613 737
681 630
701 630
693 484
441 377
697 618
370 737
163 441
723 546
674 785 90 531 404 123 753 94 480 773 251 96 277 684 36 195 599 104 131 17 795 439 542 793 328 
674 785
90 674
531 674
404 674
123 531
753 123
94 531
480 90
773 94
251 773
96 94
277 404
684 94
36 773
195 123
599 251
104 94
131 277
17 773
795 480
439 123
542 17
793 17
328 753
741 
178 193 767 218 520 316 637 496 734 321 357 
178 193
767 178
218 178
520 178
316 520
637 218
496 218
734 767
321 734
357 193
631 
65 427 139 98 468 60 491 55 97 568 733 456 610 361 777 235 476 402 219 728 554 28 261 48 41 323 509 716 289 
65 427
139 65
98 427
468 65
60 427
491 98
55 491
97 60
568 60
733 55
456 55
610 568
361 733
777 610
235 568
476 456
402 777
219 777
728 361
554 610
28 219
261 456
48 235
41 733
323 456
509 219
716 41
289 554
106 673 638 410 448 486 768 69 157 224 180 314 304 53 162 512 419 187 788 38 
106 673
638 106
410 106
448 106
486 410
768 486
69 768
157 486
224 157
180 486
314 448
304 69
53 314
162 314
512 162
419 224
187 768
788 419
38 224
85 628 744 389 556 332 5 717 40 747 562 
85 628
744 85
389 744
556 744
332 556
5 556
717 628
40 717
747 717
562 40
570 
558 
220 640 505 43 226 182 632 367 678 281 
220 640
505 640
43 220
226 505
182 226
632 226
367 43
678 367
281 640
238 755 695 426 650 0 698 14 3 
238 755
695 238
426 695
650 695
0 650
698 0
14 698
3 14
56 776 30 335 583 721 298 658 559 641 567 279 333 217 336 143 303 196 689 704 26 
56 776
30 776
335 776
583 56
721 335
298 335
658 583
559 658
641 298
567 641
279 721
333 658
217 641
336 333
143 298
303 143
196 641
689 336
704 196
26 333
275 300 574 595 136 79 186 759 338 360 15 
275 300
574 300
595 574
136 275
79 136
186 595
759 136
338 186
360 574
15 759
260 799 371 436 318 406 687 324 783 39 581 295 255 50 385 344 633 222 
260 799
371 260
436 371
318 799
406 799
687 799
324 436
783 318
39 436
581 436
295 318
255 371
50 436
385 687
344 783
633 344
222 687
319 513 62 472 374 665 384 612 462 664 86 264 
319 513
62 513
472 319
374 319
665 374
384 472
612 62
462 62
664 472
86 62
264 384
569 625 758 571 780 722 32 766 550 160 228 
569 625
758 625
571 625
780 625
722 758
32 569
766 571
550 766
160 766
228 766
171 616 266 671 696 680 526 227 643 
171 616
266 171
671 266
696 671
680 171
526 671
227 671
643 680
655 714 274 161 
655 274
714 274
714 161
379 463 596 287 390 258 564 534 169 19 197 242 515 663 611 
379 463
596 463
287 596
390 287
258 463
564 596
534 379
169 564
19 463
197 19
242 258
515 169
663 534
611 596
76 449 482 675 23 358 103 615 489 635 
76 449
482 76
675 449
23 482
358 482
103 23
615 103
489 358
635 489
715 784 282 745 57 661 563 761 31 237 473 421 372 644 286 334 533 327 416 313 506 243 551 356 790 605 514 
715 784
282 784
745 715
57 715
661 745
563 57
761 282
31 745
237 282
473 563
421 282
372 563
644 661
286 421
334 237
533 761
327 761
416 372
313 237
506 416
243 563
551 661
356 551
790 533
605 506
514 790
181 453 241 676 469 422 445 386 204 152 634 64 198 662 201 492 116 666 71 63 158 301 765 481 735 647 
181 453
241 181
676 241
469 453
422 181
445 241
386 676
204 676
152 469
634 469
64 422
198 445
662 445
201 241
492 152
116 634
666 445
71 634
63 204
158 71
301 63
765 64
481 71
735 765
647 481
646 764 58 629 189 151 134 522 326 
646 764
58 764
629 58
189 629
151 189
134 151
522 134
326 764
109 600 494 604 124 781 614 325 12 362 54 510 609 
109 600
494 600
604 600
124 600
781 494
614 600
325 614
12 781
362 604
54 109
510 54
609 54
412 754 
412 754
127 541 519 211 164 507 184 579 343 431 424 291 
127 541
519 127
211 519
164 127
507 127
184 541
579 519
343 184
431 127
424 184
291 579
364 
20 432 232 27 88 548 620 602 547 375 
20 432
232 20
27 232
88 27
548 27
620 20
602 620
547 548
375 602
307 
2 225 787 21 317 417 246 10 345 329 495 497 132 383 210 552 125 444 536 
2 225
787 225
21 225
317 787
417 317
246 225
10 417
345 246
329 10
495 329
497 329
132 497
383 345
210 329
552 345
125 495
444 552
536 444
115 736 774 311 585 350 206 538 713 355 477 
115 736
774 115
311 736
585 736
350 774
206 585
538 350
713 350
355 350
477 355
398 527 584 268 1 305 668 460 438 425 672 590 504 359 743 83 188 145 483 
398 527
584 527
268 527
1 268
305 1
668 398
460 668
438 668
425 460
672 1
590 305
504 460
359 668
743 359
83 504
188 743
145 83
483 188
288 709 622 606 794 292 72 
709 622
288 794
288 72
288 709
606 292
622 292
488 624 82 457 
488 624
624 82
624 457
253 478 
253 478
179 
408 667 
408 667
270 381 459 
270 381
270 459
18 518 
18 518
159 706 699 545 168 750 74 757 214 727 66 740 4 121 474 140 110 621 479 276 705 751 659 269 294 34 347 719 387 376 312 
159 706
699 159
545 699
168 545
750 545
74 545
757 168
214 74
727 214
66 727
740 757
4 214
121 214
474 121
140 4
110 740
621 66
479 66
276 740
705 121
751 276
659 621
269 276
294 751
34 269
347 34
719 34
387 4
376 387
312 294
213 683 8 144 499 293 601 500 597 617 540 170 539 746 712 411 586 290 454 209 798 155 308 174 122 
213 683
8 683
144 213
499 8
293 499
601 293
500 499
597 144
617 601
540 597
170 617
539 597
746 170
712 170
411 170
586 540
290 712
454 170
209 454
798 586
155 798
308 798
174 155
122 454
29 244 690 407 272 265 
29 244
690 265
29 265
244 272
407 272
91 686 185 442 234 339 297 7 470 576 789 451 771 330 523 700 369 651 760 
91 686
185 686
442 686
234 185
339 234
297 91
7 91
470 234
576 7
789 576
451 576
771 470
330 771
523 297
700 576
369 700
651 700
760 339
102 248 566 153 35 80 273 87 231 691 685 429 493 619 657 749 130 95 739 707 725 796 588 133 380 677 100 452 337 560 207 190 394 271 302 249 582 487 440 710 778 413 708 202 
102 248
566 102
153 566
35 566
80 566
273 80
87 566
231 248
691 80
685 231
429 87
493 685
619 248
657 153
749 231
130 619
95 130
739 749
707 87
725 739
796 493
588 130
133 657
380 725
677 685
100 677
452 677
337 380
560 133
207 560
190 130
394 380
271 588
302 707
249 95
582 707
487 302
440 588
710 677
778 394
413 190
708 413
202 100
112 414 44 627 450 262 561 490 149 61 591 529 
112 414
44 414
627 414
450 414
262 112
561 44
490 627
149 561
61 561
591 490
529 112
52 
259 565 84 528 669 501 78 731 535 589 433 263 572 221 
259 565
84 565
528 84
669 259
501 669
78 84
731 501
535 669
589 259
433 731
263 731
572 589
221 731
532 654 791 138 118 366 6 434 
532 654
791 532
138 654
118 138
366 532
6 654
434 366
388 555 13 150 285 11 702 782 
388 555
13 555
150 555
285 150
11 13
702 285
782 702
148 418 587 653 549 688 471 239 203 524 703 792 200 580 147 25 
148 418
587 148
653 418
549 418
688 418
471 549
239 471
203 148
524 203
703 239
792 524
200 203
580 471
147 580
25 239
177 656 349 
177 656
177 349
396 648 216 16 603 475 51 341 543 
396 648
216 396
16 648
603 396
475 648
51 475
341 603
543 475
77 465 93 342 458 59 176 346 420 111 9 447 530 770 215 578 598 70 430 245 172 435 166 682 331 464 443 762 322 775 639 592 
77 465
93 77
342 465
458 77
59 93
176 342
346 458
420 342
111 59
9 346
447 458
530 59
770 530
215 420
578 346
598 770
70 9
430 458
245 430
172 9
435 598
166 172
682 70
331 70
464 166
443 464
762 331
322 770
775 598
639 443
592 775
254 521 45 141 306 797 508 192 89 256 137 573 642 208 
254 521
45 254
141 45
306 141
797 45
508 45
192 254
89 521
256 45
137 797
573 89
642 141
208 137
146 194 593 250 503 67 42 113 167 724 120 660 485 461 154 467 81 718 594 101 73 679 
146 194
593 146
250 146
503 250
67 250
42 503
113 42
167 67
724 167
120 113
660 724
485 113
461 660
154 461
467 120
81 660
718 660
594 154
101 81
73 81
679 485
236 283 553 119 393 729 608 391 670 437 
236 283
553 236
119 236
393 553
729 236
608 393
391 608
670 391
437 393
46 240 296 310 365 378 257 22 748 
46 240
296 46
310 296
365 310
378 365
257 46
22 257
748 378
280 607 557 33 284 636 173 423 692 233 446 156 732 49 392 117 405 395 320 711 772 
280 607
557 607
33 280
284 607
636 607
173 284
423 173
692 33
233 33
446 173
156 233
732 156
49 557
392 173
117 33
405 692
395 405
320 173
711 49
772 156
