? 7 16 648 475 149 765 643 492 
? 6 243 326 689 605 473 563 
? 4 547 548 82 18 
? 4 155 478 174 586 
? 4 73 313 237 334 
? 3 702 782 748 
? 3 244 407 624 
!
319 513 62 374 424 612 472 184 665 462 664 343 86 264 88 384 48 541 238 431 755 554 
319 513
62 319
374 513
424 513
612 62
472 424
184 424
665 374
462 62
664 472
343 374
86 462
264 472
88 665
384 264
48 612
541 184
238 664
431 238
755 238
554 86
1 590 305 672 268 584 527 398 52 635 
1 590
305 1
672 590
268 1
584 268
527 268
398 527
52 590
635 52
408 678 667 552 367 717 43 558 220 536 754 640 747 444 308 253 798 505 412 
408 678
667 408
552 678
367 667
717 367
43 367
558 667
220 43
536 552
754 717
640 220
747 43
444 536
308 558
253 754
798 308
505 640
412 754
73 313 237 334 
313 237
237 334
73 313
143 303 298 217 764 58 629 279 189 646 369 196 641 651 694 700 721 163 401 451 229 335 576 309 63 789 780 567 704 56 301 776 7 228 30 201 769 377 441 160 
143 303
298 143
217 298
764 303
58 764
629 303
279 303
189 629
646 764
369 58
196 217
641 217
651 369
694 279
700 651
721 298
163 721
401 694
451 369
229 401
335 721
576 451
309 163
63 700
789 451
780 63
567 641
704 567
56 335
301 576
776 56
7 789
228 189
30 776
201 63
769 309
377 769
441 163
160 228
2 225 787 21 317 290 209 246 712 417 10 454 411 170 122 345 746 329 495 617 497 383 601 210 132 
2 225
787 225
21 2
317 787
290 21
209 290
246 209
712 290
417 317
10 417
454 209
411 454
170 411
122 454
345 122
746 411
329 10
495 329
617 170
497 329
383 345
601 617
210 497
132 210
791 
84 528 78 487 565 302 259 669 535 186 572 
84 528
78 528
487 78
565 84
302 487
259 565
669 565
535 669
186 259
572 186
680 
102 248 566 35 153 80 619 87 273 429 231 691 685 493 749 657 95 130 739 796 707 725 380 133 677 560 452 100 190 
102 248
566 248
35 566
153 35
80 35
619 102
87 566
273 153
429 87
231 619
691 80
685 231
493 685
749 231
657 153
95 619
130 95
739 749
796 685
707 87
725 739
380 725
133 657
677 493
560 133
452 677
100 452
190 130
115 736 774 573 247 395 498 353 24 409 175 582 577 437 230 397 708 99 105 300 
115 736
774 736
573 736
247 573
395 115
498 247
353 498
24 247
409 498
175 353
582 774
577 24
437 395
230 577
397 409
708 409
99 409
105 99
300 395
65 427 139 468 60 97 299 568 205 610 777 
65 427
139 427
468 139
60 139
97 60
299 65
568 60
205 299
610 568
777 97
539 
518 
54 510 609 623 124 434 75 364 272 29 
54 510
609 510
623 510
124 54
434 623
75 623
364 434
272 364
29 609
85 628 744 389 556 5 562 307 40 
85 628
744 85
389 744
556 744
5 556
562 85
307 556
40 562
284 423 446 173 636 280 392 607 732 33 156 320 557 233 221 117 692 49 360 433 311 
284 423
446 423
173 284
636 173
280 284
392 173
607 280
732 446
33 607
156 732
320 392
557 607
233 33
221 320
117 233
692 117
49 557
360 320
433 221
311 732
496 520 316 637 202 218 178 207 331 762 682 
496 520
316 520
637 496
202 316
218 637
178 218
207 202
331 202
762 331
682 331
146 194 356 551 593 312 644 661 31 294 719 745 751 34 347 715 784 113 
146 194
356 146
551 356
593 356
312 593
644 551
661 644
31 593
294 312
719 31
745 644
751 294
34 719
347 34
715 745
784 715
113 146
181 453 676 241 469 386 445 152 204 662 198 666 
181 453
676 181
241 676
469 453
386 676
445 241
152 469
204 386
662 445
198 662
666 662
455 537 656 245 430 177 516 476 322 778 323 
455 537
656 455
245 656
430 245
177 656
516 537
476 177
322 430
778 245
323 476
550 766 571 296 758 625 569 722 134 
550 766
571 550
296 766
758 571
625 758
569 625
722 758
134 722
155 478 174 586 
155 478
155 174
155 586
83 227 188 504 483 743 460 668 359 526 671 438 425 171 696 
83 227
188 83
504 83
483 188
743 188
460 504
668 460
359 743
526 483
671 526
438 668
425 504
171 671
696 171
404 785 674 90 773 277 251 599 36 531 
404 785
674 785
90 785
773 404
277 404
251 773
599 251
36 773
531 674
256 797 508 137 45 254 391 608 521 670 208 192 760 15 141 553 642 393 306 119 236 759 283 339 89 129 772 
256 797
508 256
137 256
45 508
254 45
391 797
608 391
521 254
670 391
208 608
192 521
760 137
15 670
141 45
553 208
642 141
393 208
306 141
119 553
236 119
759 15
283 119
339 760
89 306
129 192
772 642
428 794 135 440 652 288 355 588 622 72 271 713 606 709 349 631 350 413 538 292 477 206 511 249 585 212 
428 794
135 794
440 794
652 135
288 428
355 652
588 440
622 288
72 288
271 588
713 355
606 622
709 606
349 606
631 72
350 713
413 709
538 350
292 349
477 355
206 631
511 477
249 413
585 206
212 292
23 675 482 358 449 103 76 615 489 
23 675
482 675
358 675
449 675
103 23
76 482
615 103
489 358
481 647 523 71 603 297 332 116 422 735 634 216 64 
481 647
523 647
71 523
603 523
297 71
332 647
116 71
422 116
735 481
634 116
216 603
64 422
27 488 
27 488
763 786 267 654 352 382 183 278 532 315 366 118 
763 786
267 786
654 763
352 267
382 786
183 352
278 267
532 654
315 382
366 183
118 532
282 
337 394 710 70 435 456 261 235 402 289 
337 394
710 337
70 710
435 70
456 435
261 456
235 261
402 235
289 402
131 
154 461 660 594 724 718 167 101 514 790 81 533 67 250 286 503 421 327 761 
154 461
660 461
594 154
724 660
718 594
167 724
101 718
514 167
790 167
81 101
533 790
67 167
250 67
286 514
503 250
421 286
327 67
761 533
263 595 439 574 328 731 501 195 123 589 753 
263 595
439 595
574 439
328 439
731 263
501 731
195 439
123 195
589 328
753 123
28 509 219 741 12 325 781 494 697 457 614 265 47 604 600 690 618 109 362 
28 509
219 509
741 219
12 741
325 12
781 12
494 781
697 28
457 325
614 325
265 457
47 697
604 494
600 494
690 265
618 47
109 600
362 604
16 648 475 149 765 643 492 
16 475
16 648
149 643
16 149
648 765
765 492
547 548 82 18 
82 18
547 18
547 548
179 570 
179 570
114 
125 285 
125 285
244 407 624 
244 407
407 624
275 480 
275 480
379 463 596 564 287 169 534 390 258 19 11 663 515 197 611 679 22 13 242 378 467 150 555 388 120 46 365 257 240 485 310 
379 463
596 463
564 463
287 596
169 564
534 379
390 287
258 169
19 379
11 596
663 534
515 169
197 11
611 390
679 663
22 515
13 11
242 258
378 242
467 534
150 611
555 13
388 555
120 467
46 242
365 378
257 515
240 46
485 467
310 240
106 673 638 448 410 486 768 157 180 69 304 224 314 162 53 512 711 187 405 38 795 419 136 79 653 
106 673
638 673
448 638
410 106
486 410
768 486
157 410
180 157
69 768
304 69
224 157
314 448
162 314
53 314
512 162
711 69
187 711
405 53
38 224
795 187
419 224
136 53
79 136
653 512
243 326 689 605 473 563 
326 689
243 326
243 605
326 473
605 563
66 727 479 621 110 214 740 474 121 659 757 705 168 74 276 545 4 416 269 
66 727
479 66
621 479
110 479
214 727
740 110
474 214
121 474
659 621
757 740
705 121
168 757
74 214
276 740
545 168
4 121
416 659
269 276
371 581 436 324 50 39 260 255 799 161 459 385 274 687 295 381 318 655 222 714 406 734 783 698 14 344 321 633 3 270 464 639 357 0 193 166 767 443 375 215 650 620 420 291 
371 581
436 581
324 371
50 436
39 324
260 324
255 436
799 260
161 39
459 50
385 39
274 161
687 385
295 255
381 385
318 799
655 459
222 687
714 655
406 799
734 274
783 318
698 50
14 698
344 406
321 734
633 344
3 14
270 321
464 714
639 464
357 639
0 698
193 321
166 639
767 193
443 639
375 14
215 166
650 0
620 375
420 215
291 620
159 706 699 750 140 387 376 372 506 6 138 57 
159 706
699 159
750 699
140 750
387 140
376 387
372 387
506 372
6 387
138 506
57 372
42 
199 252 546 723 738 142 658 742 26 649 333 559 583 336 
199 252
546 199
723 546
738 199
142 546
658 723
742 738
26 723
649 142
333 658
559 333
583 658
336 559
104 684 94 96 338 542 17 793 
104 684
94 104
96 104
338 684
542 96
17 542
793 17
182 632 226 151 32 281 341 522 
182 632
226 182
151 632
32 151
281 632
341 151
522 281
77 465 93 342 458 176 59 346 447 111 9 530 578 770 598 172 
77 465
93 465
342 465
458 77
176 342
59 93
346 458
447 458
111 93
9 176
530 111
578 346
770 530
598 530
172 176
702 782 748 
702 782
702 748
330 470 771 158 234 729 502 185 396 
330 470
771 330
158 330
234 470
729 771
502 234
185 502
396 330
681 701 107 128 363 630 399 575 466 354 191 613 779 223 415 730 737 525 517 340 752 626 348 370 403 756 400 720 686 91 126 442 
681 701
107 681
128 681
363 128
630 363
399 701
575 701
466 630
354 575
191 575
613 191
779 354
223 191
415 399
730 223
737 613
525 415
517 779
340 466
752 737
626 340
348 340
370 752
403 340
756 348
400 730
720 756
686 415
91 686
126 400
442 686
211 519 579 507 164 127 602 20 695 432 426 592 232 775 
211 519
579 519
507 519
164 507
127 507
602 164
20 127
695 602
432 20
426 695
592 426
232 432
775 426
148 587 418 549 471 703 239 688 524 203 792 25 580 200 145 147 543 788 266 616 529 51 
148 587
418 587
549 418
471 549
703 471
239 703
688 471
524 418
203 524
792 524
25 239
580 688
200 203
145 792
147 580
543 200
788 145
266 792
616 200
529 147
51 25
112 262 450 414 627 44 490 561 591 61 
112 262
450 262
414 262
627 414
44 414
490 627
561 44
591 490
61 561
213 683 8 144 293 499 500 597 540 
213 683
8 683
144 213
293 8
499 293
500 499
597 499
540 597
361 728 733 41 693 716 37 373 108 484 55 491 98 368 165 726 351 92 544 645 68 
361 728
733 361
41 728
693 361
716 41
37 41
373 37
108 716
484 693
55 733
491 55
98 491
368 108
165 368
726 165
351 484
92 351
544 368
645 368
68 544
