? 7 29 244 488 289 604 362 723 
? 6 240 296 46 310 365 758 
? 4 286 421 237 19 
? 4 51 475 648 529 
? 4 305 590 52 338 
? 3 477 511 652 
? 3 702 748 522 
!
148 418 587 653 549 471 239 703 524 688 203 792 580 200 25 543 147 788 266 145 616 227 
148 418
587 418
653 148
549 587
471 549
239 471
703 471
524 418
688 549
203 524
792 524
580 688
200 203
25 239
543 200
147 580
788 792
266 792
145 792
616 543
227 145
325 741 614 12 690 265 457 494 781 600 
325 741
614 325
12 325
690 325
265 690
457 265
494 614
781 494
600 494
460 504 668 438 188 743 83 359 483 398 527 526 584 671 268 696 171 1 672 
460 504
668 460
438 460
188 504
743 188
83 504
359 743
483 188
398 438
527 398
526 483
584 527
671 526
268 398
696 526
171 671
1 268
672 1
305 590 52 338 
305 590
305 52
52 338
77 465 93 342 346 447 59 458 111 176 9 420 172 530 578 70 598 215 430 770 435 245 443 762 166 775 357 464 331 322 656 592 426 639 455 755 537 177 695 238 
77 465
93 77
342 465
346 77
447 77
59 93
458 447
111 59
176 342
9 346
420 342
172 9
530 111
578 346
70 9
598 111
215 172
430 447
770 59
435 598
245 430
443 172
762 70
166 443
775 598
357 443
464 443
331 762
322 770
656 245
592 775
426 592
639 443
455 245
755 426
537 656
177 537
695 426
238 426
106 673 638 448 410 486 180 768 157 162 69 314 224 304 512 53 711 405 187 795 38 419 692 79 425 
106 673
638 106
448 106
410 673
486 410
180 486
768 486
157 410
162 448
69 768
314 162
224 157
304 69
512 162
53 314
711 69
405 314
187 711
795 187
38 224
419 224
692 405
79 162
425 419
680 
20 432 232 27 127 541 507 519 164 211 579 
20 432
232 20
27 232
127 20
541 127
507 127
519 127
164 519
211 519
579 519
591 
65 427 139 98 60 468 491 693 697 97 55 568 261 610 733 235 777 456 402 361 728 219 476 509 28 554 48 323 41 
65 427
139 65
98 65
60 139
468 65
491 468
693 98
697 427
97 60
55 491
568 60
261 568
610 568
733 693
235 568
777 610
456 261
402 777
361 733
728 733
219 697
476 456
509 219
28 509
554 610
48 235
323 456
41 361
185 686 442 114 502 525 158 234 339 470 297 330 7 771 451 789 576 760 523 283 
185 686
442 686
114 442
502 114
525 686
158 185
234 502
339 234
470 234
297 158
330 470
7 525
771 470
451 7
789 7
576 7
760 339
523 297
283 760
2 225 21 787 317 246 345 383 552 536 782 
2 225
21 225
787 225
317 787
246 225
345 246
383 345
552 383
536 383
782 536
570 
558 
251 599 36 793 773 277 131 17 489 542 
251 599
36 251
793 36
773 36
277 599
131 277
17 793
489 793
542 17
236 553 208 119 393 670 437 729 15 
236 553
208 553
119 236
393 208
670 208
437 393
729 119
15 670
123 753 531 439 328 195 674 684 94 480 90 104 595 785 574 404 96 300 263 275 572 
123 753
531 753
439 123
328 123
195 439
674 531
684 753
94 531
480 195
90 674
104 94
595 328
785 674
574 439
404 674
96 94
300 574
263 595
275 300
572 328
202 316 520 496 178 218 637 193 767 321 734 
202 316
520 316
496 316
178 520
218 178
637 218
193 178
767 218
321 767
734 321
368 544 165 108 68 645 726 716 175 516 397 353 24 498 105 247 99 212 
368 544
165 368
108 368
68 544
645 368
726 68
716 108
175 544
516 544
397 175
353 175
24 353
498 353
105 397
247 353
99 105
212 498
287 596 463 379 564 390 378 242 13 258 611 11 
287 596
463 596
379 463
564 596
390 287
378 287
242 378
13 596
258 564
611 378
11 13
44 414 112 561 627 490 61 262 450 149 643 
44 414
112 414
561 44
627 112
490 627
61 561
262 112
450 112
149 561
643 561
547 548 82 18 272 407 364 518 624 
547 548
82 547
18 82
272 82
407 272
364 272
518 364
624 407
51 475 648 529 
475 529
51 475
51 648
58 369 700 651 189 629 780 571 196 228 550 625 160 766 569 
58 369
700 369
651 700
189 58
629 189
780 700
571 780
196 629
228 571
550 228
625 571
160 228
766 228
569 625
206 585 774 350 713 736 355 538 428 135 
206 585
774 206
350 774
713 350
736 774
355 350
538 350
428 355
135 355
181 453 676 241 469 422 386 64 116 445 204 634 666 152 662 198 201 63 492 301 71 32 765 735 91 481 647 
181 453
676 181
241 676
469 181
422 453
386 676
64 422
116 422
445 241
204 241
634 469
666 445
152 469
662 666
198 445
201 241
63 204
492 152
301 204
71 116
32 198
765 64
735 765
91 492
481 116
647 481
159 706 699 545 168 74 750 214 121 4 474 140 705 659 376 6 387 138 382 315 654 118 605 786 194 763 
159 706
699 159
545 699
168 545
74 545
750 545
214 74
121 214
4 121
474 121
140 4
705 121
659 474
376 4
6 376
387 376
138 659
382 376
315 382
654 138
118 138
605 118
786 6
194 605
763 786
42 113 485 503 679 67 663 534 327 
42 113
485 42
503 113
679 485
67 503
663 679
534 663
327 67
84 528 78 565 669 259 535 501 731 433 221 360 589 
84 528
78 528
565 84
669 565
259 565
535 669
501 669
731 501
433 731
221 433
360 535
589 501
150 197 
150 197
267 278 352 623 75 183 54 510 434 124 109 609 
267 278
352 267
623 278
75 623
183 352
54 352
510 54
434 623
124 183
109 124
609 510
444 
349 709 292 622 409 606 288 631 72 794 
349 709
292 349
622 709
409 292
606 292
288 622
631 292
72 622
794 622
384 
260 799 436 371 318 406 39 324 783 687 344 633 50 385 581 255 222 295 381 
260 799
436 260
371 436
318 799
406 799
39 260
324 436
783 406
687 39
344 406
633 344
50 436
385 39
581 50
255 371
222 687
295 255
381 385
329 495 497 10 417 210 132 125 555 285 388 
329 495
497 329
10 329
417 10
210 497
132 497
125 495
555 497
285 497
388 555
280 607 33 557 233 636 117 284 446 173 423 156 392 49 732 395 772 320 311 
280 607
33 280
557 607
233 33
636 607
117 233
284 280
446 280
173 446
423 284
156 233
392 173
49 557
732 156
395 117
772 233
320 392
311 156
29 244 488 289 604 362 723 
29 244
488 289
604 362
362 723
29 488
29 604
286 421 237 19 
421 237
286 237
286 19
253 478 
253 478
186 
40 562 
40 562
702 748 522 
702 522
748 522
136 759 
136 759
720 756 348 340 742 403 626 649 205 738 466 299 142 92 351 630 484 377 363 128 47 199 252 309 769 546 401 618 107 694 613 
720 756
348 756
340 348
742 756
403 720
626 348
649 742
205 720
738 348
466 340
299 403
142 649
92 299
351 299
630 466
484 299
377 738
363 630
128 630
47 205
199 738
252 199
309 377
769 377
546 252
401 363
618 47
107 630
694 401
613 466
213 683 8 144 293 499 601 500 597 617 540 539 170 746 712 411 586 290 454 209 174 798 122 155 308 
213 683
8 683
144 683
293 683
499 293
601 293
500 499
597 499
617 500
540 597
539 597
170 617
746 170
712 170
411 746
586 597
290 712
454 170
209 454
174 586
798 586
122 454
155 174
308 798
240 296 46 310 365 758 
296 310
46 310
240 46
296 365
296 758
163 721 335 441 776 298 279 56 30 143 303 73 583 217 658 313 646 764 229 
163 721
335 163
441 721
776 335
298 721
279 163
56 776
30 776
143 298
303 143
73 56
583 56
217 303
658 583
313 73
646 143
764 646
229 646
102 248 566 153 35 80 87 273 691 493 685 231 619 429 657 749 130 95 739 707 725 796 380 133 677 100 302 560 190 207 452 394 271 588 337 582 249 440 487 778 682 710 708 413 
102 248
566 248
153 566
35 566
80 35
87 566
273 153
691 80
493 102
685 493
231 685
619 231
429 87
657 273
749 685
130 619
95 130
739 749
707 87
725 739
796 657
380 739
133 657
677 685
100 677
302 429
560 133
190 95
207 560
452 677
394 380
271 190
588 271
337 394
582 707
249 190
440 588
487 302
778 725
682 452
710 677
708 190
413 249
326 689 243 336 473 791 559 333 532 334 366 26 
326 689
243 326
336 243
473 326
791 689
559 336
333 559
532 791
334 473
366 791
26 333
179 
5 556 341 744 332 628 307 85 216 603 389 16 151 396 
5 556
341 5
744 556
332 5
628 744
307 556
85 628
216 332
603 332
389 744
16 389
151 341
396 216
274 714 655 459 161 270 3 264 
274 714
655 714
459 714
161 274
270 161
3 459
264 714
226 632 182 505 640 134 281 722 
226 632
182 226
505 226
640 505
134 632
281 134
722 134
254 521 45 141 192 508 256 89 306 797 573 137 642 608 391 115 
254 521
45 254
141 45
192 254
508 45
256 508
89 141
306 141
797 45
573 89
137 256
642 45
608 137
391 608
115 642
477 511 652 
477 511
477 652
0 650 602 698 291 431 375 620 14 
0 650
602 650
698 0
291 650
431 602
375 291
620 291
14 698
34 347 269 276 31 719 745 715 740 110 784 372 661 57 644 593 751 416 479 757 294 312 356 551 506 66 727 282 621 563 146 761 
34 347
269 34
276 34
31 269
719 31
745 347
715 745
740 276
110 740
784 715
372 715
661 745
57 784
644 661
593 31
751 276
416 372
479 110
757 740
294 751
312 294
356 593
551 644
506 416
66 479
727 66
282 784
621 479
563 372
146 551
761 282
319 513 62 374 424 472 184 612 664 665 462 343 88 86 
319 513
62 319
374 513
424 513
472 424
184 374
612 62
664 472
665 374
462 62
343 374
88 665
86 462
154 461 724 660 594 718 704 167 101 567 257 22 514 81 120 790 515 467 169 250 533 641 
154 461
724 461
660 461
594 461
718 594
704 594
167 724
101 718
567 101
257 704
22 257
514 167
81 101
120 22
790 514
515 22
467 120
169 515
250 167
533 790
641 567
367 717 43 408 754 678 667 747 220 412 
367 717
43 367
408 717
754 717
678 408
667 678
747 43
220 43
412 754
76 482 449 358 675 23 103 615 635 
76 482
449 482
358 482
675 482
23 675
103 449
615 103
635 358
191 730 223 354 737 752 575 779 400 370 517 126 681 373 701 230 399 129 577 415 37 
191 730
223 730
354 730
737 191
752 730
575 191
779 354
400 730
370 737
517 779
126 400
681 575
373 370
701 681
230 126
399 681
129 126
577 126
415 399
37 373
