? 7 345 383 246 552 678 558 408 
? 6 283 553 236 208 119 608 
? 4 609 690 265 29 
? 4 717 754 412 667 
? 4 83 483 277 643 
? 3 51 729 648 
? 3 275 574 759 
!
143 303 298 217 764 58 279 629 369 646 641 651 196 189 700 721 451 576 780 789 335 776 
143 303
298 143
217 303
764 303
58 764
279 303
629 303
369 58
646 764
641 217
651 58
196 217
189 196
700 369
721 279
451 369
576 369
780 189
789 576
335 721
776 335
206 585 631 72 311 349 292 622 606 709 
206 585
631 206
72 631
311 206
349 631
292 349
622 349
606 349
709 622
254 521 45 141 508 192 306 89 797 256 137 642 573 15 247 115 391 736 670 
254 521
45 254
141 45
508 45
192 521
306 45
89 306
797 45
256 45
137 45
642 45
573 89
15 797
247 89
115 642
391 15
736 115
670 391
83 483 277 643 
83 483
83 643
483 277
720 756 348 340 403 742 626 649 738 466 205 299 142 92 351 363 630 377 199 484 769 309 401 128 252 546 47 693 618 229 613 694 737 107 681 441 701 370 697 163 
720 756
348 756
340 348
403 720
742 756
626 340
649 742
738 626
466 340
205 649
299 205
142 649
92 299
351 299
363 466
630 363
377 738
199 142
484 92
769 377
309 377
401 309
128 630
252 199
546 199
47 205
693 484
618 47
229 363
613 128
694 401
737 613
107 229
681 128
441 377
701 681
370 737
697 618
163 441
213 683 8 144 499 293 601 500 597 617 539 540 170 712 586 746 411 290 209 454 798 122 174 155 21 
213 683
8 683
144 213
499 683
293 499
601 293
500 601
597 499
617 601
539 597
540 597
170 617
712 617
586 540
746 170
411 617
290 712
209 290
454 209
798 586
122 454
174 540
155 174
21 290
656 
84 528 78 565 669 535 433 731 360 511 477 
84 528
78 528
565 84
669 565
535 669
433 669
731 433
360 535
511 360
477 511
591 
106 673 638 448 410 486 768 180 157 69 304 314 224 162 53 512 79 419 187 795 38 711 405 425 136 692 148 437 788 
106 673
638 106
448 106
410 673
486 410
768 486
180 486
157 410
69 768
304 69
314 304
224 157
162 314
53 314
512 162
79 314
419 224
187 69
795 187
38 224
711 187
405 314
425 419
136 314
692 405
148 512
437 162
788 419
280 607 33 557 636 423 284 173 233 156 117 446 732 49 392 772 395 320 300 221 
280 607
33 607
557 607
636 280
423 280
284 280
173 636
233 33
156 233
117 233
446 423
732 156
49 557
392 446
772 156
395 117
320 173
300 49
221 392
326 689 243 336 791 559 333 473 334 366 658 
326 689
243 326
336 689
791 326
559 336
333 559
473 336
334 473
366 791
658 333
457 
409 
112 414 44 627 450 561 262 490 61 149 
112 414
44 414
627 112
450 414
561 44
262 112
490 627
61 561
149 561
702 782 150 522 281 134 555 13 125 
702 782
150 702
522 702
281 522
134 281
555 150
13 555
125 555
154 461 660 594 724 167 718 567 101 704 22 257 120 81 790 514 515 467 67 250 286 
154 461
660 461
594 154
724 660
167 724
718 660
567 594
101 567
704 567
22 154
257 22
120 22
81 101
790 167
514 790
515 22
467 120
67 790
250 67
286 514
242 378 365 258 611 287 46 310 390 748 596 
242 378
365 242
258 242
611 378
287 378
46 242
310 46
390 287
748 611
596 287
418 587 653 549 471 703 239 688 524 203 792 580 145 25 200 147 475 529 
418 587
653 418
549 418
471 418
703 471
239 471
688 418
524 418
203 524
792 524
580 688
145 524
25 239
200 580
147 580
475 580
529 147
494 781 600 12 604 614 325 109 362 741 509 124 
494 781
600 494
12 494
604 781
614 494
325 614
109 600
362 604
741 325
509 741
124 600
185 442 686 502 234 339 297 470 771 330 760 
185 442
686 442
502 185
234 185
339 234
297 442
470 339
771 470
330 771
760 339
220 640 43 505 226 444 536 367 632 
220 640
43 220
505 640
226 505
444 640
536 444
367 43
632 226
717 754 412 667 
717 754
754 412
754 667
76 482 358 449 675 23 103 489 615 635 52 793 542 36 17 
76 482
358 482
449 76
675 449
23 449
103 23
489 103
615 23
635 489
52 635
793 489
542 793
36 793
17 793
379 463 564 534 11 663 169 197 679 19 
379 463
564 379
534 379
11 379
663 534
169 564
197 11
679 663
19 11
159 706 699 545 168 74 750 214 121 4 474 140 705 659 387 376 6 138 382 315 118 654 194 146 786 763 532 
159 706
699 706
545 699
168 545
74 545
750 545
214 74
121 214
4 214
474 121
140 4
705 474
659 474
387 140
376 387
6 387
138 659
382 376
315 376
118 138
654 118
194 659
146 194
786 382
763 786
532 654
181 453 241 469 676 445 64 386 634 422 662 116 152 204 198 492 158 666 201 63 301 32 735 765 91 71 
181 453
241 181
469 453
676 241
445 241
64 453
386 676
634 469
422 634
662 445
116 634
152 469
204 241
198 445
492 152
158 116
666 662
201 204
63 204
301 63
32 198
735 64
765 735
91 492
71 634
171 266 616 671 696 526 680 543 227 
171 266
616 266
671 171
696 171
526 671
680 696
543 616
227 671
10 417 329 497 495 132 210 317 787 2 225 285 388 
10 417
329 10
497 329
495 329
132 497
210 497
317 417
787 317
2 787
225 787
285 132
388 495
253 570 
253 570
218 637 178 520 767 316 496 193 270 734 321 357 
218 637
178 218
520 637
767 218
316 520
496 520
193 178
270 767
734 270
321 767
357 193
393 
355 652 713 135 794 350 428 538 774 288 
355 652
713 355
135 355
794 135
350 713
428 794
538 713
774 538
288 428
323 
368 544 645 68 108 726 165 175 716 516 397 353 498 537 105 99 177 212 455 
368 544
645 368
68 368
108 368
726 544
165 726
175 544
716 108
516 165
397 175
353 175
498 353
537 397
105 537
99 105
177 537
212 498
455 537
319 513 62 472 664 612 384 264 86 755 238 
319 513
62 319
472 319
664 472
612 62
384 472
264 384
86 62
755 472
238 472
127 541 519 184 507 579 164 211 343 431 620 20 291 602 424 374 375 432 665 
127 541
519 127
184 541
507 541
579 519
164 127
211 519
343 184
431 541
620 579
20 343
291 620
602 431
424 184
374 343
375 291
432 20
665 374
345 383 246 552 678 558 408 
345 246
345 383
678 408
558 408
383 552
383 678
609 690 265 29 
690 265
265 29
609 265
40 562 
40 562
179 
308 478 
308 478
275 574 759 
275 574
275 759
289 488 
289 488
34 347 269 719 57 31 745 110 715 276 356 784 740 416 372 593 661 644 751 757 479 294 312 551 66 282 563 727 605 621 506 
34 347
269 34
719 347
57 34
31 719
745 719
110 269
715 57
276 269
356 31
784 715
740 110
416 57
372 416
593 31
661 745
644 661
751 276
757 110
479 110
294 751
312 294
551 644
66 479
282 784
563 784
727 66
605 372
621 479
506 416
65 427 139 468 491 60 98 568 97 55 728 235 777 733 361 610 456 476 402 28 261 554 219 48 41 
65 427
139 65
468 427
491 427
60 139
98 491
568 60
97 60
55 491
728 55
235 60
777 60
733 55
361 728
610 568
456 55
476 456
402 777
28 777
261 476
554 610
219 28
48 235
41 728
283 553 236 208 119 608 
553 208
283 236
236 208
283 119
553 608
5 556 332 341 647 744 628 85 216 481 603 307 396 389 523 151 182 16 747 
5 556
332 556
341 556
647 5
744 556
628 744
85 628
216 647
481 647
603 647
307 341
396 603
389 744
523 603
151 307
182 307
16 396
747 307
102 248 566 153 35 80 231 429 691 87 493 685 273 619 657 749 95 130 739 707 796 725 380 133 249 677 560 302 452 100 190 588 207 394 778 271 440 582 708 413 337 202 487 710 
102 248
566 248
153 248
35 566
80 566
231 102
429 80
691 80
87 429
493 231
685 231
273 153
619 102
657 273
749 685
95 619
130 95
739 749
707 429
796 685
725 739
380 725
133 657
249 95
677 493
560 133
302 429
452 677
100 452
190 249
588 190
207 560
394 380
778 380
271 588
440 588
582 707
708 190
413 249
337 394
202 100
487 302
710 677
186 572 589 328 338 684 263 595 259 104 439 501 
186 572
589 186
328 572
338 572
684 338
263 328
595 328
259 589
104 338
439 595
501 259
26 
674 785 90 404 531 480 753 123 773 94 195 251 96 599 
674 785
90 785
404 785
531 674
480 90
753 531
123 753
773 404
94 531
195 123
251 773
96 94
599 251
42 113 485 503 327 533 722 723 
42 113
485 113
503 113
327 503
533 327
722 485
723 533
73 313 237 56 583 30 421 761 
73 313
237 313
56 73
583 56
30 56
421 237
761 421
398 527 584 268 668 590 305 1 438 460 504 359 672 743 188 131 
398 527
584 527
268 527
668 398
590 398
305 590
1 590
438 668
460 668
504 460
359 438
672 590
743 359
188 359
131 672
51 729 648 
51 729
51 648
75 623 278 434 267 510 54 352 183 
75 623
278 75
434 623
267 278
510 623
54 510
352 267
183 352
77 465 93 342 59 346 111 9 176 420 447 458 770 530 578 172 598 215 430 70 245 435 762 682 322 443 775 639 331 464 166 592 
77 465
93 77
342 77
59 93
346 77
111 59
9 346
176 342
420 342
447 59
458 346
770 59
530 111
578 346
172 420
598 111
215 172
430 447
70 9
245 430
435 598
762 9
682 70
322 770
443 172
775 435
639 443
331 682
464 443
166 464
592 775
547 548 82 18 27 407 518 272 232 624 462 88 364 244 
547 548
82 547
18 547
27 548
407 82
518 18
272 407
232 27
624 407
462 624
88 232
364 272
244 407
260 799 436 371 318 406 344 39 324 581 783 687 50 385 633 255 295 222 381 161 459 274 
260 799
436 260
371 436
318 799
406 799
344 406
39 260
324 436
581 436
783 344
687 406
50 436
385 371
633 406
255 436
295 318
222 385
381 385
161 371
459 50
274 161
228 766 296 550 571 160 758 240 625 569 
228 766
296 766
550 228
571 766
160 766
758 571
240 296
625 758
569 625
0 650 695 426 698 14 3 655 714 
0 650
695 650
426 695
698 0
14 698
3 14
655 698
714 655
191 730 223 354 779 575 752 400 517 126 373 577 230 129 399 37 415 24 114 525 7 
191 730
223 730
354 730
779 354
575 223
752 191
400 223
517 779
126 400
373 400
577 400
230 517
129 126
399 354
37 373
415 399
24 37
114 230
525 415
7 525
