? 7 455 656 177 639 464 714 289 
? 6 171 266 616 696 680 200 
? 4 663 679 19 379 
? 4 15 391 670 759 
? 4 51 475 648 396 
? 3 11 197 522 
? 3 161 734 655 
!
280 607 33 284 557 173 636 423 233 446 156 692 49 117 732 392 395 772 320 221 300 477 
280 607
33 280
284 280
557 607
173 280
636 280
423 173
233 33
446 173
156 233
692 33
49 557
117 233
732 156
392 173
395 233
772 156
320 392
221 320
300 49
477 446
85 628 744 389 556 332 5 40 341 16 
85 628
744 628
389 744
556 744
332 556
5 556
40 85
341 5
16 389
78 84 528 565 259 669 535 501 731 433 360 589 263 186 511 595 572 328 574 
78 84
528 84
565 84
259 565
669 565
535 669
501 669
731 501
433 731
360 535
589 259
263 501
186 589
511 360
595 263
572 186
328 595
574 595
51 475 648 396 
648 396
51 475
51 648
720 756 348 340 742 626 403 738 649 466 205 299 142 769 92 630 377 363 484 199 252 47 351 128 309 401 546 618 723 701 229 681 613 693 737 694 107 752 98 697 
720 756
348 756
340 348
742 756
626 348
403 340
738 756
649 742
466 340
205 649
299 205
142 649
769 738
92 299
630 466
377 769
363 630
484 299
199 738
252 199
47 205
351 299
128 630
309 377
401 309
546 199
618 47
723 546
701 128
229 363
681 701
613 128
693 484
737 613
694 401
107 128
752 737
98 693
697 618
106 673 638 448 410 486 768 157 180 69 162 53 224 304 314 512 711 187 405 419 38 79 795 136 425 
106 673
638 673
448 106
410 106
486 410
768 486
157 410
180 157
69 768
162 638
53 448
224 157
304 69
314 162
512 162
711 69
187 711
405 304
419 224
38 224
79 314
795 187
136 314
425 419
609 
494 781 600 12 325 604 741 614 109 124 265 
494 781
600 494
12 494
325 781
604 600
741 325
614 600
109 600
124 109
265 325
570 
77 465 342 93 59 346 458 447 111 176 420 9 215 578 70 770 530 172 598 430 245 682 166 435 762 322 443 775 331 
77 465
342 465
93 77
59 77
346 77
458 346
447 346
111 93
176 77
420 342
9 176
215 420
578 346
70 9
770 59
530 770
172 420
598 111
430 447
245 430
682 70
166 420
435 598
762 70
322 770
443 172
775 435
331 762
398 527 584 268 1 438 668 460 590 305 504 672 359 743 788 188 145 483 83 227 
398 527
584 527
268 527
1 268
438 398
668 438
460 668
590 1
305 590
504 460
672 1
359 438
743 359
788 504
188 743
145 788
483 188
83 188
227 788
408 678 667 367 552 558 717 43 220 754 536 
408 678
667 678
367 667
552 678
558 678
717 367
43 367
220 43
754 717
536 552
437 
216 
250 503 327 113 42 761 485 286 421 534 
250 503
327 250
113 503
42 113
761 327
485 113
286 761
421 286
534 485
426 592 695 650 0 698 375 620 14 
426 592
695 592
650 695
0 650
698 650
375 650
620 375
14 698
10 417 329 497 495 210 132 317 787 2 225 285 555 388 125 782 21 702 150 13 246 
10 417
329 10
497 329
495 329
210 497
132 497
317 417
787 317
2 787
225 787
285 497
555 132
388 555
125 388
782 285
21 225
702 782
150 555
13 555
246 225
369 700 58 629 189 46 240 310 365 647 632 
369 700
58 369
629 58
189 629
46 629
240 46
310 46
365 310
647 700
632 310
154 461 660 724 594 718 167 704 514 22 257 120 790 515 533 169 67 467 
154 461
660 461
724 461
594 154
718 461
167 724
704 594
514 167
22 461
257 22
120 22
790 514
515 22
533 790
169 515
67 167
467 120
326 689 336 243 791 473 334 366 26 237 183 362 
326 689
336 689
243 326
791 689
473 243
334 473
366 791
26 336
237 334
183 366
362 26
316 520 496 637 178 218 193 767 357 321 270 
316 520
496 520
637 520
178 520
218 637
193 178
767 218
357 193
321 767
270 321
236 283 553 119 208 729 608 393 137 
236 283
553 236
119 553
208 553
729 236
608 208
393 553
137 208
15 391 670 759 
391 670
15 670
15 759
442 686 185 502 234 7 339 470 330 771 789 451 523 760 603 
442 686
185 686
502 185
234 502
7 686
339 234
470 234
330 470
771 470
789 7
451 7
523 470
760 339
603 523
319 513 472 612 664 384 86 264 238 755 
319 513
472 319
612 319
664 472
384 472
86 319
264 384
238 664
755 238
65 427 139 491 468 60 97 568 55 235 610 733 777 361 456 402 728 476 28 261 219 554 48 509 41 323 488 
65 427
139 427
491 65
468 491
60 139
97 60
568 60
55 491
235 568
610 568
733 55
777 610
361 733
456 55
402 610
728 361
476 456
28 777
261 456
219 28
554 610
48 610
509 28
41 728
323 456
488 402
159 706 699 168 545 74 750 214 4 121 474 140 705 659 376 387 6 315 382 138 654 118 763 194 786 532 
159 706
699 159
168 159
545 699
74 545
750 545
214 74
4 214
121 214
474 121
140 4
705 121
659 474
376 140
387 376
6 387
315 6
382 6
138 659
654 138
118 654
763 654
194 659
786 763
532 654
345 383 444 640 308 505 747 226 281 
345 383
444 383
640 444
308 345
505 640
747 505
226 505
281 505
127 541 519 507 184 164 211 431 579 424 291 374 602 
127 541
519 127
507 127
184 541
164 127
211 519
431 127
579 519
424 431
291 519
374 127
602 431
182 307 
182 307
569 625 550 758 571 722 766 228 151 134 160 296 
569 625
550 625
758 625
571 550
722 758
766 571
228 766
151 722
134 722
160 766
296 766
179 
242 378 258 287 390 611 564 596 748 463 
242 378
258 242
287 378
390 287
611 378
564 258
596 287
748 611
463 596
174 
547 548 82 18 27 407 518 272 232 88 624 364 244 432 665 462 62 343 29 
547 548
82 547
18 82
27 548
407 82
518 18
272 407
232 27
88 27
624 407
364 518
244 407
432 88
665 88
462 624
62 462
343 665
29 244
36 773 251 17 793 599 404 542 96 94 674 
36 773
251 36
17 773
793 36
599 251
404 599
542 17
96 542
94 96
674 404
368 544 108 645 68 165 716 726 175 516 397 353 24 498 105 537 99 409 212 
368 544
108 368
645 544
68 368
165 68
716 368
726 165
175 368
516 726
397 175
353 175
24 353
498 353
105 397
537 105
99 105
409 397
212 409
455 656 177 639 464 714 289 
455 656
639 464
464 714
455 177
656 639
177 289
663 679 19 379 
663 679
679 19
19 379
253 412 
253 412
20 
155 478 
155 478
161 734 655 
161 734
734 655
457 690 
457 690
181 453 469 676 241 422 152 634 445 386 662 64 116 201 198 204 492 301 666 71 63 481 735 765 297 158 32 91 576 651 780 
181 453
469 181
676 453
241 676
422 469
152 469
634 469
445 241
386 676
662 445
64 422
116 634
201 676
198 445
204 201
492 152
301 204
666 662
71 634
63 201
481 71
735 64
765 735
297 634
158 116
32 198
91 492
576 301
651 63
780 666
163 721 335 441 279 776 298 56 30 583 143 303 73 641 217 658 313 646 764 559 567 196 101 81 333 
163 721
335 721
441 335
279 721
776 335
298 721
56 776
30 56
583 776
143 298
303 143
73 56
641 298
217 298
658 583
313 73
646 143
764 646
559 658
567 641
196 217
101 567
81 101
333 559
171 266 616 696 680 200 
171 696
616 200
171 266
171 680
171 616
191 354 730 223 779 575 517 370 400 126 399 373 415 577 230 129 525 37 114 
191 354
730 191
223 191
779 354
575 730
517 779
370 223
400 370
126 400
399 517
373 370
415 399
577 400
230 126
129 230
525 415
37 373
114 230
102 248 566 153 35 80 619 231 87 273 691 429 685 493 657 95 749 130 739 707 725 133 796 380 207 560 677 100 452 302 190 271 249 337 582 394 588 440 778 487 708 710 413 202 
102 248
566 248
153 248
35 248
80 566
619 102
231 102
87 566
273 153
691 80
429 691
685 231
493 685
657 153
95 619
749 685
130 95
739 749
707 429
725 739
133 657
796 657
380 725
207 133
560 133
677 749
100 677
452 677
302 707
190 130
271 190
249 190
337 725
582 707
394 380
588 271
440 271
778 394
487 302
708 249
710 677
413 708
202 100
254 521 45 508 141 192 256 797 573 89 306 642 
254 521
45 254
508 254
141 254
192 521
256 254
797 508
573 521
89 141
306 141
642 45
3 
418 587 148 653 549 703 471 239 688 524 203 792 580 25 
418 587
148 418
653 418
549 148
703 587
471 703
239 471
688 471
524 148
203 524
792 524
580 688
25 239
131 277 635 275 52 338 671 526 
131 277
635 131
275 277
52 635
338 277
671 131
526 671
267 278 352 54 623 75 510 434 
267 278
352 267
54 352
623 278
75 623
510 54
434 623
44 414 112 561 61 262 450 627 490 149 643 543 529 591 562 147 
44 414
112 414
561 44
61 44
262 112
450 112
627 112
490 627
149 561
643 561
543 450
529 543
591 490
562 149
147 529
11 197 522 
11 197
11 522
76 482 358 449 675 23 103 489 615 
76 482
358 482
449 76
675 482
23 675
103 449
489 358
615 103
34 347 269 719 745 276 31 715 110 740 57 784 644 661 416 593 294 372 356 751 551 479 757 312 282 563 66 506 621 727 146 605 
34 347
269 34
719 269
745 34
276 269
31 269
715 745
110 276
740 110
57 715
784 715
644 745
661 644
416 57
593 31
294 593
372 416
356 31
751 294
551 644
479 110
757 110
312 294
282 784
563 282
66 479
506 416
621 479
727 66
146 551
605 506
622 709 349 606 292 288 794 631 428 72 652 135 713 355 
622 709
349 709
606 709
292 622
288 622
794 288
631 349
428 794
72 288
652 794
135 794
713 652
355 135
213 683 8 144 293 500 499 617 601 597 170 540 586 539 746 712 411 209 454 290 798 122 
213 683
8 683
144 213
293 8
500 293
499 500
617 500
601 500
597 499
170 617
540 597
586 597
539 540
746 170
712 170
411 617
209 712
454 209
290 209
798 539
122 411
123 753 531 195 439 684 480 90 104 785 
123 753
531 753
195 123
439 195
684 531
480 531
90 480
104 684
785 90
206 585 774 350 736 115 538 311 247 
206 585
774 585
350 774
736 774
115 736
538 350
311 115
247 206
260 799 371 436 406 318 324 783 222 255 687 39 581 50 344 633 295 385 381 274 459 
260 799
371 260
436 371
406 799
318 799
324 260
783 318
222 799
255 260
687 222
39 371
581 436
50 436
344 406
633 344
295 255
385 687
381 385
274 436
459 50
