!
651 678 400 341 568 769 172 354 374 570 336 359 251 347 747 420 446 598 334 34 559 196 711 178 137 324 487 636 574 132 604 5 481 362 169 578 355 518 352 59 316 590 84 552 180 89 377 182 753 621 409 531 70 165 573 725 35 191 231 
651 678
400 678
341 651
568 678
769 400
172 769
354 769
374 172
570 374
336 400
359 400
251 769
347 341
747 347
420 359
446 570
598 336
334 359
34 359
559 400
196 446
711 598
178 711
137 446
324 178
487 420
636 137
574 178
132 178
604 636
5 487
481 574
362 604
169 574
578 636
355 169
518 355
352 355
59 578
316 355
590 59
84 316
552 590
180 552
89 84
377 518
182 552
753 377
621 552
409 753
531 59
70 89
165 70
573 753
725 70
35 70
191 725
231 725
616 625 550 215 789 432 787 627 80 175 790 662 777 110 485 671 622 424 238 644 626 763 775 360 750 429 126 659 427 609 297 256 113 797 18 33 693 524 795 428 111 613 315 788 599 687 295 645 588 289 551 259 677 217 121 95 138 798 762 543 516 65 493 417 526 643 434 600 41 408 364 36 546 223 423 629 380 391 771 370 732 554 293 9 632 505 342 16 695 745 620 32 669 398 71 307 401 742 425 368 153 204 166 337 619 75 737 690 127 266 274 82 749 123 490 770 452 740 670 363 118 157 42 464 558 304 209 49 791 688 263 767 6 27 134 728 596 489 90 729 2 630 283 719 713 220 202 200 727 726 510 461 250 319 503 553 602 776 453 37 773 717 38 101 115 187 119 714 15 22 325 413 296 694 479 778 555 129 320 181 623 712 
616 625
550 625
215 616
789 616
432 616
787 215
627 787
80 625
175 550
790 215
662 789
777 550
110 662
485 790
671 110
622 110
424 627
238 175
644 622
626 777
763 644
775 110
360 110
750 360
429 360
126 110
659 750
427 750
609 360
297 644
256 777
113 110
797 790
18 644
33 256
693 609
524 424
795 297
428 110
111 775
613 427
315 428
788 428
599 175
687 626
295 297
645 428
588 33
289 111
551 687
259 315
677 18
217 797
121 613
95 315
138 297
798 551
762 138
543 762
516 798
65 524
493 599
417 95
526 788
643 588
434 95
600 599
41 138
408 516
364 687
36 434
546 526
223 121
423 36
629 599
380 121
391 121
771 391
370 526
732 643
554 95
293 391
9 293
632 423
505 732
342 364
16 543
695 524
745 695
620 342
32 505
669 771
398 695
71 16
307 32
401 16
742 669
425 398
368 423
153 368
204 398
166 16
337 368
619 368
75 9
737 9
690 368
127 71
266 398
274 737
82 669
749 669
123 32
490 632
770 71
452 153
740 71
670 166
363 166
118 266
157 274
42 75
464 619
558 745
304 16
209 16
49 737
791 274
688 42
263 368
767 749
6 263
27 558
134 688
728 490
596 737
489 16
90 6
729 27
2 728
630 118
283 767
719 688
713 596
220 719
202 719
200 220
727 263
726 719
510 2
461 49
250 596
319 90
503 510
553 503
602 503
776 602
453 220
37 726
773 453
717 461
38 776
101 38
115 38
187 250
119 602
714 453
15 453
22 15
325 37
413 602
296 115
694 714
479 38
778 250
555 413
129 717
320 479
181 479
623 479
712 717
173 633 43 451 411 272 100 211 731 195 703 239 782 610 281 765 572 517 784 439 592 569 72 135 332 222 482 322 186 147 534 
173 633
43 173
451 173
411 451
272 451
100 173
211 633
731 211
195 43
703 272
239 703
782 195
610 272
281 195
765 281
572 782
517 633
784 100
439 195
592 572
569 239
72 784
135 569
332 135
222 135
482 411
322 222
186 439
147 439
534 592
10 
327 631 582 701 23 414 203 751 292 338 718 189 29 720 353 760 3 549 476 279 86 477 242 331 199 472 646 345 471 618 386 478 419 586 246 14 591 469 404 161 407 291 11 772 437 422 710 752 277 366 628 104 235 276 284 655 148 92 523 184 498 571 254 176 562 653 528 579 229 210 454 537 243 448 255 686 130 661 783 589 774 501 162 455 116 529 475 388 76 298 540 654 652 458 343 733 525 683 227 81 385 317 105 566 142 615 390 51 638 167 611 183 533 486 369 488 287 146 125 520 
327 631
582 327
701 327
23 631
414 582
203 327
751 23
292 631
338 23
718 582
189 631
29 701
720 718
353 23
760 414
3 353
549 353
476 29
279 476
86 23
477 718
242 751
331 29
199 477
472 476
646 760
345 86
471 476
618 471
386 476
478 760
419 478
586 478
246 760
14 618
591 720
469 478
404 549
161 471
407 476
291 477
11 419
772 404
437 86
422 646
710 386
752 345
277 161
366 710
628 366
104 469
235 437
276 104
284 404
655 646
148 591
92 422
523 104
184 591
498 277
571 419
254 571
176 523
562 277
653 591
528 161
579 92
229 277
210 184
454 562
537 628
243 752
448 437
255 243
686 243
130 243
661 655
783 130
589 661
774 229
501 571
162 571
455 774
116 653
529 661
475 501
388 210
76 130
298 589
540 243
654 571
652 162
458 243
343 774
733 229
525 661
683 343
227 589
81 783
385 525
317 130
105 162
566 683
142 130
615 105
390 105
51 227
638 210
167 343
611 638
183 589
533 774
486 183
369 611
488 486
287 390
146 533
125 533
520 385
68 465 381 463 580 642 450 796 55 160 440 393 738 294 639 535 672 656 431 685 313 330 61 496 46 371 145 754 25 326 136 372 299 24 344 93 436 340 39 19 442 736 708 312 286 267 691 735 328 612 406 743 527 273 230 705 739 60 1 587 470 109 143 561 608 216 748 124 403 164 339 261 657 445 396 156 309 168 349 530 500 459 163 495 376 441 521 484 581 275 258 689 13 504 684 757 302 54 416 269 28 676 213 560 249 85 201 394 545 382 597 384 63 658 547 682 66 221 50 88 335 97 724 457 21 389 700 594 151 94 548 716 474 698 577 640 241 152 509 177 674 237 240 462 415 4 141 538 506 734 781 44 410 351 122 766 565 494 696 194 768 692 103 575 262 519 468 357 563 131 395 305 268 170 460 301 744 759 128 245 617 556 614 248 492 794 303 605 311 585 392 607 53 329 270 282 333 236 358 361 112 799 26 365 48 379 583 375 108 87 780 264 709 348 205 541 444 96 159 606 30 224 83 158 564 449 702 310 171 218 107 149 786 98 665 214 447 433 544 314 721 675 8 193 7 383 722 206 120 252 785 197 730 179 438 17 174 667 635 681 668 764 508 650 680 247 758 456 79 323 139 378 491 539 198 723 387 356 641 226 511 219 62 513 102 473 515 228 346 435 483 761 69 47 99 595 318 56 755 234 233 244 466 321 114 78 140 793 144 308 306 699 20 192 0 271 185 649 637 418 57 512 779 405 522 584 12 373 532 265 603 648 673 443 576 746 663 257 73 480 557 190 426 188 253 660 497 679 399 502 208 647 707 514 285 715 40 155 350 45 741 91 133 421 117 467 402 499 150 664 52 624 704 397 77 74 593 31 542 601 67 697 64 290 300 225 756 634 58 
68 465
381 68
463 465
580 381
642 465
450 465
796 68
55 465
160 642
440 68
393 465
738 160
294 796
639 160
535 294
672 465
656 440
431 160
685 738
313 465
330 656
61 313
496 642
46 496
371 294
145 440
754 738
25 61
326 463
136 535
372 535
299 372
24 496
344 145
93 580
436 61
340 372
39 46
19 754
442 299
736 313
708 754
312 754
286 442
267 436
691 340
735 286
328 496
612 736
406 754
743 39
527 691
273 19
230 39
705 286
739 527
60 612
1 739
587 743
470 527
109 470
143 612
561 328
608 561
216 691
748 587
124 267
403 587
164 60
339 436
261 587
657 124
445 691
396 261
156 124
309 261
168 143
349 339
530 309
500 339
459 328
163 608
495 705
376 561
441 470
521 163
484 445
581 441
275 521
258 500
689 396
13 441
504 339
684 309
757 684
302 684
54 376
416 258
269 757
28 275
676 403
213 504
560 530
249 164
85 54
201 416
394 302
545 201
382 213
597 54
384 249
63 163
658 85
547 597
682 201
66 302
221 597
50 66
88 547
335 66
97 258
724 560
457 97
21 457
389 457
700 547
594 201
151 384
94 682
548 221
716 682
474 88
698 21
577 700
640 97
241 700
152 213
509 151
177 335
674 700
237 335
240 151
462 240
415 700
4 577
141 66
538 151
506 577
734 716
781 506
44 462
410 462
351 141
122 237
766 781
565 177
494 97
696 415
194 538
768 696
692 194
103 506
575 457
262 781
519 781
468 122
357 462
563 468
131 563
395 351
305 506
268 305
170 768
460 696
301 519
744 410
759 44
128 575
245 575
617 305
556 575
614 563
248 245
492 301
794 744
303 759
605 301
311 605
585 170
392 794
607 617
53 305
329 303
270 311
282 305
333 170
236 395
358 131
361 270
112 585
799 53
26 759
365 617
48 282
379 794
583 585
375 248
108 26
87 236
780 379
264 365
709 379
348 236
205 365
541 348
444 131
96 799
159 565
606 392
30 311
224 392
83 224
158 799
564 780
449 26
702 365
310 449
171 361
218 541
107 329
149 702
786 96
98 786
665 702
214 171
447 107
433 87
544 702
314 348
721 449
675 159
8 314
193 333
7 447
383 314
722 193
206 310
120 149
252 447
785 159
197 722
730 224
179 120
438 87
17 197
174 8
667 675
635 721
681 149
668 730
764 709
508 17
650 665
680 252
247 314
758 179
456 544
79 171
323 635
139 17
378 79
491 665
539 174
198 79
723 139
387 8
356 174
641 198
226 508
511 635
219 764
62 680
513 758
102 650
473 219
515 139
228 62
346 511
435 447
483 650
761 511
69 346
47 139
99 346
595 483
318 226
56 228
755 508
234 139
233 515
244 234
466 668
321 483
114 247
78 378
140 174
793 7
144 114
308 140
306 641
699 306
20 473
192 641
0 595
271 0
185 228
649 78
637 219
418 595
57 99
512 219
779 47
405 649
522 418
584 595
12 418
373 584
532 69
265 755
603 57
648 513
673 779
443 522
576 513
746 265
663 532
257 746
73 532
480 140
557 637
190 244
426 557
188 185
253 257
660 603
497 144
679 648
399 190
502 480
208 746
647 405
707 746
514 190
285 480
715 746
40 257
155 443
350 707
45 185
741 271
91 502
133 637
421 673
117 421
467 443
402 271
499 532
150 648
664 707
52 467
624 467
704 133
397 514
77 421
74 499
593 117
31 660
542 77
601 399
67 593
697 499
64 679
290 150
300 741
225 285
756 707
634 77
58 697
288 536 278 430 260 706 212 367 567 154 507 412 792 280 106 232 666 207 
288 536
278 288
430 278
260 536
706 260
212 260
367 212
567 367
154 706
507 212
412 706
792 367
280 792
106 212
232 430
666 280
207 280
