!
481 574 178 169 132 324 420 711 359 518 598 355 487 559 362 352 5 336 604 400 34 334 84 636 316 377 568 769 678 137 341 354 651 747 347 172 578 446 251 58 570 196 374 222 703 173 135 272 332 569 239 782 601 534 592 526 546 111 677 
481 574
178 574
169 481
132 481
324 574
420 178
711 178
359 420
518 481
598 132
355 518
487 178
559 711
362 324
352 355
5 518
336 598
604 362
400 359
34 359
334 359
84 355
636 604
316 518
377 518
568 359
769 400
678 400
137 636
341 678
354 769
651 678
747 341
347 747
172 769
578 636
446 769
251 446
58 446
570 769
196 446
374 651
222 316
703 222
173 703
135 222
272 173
332 135
569 332
239 332
782 272
601 272
534 332
592 534
526 601
546 526
111 526
677 546
220 719 15 202 453 688 726 22 37 200 283 42 134 773 714 767 325 82 596 749 461 75 250 694 742 669 737 778 666 9 600 771 629 293 207 274 49 713 391 280 342 187 791 620 157 380 717 106 121 599 493 507 223 613 364 490 154 412 367 567 712 2 427 517 317 728 516 659 632 238 129 792 783 609 212 81 687 706 690 554 750 255 626 360 503 510 175 798 186 551 113 458 147 423 368 619 540 553 126 602 408 153 72 260 142 686 243 130 448 417 464 315 777 562 259 76 6 776 555 434 36 733 110 731 119 429 550 693 38 95 235 80 662 784 671 765 256 413 101 90 752 428 454 437 211 774 439 775 146 195 432 789 229 625 263 281 772 343 787 645 616 100 528 788 33 345 115 296 588 319 610 479 727 533 277 331 337 572 633 43 284 623 
220 719
15 220
202 719
453 15
688 719
726 202
22 453
37 726
200 688
283 220
42 688
134 688
773 453
714 726
767 283
325 37
82 767
596 134
749 82
461 596
75 42
250 37
694 15
742 749
669 742
737 596
778 250
666 694
9 75
600 669
771 669
629 9
293 9
207 694
274 737
49 274
713 49
391 293
280 207
342 742
187 250
791 274
620 342
157 791
380 391
717 187
106 280
121 391
599 121
493 391
507 106
223 121
613 121
364 342
490 274
154 717
412 187
367 507
567 106
712 778
2 490
427 613
517 507
317 412
728 2
516 364
659 613
632 490
238 599
129 717
792 367
783 129
609 427
212 792
81 129
687 364
706 567
690 490
554 632
750 659
255 317
626 687
360 609
503 2
510 728
175 626
798 687
186 792
551 798
113 360
458 412
147 186
423 632
368 690
619 690
540 412
553 503
126 360
602 503
408 516
153 368
72 212
260 72
142 458
686 540
243 540
130 243
448 243
417 360
464 368
315 417
777 626
562 458
259 315
76 142
6 510
776 602
555 503
434 259
36 434
733 142
110 750
731 212
119 602
429 315
550 175
693 360
38 776
95 434
235 555
80 550
662 175
784 72
671 110
765 147
256 551
413 119
101 602
90 6
752 235
428 315
454 142
437 752
211 731
774 784
439 211
775 110
146 784
195 765
432 550
789 550
229 142
625 550
263 6
281 195
772 437
343 774
787 550
645 259
616 625
100 146
528 229
788 259
33 256
345 752
115 38
296 115
588 33
319 115
610 100
479 115
727 6
533 146
277 562
331 277
337 6
572 281
633 610
43 633
284 479
623 115
16 166 670 363 209 401 71 745 304 770 127 217 489 762 740 138 543 41 756 795 558 297 797 295 695 790 27 644 266 398 524 
16 166
670 16
363 166
209 16
401 166
71 166
745 71
304 166
770 166
127 16
217 166
489 363
762 401
740 745
138 762
543 138
41 138
756 762
795 543
558 71
297 795
797 297
295 297
695 745
790 797
27 558
644 297
266 27
398 266
524 790
18 
327 631 582 751 701 414 203 23 338 718 189 279 720 29 292 353 469 760 246 618 476 477 86 242 3 586 549 472 478 471 646 591 404 407 419 14 161 291 386 199 422 148 366 655 276 104 628 710 92 523 184 300 653 498 320 579 181 11 571 537 210 388 455 227 254 661 652 589 654 162 525 116 501 566 385 475 298 183 105 683 611 51 390 486 369 529 615 167 488 531 638 520 287 288 482 125 232 536 231 430 725 165 278 191 10 35 70 621 182 322 89 573 451 552 411 180 590 59 409 753 
327 631
582 327
751 631
701 631
414 582
203 631
23 751
338 23
718 582
189 751
279 701
720 718
29 701
292 29
353 23
469 327
760 582
246 718
618 720
476 29
477 720
86 23
242 353
3 353
586 760
549 353
472 476
478 586
471 476
646 760
591 477
404 549
407 476
419 478
14 472
161 471
291 718
386 29
199 591
422 760
148 720
366 14
655 646
276 478
104 276
628 366
710 366
92 422
523 104
184 591
300 523
653 591
498 628
320 404
579 422
181 320
11 579
571 419
537 628
210 710
388 210
455 498
227 199
254 571
661 655
652 571
589 661
654 571
162 654
525 661
116 184
501 654
566 455
385 525
475 571
298 227
183 589
105 162
683 455
611 388
51 298
390 385
486 525
369 611
529 385
615 105
167 455
488 486
531 390
638 611
520 385
287 390
288 611
482 566
125 167
232 486
536 288
231 520
430 638
725 231
165 231
278 430
191 520
10 231
35 725
70 725
621 531
182 621
322 536
89 70
573 10
451 322
552 621
411 451
180 182
590 552
59 89
409 191
753 409
68 465 381 463 580 642 160 55 440 738 431 294 450 393 656 685 61 672 535 330 796 371 496 313 344 639 754 145 46 326 372 24 93 25 136 312 299 39 340 442 436 735 708 691 736 19 267 406 743 739 286 612 216 328 748 230 527 705 60 587 273 1 470 109 561 164 124 608 261 396 403 143 168 657 445 156 530 495 339 459 309 349 521 441 500 376 163 484 269 416 581 258 13 684 302 54 249 689 275 560 545 85 504 213 676 201 757 28 682 394 547 384 658 221 63 597 66 88 457 97 724 382 389 21 474 700 335 50 152 716 674 94 594 151 509 548 240 4 241 640 237 698 141 177 577 462 538 768 44 565 122 506 766 781 734 410 563 460 415 692 494 351 194 696 357 103 575 170 131 262 468 519 395 759 744 301 614 128 794 245 53 305 333 617 268 303 311 492 556 248 605 585 329 112 392 270 236 48 282 26 365 379 564 108 799 607 709 583 348 358 444 606 541 375 87 780 159 361 83 96 30 264 224 158 702 205 107 449 665 310 383 171 722 447 98 786 721 785 544 218 314 252 197 675 149 179 681 8 433 668 193 730 438 214 667 650 7 539 764 508 247 79 17 174 387 635 120 758 378 323 206 139 435 680 456 198 226 233 513 62 511 491 56 321 47 515 473 20 761 102 641 346 356 483 69 723 466 219 228 699 793 318 99 512 114 78 595 234 308 306 244 648 140 144 271 0 637 185 576 418 73 603 649 57 265 779 443 405 253 522 755 426 12 192 584 373 746 480 257 402 532 673 557 52 208 502 190 660 399 497 397 40 663 155 679 707 45 514 715 647 741 499 289 188 285 91 133 421 664 704 77 467 31 150 350 117 452 74 634 64 697 593 624 542 290 370 176 67 225 
68 465
381 68
463 68
580 68
642 465
160 642
55 68
440 381
738 642
431 642
294 440
450 381
393 160
656 294
685 465
61 580
672 393
535 450
330 440
796 294
371 294
496 160
313 381
344 656
639 160
754 738
145 330
46 160
326 463
372 535
24 642
93 372
25 160
136 535
312 754
299 372
39 496
340 372
442 299
436 61
735 442
708 754
691 340
736 313
19 708
267 313
406 39
743 39
739 136
286 442
612 736
216 691
328 46
748 743
230 39
527 691
705 442
60 612
587 743
273 708
1 739
470 527
109 691
561 328
164 60
124 164
608 561
261 587
396 261
403 587
143 164
168 164
657 124
445 527
156 124
530 261
495 530
339 156
459 561
309 261
349 273
521 230
441 470
500 339
376 561
163 521
484 495
269 309
416 459
581 441
258 416
13 581
684 269
302 684
54 376
249 164
689 530
275 521
560 530
545 258
85 54
504 156
213 504
676 705
201 500
757 302
28 302
682 201
394 309
547 85
384 213
658 682
221 163
63 163
597 221
66 302
88 547
457 682
97 457
724 560
382 213
389 457
21 97
474 682
700 597
335 66
50 684
152 384
716 682
674 221
94 474
594 716
151 384
509 151
548 700
240 151
4 700
241 700
640 97
237 335
698 97
141 63
177 237
577 88
462 151
538 509
768 548
44 462
565 66
122 177
506 577
766 577
781 506
734 716
410 462
563 237
460 548
415 700
692 538
494 462
351 141
194 692
696 768
357 44
103 506
575 734
170 768
131 563
262 103
468 131
519 241
395 170
759 44
744 410
301 519
614 563
128 575
794 744
245 575
53 128
305 506
333 170
617 305
268 519
303 245
311 301
492 311
556 245
248 556
605 311
585 333
329 759
112 170
392 794
270 311
236 395
48 617
282 617
26 303
365 617
379 794
564 794
108 26
799 53
607 48
709 379
583 585
348 236
358 131
444 177
606 794
541 348
375 575
87 583
780 379
159 444
361 270
83 794
96 53
30 365
264 48
224 392
158 96
702 365
205 702
107 329
449 26
665 702
310 107
383 159
171 30
722 112
447 107
98 158
786 96
721 449
785 159
544 702
218 348
314 541
252 786
197 722
675 159
149 264
179 149
681 702
8 314
433 583
668 224
193 583
730 721
438 348
214 30
667 675
650 665
7 447
539 383
764 668
508 438
247 314
79 197
17 87
174 8
387 247
635 721
120 179
758 98
378 79
323 635
206 323
139 17
435 107
680 7
456 702
198 79
226 508
233 508
513 758
62 680
511 635
491 650
56 447
321 179
47 139
515 47
473 764
20 668
761 206
102 650
641 79
346 635
356 387
483 650
69 346
723 641
466 764
219 764
228 62
699 198
793 228
318 247
99 346
512 323
114 247
78 198
595 483
234 47
308 539
306 641
244 306
648 513
140 308
144 114
271 483
0 595
637 219
185 228
576 271
418 595
73 637
603 99
649 79
57 603
265 318
779 47
443 418
405 306
253 265
522 418
755 387
426 73
12 418
192 306
584 12
373 12
746 265
480 140
257 746
402 373
532 426
673 779
557 637
52 522
208 746
502 480
190 306
660 57
399 699
497 746
397 190
40 755
663 73
155 443
679 576
707 265
45 185
514 397
715 673
647 649
741 576
499 73
289 208
188 603
285 480
91 502
133 637
421 779
664 707
704 133
77 421
467 443
31 660
150 648
350 265
117 746
452 397
74 499
634 77
64 679
697 426
593 707
624 467
542 77
290 150
370 77
176 402
67 593
225 285
32 505 732 307 643 65 123 204 118 425 630 485 424 627 729 215 622 763 
32 505
732 505
307 32
643 732
65 505
123 32
204 307
118 204
425 118
630 118
485 65
424 485
627 424
729 118
215 627
622 215
763 622
