!
652 654 501 254 150 162 571 290 615 105 45 475 64 679 276 188 390 660 531 182 621 104 603 287 31 180 57 552 385 590 89 529 165 59 578 725 231 70 520 35 191 84 488 10 74 499 316 409 573 753 352 137 355 636 604 532 362 73 697 
652 654
501 654
254 652
150 652
162 501
571 254
290 150
615 501
105 615
45 615
475 105
64 290
679 64
276 64
188 45
390 475
660 188
531 390
182 531
621 182
104 276
603 660
287 390
31 188
180 621
57 603
552 180
385 287
590 180
89 590
529 385
165 529
59 590
578 552
725 165
231 725
70 725
520 231
35 725
191 35
84 89
488 520
10 520
74 578
499 74
316 84
409 316
573 10
753 409
352 84
137 74
355 352
636 137
604 636
532 499
362 604
73 532
697 499
442 735 286 299 705 93 326 743 340 372 495 587 403 393 535 672 55 463 530 39 396 261 450 216 748 691 484 527 230 445 676 580 68 465 496 46 136 639 642 294 160 796 381 371 312 738 431 470 109 440 685 656 754 24 406 739 13 330 328 1 441 145 581 344 61 608 708 25 19 561 313 436 459 736 267 273 376 612 60 54 500 124 143 164 339 85 156 416 168 657 258 349 201 545 658 504 682 249 213 474 97 457 21 716 384 94 389 382 594 640 151 152 698 494 734 240 462 509 575 44 538 410 128 53 194 692 357 759 799 245 556 744 303 248 794 158 96 392 26 375 108 329 98 379 786 780 83 224 564 107 447 709 606 449 310 252 758 7 721 513 730 680 206 435 668 635 62 56 323 764 228 761 511 99 346 69 473 793 466 648 185 219 
442 735
286 735
299 442
705 286
93 299
326 286
743 326
340 299
372 340
495 705
587 743
403 587
393 326
535 372
672 393
55 535
463 672
530 403
39 743
396 530
261 396
450 55
216 340
748 261
691 340
484 216
527 691
230 39
445 216
676 495
580 450
68 580
465 68
496 393
46 496
136 535
639 496
642 639
294 535
160 642
796 294
381 68
371 796
312 46
738 160
431 738
470 527
109 470
440 294
685 465
656 440
754 431
24 754
406 312
739 136
13 445
330 656
328 406
1 739
441 109
145 330
581 441
344 145
61 685
608 406
708 754
25 61
19 708
561 608
313 25
436 61
459 561
736 313
267 436
273 19
376 459
612 736
60 612
54 376
500 273
124 267
143 60
164 143
339 500
85 54
156 124
416 85
168 164
657 124
258 500
349 339
201 258
545 201
658 545
504 339
682 658
249 657
213 504
474 682
97 682
457 97
21 97
716 682
384 249
94 716
389 21
382 213
594 716
640 594
151 384
152 382
698 389
494 698
734 640
240 151
462 152
509 240
575 734
44 462
538 509
410 462
128 734
53 128
194 509
692 538
357 44
759 357
799 53
245 575
556 575
744 410
303 245
248 556
794 744
158 53
96 799
392 794
26 303
375 248
108 26
329 303
98 158
379 794
786 98
780 379
83 392
224 83
564 379
107 329
447 375
709 780
606 83
449 224
310 329
252 447
758 98
7 252
721 449
513 758
730 721
680 7
206 310
435 7
668 730
635 721
62 680
56 62
323 635
764 709
228 435
761 206
511 323
99 761
346 761
69 346
473 764
793 228
466 473
648 513
185 62
219 473
169 481 574 324 178 132 5 518 487 711 420 559 359 598 34 334 377 336 400 568 354 769 678 341 747 651 172 251 347 446 196 
169 481
574 481
324 574
178 574
132 178
5 324
518 169
487 324
711 132
420 178
559 420
359 559
598 711
34 359
334 487
377 518
336 559
400 336
568 400
354 568
769 354
678 400
341 678
747 341
651 678
172 769
251 172
347 747
446 251
196 446
534 
366 710 14 628 386 537 618 210 407 498 388 476 455 471 148 472 277 161 683 29 591 720 292 167 611 566 477 184 369 638 229 331 288 528 774 533 116 562 343 536 279 125 653 701 146 203 454 278 482 718 631 76 430 199 582 322 733 327 338 142 291 100 130 784 414 686 23 540 227 189 610 222 751 411 706 451 260 72 760 517 51 633 655 173 646 43 298 246 272 589 703 567 211 731 661 212 135 586 469 183 422 478 195 92 419 239 439 486 569 507 332 525 232 11 765 782 281 367 186 579 
366 710
14 710
628 710
386 14
537 628
618 386
210 366
407 386
498 537
388 210
476 407
455 537
471 407
148 210
472 471
277 498
161 277
683 455
29 476
591 148
720 591
292 29
167 683
611 388
566 167
477 591
184 148
369 611
638 369
229 498
331 472
288 638
528 229
774 229
533 774
116 184
562 528
343 774
536 566
279 331
125 167
653 184
701 29
146 343
203 701
454 562
278 638
482 125
718 720
631 203
76 454
430 278
199 477
582 718
322 536
733 454
327 631
338 701
142 76
291 199
100 482
130 76
784 146
414 582
686 130
23 338
540 686
227 653
189 327
610 100
222 322
751 23
411 610
706 142
451 610
260 784
72 260
760 414
517 72
51 227
633 451
655 291
173 633
646 760
43 633
298 51
246 646
272 173
589 298
703 272
567 706
211 43
731 211
661 589
212 517
135 703
586 760
469 586
183 589
422 646
478 586
195 211
92 422
419 478
239 703
439 731
486 183
569 135
507 567
332 569
525 661
232 183
11 422
765 195
782 239
281 765
367 212
186 367
579 11
295 795 297 543 138 41 644 762 18 756 67 763 790 217 350 797 593 215 664 622 707 40 16 253 289 497 715 787 677 117 789 627 401 166 432 485 111 616 257 208 670 746 625 265 775 71 662 745 770 755 209 127 740 424 524 225 304 363 695 421 80 550 110 489 546 318 671 526 144 673 428 788 285 226 126 77 233 779 558 65 634 429 398 645 693 114 601 777 259 387 750 356 113 204 175 266 370 47 307 315 508 95 360 438 480 33 659 626 515 643 542 425 609 27 502 723 256 434 588 238 91 247 36 427 118 234 139 732 140 17 417 193 505 32 192 613 433 399 423 729 551 314 687 174 383 599 218 308 244 121 798 514 337 8 554 785 223 539 123 408 306 516 190 493 675 722 348 630 699 541 667 641 380 452 87 391 153 632 397 368 629 364 583 619 197 236 690 771 198 405 600 293 159 263 464 333 444 79 9 342 585 649 490 727 669 6 112 395 620 737 274 75 90 742 647 378 170 791 171 82 214 49 351 614 728 749 157 358 565 78 2 510 42 522 141 596 52 319 460 768 605 134 696 688 553 491 767 115 155 131 713 776 602 467 563 418 503 301 177 311 38 296 544 468 30 119 492 200 456 283 519 12 101 202 461 0 719 443 237 726 415 595 624 250 361 220 270 681 674 268 122 50 181 479 335 717 548 702 413 650 63 37 66 365 555 453 623 665 282 28 320 607 129 483 617 187 584 373 22 15 241 48 205 149 264 714 102 284 773 325 221 778 275 321 81 781 700 404 402 176 262 305 684 772 766 302 757 4 712 694 255 597 163 783 521 269 271 179 394 103 506 412 724 752 154 437 549 523 3 577 741 448 317 120 235 345 547 560 666 576 242 300 458 86 309 88 689 353 243 
295 795
297 295
543 295
138 543
41 138
644 795
762 543
18 644
756 762
67 756
763 644
790 297
217 297
350 756
797 790
593 18
215 790
664 350
622 763
707 67
40 707
16 217
253 40
289 18
497 350
715 593
787 215
677 289
117 715
789 215
627 787
401 16
166 16
432 789
485 627
111 289
616 432
257 707
208 257
670 401
746 257
625 616
265 257
775 622
71 16
662 789
745 71
770 166
755 265
209 670
127 71
740 127
424 485
524 485
225 209
304 770
363 770
695 745
421 677
80 625
550 80
110 775
489 363
546 421
318 755
671 110
526 546
144 318
673 421
428 671
788 428
285 225
226 755
126 671
77 546
233 226
779 673
558 740
65 524
634 77
429 671
398 695
645 788
693 429
114 144
601 634
777 80
259 645
387 144
750 126
356 114
113 693
204 398
175 550
266 398
370 601
47 779
307 65
315 259
508 226
95 259
360 113
438 508
480 285
33 424
659 750
626 175
515 47
643 65
542 370
425 204
609 360
27 558
502 480
723 47
256 33
434 95
588 33
238 175
91 502
247 387
36 434
427 659
118 425
234 723
139 723
732 643
140 480
17 139
417 434
193 508
505 732
32 505
192 234
613 427
433 193
399 192
423 417
729 27
551 256
314 247
687 551
174 247
383 174
599 238
218 314
308 140
244 192
121 613
798 551
514 399
337 514
8 383
554 423
785 8
223 121
539 174
123 32
408 798
306 244
516 798
190 514
493 599
675 539
722 17
348 218
630 118
699 306
541 348
667 675
641 306
380 223
452 337
87 433
391 121
153 337
632 554
397 514
368 153
629 391
364 516
583 87
619 368
197 722
236 87
690 619
771 629
198 641
405 699
600 771
293 629
159 785
263 452
464 368
333 583
444 159
79 198
9 293
342 600
585 333
649 405
490 690
727 263
669 600
6 464
112 197
395 236
620 342
737 9
274 737
75 9
90 6
742 669
647 727
378 79
170 585
791 274
171 79
82 742
214 171
49 274
351 170
614 444
728 490
749 742
157 791
358 614
565 444
78 649
2 728
510 728
42 75
522 78
141 395
596 49
52 647
319 90
460 170
768 170
605 112
134 42
696 460
688 134
553 510
491 78
767 749
115 319
155 52
131 614
713 157
776 553
602 776
467 155
563 131
418 522
503 553
301 605
177 563
311 301
38 776
296 115
544 214
468 131
30 544
119 776
492 311
200 688
456 491
283 767
519 301
12 418
101 119
202 200
461 713
0 12
719 200
443 12
237 563
726 202
415 519
595 0
624 467
250 461
361 30
220 719
270 361
681 456
674 415
268 492
122 468
50 177
181 296
479 296
335 50
717 713
548 674
702 361
413 119
650 681
63 768
37 726
66 50
365 361
555 413
453 220
623 479
665 702
282 365
28 63
320 623
607 282
129 717
483 650
617 365
187 717
584 443
373 584
22 453
15 22
241 415
48 607
205 665
149 665
264 205
714 37
102 483
284 320
773 22
325 714
221 548
778 187
275 28
321 102
81 129
781 241
700 241
404 284
402 584
176 402
262 617
305 262
684 66
772 284
766 781
302 684
757 302
4 781
712 187
694 325
255 81
597 221
163 275
783 255
521 275
269 757
271 321
179 102
394 757
103 305
506 4
412 712
724 394
752 772
154 412
437 752
549 404
523 176
3 549
577 506
741 523
448 255
317 154
120 179
235 437
345 235
547 597
560 394
666 694
576 271
242 3
300 741
458 783
86 345
309 269
88 547
689 560
353 3
243 458
512 637 20 557 663 426 704 570 133 58 374 106 280 207 792 147 572 592 
512 637
20 512
557 637
663 557
426 663
704 663
570 663
133 704
58 570
374 704
106 426
280 106
207 280
792 106
147 792
572 147
592 572
