!
178 574 481 169 324 711 132 420 359 598 487 362 518 559 34 604 352 355 5 334 400 336 354 568 636 769 678 409 341 316 137 747 651 377 753 59 347 251 590 446 578 172 196 374 451 411 135 173 703 272 569 332 542 601 239 534 526 592 111 
178 574
481 574
169 574
324 574
711 178
132 574
420 178
359 420
598 711
487 359
362 574
518 481
559 359
34 359
604 362
352 518
355 518
5 481
334 487
400 359
336 400
354 559
568 400
636 604
769 354
678 400
409 355
341 678
316 355
137 636
747 341
651 678
377 316
753 377
59 355
347 747
251 769
590 59
446 137
578 604
172 446
196 446
374 678
451 59
411 451
135 411
173 411
703 135
272 173
569 135
332 135
542 451
601 542
239 332
534 332
526 601
592 534
111 526
327 631 582 23 414 203 701 292 751 720 718 338 189 29 353 242 760 476 86 279 477 472 3 586 345 471 469 478 407 618 386 246 549 646 331 14 591 291 419 437 161 148 404 199 772 104 710 422 752 277 276 366 628 655 498 235 92 284 523 320 11 184 571 579 537 210 413 388 448 479 254 555 229 243 623 181 455 653 562 227 589 130 654 76 454 661 528 652 162 686 783 475 116 119 683 501 458 38 540 298 529 105 142 255 611 81 385 296 101 51 343 733 525 776 115 129 183 287 317 390 486 602 774 533 167 488 503 615 638 146 154 566 520 369 553 288 319 125 706 232 231 412 536 278 531 725 35 430 482 165 784 510 717 712 10 70 191 90 2 322 517 6 621 187 182 100 567 728 72 260 89 552 727 180 573 263 713 610 84 222 778 464 
327 631
582 327
23 631
414 582
203 631
701 203
292 631
751 23
720 582
718 582
338 23
189 23
29 701
353 751
242 353
760 414
476 29
86 23
279 29
477 718
472 476
3 353
586 760
345 279
471 476
469 586
478 586
407 29
618 720
386 472
246 760
549 353
646 760
331 472
14 386
591 477
291 718
419 478
437 345
161 471
148 591
404 549
199 291
772 437
104 586
710 14
422 646
752 437
277 161
276 104
366 710
628 366
655 646
498 277
235 752
92 646
284 404
523 104
320 284
11 92
184 591
571 419
579 11
537 498
210 710
413 284
388 210
448 472
479 404
254 571
555 413
229 277
243 437
623 404
181 479
455 537
653 477
562 229
227 199
589 655
130 243
654 571
76 130
454 243
661 655
528 454
652 654
162 654
686 243
783 243
475 162
116 653
119 555
683 455
501 571
458 243
38 119
540 243
298 227
529 661
105 475
142 562
255 243
611 210
81 783
385 661
296 38
101 479
51 227
343 229
733 142
525 661
776 119
115 479
129 81
183 298
287 385
317 255
390 287
486 525
602 776
774 733
533 774
167 683
488 525
503 602
615 105
638 388
146 533
154 540
566 167
520 385
369 638
553 503
288 566
319 115
125 167
706 142
232 486
231 385
412 317
536 288
278 388
531 105
725 231
35 231
430 278
482 533
165 231
784 774
510 602
717 81
712 412
10 231
70 35
191 35
90 319
2 503
322 536
517 784
6 90
621 531
187 712
182 621
100 482
567 706
728 2
72 784
260 72
89 70
552 182
727 90
180 182
573 10
263 6
713 2
610 322
84 89
222 322
778 187
464 6
16 166 71 740 363 670 304 770 745 762 127 401 209 489 217 795 543 41 297 138 558 67 295 797 790 695 27 398 644 266 485 
16 166
71 16
740 16
363 166
670 166
304 71
770 166
745 71
762 16
127 71
401 745
209 363
489 363
217 71
795 762
543 762
41 762
297 795
138 795
558 740
67 543
295 297
797 297
790 797
695 745
27 558
398 695
644 795
266 398
485 790
123 
220 719 453 688 726 202 200 22 15 283 134 37 773 42 767 82 714 325 596 694 75 749 250 461 742 666 49 669 9 737 293 280 207 274 600 771 629 106 391 157 791 342 620 599 121 493 223 613 507 380 364 490 792 632 367 427 516 238 659 212 750 687 690 609 798 619 554 626 360 147 175 186 417 113 423 368 551 408 439 153 315 126 110 731 429 693 777 434 550 259 36 95 671 428 256 80 645 765 625 775 195 211 281 432 789 616 452 662 787 33 633 337 588 788 546 43 572 215 782 370 
220 719
453 220
688 719
726 719
202 220
200 719
22 220
15 453
283 719
134 688
37 726
773 22
42 688
767 283
82 767
714 22
325 714
596 134
694 714
75 42
749 82
250 37
461 250
742 749
666 325
49 596
669 742
9 75
737 49
293 75
280 666
207 280
274 737
600 82
771 293
629 75
106 207
391 293
157 49
791 49
342 669
620 342
599 600
121 391
493 121
223 121
613 121
507 280
380 223
364 342
490 274
792 507
632 490
367 792
427 613
516 620
238 599
659 613
212 367
750 427
687 364
690 490
609 659
798 687
619 632
554 632
626 493
360 609
147 792
175 626
186 212
417 632
113 609
423 417
368 690
551 516
408 798
439 186
153 690
315 360
126 750
110 360
731 367
429 315
693 110
777 626
434 315
550 777
259 315
36 434
95 434
671 360
428 95
256 798
80 175
645 428
765 186
625 550
775 110
195 765
211 731
281 765
432 625
789 625
616 625
452 153
662 625
787 616
33 777
633 195
337 36
588 33
788 315
546 788
43 633
572 765
215 616
782 572
370 95
68 465 381 463 55 160 440 450 642 580 796 738 639 294 656 535 330 685 61 431 393 145 46 496 313 754 371 672 93 372 344 24 25 299 136 19 326 340 39 436 735 442 708 736 691 267 312 739 328 216 743 230 286 612 705 273 527 1 587 60 470 406 561 124 445 109 500 143 168 608 261 403 164 748 156 441 657 339 495 376 530 309 396 459 163 521 484 349 269 581 13 258 249 504 302 54 684 275 201 416 560 689 213 394 85 757 545 676 28 63 658 384 682 66 221 21 547 597 389 50 382 97 88 457 335 724 700 594 94 716 674 548 577 151 474 152 240 509 241 640 766 698 237 4 177 462 506 781 141 768 122 494 563 44 538 415 565 696 194 734 692 410 131 468 103 357 575 351 170 305 460 262 395 759 744 519 301 245 794 617 268 614 128 605 311 585 303 333 492 112 108 556 53 48 270 392 248 236 799 365 444 358 375 607 26 361 282 583 379 780 329 159 564 348 83 541 30 224 158 87 96 205 606 449 702 709 218 107 264 665 171 785 447 786 98 544 314 310 721 214 197 252 675 433 149 383 722 193 667 17 8 730 681 120 179 206 7 174 438 635 758 650 764 323 139 680 79 247 723 668 508 456 539 233 378 511 198 761 435 226 473 466 515 513 62 641 387 491 356 228 346 219 69 483 99 234 318 595 47 321 102 144 793 699 244 56 20 0 512 114 308 306 140 78 418 405 755 637 649 779 57 271 522 192 185 265 603 532 12 443 648 746 426 253 663 673 576 373 647 40 480 73 557 502 190 257 660 584 208 399 707 155 45 679 514 285 188 150 624 634 397 741 289 91 421 52 715 133 499 58 497 467 756 664 704 31 77 176 74 697 290 64 117 350 300 402 225 570 593 
68 465
381 465
463 68
55 68
160 465
440 68
450 465
642 160
580 381
796 68
738 642
639 160
294 796
656 294
535 294
330 440
685 381
61 160
431 160
393 463
145 656
46 160
496 642
313 330
754 46
371 294
672 55
93 55
372 535
344 330
24 754
25 313
299 450
136 372
19 754
326 393
340 372
39 393
436 61
735 299
442 299
708 754
736 313
691 340
267 436
312 754
739 136
328 754
216 372
743 39
230 39
286 442
612 736
705 286
273 436
527 691
1 739
587 743
60 612
470 527
406 312
561 328
124 267
445 527
109 470
500 273
143 60
168 60
608 561
261 587
403 705
164 612
748 587
156 124
441 109
657 124
339 156
495 286
376 561
530 261
309 261
396 530
459 376
163 561
521 163
484 445
349 339
269 309
581 441
13 581
258 500
249 60
504 156
302 309
54 376
684 302
275 521
201 258
416 258
560 530
689 530
213 504
394 560
85 54
757 684
545 258
676 495
28 684
63 163
658 201
384 213
682 658
66 684
221 275
21 682
547 85
597 547
389 504
50 66
382 504
97 201
88 547
457 97
335 50
724 560
700 597
594 97
94 545
716 97
674 700
548 221
577 88
151 384
474 94
152 384
240 151
509 151
241 597
640 97
766 577
698 457
237 335
4 88
177 335
462 151
506 577
781 506
141 177
768 548
122 237
494 97
563 237
44 462
538 240
415 548
565 177
696 768
194 509
734 716
692 194
410 462
131 563
468 131
103 577
357 44
575 734
351 768
170 351
305 506
460 768
262 506
395 170
759 357
744 410
519 415
301 519
245 575
794 744
617 305
268 766
614 237
128 734
605 301
311 301
585 170
303 245
333 585
492 519
112 605
108 759
556 245
53 128
48 617
270 617
392 794
248 245
236 395
799 53
365 617
444 614
358 131
375 575
607 365
26 303
361 270
282 617
583 333
379 794
780 379
329 303
159 444
564 379
348 236
83 794
541 348
30 311
224 392
158 53
87 236
96 128
205 365
606 26
449 26
702 365
709 379
218 348
107 375
264 702
665 264
171 311
785 159
447 107
786 96
98 786
544 30
314 348
310 107
721 449
214 171
197 171
252 447
675 159
433 87
149 665
383 314
722 197
193 433
667 675
17 722
8 667
730 721
681 544
120 158
179 149
206 310
7 252
174 8
438 348
635 730
758 786
650 149
764 780
323 635
139 17
680 252
79 171
247 314
723 17
668 730
508 433
456 650
539 8
233 139
378 79
511 635
198 79
761 511
435 7
226 508
473 764
466 473
515 139
513 758
62 7
641 198
387 247
491 544
356 247
228 62
346 635
219 764
69 346
483 650
99 346
234 139
318 387
595 483
47 139
321 483
102 483
144 247
793 62
699 378
244 641
56 435
20 473
0 483
512 473
114 247
308 667
306 244
140 308
78 0
418 595
405 699
755 318
637 512
649 405
779 47
57 99
271 321
522 418
192 306
185 228
265 318
603 57
532 69
12 418
443 595
648 513
746 265
426 532
253 265
663 637
673 779
576 271
373 483
647 649
40 265
480 140
73 426
557 637
502 480
190 405
257 265
660 57
584 443
208 746
399 244
707 208
155 0
45 185
679 576
514 190
285 480
188 660
150 648
624 443
634 673
397 514
741 679
289 40
91 480
421 634
52 624
715 779
133 219
499 532
58 426
497 707
467 418
756 707
664 497
704 133
31 660
77 421
176 741
74 499
697 58
290 150
64 679
117 208
350 756
300 741
402 176
225 285
570 697
593 208
18 677 622 763 627 424 524 643 307 65 732 204 425 505 32 118 729 630 
18 677
622 18
763 18
627 763
424 627
524 424
643 524
307 524
65 524
732 643
204 307
425 204
505 732
32 505
118 425
729 118
630 118
