? 7 143 531 182 696 27 146 687 
? 7 330 557 518 797 249 528 191 
? 7 267 537 406 729 38 503 458 
? 7 58 107 271 593 781 238 410 
? 7 10 44 793 759 439 754 622 
? 7 340 695 432 630 286 201 721 
? 7 15 471 792 736 131 470 624 
? 7 520 590 532 45 355 614 670 
? 6 463 693 192 335 659 212 
? 6 299 480 420 213 390 758 
? 6 440 447 243 402 507 569 
? 6 437 466 5 715 102 641 
? 6 482 595 711 411 53 258 
? 6 173 260 95 448 534 74 
? 6 628 654 278 675 64 100 
? 6 509 766 477 339 233 637 
? 6 600 790 106 158 360 312 
? 6 261 647 493 177 55 500 
? 6 152 313 776 504 684 427 
? 6 90 761 467 712 744 33 
? 5 160 519 394 408 194 
? 5 138 291 669 774 28 
? 5 184 438 325 69 349 
? 5 266 508 429 588 314 
? 5 13 92 499 551 544 
? 5 26 225 149 644 43 
? 5 372 700 224 464 187 
? 5 202 775 727 553 674 
? 5 296 782 209 172 780 
? 5 89 649 263 668 756 
? 5 239 589 566 396 449 
? 5 85 150 11 609 750 
? 5 246 282 108 96 67 
? 5 338 742 395 25 430 
? 5 183 741 371 116 16 
? 5 422 478 377 547 130 
? 5 57 140 366 620 679 
? 5 86 656 789 760 1 
? 4 147 655 704 309 
? 4 52 250 245 492 
? 4 582 643 456 164 
? 4 337 472 529 350 
? 4 12 270 56 634 
? 4 18 476 568 635 
? 4 452 703 117 334 
? 4 302 548 259 702 
? 4 401 686 384 109 
? 4 2 399 627 204 
? 4 112 578 190 328 
? 4 584 726 208 304 
? 4 37 587 252 502 
? 4 403 505 23 487 
? 4 82 241 386 316 
? 4 235 799 673 580 
? 4 388 633 223 30 
? 4 207 283 724 650 
? 4 101 113 425 121 
? 4 142 198 648 368 
? 4 104 134 367 3 
? 3 153 450 426 
? 3 751 772 61 
? 3 49 638 583 
? 3 501 517 563 
? 3 127 210 141 
? 3 236 240 166 
? 3 199 405 237 
? 3 640 710 619 
? 3 610 657 203 
? 3 342 755 65 
? 3 288 735 391 
? 3 542 658 414 
? 3 179 747 20 
? 3 277 375 40 
? 3 326 706 445 
? 3 269 365 720 
? 3 496 521 560 
? 3 181 229 603 
? 3 512 608 764 
? 3 62 186 469 
? 3 451 602 84 
? 3 148 221 524 
? 3 486 591 494 
? 3 29 459 393 
? 3 290 564 123 
? 3 257 398 539 
? 3 298 771 145 
? 3 51 416 303 
? 3 8 535 697 
? 3 168 226 220 
? 3 733 745 694 
? 3 110 653 175 
? 3 561 601 768 
? 3 189 353 435 
? 3 400 490 543 
? 3 575 618 133 
? 3 526 645 698 
? 3 114 358 662 
? 3 126 688 473 
? 3 357 748 6 
? 3 60 664 294 
? 3 446 541 705 
? 3 103 663 565 
!
86 656 789 760 1 
656 1
760 1
789 760
86 656
639 716 
639 716
796 
57 140 366 620 679 
57 620
57 140
140 366
366 679
794 
422 478 377 547 130 
422 130
478 547
422 478
422 377
788 
103 663 565 
663 565
103 663
783 
769 
352 763 
352 763
767 
762 
446 541 705 
446 541
446 705
183 741 371 116 16 
371 116
183 116
183 741
741 16
757 
331 651 
331 651
332 795 
332 795
31 389 
31 389
256 370 
256 370
60 664 294 
60 664
664 294
749 
357 748 6 
357 6
748 6
125 690 
125 690
126 688 473 
688 473
126 473
739 
738 
734 
324 506 
324 506
114 358 662 
114 358
358 662
723 
722 
413 549 
413 549
382 434 
382 434
338 742 395 25 430 
338 742
395 25
338 430
742 395
104 134 367 3 
104 134
104 367
104 3
71 341 
71 341
719 
526 645 698 
645 698
526 645
717 
714 
575 618 133 
618 133
575 133
713 
400 490 543 
490 543
400 490
189 353 435 
189 353
353 435
709 
699 
692 
691 
90 761 467 712 744 33 
467 744
90 761
90 744
90 33
761 712
683 
36 461 
36 461
682 
681 
561 601 768 
601 768
561 768
680 
678 
72 151 
72 151
596 666 
596 666
520 590 532 45 355 614 670 
590 532
520 590
520 45
532 355
355 670
590 614
110 653 175 
653 175
110 175
672 
671 
646 
642 
162 740 
162 740
631 
122 533 
122 533
626 
142 198 648 368 
142 198
648 368
142 368
483 737 
483 737
336 661 
336 661
15 471 792 736 131 470 624 
792 736
15 792
15 471
15 624
792 131
471 470
617 
733 745 694 
745 694
733 745
489 577 
489 577
168 226 220 
226 220
168 226
616 
607 
606 
455 676 
455 676
8 535 697 
8 535
535 697
246 282 108 96 67 
246 67
246 282
96 67
108 96
604 
599 
598 
51 416 303 
416 303
51 416
597 
171 454 
171 454
594 
625 732 
625 732
585 
298 771 145 
298 771
298 145
581 
257 398 539 
257 398
398 539
218 228 
218 228
101 113 425 121 
101 113
113 121
101 425
154 441 
154 441
290 564 123 
564 123
290 123
85 150 11 609 750 
11 609
85 150
150 750
150 11
239 589 566 396 449 
589 566
239 589
396 449
566 449
570 
567 
99 383 
99 383
111 460 
111 460
207 283 724 650 
283 724
207 283
724 650
297 573 
297 573
562 
559 
558 
50 197 
50 197
555 
388 633 223 30 
223 30
388 223
633 223
554 
552 
546 
527 
321 621 
321 621
46 87 
46 87
98 317 
98 317
522 
514 
235 799 673 580 
235 673
235 799
673 580
82 241 386 316 
82 241
386 316
82 316
550 798 
550 798
167 281 
167 281
513 
340 695 432 630 286 201 721 
340 695
286 721
340 630
695 201
340 432
630 286
574 605 
574 605
511 
29 459 393 
29 459
29 393
498 
486 591 494 
486 591
591 494
148 221 524 
221 524
148 221
419 576 
419 576
485 770 
485 770
248 474 
248 474
495 
152 313 776 504 684 427 
776 427
152 427
313 776
313 504
313 684
491 
481 
468 
89 649 263 668 756 
89 668
649 668
89 756
263 668
465 
188 785 
188 785
170 244 
170 244
261 647 493 177 55 500 
261 647
261 55
177 500
647 493
177 55
73 728 
73 728
462 
457 
453 
444 
443 
68 378 
68 378
231 510 
231 510
442 
451 602 84 
451 602
451 84
433 
431 
272 725 
272 725
323 786 
323 786
296 782 209 172 780 
782 172
782 209
296 780
296 209
428 
412 791 
412 791
215 253 
215 253
424 
289 301 
289 301
600 790 106 158 360 312 
600 106
600 790
106 158
790 360
360 312
509 766 477 339 233 637 
477 233
509 339
766 339
509 477
233 637
423 
421 
242 347 
242 347
93 205 
93 205
629 787 
629 787
202 775 727 553 674 
202 727
727 553
202 775
775 674
418 
628 654 278 675 64 100 
628 278
278 64
654 64
628 100
278 675
403 505 23 487 
403 23
403 505
23 487
37 587 252 502 
587 252
587 502
37 587
372 700 224 464 187 
224 464
700 224
372 700
700 187
584 726 208 304 
726 208
584 726
584 304
387 
305 730 
305 730
112 578 190 328 
578 190
112 578
578 328
380 
379 
376 
525 765 
525 765
62 186 469 
62 186
186 469
374 
632 660 
632 660
373 
369 
363 
169 746 
169 746
484 689 
484 689
361 
359 
2 399 627 204 
2 399
2 627
627 204
512 608 764 
608 764
512 608
181 229 603 
229 603
181 229
346 
496 521 560 
496 560
496 521
345 
173 260 95 448 534 74 
260 74
95 534
173 448
173 260
448 534
327 
319 
318 
315 
308 
206 571 753 586 144 216 667 351 284 701 128 
206 571
753 206
586 571
144 571
216 586
667 571
351 571
284 351
701 144
128 701
306 
26 225 149 644 43 
26 225
149 644
225 644
225 43
300 
295 
401 686 384 109 
686 384
401 384
401 109
13 92 499 551 544 
13 92
92 499
13 551
551 544
482 595 711 411 53 258 
482 411
482 711
595 258
595 711
53 258
115 407 
115 407
292 
269 365 720 
269 720
365 720
287 
75 611 
75 611
307 311 
307 311
326 706 445 
326 445
326 706
277 375 40 
375 40
277 40
179 747 20 
179 20
179 747
48 777 
48 777
285 
279 
24 42 
24 42
276 
273 
302 548 259 702 
302 548
548 259
548 702
452 703 117 334 
452 703
452 117
703 334
356 381 
356 381
265 
262 
542 658 414 
542 658
658 414
266 508 429 588 314 
266 508
429 588
266 588
429 314
184 438 325 69 349 
438 69
69 349
184 438
438 325
254 
232 264 
232 264
18 476 568 635 
18 476
18 568
476 635
251 
288 735 391 
288 735
288 391
437 466 5 715 102 641 
715 641
466 5
102 641
437 102
437 5
247 
354 718 
354 718
234 
88 615 
88 615
230 
227 
219 
342 755 65 
755 65
342 65
217 
10 44 793 759 439 754 622 
10 44
793 754
44 793
44 759
759 622
10 439
200 
610 657 203 
610 657
610 203
640 710 619 
640 710
710 619
195 
364 731 
364 731
536 636 
536 636
119 516 
119 516
58 107 271 593 781 238 410 
58 107
58 271
107 238
593 781
58 781
238 410
193 
185 
180 
199 405 237 
199 405
199 237
176 
255 280 
255 280
174 
163 
161 
157 
488 592 
488 592
320 545 
320 545
155 
137 
440 447 243 402 507 569 
447 402
440 402
447 243
440 569
507 569
222 665 
222 665
105 784 
105 784
236 240 166 
236 240
236 166
135 
267 537 406 729 38 503 458 
267 729
38 458
267 458
406 38
537 729
537 503
124 
120 
118 
127 210 141 
127 210
127 141
97 
94 
501 517 563 
517 563
501 517
132 652 
132 652
310 677 275 515 165 196 0 415 572 159 
310 677
275 677
515 310
165 275
196 165
0 165
415 0
572 165
159 196
138 291 669 774 28 
774 28
138 669
138 291
138 774
91 
348 778 
348 778
12 270 56 634 
270 56
56 634
12 634
293 397 
293 397
214 708 
214 708
139 436 
139 436
81 
77 
78 409 
78 409
76 
70 
79 178 
79 178
333 497 
333 497
268 579 
268 579
49 638 583 
49 638
49 583
385 773 
385 773
63 
330 557 518 797 249 528 191 
330 557
249 528
797 191
557 797
797 249
330 518
59 
751 772 61 
751 772
751 61
54 
80 538 
80 538
337 472 529 350 
337 529
472 529
337 350
35 475 
35 475
47 
322 540 
322 540
41 
39 
66 685 
66 685
34 
211 523 
211 523
582 643 456 164 
456 164
582 164
582 643
32 
129 404 
129 404
21 
19 
52 250 245 492 
52 245
52 492
250 492
147 655 704 309 
147 655
147 309
704 309
299 480 420 213 390 758 
480 213
420 213
299 480
480 758
299 390
343 417 707 274 623 613 612 752 556 344 743 
343 417
707 417
274 343
623 274
613 417
612 274
752 274
556 707
344 343
743 556
143 531 182 696 27 146 687 
143 531
531 696
531 687
143 182
27 687
143 146
329 362 
329 362
7 136 
7 136
156 479 
156 479
14 
530 779 
530 779
160 519 394 408 194 
394 408
160 519
519 194
394 194
83 392 
83 392
153 450 426 
450 426
153 450
17 22 
17 22
9 
463 693 192 335 659 212 
192 659
463 693
463 659
463 212
693 335
4 
