? 7 206 571 753 216 667 586 701 
? 7 44 793 10 759 754 583 622 
? 7 90 761 467 744 712 33 120 
? 7 509 766 339 477 233 637 147 
? 7 299 480 213 36 758 420 390 
? 7 143 531 696 182 27 687 146 
? 7 15 792 471 736 131 204 470 
? 7 463 693 192 212 659 54 469 
? 6 58 107 271 593 781 238 
? 6 173 260 448 95 534 74 
? 6 160 519 408 734 394 194 
? 6 209 782 172 296 615 780 
? 6 440 447 243 507 402 569 
? 6 372 700 464 224 187 427 
? 6 138 669 291 774 28 675 
? 6 600 790 158 527 106 126 
? 6 5 466 437 641 715 102 
? 6 340 695 432 630 721 439 
? 6 89 649 263 668 756 104 
? 6 184 438 69 325 349 733 
? 5 26 225 731 43 644 
? 5 482 595 411 711 625 
? 5 628 654 278 64 48 
? 5 520 590 532 45 355 
? 5 52 245 250 40 552 
? 5 261 647 348 55 493 
? 5 13 92 499 551 544 
? 5 553 727 202 382 763 
? 5 331 395 745 25 742 
? 5 150 609 85 11 592 
? 5 501 517 563 498 462 
? 5 57 140 366 620 679 
? 5 12 56 634 22 270 
? 5 401 686 384 109 514 
? 5 452 703 538 154 441 
? 5 381 456 582 406 616 
? 5 152 313 776 684 504 
? 5 38 458 267 537 729 
? 4 65 342 676 255 
? 4 751 772 324 450 
? 4 239 589 566 396 
? 4 429 445 508 326 
? 4 116 371 183 741 
? 4 223 633 30 388 
? 4 112 578 190 370 
? 4 199 547 405 237 
? 4 377 478 422 130 
? 4 168 226 220 317 
? 4 62 186 335 98 
? 4 181 229 603 387 
? 4 337 529 472 368 
? 4 49 638 746 218 
? 4 459 560 521 29 
? 4 656 789 1 86 
? 4 20 179 484 350 
? 4 87 123 290 134 
? 4 35 580 673 785 
? 4 367 423 322 318 
? 4 37 502 587 252 
? 3 610 657 203 
? 3 670 698 526 
? 3 436 739 473 
? 3 101 113 121 
? 3 298 771 145 
? 3 259 548 214 
? 3 127 210 627 
? 3 575 618 133 
? 3 476 635 18 
? 3 674 775 748 
? 3 156 479 565 
? 3 235 799 341 
? 3 189 353 435 
? 3 236 240 21 
? 3 142 198 648 
? 3 288 735 455 
? 3 96 764 67 
? 3 530 779 516 
? 3 177 500 778 
? 3 375 492 277 
? 3 338 430 303 
? 3 82 241 316 
? 3 486 591 494 
? 3 286 391 201 
? 3 269 365 373 
? 3 246 282 108 
? 3 208 364 726 
? 3 257 398 710 
? 3 307 311 312 
? 3 2 399 379 
? 3 561 601 768 
? 3 305 730 425 
? 3 118 664 619 
? 3 542 658 280 
? 3 7 136 682 
? 3 333 386 497 
? 3 84 139 704 
? 3 166 513 230 
? 3 451 602 347 
? 3 283 314 724 
? 3 490 543 719 
? 3 276 584 304 
? 3 581 645 83 
!
38 458 267 537 729 
267 729
38 458
458 267
537 729
443 777 
443 777
798 
152 313 776 684 504 
313 776
313 504
152 776
313 684
794 
381 456 582 406 616 
381 456
456 406
406 616
381 582
788 
581 645 83 
645 83
581 645
783 
773 
301 332 
301 332
769 
767 
276 584 304 
276 304
584 304
452 703 538 154 441 
452 703
538 154
452 538
452 441
762 
321 621 
321 621
262 315 
262 315
60 539 
60 539
41 749 
41 749
490 543 719 
490 543
490 719
757 
283 314 724 
283 314
283 724
412 791 
412 791
451 602 347 
451 602
451 347
737 
728 
723 
392 614 
392 614
166 513 230 
166 513
513 230
718 
714 
110 217 
110 217
149 327 
149 327
401 686 384 109 514 
401 514
686 384
401 384
109 514
37 502 587 252 
587 252
502 587
37 587
71 475 
71 475
713 
84 139 704 
139 704
84 139
709 
708 
333 386 497 
333 386
386 497
694 
7 136 682 
7 136
136 682
542 658 280 
542 658
658 280
692 
691 
688 
685 
184 438 69 325 349 733 
438 69
69 349
184 438
69 733
438 325
683 
559 567 
559 567
680 
672 
118 664 619 
664 619
118 619
671 
662 
545 740 
545 740
105 787 
105 787
463 693 192 212 659 54 469 
192 659
463 693
659 469
463 659
463 212
693 54
305 730 425 
730 425
305 425
646 
643 
642 
639 
555 784 
555 784
636 
361 495 
361 495
631 
367 423 322 318 
367 423
367 322
322 318
253 604 
253 604
605 796 
605 796
15 792 471 736 131 204 470 
792 736
15 792
471 204
15 471
792 131
471 470
624 
561 601 768 
601 768
561 768
34 632 
34 632
2 399 379 
2 399
2 379
617 
606 
598 
9 354 
9 354
307 311 312 
307 311
311 312
12 56 634 22 270 
12 22
56 270
56 634
12 634
597 
596 
579 
257 398 710 
257 398
257 710
574 
125 174 
125 174
573 
8 31 
8 31
570 
208 364 726 
208 726
208 364
568 
246 282 108 
246 282
246 108
273 585 
273 585
35 580 673 785 
35 580
580 673
35 785
512 608 
512 608
269 365 373 
269 373
365 373
57 140 366 620 679 
57 620
57 140
140 366
366 679
501 517 563 498 462 
563 498
517 498
517 462
501 498
562 
558 
68 533 
68 533
176 640 
176 640
87 123 290 134 
87 123
123 290
123 134
6 738 
6 738
554 
549 
546 
419 474 
419 474
536 
20 179 484 350 
20 179
179 350
179 484
522 
506 
491 
489 
117 523 
117 523
99 383 
99 383
308 550 
308 550
488 
487 
656 789 1 86 
656 1
789 1
656 86
459 560 521 29 
521 29
459 560
560 521
205 689 
205 689
115 697 
115 697
483 
143 531 696 182 27 687 146 
143 531
531 696
531 687
143 182
27 687
143 146
195 272 
195 272
481 
286 391 201 
286 391
391 201
465 
486 591 494 
486 591
591 494
82 241 316 
82 241
82 316
576 626 
576 626
93 678 
93 678
426 663 
426 663
461 
89 649 263 668 756 104 
649 104
89 668
649 668
89 756
263 668
457 
453 
449 
150 609 85 11 592 
609 11
150 85
150 11
609 592
444 
265 650 
265 650
141 725 
141 725
340 695 432 630 721 439 
340 695
340 630
695 439
340 432
432 721
153 279 
153 279
442 
434 
431 
428 
424 
19 50 
19 50
17 119 
17 119
421 
338 430 303 
338 430
430 303
418 
414 
599 722 
599 722
541 594 
541 594
331 395 745 25 742 
395 745
395 25
331 25
745 742
413 
114 716 
114 716
268 468 
268 468
400 
242 433 
242 433
5 466 437 641 715 102 
641 715
5 466
641 102
437 102
5 437
600 790 158 527 106 126 
600 106
600 790
158 106
790 126
158 527
393 
389 
446 510 
446 510
167 281 
167 281
336 404 
336 404
553 727 202 382 763 
727 202
553 727
553 382
727 763
385 
138 669 291 774 28 675 
774 28
291 675
138 669
138 291
138 774
49 638 746 218 
49 638
638 218
49 746
337 529 472 368 
472 368
337 529
529 368
13 92 499 551 544 
13 92
92 499
13 551
551 544
181 229 603 387 
229 603
181 229
229 387
380 
607 705 
607 705
62 186 335 98 
62 186
62 98
186 335
378 
376 
369 
666 795 
666 795
375 492 277 
375 492
492 277
363 
175 653 
175 653
360 
359 
356 
159 232 
159 232
111 460 
111 460
352 
351 
168 226 220 317 
226 220
220 317
168 226
177 500 778 
177 500
500 778
530 779 516 
779 516
530 516
346 
96 764 67 
96 67
96 764
345 
372 700 464 224 187 427 
464 224
700 224
372 700
224 427
700 187
344 
323 
320 
319 
306 
330 557 191 518 249 511 528 720 797 690 357 
330 557
191 330
518 557
249 330
511 557
528 518
720 249
797 720
690 330
357 191
300 
261 647 348 55 493 
261 647
261 55
647 493
348 55
297 
295 
377 478 422 130 
422 130
478 422
377 422
52 245 250 40 552 
52 245
250 552
245 552
250 40
440 447 243 507 402 569 
447 402
440 402
447 243
440 569
507 569
63 699 
63 699
292 
288 735 455 
288 735
735 455
289 
39 164 
39 164
362 564 
362 564
142 198 648 
142 198
198 648
236 240 21 
240 21
236 21
189 353 435 
189 353
353 435
329 540 
329 540
285 
284 
221 524 
221 524
266 
264 
199 547 405 237 
199 405
547 237
199 237
112 578 190 370 
578 190
112 370
112 578
51 416 
51 416
256 
254 
235 799 341 
235 799
799 341
520 590 532 45 355 
590 532
520 590
520 45
532 355
628 654 278 64 48 
628 278
278 64
654 64
628 48
248 
651 732 
651 732
223 633 30 388 
223 30
223 388
223 633
247 
156 479 565 
156 479
156 565
209 782 172 296 615 780 
782 172
209 782
296 780
209 296
209 615
234 
258 454 
258 454
231 
660 717 
660 717
228 
227 
219 
674 775 748 
674 775
674 748
215 
299 480 213 36 758 420 390 
480 213
213 420
299 480
480 758
299 390
36 420
193 
476 635 18 
476 18
476 635
575 618 133 
618 133
575 133
188 
652 786 
652 786
66 302 
66 302
80 334 
80 334
509 766 339 477 233 637 147 
477 233
637 147
509 339
766 339
509 477
233 637
185 
180 
171 
127 210 627 
127 210
210 627
169 
485 770 
485 770
163 
162 
161 
157 
294 702 
294 702
309 655 
309 655
155 
151 
160 519 408 734 394 194 
408 394
160 519
160 734
519 194
394 194
358 747 
358 747
629 665 
629 665
259 548 214 
259 214
259 548
144 
90 761 467 744 712 33 120 
467 744
90 761
90 744
90 33
761 712
761 120
137 
135 
128 
298 771 145 
298 771
298 145
124 
122 
101 113 121 
101 113
113 121
525 765 
525 765
310 677 275 165 515 196 0 415 572 207 
310 677
275 677
165 275
515 677
196 165
0 677
415 0
572 165
207 415
482 595 411 711 625 
482 411
482 711
595 711
595 625
103 
88 200 
88 200
116 371 183 741 
116 371
116 183
183 741
42 81 
42 81
79 178 
79 178
287 374 
287 374
97 
94 
100 170 
100 170
77 
76 
75 611 
75 611
73 496 
73 496
577 750 
577 750
436 739 473 
436 739
436 473
148 222 
148 222
72 
44 793 10 759 754 583 622 
44 10
793 754
44 793
44 759
759 622
793 583
70 
670 698 526 
670 526
698 526
61 
53 244 
53 244
429 445 508 326 
445 508
508 326
429 445
403 505 
403 505
59 
132 755 
132 755
47 
46 
197 760 
197 760
32 
91 211 
91 211
239 589 566 396 
589 566
239 589
566 396
24 
588 706 
588 706
23 
16 
751 772 324 450 
751 772
772 324
772 450
65 342 676 255 
65 255
342 676
342 255
173 260 448 95 534 74 
260 74
95 534
173 448
173 260
448 534
343 417 707 274 612 556 623 613 752 661 251 
343 417
707 417
274 343
612 274
556 417
623 274
613 274
752 274
661 556
251 623
206 571 753 216 667 586 701 
206 571
753 216
206 586
206 216
753 667
586 701
328 681 
328 681
410 503 
410 503
78 409 
78 409
14 
407 535 
407 535
26 225 731 43 644 
26 225
26 731
225 644
225 43
293 397 
293 397
610 657 203 
610 657
610 203
129 743 
129 743
4 
58 107 271 593 781 238 
58 107
58 271
107 238
593 781
58 781
3 
