? 7 206 571 753 216 586 144 723 
? 7 440 447 402 243 507 569 9 
? 7 44 793 10 759 754 622 583 
? 7 340 695 432 630 286 638 201 
? 7 15 792 471 736 131 204 470 
? 7 463 693 192 335 212 431 659 
? 7 143 531 696 182 687 701 128 
? 7 437 466 5 715 641 551 102 
? 6 58 107 271 781 593 238 
? 6 628 654 675 278 64 48 
? 6 160 519 408 194 394 734 
? 6 90 761 467 33 712 744 
? 6 173 260 448 95 534 80 
? 6 13 92 499 544 653 175 
? 6 152 313 504 776 684 427 
? 6 138 291 669 28 774 777 
? 6 482 595 711 411 625 258 
? 6 181 229 603 387 261 598 
? 6 209 782 172 296 615 200 
? 6 566 589 239 396 510 769 
? 5 509 766 339 477 233 
? 5 2 399 210 627 127 
? 5 85 150 750 609 11 
? 5 452 703 117 538 441 
? 5 429 508 445 588 266 
? 5 520 590 532 45 355 
? 5 600 790 106 158 307 
? 5 38 458 406 267 384 
? 5 299 480 390 213 420 
? 5 372 700 464 224 187 
? 5 26 225 43 731 149 
? 5 116 371 183 646 321 
? 5 553 727 382 202 775 
? 5 147 655 637 309 704 
? 5 18 476 568 635 366 
? 5 20 179 350 689 747 
? 5 751 772 146 153 450 
? 5 184 438 69 325 733 
? 4 140 620 57 679 
? 4 548 702 66 302 
? 4 501 517 136 563 
? 4 388 633 223 30 
? 4 55 647 493 177 
? 4 29 459 560 496 
? 4 62 186 98 516 
? 4 543 756 89 490 
? 4 168 226 220 317 
? 4 582 643 456 164 
? 4 235 799 673 35 
? 4 472 529 337 368 
? 4 199 547 405 237 
? 4 37 502 587 252 
? 4 190 578 112 328 
? 4 12 56 17 270 
? 4 123 290 87 564 
? 4 298 771 145 453 
? 4 104 649 134 668 
? 4 377 422 478 14 
? 4 288 735 676 657 
? 3 129 404 743 
? 3 101 113 272 
? 3 451 602 84 
? 3 52 245 250 
? 3 395 745 25 
? 3 401 686 109 
? 3 338 742 430 
? 3 283 415 724 
? 3 269 365 373 
? 3 410 503 292 
? 3 645 698 526 
? 3 67 246 108 
? 3 86 656 789 
? 3 65 342 132 
? 3 537 729 514 
? 3 27 263 3 
? 3 348 500 778 
? 3 7 353 189 
? 3 565 663 103 
? 3 83 670 392 
? 3 584 726 276 
? 3 608 764 96 
? 3 257 398 176 
? 3 419 674 575 
? 3 486 591 494 
? 3 40 492 375 
? 3 208 364 435 
? 3 488 592 533 
? 3 619 710 294 
? 3 82 241 386 
? 3 326 706 265 
? 3 142 198 648 
? 3 230 561 768 
? 3 389 610 203 
? 3 322 367 540 
? 3 214 259 345 
? 3 166 236 601 
? 3 211 523 334 
? 3 126 688 473 
? 3 530 681 779 
? 3 305 690 730 
? 3 255 658 280 
? 3 439 746 757 
!
184 438 69 325 733 
438 69
184 438
69 733
438 325
174 636 
174 636
795 
751 772 146 153 450 
772 146
153 450
146 153
751 772
791 
20 179 350 689 747 
20 689
20 179
350 747
179 747
788 
439 746 757 
746 757
439 746
785 
784 
16 161 
16 161
783 
773 
255 658 280 
255 280
255 658
18 476 568 635 366 
18 366
476 366
568 366
476 635
770 
301 468 
301 468
424 474 
424 474
423 767 
423 767
6 748 
6 748
305 690 730 
305 690
305 730
763 
530 681 779 
530 681
530 779
94 318 
94 318
126 688 473 
688 473
126 473
762 
758 
741 
162 521 
162 521
211 523 334 
211 523
523 334
739 
738 
319 718 
319 718
79 178 
79 178
147 655 637 309 704 
637 309
147 637
147 655
309 704
288 735 676 657 
735 676
288 735
676 657
442 652 
442 652
728 
166 236 601 
166 601
166 236
719 
716 
214 259 345 
214 259
259 345
714 
322 367 540 
322 367
322 540
389 610 203 
610 203
389 610
708 
699 
691 
685 
566 589 239 396 510 769 
566 589
589 239
396 510
566 510
239 769
682 
93 709 
93 709
680 
672 
230 561 768 
561 768
230 768
671 
651 
218 228 
218 228
308 798 
308 798
437 466 5 715 641 551 102 
715 641
466 5
641 102
437 102
551 102
437 5
142 198 648 
142 198
198 648
639 
632 
631 
621 
315 552 
315 552
617 
36 461 
36 461
614 
377 422 478 14 
422 14
422 478
377 14
332 596 
332 596
41 749 
41 749
143 531 696 182 687 701 128 
143 531
531 696
687 128
696 701
687 701
143 182
607 
326 706 265 
326 706
706 265
562 794 
562 794
82 241 386 
82 241
82 386
606 
605 
604 
376 421 
376 421
619 710 294 
619 294
619 710
553 727 382 202 775 
727 202
553 727
553 382
202 775
599 
597 
581 
488 592 533 
592 533
488 592
576 
273 356 
273 356
574 
697 732 
697 732
573 
208 364 435 
208 364
208 435
570 
40 492 375 
492 375
40 492
369 555 
369 555
104 649 134 668 
104 649
649 668
104 134
1 796 
1 796
486 591 494 
486 591
591 494
116 371 183 646 321 
116 371
183 646
371 646
116 321
26 225 43 731 149 
26 225
26 731
225 43
225 149
558 
554 
76 640 
76 640
75 611 
75 611
298 771 145 453 
298 771
298 145
771 453
559 567 
559 567
549 
546 
545 
416 713 
416 713
542 
123 290 87 564 
87 564
123 564
123 290
536 
522 
512 
506 
151 359 
151 359
169 666 
169 666
105 787 
105 787
498 
495 
12 56 17 270 
17 270
56 17
12 17
190 578 112 328 
190 578
578 112
578 328
381 585 
381 585
244 393 
244 393
491 
463 693 192 335 212 431 659 
192 659
463 693
463 659
192 431
463 212
693 335
347 433 
347 433
489 
419 674 575 
419 674
674 575
487 
257 398 176 
257 398
398 176
608 764 96 
608 764
764 96
68 277 
68 277
217 577 
217 577
541 594 
541 594
484 
209 782 172 296 615 200 
782 200
782 172
209 782
209 296
209 615
481 
469 
465 
372 700 464 224 187 
464 224
700 224
372 700
700 187
462 
205 678 
205 678
215 253 
215 253
181 229 603 387 261 598 
229 603
181 229
181 261
229 387
229 598
91 457 
91 457
455 
454 
449 
443 
434 
363 400 
363 400
21 333 
21 333
425 
584 726 276 
584 726
726 276
414 
413 
303 329 
303 329
293 297 
293 297
299 480 390 213 420 
480 213
213 420
299 480
299 390
412 
550 616 
550 616
497 513 
497 513
407 
483 737 
483 737
482 595 711 411 625 258 
482 411
625 258
482 711
595 258
595 711
138 291 669 28 774 777 
28 774
138 669
138 291
138 774
28 777
385 
380 
121 624 
121 624
163 357 
163 357
525 765 
525 765
38 458 406 267 384 
38 458
458 267
38 406
458 384
379 
152 313 504 776 684 427 
776 427
152 427
313 776
313 504
313 684
37 502 587 252 
587 252
502 587
37 587
199 547 405 237 
199 405
547 237
199 237
600 790 106 158 307 
158 307
600 106
600 790
106 307
472 529 337 368 
472 368
529 337
529 368
378 
341 650 
341 650
235 799 673 35 
235 673
235 799
673 35
374 
370 
362 
222 262 
222 262
83 670 392 
670 392
83 670
361 
193 316 
193 316
360 
352 
349 
73 740 
73 740
397 428 
397 428
346 
344 
582 643 456 164 
456 164
582 164
582 643
565 663 103 
565 663
663 103
7 353 189 
7 189
353 189
336 
348 500 778 
348 500
348 778
324 
13 92 499 544 653 175 
13 92
544 653
92 499
13 544
653 175
323 
320 
314 
312 
306 
310 677 515 275 165 196 0 264 207 572 159 
310 677
515 310
275 677
165 275
196 165
0 165
264 196
207 0
572 165
159 196
300 
520 590 532 45 355 
590 532
520 590
520 45
532 355
295 
287 
168 226 220 317 
226 220
220 317
168 226
429 508 445 588 266 
508 266
445 266
429 588
588 266
173 260 448 95 534 80 
95 534
173 448
173 260
448 534
260 80
23 403 
23 403
285 
27 263 3 
263 3
27 3
282 
354 479 
354 479
755 786 
755 786
537 729 514 
537 729
729 514
65 342 132 
65 132
65 342
86 656 789 
656 789
86 656
88 780 
88 780
279 
256 
391 721 
391 721
254 
248 
543 756 89 490 
543 490
756 490
756 89
62 186 98 516 
62 186
62 98
98 516
51 642 
51 642
242 
240 
67 246 108 
67 246
67 108
452 703 117 538 441 
452 703
117 538
452 117
117 441
85 150 750 609 11 
609 11
85 150
150 750
150 11
234 
60 664 
60 664
29 459 560 496 
560 496
459 496
29 496
232 
645 698 526 
645 698
645 526
90 761 467 33 712 744 
467 744
90 761
90 744
90 33
761 712
231 
383 722 
383 722
227 
118 539 
118 539
221 
219 
197 
410 503 292 
410 503
503 292
195 
15 792 471 736 131 204 470 
792 736
15 792
471 204
15 471
792 131
471 470
185 
269 365 373 
269 373
365 373
283 415 724 
283 415
283 724
180 
284 327 
284 327
289 418 
289 418
660 717 
660 717
340 695 432 630 286 638 201 
340 695
340 630
432 638
695 201
695 638
630 286
171 
157 
154 
338 742 430 
338 742
338 430
137 
268 579 
268 579
135 
130 
125 
124 
156 426 
156 426
81 505 
81 505
122 
120 
160 519 408 194 394 734 
408 394
160 519
160 734
519 194
194 394
188 475 
188 475
115 535 
115 535
401 686 109 
401 686
401 109
119 
44 793 10 759 754 622 583 
44 10
793 754
44 793
44 759
759 622
793 583
111 
110 
99 
395 745 25 
395 745
395 25
97 
77 
52 245 250 
52 245
52 250
8 42 
8 42
330 557 518 249 720 797 511 191 155 528 
330 557
518 557
249 518
720 249
797 330
511 249
191 330
155 557
528 249
2 399 210 627 127 
2 399
2 627
210 127
210 627
72 
626 662 
626 662
55 647 493 177 
55 647
647 493
55 177
683 760 
683 760
331 694 
331 694
148 524 
148 524
71 
70 
629 665 
629 665
63 
61 
78 409 
78 409
444 460 
444 460
580 692 
580 692
451 602 84 
451 602
451 84
139 436 
139 436
59 
440 447 402 243 507 569 9 
447 402
569 9
440 402
447 243
440 9
507 569
54 
101 113 272 
101 113
113 272
50 
100 170 
100 170
388 633 223 30 
223 30
388 223
633 223
167 281 
167 281
49 
311 527 
311 527
47 
46 
114 358 
114 358
39 
74 247 
74 247
501 517 136 563 
136 563
517 563
501 517
34 
351 644 
351 644
32 
31 
548 702 66 302 
66 302
548 302
548 702
140 620 57 679 
620 57
140 57
140 679
628 654 675 278 64 48 
628 278
278 64
654 64
628 48
675 278
343 417 707 274 612 623 556 661 752 613 251 
343 417
707 417
274 343
612 274
623 612
556 343
661 556
752 274
613 707
251 623
206 571 753 216 586 144 723 
206 571
753 216
206 586
206 216
216 144
753 723
133 618 
133 618
304 667 
304 667
446 705 
446 705
24 
141 725 
141 725
509 766 339 477 233 
477 233
509 339
766 339
509 477
22 634 
22 634
129 404 743 
129 404
129 743
53 485 
53 485
19 
58 107 271 781 593 238 
58 107
58 271
107 238
781 593
58 781
4 
