? 7 330 557 191 249 518 797 720 
? 7 15 792 471 131 736 204 549 
? 7 600 790 158 106 527 312 307 
? 7 509 766 339 477 233 637 147 
? 7 58 107 271 593 781 238 105 
? 7 44 793 10 759 754 746 622 
? 7 440 447 243 507 402 569 506 
? 7 206 571 753 216 586 351 667 
? 6 463 693 192 659 335 212 
? 6 90 761 467 368 33 712 
? 6 138 291 669 443 774 28 
? 6 173 260 448 95 534 74 
? 6 299 480 213 36 390 420 
? 6 194 394 519 408 734 160 
? 6 38 267 729 406 458 384 
? 6 26 225 644 43 149 284 
? 6 89 649 263 104 756 668 
? 6 372 700 187 224 427 464 
? 6 85 150 11 750 609 577 
? 6 520 590 532 45 355 670 
? 5 340 695 432 286 630 
? 5 437 466 5 715 102 
? 5 493 647 261 348 177 
? 5 152 313 75 301 504 
? 5 482 595 411 711 4 
? 5 18 476 568 366 635 
? 5 13 92 499 551 544 
? 5 628 654 675 278 64 
? 5 257 398 710 176 619 
? 5 338 742 430 25 395 
? 5 401 686 514 109 782 
? 5 202 775 727 576 553 
? 5 548 702 259 285 302 
? 5 57 679 140 479 319 
? 5 501 517 563 462 136 
? 5 20 179 747 678 350 
? 5 116 371 183 646 741 
? 5 49 638 583 439 765 
? 4 582 643 164 456 
? 4 184 438 69 325 
? 4 326 445 588 429 
? 4 172 209 296 615 
? 4 388 633 223 30 
? 4 210 684 127 2 
? 4 52 552 245 40 
? 4 239 589 449 566 
? 4 37 587 502 252 
? 4 565 663 103 426 
? 4 575 618 133 419 
? 4 86 656 789 1 
? 4 269 365 357 373 
? 4 235 799 35 673 
? 4 181 229 603 387 
? 4 134 367 767 423 
? 4 337 472 529 648 
? 4 199 547 405 237 
? 4 22 270 56 17 
? 4 610 657 203 8 
? 4 331 733 694 745 
? 3 422 478 377 
? 3 67 246 282 
? 3 220 226 168 
? 3 751 772 167 
? 3 112 578 190 
? 3 123 290 87 
? 3 452 703 247 
? 3 82 241 316 
? 3 526 645 698 
? 3 189 353 435 
? 3 266 508 283 
? 3 29 459 740 
? 3 65 342 676 
? 3 79 178 778 
? 3 80 334 211 
? 3 584 726 97 
? 3 48 100 777 
? 3 530 779 328 
? 3 175 653 110 
? 3 288 735 59 
? 3 14 524 130 
? 3 129 404 592 
? 3 84 602 451 
? 3 410 503 537 
? 3 277 492 250 
? 3 101 113 121 
? 3 115 697 535 
? 3 309 655 360 
? 3 403 505 23 
? 3 486 591 494 
? 3 132 652 786 
? 3 62 186 516 
? 3 608 764 108 
? 3 55 500 96 
? 3 208 364 276 
? 3 53 770 244 
? 3 126 473 688 
? 3 298 771 453 
? 3 542 658 255 
? 3 148 222 221 
? 3 12 634 725 
? 3 550 616 381 
? 3 561 768 773 
!
49 638 583 439 765 
49 638
49 583
49 765
638 439
352 763 
352 763
798 
116 371 183 646 741 
116 371
183 646
371 646
183 741
794 
20 179 747 678 350 
20 179
678 350
747 350
179 747
791 
561 768 773 
561 768
768 773
788 
783 
54 681 
54 681
769 
757 
550 616 381 
550 381
550 616
501 517 563 462 136 
563 136
517 462
517 563
501 517
755 
161 692 
161 692
24 81 
24 81
674 680 
674 680
230 601 
230 601
12 634 725 
12 634
634 725
744 
148 222 221 
148 222
148 221
7 664 
7 664
542 658 255 
658 255
542 255
737 
731 
730 
418 495 
418 495
298 771 453 
298 771
771 453
728 
723 
536 624 
536 624
470 636 
470 636
57 679 140 479 319 
57 140
57 319
479 319
679 140
331 733 694 745 
694 745
331 733
733 745
268 468 
268 468
719 
126 473 688 
473 688
126 473
718 
716 
53 770 244 
53 244
53 770
714 
208 364 276 
208 364
364 276
55 500 96 
55 500
55 96
709 
708 
689 
685 
520 590 532 45 355 670 
590 532
520 590
520 45
532 355
355 670
683 
6 748 
6 748
682 
671 
608 764 108 
764 108
608 108
662 
660 
3 522 
3 522
607 699 
607 699
206 571 753 216 586 351 667 
206 571
753 216
206 586
206 216
753 667
586 351
62 186 516 
62 186
62 516
651 
641 
631 
625 
156 762 
156 762
621 
304 546 
304 546
620 
610 657 203 8 
610 657
610 203
610 8
323 442 
323 442
51 642 
51 642
440 447 243 507 402 569 506 
447 402
440 402
447 243
440 569
569 506
507 569
617 
132 652 786 
132 652
132 786
9 380 
9 380
486 591 494 
486 591
591 494
614 
604 
599 
170 412 
170 412
403 505 23 
403 23
403 505
548 702 259 285 302 
548 302
702 285
548 259
548 285
598 
597 
596 
309 655 360 
309 655
655 360
585 
228 414 
228 414
573 
180 784 
180 784
570 
115 697 535 
115 697
115 535
558 
101 113 121 
101 113
113 121
242 594 
242 594
22 270 56 17 
270 17
56 17
22 56
21 787 
21 787
277 492 250 
492 250
277 492
202 775 727 576 553 
202 727
727 553
202 775
775 576
401 686 514 109 782 
401 514
401 686
514 109
109 782
555 
554 
392 581 
392 581
76 118 
76 118
199 547 405 237 
199 405
547 237
199 237
117 441 
117 441
545 
541 
538 
219 484 
219 484
525 
337 472 529 648 
337 529
472 529
529 648
512 
497 
491 
489 
488 533 
488 533
232 264 
232 264
188 785 
188 785
487 
485 
134 367 767 423 
134 423
367 423
134 767
181 229 603 387 
229 603
181 229
229 387
444 460 
444 460
308 356 
308 356
483 
44 793 10 759 754 746 622 
759 746
44 10
793 754
44 793
44 759
746 622
383 758 
383 758
481 
410 503 537 
410 503
503 537
475 
84 602 451 
602 451
84 451
129 404 592 
129 404
129 592
361 379 
361 379
511 528 
511 528
347 433 
347 433
469 
85 150 11 750 609 577 
11 609
85 150
150 750
150 11
750 577
465 
461 
457 
338 742 430 25 395 
338 742
25 395
338 430
742 395
455 
626 639 
626 639
416 713 
416 713
372 700 187 224 427 464 
224 464
700 224
372 700
224 427
700 187
155 738 
155 738
454 
434 
431 
428 
424 
169 201 
169 201
66 574 
66 574
421 
14 524 130 
14 130
14 524
413 
409 
629 665 
629 665
474 722 
474 722
257 398 710 176 619 
257 619
710 619
257 398
710 176
393 
294 498 
294 498
47 690 
47 690
389 
297 397 
297 397
89 649 263 104 756 668 
649 104
89 668
649 668
89 756
263 668
26 225 644 43 149 284 
26 225
644 149
225 644
26 284
225 43
385 
382 
605 796 
605 796
207 724 
207 724
370 706 
370 706
628 654 675 278 64 
628 278
278 64
654 64
675 278
378 
38 267 729 406 458 384 
267 729
38 458
267 458
38 406
458 384
235 799 35 673 
235 673
235 799
35 673
269 365 357 373 
269 373
365 373
269 357
13 92 499 551 544 
13 92
92 499
13 551
551 544
86 656 789 1 
656 1
789 1
86 656
375 
31 407 
31 407
575 618 133 419 
618 133
575 133
575 419
374 
369 
363 
248 376 
248 376
288 735 59 
735 59
288 735
362 
391 721 
391 721
359 
354 
349 
611 776 
611 776
139 739 
139 739
346 
345 
565 663 103 426 
565 663
663 103
663 426
175 653 110 
175 653
175 110
530 779 328 
530 328
779 328
344 
48 100 777 
48 100
48 777
336 
194 394 519 408 734 160 
394 408
519 160
734 160
194 519
194 394
332 
329 
327 
324 
320 
143 531 182 696 701 27 687 128 146 691 144 
143 531
182 143
696 182
701 696
27 701
687 143
128 143
146 143
691 143
144 696
318 
18 476 568 366 635 
18 366
476 366
568 366
476 635
315 
314 
37 587 502 252 
587 252
587 502
37 587
482 595 411 711 4 
482 411
482 711
595 711
711 4
299 480 213 36 390 420 
480 213
213 420
299 480
299 390
36 420
98 317 
98 317
311 
584 726 97 
584 726
726 97
306 
559 567 
559 567
145 251 
145 251
80 334 211 
80 334
80 211
79 178 778 
178 778
79 778
65 342 676 
342 676
65 342
122 273 
122 273
303 
300 
46 564 
46 564
295 
292 
239 589 449 566 
589 566
239 589
449 566
52 552 245 40 
52 245
552 245
52 40
215 253 
215 253
289 
287 
29 459 740 
29 459
29 740
152 313 75 301 504 
75 301
313 504
152 313
152 75
493 647 261 348 177 
647 261
348 177
493 647
647 348
281 
562 650 
562 650
210 684 127 2 
210 684
684 127
210 2
280 
266 508 283 
266 508
266 283
173 260 448 95 534 74 
260 74
95 534
173 448
173 260
448 534
279 
666 795 
666 795
265 
579 606 
579 606
262 
254 
234 
189 353 435 
189 353
353 435
231 
58 107 271 593 781 238 105 
107 105
58 107
271 105
107 238
593 781
58 781
227 
526 645 698 
645 698
526 645
82 241 316 
82 241
82 316
218 
539 640 
539 640
396 510 
396 510
205 258 
205 258
509 766 339 477 233 637 147 
477 233
637 147
509 339
766 339
509 477
233 637
217 
200 
195 
452 703 247 
452 703
703 247
193 
41 749 
41 749
185 
174 
171 
163 
91 523 
91 523
322 540 
322 540
162 
157 
138 291 669 443 774 28 
774 28
138 669
138 291
138 774
138 443
166 513 
166 513
305 425 
305 425
123 290 87 
123 87
123 290
154 
600 790 158 106 527 312 307 
158 307
600 106
600 790
106 307
158 527
790 312
151 
141 
137 
112 578 190 
578 190
112 578
135 
125 
751 772 167 
751 167
772 167
293 321 
293 321
310 677 165 515 275 196 0 415 572 159 
310 677
165 677
515 677
275 165
196 165
0 165
415 0
572 165
159 196
437 466 5 715 102 
466 5
437 102
715 102
437 5
124 
197 760 
197 760
388 633 223 30 
223 30
388 223
633 223
333 386 
333 386
42 732 
42 732
632 717 
632 717
120 
111 
256 341 
256 341
99 
94 
63 78 
63 78
490 543 
490 543
446 705 
446 705
220 226 168 
220 226
226 168
114 358 
114 358
93 
15 792 471 131 736 204 549 
792 736
15 792
471 204
15 471
792 131
204 549
77 
67 246 282 
67 246
246 282
72 
436 704 
436 704
172 209 296 615 
172 209
209 296
209 615
73 496 
73 496
70 
71 580 
71 580
68 
61 
142 198 
142 198
60 
236 240 
236 240
326 445 588 429 
588 429
445 429
326 445
50 
214 400 
214 400
39 
34 
184 438 69 325 
438 69
184 438
438 325
582 643 164 456 
164 456
582 164
582 643
90 761 467 368 33 712 
90 761
90 467
90 33
368 33
368 712
343 417 707 274 613 623 661 612 743 556 752 
343 417
707 417
274 707
613 343
623 707
661 417
612 274
743 661
556 661
752 274
330 557 191 249 518 797 720 
330 557
249 720
191 797
557 797
191 720
330 518
153 450 
153 450
399 627 
399 627
88 780 
88 780
32 
119 272 
119 272
340 695 432 286 630 
340 695
340 630
340 432
286 630
83 672 
83 672
422 478 377 
422 478
422 377
521 560 
521 560
19 
463 693 192 659 335 212 
192 659
463 693
463 659
463 212
693 335
16 
