!
0 1 2 3 4 
0 1
1 2
2 3
3 4
5 6 
5 6
7 
8 9 10 11 12 
8 9
9 10
10 11
11 12
13 
14 15 16 17 18 
14 15
15 16
16 17
17 18
19 
20 21 22 
20 21
21 22
23 
24 
25 26 
25 26
27 
28 
29 30 31 
29 30
30 31
32 33 34 35 36 
32 33
33 34
34 35
35 36
37 
38 39 
38 39
40 41 
40 41
42 43 
42 43
44 45 
44 45
46 47 48 
46 47
47 48
49 
50 51 52 
50 51
51 52
53 54 
53 54
55 56 57 
55 56
56 57
58 
59 
60 
61 62 
61 62
63 64 65 
63 64
64 65
66 
67 
68 69 
68 69
70 71 
70 71
72 73 74 75 76 
72 73
73 74
74 75
75 76
77 78 79 80 
77 78
78 79
79 80
81 82 
81 82
83 
84 85 86 
84 85
85 86
87 
88 
89 90 91 
89 90
90 91
92 
93 94 95 
93 94
94 95
96 97 98 
96 97
97 98
99 
100 
101 
102 
103 104 105 106 107 108 
103 104
104 105
105 106
106 107
107 108
109 
110 111 
110 111
112 
113 
114 115 116 
114 115
115 116
117 
118 
119 120 
119 120
121 122 
121 122
123 124 125 126 127 128 129 
123 124
124 125
125 126
126 127
127 128
128 129
130 131 132 
130 131
131 132
133 
134 
135 
136 
137 138 
137 138
139 
140 141 
140 141
142 
143 144 145 146 
143 144
144 145
145 146
147 148 
147 148
149 150 
149 150
151 152 153 154 155 156 157 
151 152
152 153
153 154
154 155
155 156
156 157
158 
159 160 161 
159 160
160 161
162 163 
162 163
164 165 166 
164 165
165 166
167 
168 
169 
170 171 
170 171
172 173 174 
172 173
173 174
175 176 177 178 179 
175 176
176 177
177 178
178 179
180 
181 
182 
183 184 185 
183 184
184 185
186 
187 188 
187 188
189 
190 191 
190 191
192 
193 194 195 
193 194
194 195
196 
197 198 199 
197 198
198 199
200 201 
200 201
202 203 204 205 
202 203
203 204
204 205
206 207 
206 207
208 209 210 
208 209
209 210
211 212 213 214 215 
211 212
212 213
213 214
214 215
216 217 218 219 220 
216 217
217 218
218 219
219 220
221 
222 
223 224 
223 224
225 226 
225 226
227 228 229 230 
227 228
228 229
229 230
231 232 
231 232
233 
234 
235 
236 237 
236 237
238 
239 240 241 242 
239 240
240 241
241 242
243 
244 
245 
246 
247 248 
247 248
249 250 
249 250
251 252 
251 252
253 
254 
255 256 257 258 
255 256
256 257
257 258
259 260 261 262 
259 260
260 261
261 262
263 264 
263 264
265 266 
265 266
267 
268 269 270 271 272 273 274 
268 269
269 270
270 271
271 272
272 273
273 274
275 276 
275 276
277 
278 279 280 
278 279
279 280
281 
282 283 284 
282 283
283 284
285 286 287 
285 286
286 287
288 289 
288 289
290 291 
290 291
292 293 
292 293
294 
295 296 297 298 299 300 
295 296
296 297
297 298
298 299
299 300
301 
302 
303 
304 305 306 307 308 
304 305
305 306
306 307
307 308
309 
310 311 
310 311
312 313 
312 313
314 315 316 317 318 319 
314 315
315 316
316 317
317 318
318 319
320 321 
320 321
322 
323 
324 
325 
326 
327 328 
327 328
329 330 
329 330
331 
332 333 334 
332 333
333 334
335 
336 
337 338 
337 338
339 340 
339 340
341 342 343 344 345 
341 342
342 343
343 344
344 345
346 
347 348 
347 348
349 350 
349 350
351 
352 353 
352 353
354 355 356 357 358 359 
354 355
355 356
356 357
357 358
358 359
360 361 362 363 364 365 
360 361
361 362
362 363
363 364
364 365
366 
367 
368 369 
368 369
370 371 
370 371
372 373 
372 373
374 375 376 377 378 
374 375
375 376
376 377
377 378
379 
380 381 382 383 384 385 
380 381
381 382
382 383
383 384
384 385
386 387 388 389 
386 387
387 388
388 389
390 391 392 393 
390 391
391 392
392 393
394 395 396 397 398 
394 395
395 396
396 397
397 398
399 400 401 402 
399 400
400 401
401 402
403 
404 405 
404 405
406 407 408 409 
406 407
407 408
408 409
410 
411 
412 
413 414 
413 414
415 416 417 
415 416
416 417
418 
419 420 
419 420
421 
422 
423 
424 425 
424 425
426 427 
426 427
428 
429 
430 431 432 433 
430 431
431 432
432 433
434 435 436 
434 435
435 436
437 438 439 
437 438
438 439
440 
441 442 443 
441 442
442 443
444 
445 446 447 448 449 450 
445 446
446 447
447 448
448 449
449 450
451 
452 
453 
454 
455 
456 457 458 459 460 461 462 463 464 465 466 
456 457
457 458
458 459
459 460
460 461
461 462
462 463
463 464
464 465
465 466
467 
468 469 470 471 472 
468 469
469 470
470 471
471 472
473 
474 
475 476 477 478 
475 476
476 477
477 478
479 480 481 482 483 
479 480
480 481
481 482
482 483
484 485 486 487 488 489 
484 485
485 486
486 487
487 488
488 489
490 491 
490 491
492 
493 494 495 
493 494
494 495
496 
497 498 
497 498
499 500 
499 500
501 502 503 
501 502
502 503
504 505 506 
504 505
505 506
507 508 509 
507 508
508 509
510 511 
510 511
512 
513 
514 515 
514 515
516 
517 
518 519 520 521 
518 519
519 520
520 521
522 523 524 525 
522 523
523 524
524 525
526 527 
526 527
528 
529 
530 531 532 
530 531
531 532
533 534 535 536 537 
533 534
534 535
535 536
536 537
538 539 540 541 542 
538 539
539 540
540 541
541 542
543 
544 545 
544 545
546 547 548 549 
546 547
547 548
548 549
550 
551 552 553 
551 552
552 553
554 555 556 557 558 559 
554 555
555 556
556 557
557 558
558 559
560 
561 562 
561 562
563 
564 565 
564 565
566 
567 
568 
569 570 571 
569 570
570 571
572 
573 574 575 576 577 578 579 
573 574
574 575
575 576
576 577
577 578
578 579
580 
581 582 583 
581 582
582 583
584 585 586 
584 585
585 586
587 
588 589 
588 589
590 591 
590 591
592 593 
592 593
594 595 596 597 598 599 600 
594 595
595 596
596 597
597 598
598 599
599 600
601 
602 
603 
604 605 606 
604 605
605 606
607 
608 609 
608 609
610 
611 
612 
613 
614 615 
614 615
616 617 
616 617
618 
619 
620 621 622 623 624 625 
620 621
621 622
622 623
623 624
624 625
626 627 
626 627
628 629 
628 629
630 631 632 
630 631
631 632
633 
634 635 636 637 638 639 640 
634 635
635 636
636 637
637 638
638 639
639 640
641 
642 
643 
644 645 646 
644 645
645 646
647 
648 
649 650 651 
649 650
650 651
652 653 
652 653
654 655 656 657 658 659 660 661 662 663 
654 655
655 656
656 657
657 658
658 659
659 660
660 661
661 662
662 663
664 665 666 667 668 
664 665
665 666
666 667
667 668
669 
670 671 
670 671
672 673 674 675 
672 673
673 674
674 675
676 677 
676 677
678 679 
678 679
680 681 
680 681
682 
683 
684 685 
684 685
686 
687 
688 689 
688 689
690 691 
690 691
692 693 
692 693
694 695 696 
694 695
695 696
697 698 
697 698
699 
700 701 702 703 704 705 706 
700 701
701 702
702 703
703 704
704 705
705 706
707 
708 709 710 
708 709
709 710
711 
712 713 
712 713
714 715 716 717 
714 715
715 716
716 717
718 719 
718 719
720 
721 722 
721 722
723 
724 
725 726 
725 726
727 
728 729 
728 729
730 731 732 733 
730 731
731 732
732 733
734 
735 736 
735 736
737 
738 
739 740 741 742 
739 740
740 741
741 742
743 744 745 746 
743 744
744 745
745 746
747 748 749 750 751 752 
747 748
748 749
749 750
750 751
751 752
753 754 755 756 757 758 759 760 761 762 763 
753 754
754 755
755 756
756 757
757 758
758 759
759 760
760 761
761 762
762 763
764 765 766 767 768 769 770 
764 765
765 766
766 767
767 768
768 769
769 770
771 772 
771 772
773 774 
773 774
775 776 
775 776
777 
778 779 
778 779
780 781 782 783 784 
780 781
781 782
782 783
783 784
785 786 
785 786
787 788 789 
787 788
788 789
790 791 
790 791
792 
793 794 795 796 797 798 
793 794
794 795
795 796
796 797
797 798
799 
