? 8 427 652 452 187 733 781 256 379 
? 6 415 534 155 462 221 382 
? 6 150 245 31 309 321 774 
? 5 312 375 710 350 555 
? 5 33 636 758 172 454 
? 5 280 458 770 564 284 
? 4 386 553 273 431 
? 4 99 367 540 39 
? 4 248 696 50 27 
!
313 585 153 791 102 364 17 571 71 152 572 54 763 135 336 188 610 272 266 618 651 417 322 514 327 600 557 542 439 538 83 359 162 123 606 448 621 701 709 173 247 699 91 738 216 747 211 58 649 544 
313 585
153 585
791 585
102 313
364 791
17 102
571 791
71 17
152 102
572 791
54 571
763 152
135 152
336 571
188 572
610 364
272 336
266 153
618 572
651 266
417 71
322 336
514 651
327 417
600 514
557 322
542 557
439 651
538 322
83 152
359 538
162 327
123 359
606 439
448 600
621 538
701 448
709 606
173 359
247 83
699 606
91 709
738 247
216 83
747 162
211 709
58 91
649 738
544 216
156 779 276 395 797 47 93 425 510 574 640 551 101 498 120 453 664 51 744 45 401 704 720 190 182 693 217 167 237 233 683 335 477 516 
156 779
276 779
395 276
797 156
47 276
93 395
425 395
510 797
574 156
640 395
551 276
101 797
498 640
120 551
453 797
664 453
51 664
744 664
45 551
401 664
704 664
720 574
190 401
182 45
693 574
217 190
167 704
237 45
233 45
683 640
335 498
477 237
516 217
292 694 76 659 729 777 788 396 595 
292 694
76 694
659 76
729 659
777 659
788 777
396 729
595 788
280 458 770 564 284 
280 458
770 564
458 564
280 284
197 579 436 8 620 698 372 413 465 391 561 24 406 277 
197 579
436 197
8 436
620 8
698 579
372 436
413 197
465 8
391 698
561 698
24 391
406 372
277 698
75 207 238 158 89 749 638 515 306 151 293 229 653 348 169 393 582 713 170 666 236 220 311 268 559 107 521 599 147 714 486 347 7 545 194 444 
75 207
238 207
158 75
89 158
749 158
638 89
515 238
306 158
151 515
293 89
229 638
653 229
348 151
169 238
393 293
582 348
713 348
170 393
666 170
236 170
220 713
311 236
268 220
559 666
107 311
521 559
599 311
147 107
714 559
486 521
347 147
7 347
545 7
194 7
444 486
150 245 31 309 321 774 
150 321
150 245
245 31
150 309
31 774
584 679 129 407 263 78 343 789 655 254 751 137 739 48 692 110 639 719 371 65 100 742 117 525 81 690 261 215 288 678 593 334 686 700 508 602 464 558 440 159 398 109 6 772 688 563 648 735 112 441 218 484 9 394 231 705 270 392 
584 679
129 679
407 679
263 584
78 584
343 263
789 78
655 129
254 789
751 129
137 129
739 655
48 263
692 739
110 407
639 789
719 48
371 48
65 639
100 739
742 65
117 343
525 789
81 137
690 110
261 117
215 525
288 137
678 110
593 215
334 690
686 639
700 81
508 343
602 508
464 508
558 602
440 678
159 602
398 159
109 288
6 525
772 464
688 334
563 109
648 334
735 464
112 6
441 440
218 398
484 688
9 484
394 700
231 440
705 772
270 563
392 700
569 672 646 349 575 414 708 766 338 512 240 471 360 186 133 581 617 626 253 105 61 82 580 193 522 630 111 146 130 451 403 19 530 675 750 94 189 502 108 299 3 355 449 363 493 722 614 290 57 663 550 181 222 205 69 141 339 509 643 164 332 317 650 607 328 385 201 163 242 549 86 
569 672
646 569
349 646
575 672
414 349
708 646
766 672
338 766
512 338
240 766
471 575
360 338
186 471
133 186
581 360
617 360
626 360
253 471
105 360
61 133
82 617
580 360
193 186
522 580
630 240
111 193
146 630
130 626
451 349
403 111
19 146
530 580
675 146
750 253
94 111
189 82
502 111
108 750
299 19
3 299
355 189
449 189
363 189
493 94
722 111
614 451
290 403
57 626
663 449
550 493
181 722
222 363
205 449
69 299
141 363
339 493
509 449
643 181
164 722
332 550
317 57
650 181
607 317
328 222
385 614
201 164
163 57
242 722
549 222
86 242
243 496 341 301 583 28 224 88 316 196 616 354 118 70 539 684 637 244 656 442 143 432 424 765 128 628 501 377 773 673 213 209 1 305 597 318 775 
243 496
341 496
301 496
583 243
28 243
224 496
88 28
316 28
196 28
616 28
354 301
118 196
70 118
539 118
684 539
637 196
244 118
656 316
442 118
143 196
432 316
424 616
765 442
128 316
628 224
501 616
377 501
773 628
673 628
213 765
209 377
1 213
305 628
597 424
318 305
775 305
106 790 
106 790
470 506 180 689 570 787 447 138 776 383 5 206 
470 506
180 506
689 470
570 180
787 689
447 689
138 787
776 180
383 776
5 776
206 447
72 445 676 665 435 674 590 121 500 397 303 340 15 115 473 310 124 669 526 80 262 732 780 166 433 743 
72 445
676 445
665 445
435 72
674 435
590 445
121 445
500 665
397 674
303 676
340 674
15 303
115 15
473 15
310 115
124 340
669 124
526 500
80 669
262 80
732 115
780 526
166 732
433 166
743 473
219 567 325 609 725 654 77 103 762 42 160 668 629 223 30 703 603 677 457 718 794 370 43 697 90 23 67 32 504 184 365 269 641 667 740 566 707 576 565 389 320 307 
219 567
325 219
609 567
725 567
654 325
77 725
103 219
762 725
42 77
160 762
668 77
629 219
223 160
30 629
703 629
603 762
677 668
457 668
718 457
794 718
370 160
43 718
697 794
90 703
23 42
67 603
32 457
504 67
184 370
365 223
269 365
641 90
667 23
740 32
566 641
707 365
576 32
565 697
389 23
320 576
307 707
518 547 12 235 497 21 467 731 715 
518 547
12 547
235 518
497 235
21 12
467 497
731 467
715 731
33 636 758 172 454 
33 636
33 758
636 454
172 454
210 472 737 178 767 37 73 113 717 793 199 304 279 520 157 44 
210 472
737 472
178 210
767 210
37 737
73 767
113 37
717 37
793 717
199 113
304 113
279 73
520 793
157 717
44 304
174 278 446 543 479 419 384 344 511 381 230 55 195 356 252 324 418 662 34 179 
174 278
446 174
543 174
479 543
419 479
384 479
344 384
511 174
381 511
230 344
55 230
195 511
356 55
252 356
324 195
418 55
662 195
34 662
179 662
232 799 373 183 461 258 623 92 475 562 
232 799
373 799
183 232
461 373
258 183
623 373
92 373
475 92
562 475
56 255 795 14 443 730 554 352 358 760 
56 255
795 56
14 795
443 255
730 443
554 795
352 56
358 443
760 352
248 696 50 27 
248 696
248 50
696 27
99 367 540 39 
99 367
540 39
99 540
761 
286 680 523 541 294 670 505 755 329 177 573 
286 680
523 680
541 286
294 541
670 523
505 680
755 523
329 755
177 505
573 177
427 652 452 187 733 781 256 379 
452 733
427 187
733 781
781 379
781 256
427 652
427 733
132 298 633 706 337 784 366 351 148 234 474 596 624 319 644 757 499 10 724 455 95 122 87 437 613 421 481 450 116 11 490 295 594 681 257 469 267 176 16 759 734 768 546 727 165 412 171 144 647 478 274 353 200 785 754 753 531 246 657 622 25 241 35 459 423 203 
132 298
633 298
706 633
337 633
784 337
366 337
351 132
148 351
234 132
474 234
596 706
624 596
319 366
644 148
757 706
499 596
10 319
724 757
455 644
95 596
122 644
87 319
437 455
613 437
421 10
481 437
450 613
116 234
11 724
490 319
295 10
594 87
681 95
257 499
469 455
267 469
176 257
16 421
759 474
734 11
768 624
546 16
727 734
165 257
412 481
171 176
144 759
647 481
478 16
274 594
353 16
200 647
785 421
754 768
753 478
531 754
246 785
657 116
622 657
25 144
241 11
35 267
459 200
423 754
203 144
2 
46 527 489 296 282 460 0 588 687 214 702 745 535 64 778 601 250 29 271 168 632 314 468 104 612 476 308 18 226 410 79 438 357 487 212 429 227 426 84 131 764 463 331 611 658 519 265 300 387 736 625 428 456 
46 527
489 527
296 527
282 296
460 296
0 282
588 460
687 0
214 687
702 282
745 588
535 702
64 214
778 687
601 745
250 778
29 460
271 29
168 214
632 271
314 601
468 64
104 271
612 271
476 29
308 476
18 271
226 476
410 745
79 468
438 308
357 438
487 104
212 79
429 226
227 250
426 226
84 314
131 426
764 468
463 410
331 79
611 764
658 84
519 131
265 519
300 764
387 265
736 611
625 658
428 300
456 625
312 375 710 350 555 
375 555
375 350
312 375
312 710
22 645 60 741 721 59 380 661 605 537 548 326 198 728 533 507 388 783 136 68 682 528 532 114 404 796 208 577 285 
22 645
60 645
741 22
721 60
59 741
380 645
661 60
605 59
537 60
548 537
326 605
198 537
728 380
533 326
507 728
388 533
783 548
136 198
68 326
682 68
528 507
532 198
114 528
404 783
796 548
208 796
577 528
285 528
4 769 792 52 402 149 126 315 691 
4 769
792 4
52 769
402 52
149 792
126 792
315 402
691 792
415 534 155 462 221 382 
534 462
415 534
155 462
534 382
415 221
386 553 273 431 
386 553
386 273
553 431
225 483 560 400 63 127 66 281 342 287 
225 483
560 225
400 560
63 400
127 63
66 400
281 66
342 127
287 483
139 578 517 390 712 591 409 723 503 125 333 592 119 13 589 491 275 786 615 598 374 716 161 726 587 38 191 85 249 634 185 53 
139 578
517 578
390 139
712 139
591 578
409 712
723 591
503 139
125 591
333 712
592 503
119 125
13 125
589 13
491 592
275 589
786 125
615 119
598 491
374 723
716 491
161 786
726 374
587 589
38 333
191 38
85 587
249 491
634 716
185 191
53 634
627 671 492 608 239 26 711 552 430 513 283 369 264 346 362 368 482 
627 671
492 627
608 671
239 671
26 608
711 627
552 492
430 711
513 608
283 711
369 513
264 552
346 608
362 608
368 513
482 430
97 529 635 378 434 586 345 568 631 685 134 323 20 142 154 
97 529
635 97
378 635
434 97
586 635
345 529
568 378
631 345
685 568
134 631
323 685
20 323
142 134
154 142
422 782 40 36 798 488 251 41 376 756 416 175 485 411 604 192 228 289 259 746 480 556 405 495 695 302 642 660 297 361 202 330 466 74 145 408 494 420 524 260 771 
422 782
40 422
36 782
798 782
488 798
251 36
41 40
376 41
756 40
416 798
175 756
485 798
411 376
604 798
192 604
228 798
289 756
259 604
746 756
480 746
556 411
405 556
495 289
695 192
302 405
642 405
660 695
297 480
361 302
202 302
330 660
466 660
74 695
145 74
408 297
494 361
420 466
524 74
260 145
771 297
49 96 98 752 748 536 399 619 291 204 140 62 
49 96
98 96
752 49
748 96
536 748
399 752
619 748
291 619
204 748
140 399
62 204
