? 8 22 211 58 699 661 537 532 183 
? 6 445 590 665 500 526 262 
? 6 536 748 320 619 96 561 
? 5 79 212 331 611 468 
? 5 63 400 66 560 281 
? 5 736 777 659 764 428 
? 4 232 549 222 163 
? 4 76 292 694 691 
? 4 250 778 227 300 
!
717 793 157 37 134 520 631 154 142 44 345 113 767 287 304 737 693 472 178 516 217 190 210 769 52 279 73 303 4 574 315 402 720 401 149 473 121 396 743 167 792 126 199 510 664 483 676 453 704 529 
717 793
157 793
37 717
134 793
520 157
631 157
154 134
142 154
44 154
345 631
113 44
767 520
287 44
304 44
737 37
693 345
472 737
178 472
516 142
217 516
190 217
210 472
769 304
52 287
279 767
73 279
303 520
4 769
574 693
315 52
402 315
720 693
401 217
149 4
473 303
121 303
396 315
743 473
167 401
792 149
126 792
199 149
510 401
664 401
483 279
676 121
453 664
704 167
529 743
409 712 775 305 139 333 318 578 517 591 673 628 723 125 773 38 128 786 13 119 589 224 88 275 374 432 615 501 316 161 726 587 377 656 
409 712
775 409
305 775
139 712
333 775
318 305
578 139
517 578
591 517
673 775
628 673
723 591
125 318
773 673
38 773
128 125
786 125
13 786
119 786
589 723
224 628
88 224
275 589
374 275
432 128
615 13
501 432
316 88
161 615
726 374
587 589
377 501
656 316
337 784 351 474 469 267 759 785 25 
337 784
351 337
474 784
469 784
267 469
759 267
785 351
25 759
736 777 659 764 428 
777 764
659 428
736 777
736 659
56 795 554 255 203 14 208 622 144 730 443 136 358 198 
56 795
554 56
255 795
203 795
14 203
208 554
622 14
144 203
730 144
443 730
136 14
358 443
198 136
2 20 685 323 568 249 433 166 732 634 598 310 340 716 491 185 592 115 669 435 27 124 674 53 378 15 80 342 586 191 503 397 635 72 127 390 
2 20
685 20
323 2
568 323
249 685
433 323
166 568
732 166
634 568
598 249
310 166
340 433
716 634
491 598
185 249
592 491
115 310
669 340
435 340
27 185
124 669
674 435
53 634
378 53
15 115
80 124
342 80
586 115
191 27
503 592
397 674
635 378
72 674
127 342
390 503
536 748 320 619 96 561 
320 96
748 619
536 619
320 561
748 96
230 344 55 384 479 418 356 714 252 419 658 463 625 410 456 84 314 601 745 535 632 207 18 487 702 612 271 104 296 460 527 476 46 588 29 387 282 226 515 265 0 306 489 308 151 348 214 519 687 357 438 168 713 582 64 131 426 429 
230 344
55 344
384 344
479 384
418 55
356 55
714 384
252 356
419 479
658 714
463 418
625 658
410 463
456 625
84 658
314 84
601 314
745 601
535 314
632 535
207 456
18 632
487 18
702 632
612 18
271 612
104 612
296 702
460 296
527 296
476 104
46 527
588 460
29 476
387 487
282 588
226 476
515 387
265 515
0 282
306 515
489 46
308 226
151 515
348 151
214 0
519 308
687 214
357 308
438 357
168 214
713 348
582 348
64 214
131 357
426 131
429 131
34 662 194 324 179 573 195 790 347 147 7 177 511 381 541 545 106 107 505 286 236 311 755 294 599 680 670 523 329 444 761 216 393 170 544 715 247 6 738 293 486 705 638 772 112 89 666 174 83 735 278 446 464 229 649 521 559 543 749 169 618 653 188 508 719 763 75 558 158 238 48 
34 662
194 662
324 194
179 194
573 194
195 324
790 573
347 195
147 347
7 347
177 573
511 195
381 511
541 179
545 7
106 177
107 147
505 177
286 541
236 7
311 107
755 505
294 541
599 311
680 286
670 680
523 680
329 755
444 545
761 329
216 523
393 236
170 393
544 523
715 761
247 294
6 329
738 247
293 393
486 444
705 544
638 293
772 705
112 715
89 638
666 170
174 486
83 247
735 772
278 174
446 278
464 735
229 638
649 229
521 174
559 521
543 446
749 229
169 559
618 83
653 229
188 618
508 464
719 508
763 188
75 749
558 508
158 749
238 75
48 719
3 299 675 19 69 146 105 630 240 580 530 766 522 550 94 493 332 512 338 360 502 626 111 317 339 273 607 403 290 577 581 130 57 672 569 291 253 
3 299
675 3
19 299
69 675
146 19
105 675
630 146
240 630
580 105
530 580
766 240
522 580
550 19
94 550
493 550
332 550
512 522
338 512
360 512
502 94
626 360
111 502
317 530
339 502
273 332
607 317
403 111
290 502
577 317
581 626
130 581
57 607
672 338
569 672
291 273
253 403
225 780 
225 780
450 481 437 613 647 366 412 490 644 455 319 200 
450 481
437 481
613 481
647 450
366 437
412 647
490 450
644 366
455 644
319 490
200 412
172 454 636 33 564 758 85 155 770 534 458 280 696 710 415 462 99 335 248 382 367 39 221 683 284 350 
172 454
636 172
33 636
564 454
758 33
85 564
155 636
770 564
534 155
458 770
280 770
696 155
710 758
415 534
462 415
99 710
335 280
248 696
382 415
367 99
39 248
221 415
683 335
284 683
350 710
219 609 567 325 725 77 654 42 762 103 668 160 629 223 703 30 677 603 794 457 718 43 23 370 697 32 90 86 365 504 184 67 667 641 242 201 740 576 565 269 389 566 
219 609
567 219
325 567
725 567
77 725
654 325
42 77
762 725
103 762
668 77
160 762
629 219
223 160
703 629
30 703
677 42
603 103
794 30
457 794
718 794
43 718
23 677
370 603
697 718
32 457
90 629
86 43
365 223
504 370
184 370
67 504
667 23
641 90
242 86
201 86
740 23
576 32
565 697
269 365
389 667
566 641
16 546 478 753 295 421 10 595 788 
16 546
478 546
753 478
295 16
421 295
10 295
595 478
788 753
63 400 66 560 281 
400 281
63 560
66 281
63 281
507 728 528 380 114 783 533 285 388 258 548 721 326 645 741 60 
507 728
528 507
380 728
114 528
783 728
533 380
285 114
388 533
258 285
548 783
721 548
326 533
645 721
741 326
60 721
133 471 186 61 193 108 575 750 708 722 643 181 646 650 164 349 414 617 82 355 
133 471
186 471
61 471
193 186
108 61
575 133
750 108
708 575
722 108
643 722
181 643
646 708
650 181
164 722
349 646
414 349
617 414
82 617
355 82
584 679 263 78 343 692 789 739 371 100 
584 679
263 584
78 584
343 263
692 679
789 78
739 692
371 263
100 739
51 744 459 274 594 87 122 353 148 729 
51 744
459 51
274 459
594 274
87 594
122 459
353 274
148 122
729 274
250 778 227 300 
250 778
778 227
227 300
76 292 694 691 
76 694
292 694
694 691
620 
47 276 395 93 551 120 779 156 425 640 45 
47 276
395 47
93 47
551 276
120 551
779 93
156 779
425 551
640 395
45 120
22 211 58 699 661 537 532 183 
661 537
211 699
58 699
22 211
58 532
58 661
22 183
422 782 36 488 40 175 41 798 251 756 376 416 604 411 228 485 192 259 289 746 556 480 695 405 495 302 642 385 361 660 202 205 297 145 408 466 330 524 494 74 509 614 449 461 260 420 663 771 21 394 235 392 92 623 141 562 475 497 328 451 12 189 799 363 373 109 
422 782
36 422
488 782
40 36
175 40
41 175
798 488
251 36
756 175
376 41
416 798
604 416
411 376
228 604
485 228
192 604
259 192
289 40
746 756
556 411
480 746
695 259
405 556
495 289
302 405
642 556
385 289
361 302
660 695
202 302
205 495
297 480
145 228
408 297
466 660
330 466
524 145
494 361
74 524
509 408
614 385
449 205
461 297
260 145
420 330
663 509
771 461
21 74
394 420
235 466
392 494
92 461
623 92
141 663
562 494
475 562
497 420
328 141
451 614
12 235
189 141
799 328
363 141
373 92
109 497
246 
176 257 165 171 757 724 499 734 681 241 11 557 95 542 727 706 596 173 624 123 322 610 336 754 54 571 272 266 359 600 538 448 220 531 364 514 791 621 116 633 768 298 268 132 701 657 585 423 651 572 234 153 313 
176 257
165 176
171 165
757 257
724 757
499 724
734 165
681 499
241 165
11 734
557 171
95 499
542 557
727 734
706 499
596 95
173 542
624 596
123 542
322 123
610 322
336 610
754 681
54 241
571 54
272 610
266 54
359 123
600 266
538 359
448 600
220 173
531 754
364 336
514 600
791 364
621 538
116 11
633 706
768 754
298 633
268 220
132 298
701 448
657 701
585 364
423 531
651 514
572 791
234 116
153 585
313 585
79 212 331 611 468 
79 468
212 468
212 611
79 331
1 213 5 776 765 244 442 118 383 539 684 24 354 70 180 399 597 391 143 637 413 138 570 555 196 140 424 301 375 
1 213
5 213
776 5
765 1
244 765
442 765
118 442
383 776
539 244
684 244
24 383
354 684
70 539
180 213
399 24
597 442
391 24
143 442
637 143
413 597
138 399
570 180
555 597
196 637
140 138
424 555
301 70
375 555
525 593 215 742 602 135 152 231 91 
525 593
215 593
742 215
602 525
135 602
152 135
231 602
91 135
445 590 665 500 526 262 
445 500
445 665
500 526
445 590
665 262
232 549 222 163 
232 549
222 163
232 222
237 477 233 182 498 434 97 797 35 101 
237 477
233 237
182 233
498 237
434 182
97 434
797 498
35 498
101 797
484 688 9 327 648 162 731 417 334 690 467 71 747 678 261 17 117 110 218 102 682 439 441 59 606 605 398 68 407 709 440 159 
484 688
9 688
327 9
648 484
162 327
731 648
417 9
334 484
690 334
467 731
71 417
747 731
678 690
261 334
17 71
117 261
110 678
218 17
102 17
682 747
439 162
441 467
59 747
606 439
605 59
398 218
68 682
407 110
709 606
440 441
159 398
243 583 496 28 341 616 209 312 540 372 197 436 579 406 506 8 50 
243 583
496 243
28 583
341 496
616 28
209 616
312 209
540 312
372 540
197 372
436 372
579 197
406 372
506 579
8 436
50 406
270 563 518 547 288 686 751 129 137 254 700 81 639 65 655 
270 563
518 270
547 518
288 563
686 288
751 288
129 751
137 129
254 686
700 137
81 137
639 254
65 639
655 81
256 379 368 513 346 431 774 369 608 26 733 150 362 245 671 452 781 31 309 552 627 239 553 264 321 492 62 187 652 427 352 204 760 711 465 430 283 386 796 482 404 
256 379
368 256
513 368
346 368
431 379
774 431
369 513
608 369
26 369
733 346
150 379
362 608
245 150
671 26
452 733
781 452
31 245
309 150
552 362
627 671
239 627
553 31
264 552
321 309
492 627
62 245
187 264
652 452
427 652
352 264
204 62
760 352
711 239
465 204
430 711
283 711
386 553
796 187
482 492
404 427
307 707 787 447 689 470 206 752 49 277 698 98 
307 707
787 307
447 787
689 447
470 787
206 447
752 707
49 752
277 49
698 277
98 277
