? 8 85 564 161 454 587 615 172 280 
? 6 60 721 645 548 783 404 
? 6 383 399 752 667 96 536 
? 5 89 638 311 35 25 
? 5 92 373 623 799 562 
? 5 377 656 501 99 432 
? 4 273 386 291 619 
? 4 33 758 367 770 
? 4 284 683 316 583 
!
72 445 676 435 674 665 397 500 590 303 121 15 340 115 310 473 526 586 124 262 80 166 433 669 780 225 732 342 127 483 743 378 568 63 279 400 323 529 520 560 97 66 635 2 634 20 685 767 720 281 
72 445
676 72
435 72
674 72
665 72
397 435
500 445
590 676
303 72
121 676
15 72
340 435
115 15
310 115
473 15
526 500
586 473
124 435
262 124
80 124
166 310
433 166
669 80
780 526
225 780
732 166
342 80
127 342
483 225
743 473
378 586
568 166
63 127
279 483
400 63
323 433
529 743
520 303
560 400
97 529
66 63
635 97
2 732
634 378
20 2
685 20
767 279
720 529
281 66
8 436 372 620 197 465 579 540 50 406 413 321 375 350 204 312 698 710 597 561 391 309 555 98 62 245 277 748 24 209 39 150 49 31 
8 436
372 436
620 8
197 8
465 8
579 197
540 436
50 372
406 372
413 372
321 465
375 540
350 540
204 465
312 375
698 579
710 540
597 375
561 579
391 698
309 321
555 597
98 698
62 204
245 62
277 698
748 98
24 391
209 555
39 50
150 245
49 98
31 245
151 515 306 713 348 749 158 229 653 
151 515
306 151
713 151
348 713
749 306
158 306
229 158
653 229
377 656 501 99 432 
377 99
377 656
501 99
377 432
422 782 488 36 175 40 41 756 251 798 376 416 604 228 
422 782
488 782
36 782
175 36
40 175
41 40
756 41
251 40
798 488
376 41
416 798
604 416
228 798
300 428 659 611 76 694 736 777 691 729 126 292 792 788 149 4 595 331 769 199 113 426 519 246 37 717 737 178 472 793 387 210 265 157 423 582 
300 428
659 428
611 428
76 300
694 76
736 611
777 736
691 694
729 428
126 691
292 694
792 126
788 736
149 792
4 792
595 736
331 736
769 4
199 292
113 769
426 331
519 426
246 519
37 113
717 37
737 37
178 737
472 178
793 717
387 519
210 472
265 387
157 717
423 246
582 423
383 399 752 667 96 536 
399 667
752 96
383 399
752 667
96 536
132 298 633 337 784 351 706 148 366 499 474 644 596 624 319 10 95 234 724 757 455 437 122 450 594 87 481 613 295 421 681 116 469 11 490 759 267 647 257 734 176 546 16 768 165 171 412 144 754 478 727 274 753 353 200 785 622 531 
132 298
633 298
337 132
784 132
351 132
706 633
148 337
366 337
499 706
474 132
644 337
596 706
624 596
319 366
10 319
95 596
234 474
724 499
757 499
455 644
437 366
122 455
450 437
594 10
87 319
481 437
613 450
295 10
421 10
681 95
116 234
469 455
11 724
490 87
759 234
267 759
647 481
257 757
734 11
176 257
546 421
16 421
768 624
165 734
171 176
412 613
144 759
754 768
478 16
727 734
274 490
753 478
353 16
200 647
785 421
622 144
531 754
569 672 646 349 414 708 575 338 766 512 617 240 186 522 360 133 626 193 471 61 630 105 581 253 82 403 580 111 146 451 130 94 19 108 530 502 189 750 355 299 675 290 363 3 493 449 57 614 550 663 164 222 607 722 205 317 141 509 69 163 339 643 181 650 385 328 332 242 201 549 183 
569 672
646 672
349 646
414 349
708 646
575 708
338 672
766 338
512 338
617 414
240 766
186 575
522 512
360 522
133 186
626 360
193 133
471 186
61 133
630 766
105 630
581 360
253 186
82 617
403 253
580 360
111 403
146 630
451 349
130 581
94 111
19 146
108 471
530 580
502 94
189 82
750 108
355 82
299 19
675 146
290 502
363 189
3 299
493 94
449 189
57 130
614 451
550 493
663 449
164 290
222 363
607 530
722 164
205 449
317 607
141 363
509 449
69 675
163 317
339 493
643 750
181 643
650 722
385 614
328 141
332 550
242 650
201 164
549 222
183 222
453 664 744 51 704 401 101 459 510 167 190 217 516 797 156 574 779 396 315 142 402 154 52 134 287 44 93 693 276 395 640 47 345 304 631 551 498 
453 664
744 664
51 744
704 744
401 453
101 51
459 51
510 664
167 704
190 664
217 190
516 217
797 101
156 797
574 156
779 156
396 167
315 396
142 217
402 396
154 142
52 402
134 142
287 52
44 287
93 156
693 574
276 779
395 276
640 395
47 276
345 134
304 287
631 345
551 276
498 395
289 475 
289 475
45 182 477 237 233 120 425 434 726 53 458 335 
45 182
477 45
237 477
233 477
120 182
425 237
434 182
726 237
53 434
458 477
335 458
139 578 712 390 517 318 409 591 305 503 125 333 723 775 13 589 786 673 491 592 628 119 275 128 374 598 
139 578
712 139
390 139
517 578
318 578
409 712
591 517
305 712
503 139
125 578
333 409
723 578
775 578
13 125
589 723
786 13
673 305
491 390
592 491
628 305
119 125
275 589
128 119
374 723
598 491
219 567 609 325 725 77 654 160 42 603 668 103 30 629 762 223 677 703 718 457 794 370 43 504 697 90 184 67 23 365 32 86 641 307 576 389 269 565 740 566 707 320 
219 567
609 219
325 219
725 325
77 219
654 325
160 725
42 77
603 160
668 77
103 603
30 567
629 30
762 725
223 160
677 42
703 629
718 30
457 718
794 718
370 603
43 718
504 603
697 718
90 629
184 370
67 603
23 677
365 160
32 457
86 43
641 90
307 365
576 32
389 23
269 365
565 43
740 389
566 641
707 307
320 576
286 670 680 523 505 755 761 599 107 
286 670
680 286
523 680
505 286
755 505
761 505
599 286
107 599
92 373 623 799 562 
92 623
92 373
373 799
92 562
14 203 255 56 795 136 554 730 198 443 532 208 358 537 482 661 
14 203
255 203
56 255
795 56
136 14
554 56
730 255
198 136
443 730
532 136
208 56
358 443
537 208
482 358
661 136
442 765 118 244 539 70 1 143 637 616 213 5 684 196 776 301 424 354 28 243 
442 765
118 442
244 765
539 118
70 442
1 765
143 442
637 143
616 637
213 1
5 1
684 244
196 616
776 1
301 684
424 616
354 684
28 196
243 301
415 462 221 534 155 382 696 248 636 711 
415 462
221 415
534 415
155 534
382 221
696 462
248 696
636 155
711 248
480 746 297 461 302 202 771 408 361 495 
480 746
297 480
461 480
302 746
202 302
771 461
408 771
361 302
495 297
284 683 316 583 
284 683
316 583
683 316
33 758 367 770 
33 758
33 770
367 770
206 
27 191 185 38 773 249 716 88 224 341 496 
27 191
185 27
38 191
773 38
249 185
716 249
88 773
224 88
341 224
496 341
85 564 161 454 587 615 172 280 
564 587
85 587
85 172
161 615
454 172
172 280
564 161
584 679 129 371 263 343 254 78 751 407 100 739 789 692 655 48 639 742 110 137 65 678 81 719 525 690 215 593 261 334 117 686 288 700 508 602 159 464 558 772 112 6 440 735 398 109 218 484 563 688 441 648 497 394 231 705 417 715 270 9 71 392 327 544 329 467 
584 679
129 679
371 584
263 371
343 263
254 129
78 254
751 129
407 343
100 407
739 100
789 78
692 407
655 739
48 263
639 789
742 639
110 692
137 129
65 639
678 110
81 137
719 48
525 78
690 678
215 525
593 215
261 343
334 261
117 261
686 639
288 129
700 81
508 719
602 508
159 602
464 508
558 602
772 464
112 593
6 112
440 678
735 464
398 159
109 288
218 398
484 334
563 686
688 484
441 440
648 484
497 109
394 700
231 440
705 772
417 484
715 6
270 563
9 484
71 417
392 394
327 9
544 705
329 6
467 441
73 
313 585 153 364 791 571 17 152 54 102 572 188 610 336 763 135 272 266 618 322 514 83 651 600 241 557 359 542 439 538 123 162 448 606 701 247 621 709 173 91 216 699 738 58 294 731 649 211 268 657 220 747 22 
313 585
153 313
364 585
791 364
571 791
17 313
152 313
54 585
102 17
572 791
188 572
610 791
336 791
763 152
135 763
272 336
266 54
618 572
322 336
514 266
83 152
651 514
600 514
241 571
557 336
359 557
542 557
439 651
538 359
123 557
162 439
448 514
606 439
701 514
247 83
621 538
709 606
173 542
91 709
216 83
699 709
738 621
58 709
294 216
731 162
649 621
211 58
268 649
657 701
220 173
747 162
22 58
89 638 311 35 25 
35 25
89 311
89 638
638 35
256 368 513 346 379 362 774 733 608 26 369 431 671 552 452 781 264 187 627 492 239 352 760 553 427 652 796 283 430 
256 368
513 256
346 368
379 368
362 346
774 256
733 346
608 362
26 362
369 608
431 774
671 26
552 608
452 733
781 452
264 552
187 362
627 671
492 627
239 671
352 264
760 352
553 431
427 187
652 427
796 352
283 627
430 492
470 506 570 180 787 689 447 138 140 
470 506
570 506
180 506
787 470
689 787
447 689
138 787
140 138
60 721 645 548 783 404 
721 645
60 548
783 404
60 721
60 404
273 386 291 619 
273 619
273 291
386 619
420 466 660 642 547 518 411 556 494 405 
420 466
660 466
642 466
547 660
518 547
411 642
556 411
494 556
405 556
230 344 384 55 479 418 356 714 252 419 543 559 521 446 658 169 278 625 174 666 486 456 444 170 393 207 293 238 545 75 236 381 
230 344
384 230
55 230
479 384
418 230
356 55
714 384
252 356
419 479
543 714
559 714
521 559
446 543
658 714
169 559
278 446
625 658
174 543
666 559
486 174
456 625
444 486
170 666
393 170
207 456
293 393
238 207
545 444
75 207
236 170
381 444
388 533 285 326 114 528 380 741 507 68 59 258 728 605 682 577 232 
388 533
285 388
326 533
114 388
528 114
380 533
741 326
507 528
68 326
59 741
258 285
728 528
605 59
682 326
577 528
232 258
34 662 194 324 195 179 790 573 147 347 7 511 177 541 106 
34 662
194 34
324 662
195 34
179 194
790 34
573 790
147 195
347 195
7 347
511 195
177 790
541 194
106 177
46 527 296 489 282 460 0 588 687 214 745 601 64 702 168 535 250 29 632 778 271 314 468 104 308 612 476 226 79 18 410 357 212 487 227 438 764 131 84 463 429 
46 527
296 527
489 527
282 296
460 296
0 282
588 460
687 489
214 687
745 296
601 745
64 214
702 296
168 214
535 601
250 64
29 460
632 601
778 250
271 29
314 601
468 64
104 29
308 29
612 271
476 29
226 476
79 168
18 271
410 745
357 308
212 79
487 612
227 250
438 212
764 468
131 357
84 632
463 410
429 357
21 74 524 260 145 12 695 235 192 259 485 330 
21 74
524 74
260 74
145 260
12 21
695 74
235 12
192 695
259 192
485 192
330 235
