? 9 233 617 34 371 23 402 174 683 711 
? 9 374 527 492 425 468 275 511 240 103 
? 9 418 781 552 318 479 76 339 299 379 
? 9 547 778 380 100 797 490 681 41 29 
? 9 98 661 345 686 102 211 177 278 680 
? 9 713 753 667 129 373 525 122 614 337 
? 9 241 381 378 478 257 720 258 266 134 
? 9 295 642 735 548 433 585 645 770 250 
? 9 63 526 308 91 388 372 663 56 613 
? 9 84 108 149 549 385 67 440 132 695 
? 8 282 684 49 232 190 19 405 22 
? 8 15 465 749 647 694 147 159 449 
? 8 649 788 420 437 137 353 377 32 
? 8 297 460 718 60 664 327 39 361 
? 8 376 439 412 427 777 426 181 620 
? 8 27 752 410 496 759 760 744 565 
? 8 424 700 738 774 448 610 229 558 
? 7 26 267 365 109 186 670 359 
? 7 106 263 251 158 291 676 25 
? 7 107 166 764 703 787 317 298 
? 7 272 562 517 386 30 38 334 
? 7 97 773 441 411 443 401 538 
? 7 658 696 285 593 698 662 403 
? 7 322 633 110 543 429 575 598 
? 7 157 332 309 42 741 546 612 
? 6 607 732 284 364 679 311 
? 6 392 737 18 513 600 408 
? 6 533 573 464 655 66 553 
? 6 279 721 651 255 54 734 
? 6 133 303 584 455 344 273 
? 6 467 704 182 194 701 28 
? 6 454 717 61 260 48 178 
? 6 458 705 387 223 45 652 
? 6 9 453 206 518 145 452 
? 6 393 435 689 687 17 340 
? 5 328 551 199 666 485 
? 5 341 375 280 135 712 
? 5 225 358 798 117 236 
? 5 315 487 743 570 51 
? 5 650 692 140 121 416 
? 4 131 632 2 130 
? 4 8 685 111 740 
? 4 215 389 300 532 
? 4 765 780 463 5 
? 4 545 554 537 594 
? 4 442 675 366 13 
? 4 436 560 90 221 
? 4 193 212 139 43 
? 4 89 423 771 81 
? 3 156 382 146 
? 3 128 793 346 
? 3 568 739 731 
? 3 58 756 356 
? 3 677 736 726 
? 3 62 161 509 
? 3 188 475 674 
? 3 521 563 399 
? 3 37 586 329 
? 3 10 313 75 
? 3 256 400 354 
? 3 80 264 296 
? 3 473 555 579 
? 3 33 742 64 
? 3 239 751 640 
!
281 702 
281 702
495 714 515 755 754 505 3 794 761 404 306 783 
495 714
515 495
755 714
754 755
505 754
3 754
794 3
761 505
404 505
306 515
783 306
238 407 542 451 20 730 168 500 601 195 0 310 79 101 
238 407
542 238
451 238
20 451
730 407
168 542
500 20
601 730
195 730
0 168
310 195
79 310
101 601
628 766 534 165 40 722 276 50 270 94 351 603 466 324 335 415 654 
628 766
534 766
165 628
40 534
722 165
276 722
50 276
270 534
94 40
351 722
603 94
466 50
324 466
335 603
415 276
654 415
776 
480 574 641 92 57 164 368 544 220 390 486 
480 574
641 480
92 641
57 574
164 92
368 57
544 164
220 574
390 220
486 390
157 332 309 42 741 546 612 
157 332
309 42
42 546
332 309
157 612
42 741
89 423 771 81 
89 423
89 771
423 81
428 477 
428 477
769 
239 751 640 
239 751
239 640
33 742 64 
742 64
33 742
84 108 149 549 385 67 440 132 695 
149 385
108 149
84 149
385 67
549 385
132 695
84 440
440 132
349 370 625 522 604 728 170 591 185 172 71 450 
349 370
625 349
522 370
604 625
728 522
170 349
591 604
185 604
172 728
71 522
450 170
88 746 115 523 588 541 660 589 350 120 126 481 363 643 246 290 301 499 184 336 77 118 73 493 331 248 269 187 119 
88 746
115 88
523 746
588 523
541 88
660 115
589 746
350 589
120 350
126 350
481 660
363 660
643 523
246 120
290 643
301 290
499 363
184 499
336 499
77 126
118 541
73 246
493 126
331 77
248 481
269 248
187 290
119 118
72 244 
72 244
473 555 579 
473 579
555 579
469 699 
469 699
63 526 308 91 388 372 663 56 613 
663 613
526 663
91 388
63 91
526 388
91 56
372 56
308 91
719 
124 567 729 767 293 262 494 245 417 693 205 
124 567
729 124
767 729
293 567
262 767
494 729
245 293
417 494
693 417
205 767
80 264 296 
80 264
264 296
193 212 139 43 
193 139
193 212
139 43
202 619 222 209 333 307 609 191 357 342 706 69 286 725 635 434 708 792 406 431 762 36 68 179 795 422 201 470 710 697 580 768 
202 619
222 202
209 619
333 209
307 222
609 333
191 609
357 191
342 307
706 191
69 342
286 342
725 342
635 357
434 307
708 333
792 706
406 792
431 406
762 434
36 792
68 708
179 68
795 635
422 286
201 422
470 179
710 36
697 434
580 406
768 795
322 633 110 543 429 575 598 
322 110
322 633
543 429
633 429
110 575
110 598
424 700 738 774 448 610 229 558 
700 448
738 774
424 738
700 774
610 229
448 229
424 558
436 560 90 221 
436 560
560 90
436 221
394 757 148 259 348 204 611 587 369 514 
394 757
148 757
259 394
348 259
204 148
611 348
587 204
369 587
514 369
256 400 354 
256 400
400 354
644 
658 696 285 593 698 662 403 
658 696
658 285
662 403
285 403
593 698
696 593
637 
597 
55 85 
55 85
10 313 75 
313 75
10 75
175 559 672 569 747 152 99 287 294 198 502 786 615 14 715 169 35 398 671 305 750 
175 559
672 559
569 672
747 175
152 747
99 569
287 152
294 99
198 747
502 287
786 287
615 99
14 786
715 198
169 198
35 615
398 294
671 14
305 715
750 715
650 692 140 121 416 
650 140
692 416
650 692
692 121
572 
393 435 689 687 17 340 
687 17
689 687
393 435
435 689
393 340
442 675 366 13 
442 675
675 13
442 366
456 618 7 362 338 391 444 784 208 65 414 691 
456 618
7 618
362 7
338 7
391 338
444 456
784 444
208 391
65 208
414 65
691 414
292 626 
292 626
97 773 441 411 443 401 538 
441 411
97 411
773 443
773 441
443 538
97 401
545 554 537 594 
545 537
545 554
554 594
27 752 410 496 759 760 744 565 
410 496
27 752
744 565
27 760
759 760
410 744
496 759
668 796 47 52 590 163 104 78 459 707 530 596 639 234 
668 796
47 668
52 47
590 52
163 668
104 52
78 796
459 104
707 163
530 104
596 590
639 596
234 459
571 
295 642 735 548 433 585 645 770 250 
642 735
433 250
642 548
585 645
735 250
295 642
548 585
770 250
37 586 329 
586 329
37 329
521 563 399 
521 563
521 399
9 453 206 518 145 452 
518 145
9 453
9 518
518 452
206 145
566 
564 
321 531 
321 531
217 629 624 325 136 630 519 673 151 606 678 669 
217 629
624 629
325 624
136 624
630 217
519 630
673 630
151 519
606 151
678 325
669 673
241 381 378 478 257 720 258 266 134 
241 381
258 266
381 378
257 720
378 258
241 478
478 257
266 134
504 
458 705 387 223 45 652 
458 223
458 705
458 387
387 45
705 652
454 717 61 260 48 178 
260 178
717 61
454 61
454 260
717 48
713 753 667 129 373 525 122 614 337 
713 667
525 122
713 753
713 373
753 129
129 525
667 614
373 337
272 562 517 386 30 38 334 
272 30
272 562
386 334
517 30
517 38
562 386
141 724 200 261 114 445 622 577 621 247 
141 724
200 724
261 141
114 261
445 114
622 200
577 200
621 622
247 622
31 503 648 512 95 616 319 138 237 476 775 457 16 627 557 745 484 271 214 
31 503
648 503
512 503
95 648
616 648
319 512
138 95
237 138
476 138
775 95
457 319
16 457
627 775
557 616
745 237
484 627
271 557
214 627
98 661 345 686 102 211 177 278 680 
177 680
686 680
98 211
661 345
686 278
211 177
661 686
661 102
467 704 182 194 701 28 
701 28
704 194
467 704
704 182
182 28
227 733 167 474 86 384 653 143 688 127 520 709 355 
227 733
167 733
474 167
86 474
384 474
653 86
143 384
688 384
127 733
520 127
709 143
355 688
376 439 412 427 777 426 181 620 
376 412
376 426
439 426
777 426
376 181
412 427
439 620
446 
297 460 718 60 664 327 39 361 
60 664
327 39
297 718
60 327
460 718
664 361
460 60
133 303 584 455 344 273 
303 584
133 584
303 455
455 273
303 344
59 631 
59 631
547 778 380 100 797 490 681 41 29 
778 797
380 41
547 778
797 29
778 380
100 490
547 490
681 41
430 
96 302 
96 302
105 235 224 189 508 243 197 289 203 265 
105 235
224 235
189 105
508 189
243 235
197 243
289 508
203 289
265 197
535 790 397 93 462 74 231 498 12 561 782 
535 790
397 790
93 535
462 93
74 790
231 93
498 397
12 93
561 498
782 561
188 475 674 
188 475
475 674
315 487 743 570 51 
315 743
743 51
570 51
487 743
352 
312 438 
312 438
765 780 463 5 
765 780
780 463
765 5
62 161 509 
62 161
161 509
215 389 300 532 
215 389
300 532
215 532
418 781 552 318 479 76 339 299 379 
339 299
552 299
781 318
418 318
418 76
781 552
418 379
479 339
432 491 367 608 748 176 413 682 242 758 
432 491
367 491
608 367
748 367
176 748
413 608
682 608
242 608
758 176
1 304 
1 304
374 527 492 425 468 275 511 240 103 
468 275
527 468
492 275
492 511
425 103
374 527
425 468
468 240
649 788 420 437 137 353 377 32 
353 377
788 420
649 788
353 32
437 377
420 437
137 32
87 785 510 638 219 592 277 360 207 253 488 
87 785
510 785
638 785
219 87
592 510
277 592
360 638
207 277
253 207
488 360
226 
409 472 
409 472
320 772 192 142 595 213 602 659 153 162 
320 772
192 320
142 192
595 772
213 595
602 595
659 602
153 142
162 659
677 736 726 
677 726
677 736
107 166 764 703 787 317 298 
107 166
703 317
166 703
166 298
107 787
107 764
274 539 
274 539
279 721 651 255 54 734 
651 734
54 734
721 651
255 734
279 54
15 465 749 647 694 147 159 449 
647 694
15 465
465 159
147 159
694 147
749 647
647 449
533 573 464 655 66 553 
533 553
573 553
533 655
655 66
464 553
233 617 34 371 23 402 174 683 711 
617 23
371 174
371 683
174 711
34 683
402 174
233 402
233 617
392 737 18 513 600 408 
18 513
18 600
392 513
737 513
392 408
225 358 798 117 236 
225 117
117 236
358 798
358 236
341 375 280 135 712 
375 135
341 135
280 712
341 280
173 
216 556 249 507 154 53 343 419 550 529 228 
216 556
249 556
507 249
154 556
53 154
343 154
419 343
550 507
529 419
228 53
58 756 356 
756 356
58 356
528 582 46 155 634 396 160 727 288 483 665 
528 582
46 528
155 528
634 155
396 582
160 46
727 634
288 634
483 46
665 727
447 723 583 690 789 395 623 113 540 578 763 196 11 599 314 
447 723
583 723
690 447
789 583
395 447
623 789
113 690
540 113
578 395
763 578
196 623
11 113
599 540
314 540
150 
116 
568 739 731 
568 731
568 739
106 263 251 158 291 676 25 
263 158
291 25
106 158
263 291
106 676
106 251
482 516 
482 516
24 
283 383 646 330 576 605 716 799 524 254 316 489 
283 383
646 383
330 383
576 283
605 283
716 646
799 330
524 716
254 524
316 799
489 605
8 685 111 740 
685 111
8 685
8 740
656 791 
656 791
323 421 
323 421
70 180 
70 180
112 506 183 83 461 497 581 657 268 6 
112 506
183 112
83 506
461 83
497 461
581 183
657 461
268 581
6 581
26 267 365 109 186 670 359 
26 267
186 359
365 109
267 109
670 359
267 186
21 
128 793 346 
128 793
128 346
131 632 2 130 
2 130
131 130
131 632
156 382 146 
156 382
156 146
4 
282 684 49 232 190 19 405 22 
282 405
684 19
49 405
190 22
282 684
49 190
232 19
171 218 636 536 44 326 779 210 252 471 125 347 144 
171 218
636 171
536 218
44 636
326 536
779 536
210 636
252 210
471 210
125 471
347 471
144 347
607 732 284 364 679 311 
732 679
732 311
607 679
607 284
364 311
123 230 
123 230
328 551 199 666 485 
551 199
666 485
551 666
328 666
82 501 
82 501
