? 9 336 499 184 660 363 643 751 269 115 
? 9 447 583 623 723 395 789 196 422 578 
? 9 152 502 169 287 672 175 747 559 569 
? 9 585 645 548 770 245 295 433 377 250 
? 9 700 738 424 448 229 774 22 48 610 
? 9 8 111 685 438 312 740 449 546 230 
? 9 47 796 52 590 668 163 596 104 639 
? 9 145 452 518 206 9 284 193 212 453 
? 9 194 704 182 467 326 44 636 536 171 
? 9 647 749 694 637 236 123 15 225 798 
? 8 155 528 634 582 396 727 57 483 
? 8 181 777 118 426 119 376 564 620 
? 8 72 671 81 786 14 553 244 66 
? 8 84 149 750 108 314 763 102 385 
? 8 164 544 641 368 205 201 574 92 
? 8 442 675 554 537 366 545 13 232 
? 8 100 682 500 490 608 79 367 432 
? 7 349 370 604 591 625 71 337 
? 7 69 342 725 307 209 286 708 
? 7 112 506 183 83 461 657 497 
? 7 567 729 124 767 494 632 417 
? 7 207 253 277 472 77 493 592 
? 7 555 579 473 32 234 273 709 
? 7 335 603 94 146 776 156 382 
? 7 399 614 59 521 631 793 128 
? 6 89 423 29 771 41 681 
? 6 37 586 791 419 4 343 
? 6 203 289 508 189 702 308 
? 6 413 533 573 281 655 748 
? 6 40 628 766 534 165 270 
? 6 195 388 310 526 63 91 
? 6 132 211 278 695 509 686 
? 6 53 228 529 656 736 654 
? 6 290 301 187 523 588 539 
? 6 51 712 135 292 626 280 
? 5 226 323 421 734 719 
? 5 1 304 27 759 496 
? 5 744 752 760 410 565 
? 5 87 510 785 219 73 
? 5 233 617 34 402 371 
? 4 481 541 248 746 
? 4 99 294 715 198 
? 4 56 355 688 758 
? 4 309 332 612 157 
? 4 407 542 238 168 
? 4 117 358 477 428 
? 4 62 161 46 98 
? 4 54 443 538 651 
? 4 140 463 765 692 
? 3 121 666 485 
? 3 70 180 669 
? 3 210 347 125 
? 3 126 350 246 
? 3 341 375 707 
? 3 239 640 735 
? 3 162 659 602 
? 3 116 459 530 
? 3 475 674 600 
? 3 49 684 19 
? 3 327 572 61 
? 3 328 551 199 
? 3 595 772 150 
? 3 356 756 173 
? 3 260 454 178 
!
133 455 
133 455
197 243 235 105 520 35 265 127 224 470 615 398 
197 243
235 197
105 235
520 197
35 243
265 243
127 520
224 235
470 127
615 35
398 105
713 753 667 450 153 373 129 170 122 525 192 142 78 320 
713 753
667 713
450 713
153 753
373 753
129 373
170 450
122 129
525 667
192 753
142 192
78 373
320 192
524 716 646 28 254 283 330 316 701 799 605 711 576 383 174 489 683 
524 716
646 716
28 524
254 716
283 716
330 524
316 524
701 28
799 330
605 283
711 799
576 283
383 576
174 711
489 605
683 174
780 
158 745 106 291 263 25 251 252 676 779 144 
158 745
106 158
291 106
263 106
25 291
251 106
252 745
676 106
779 291
144 252
399 614 59 521 631 793 128 
793 128
614 59
399 59
59 631
631 793
614 521
140 463 765 692 
140 692
463 765
140 463
650 741 
650 741
737 
260 454 178 
260 178
260 454
356 756 173 
756 173
356 756
647 749 694 637 236 123 15 225 798 
647 236
647 694
123 225
749 637
236 123
647 637
749 15
225 798
227 733 768 474 86 795 167 384 710 36 653 143 
227 733
768 733
474 733
86 474
795 733
167 227
384 86
710 86
36 710
653 710
143 384
535 790 397 12 462 498 93 74 561 782 141 613 21 344 601 724 231 577 611 200 663 372 261 101 584 446 348 303 730 
535 790
397 790
12 790
462 790
498 397
93 462
74 790
561 397
782 561
141 93
613 782
21 12
344 790
601 613
724 141
231 141
577 21
611 601
200 141
663 782
372 613
261 141
101 611
584 462
446 12
348 101
303 584
730 601
134 401 
134 401
595 772 150 
595 772
595 150
279 514 
279 514
194 704 182 467 326 44 636 536 171 
194 704
467 44
704 44
44 636
636 171
326 636
704 182
326 536
697 
107 166 703 103 405 787 764 190 558 298 282 
107 166
703 166
103 166
405 166
787 107
764 787
190 405
558 190
298 190
282 190
328 551 199 
551 199
328 199
54 443 538 651 
54 651
54 443
443 538
271 557 616 319 648 775 457 627 512 31 503 484 16 427 214 393 95 435 172 728 138 476 360 237 412 488 17 522 689 687 185 439 
271 557
616 557
319 557
648 616
775 648
457 319
627 616
512 648
31 648
503 31
484 775
16 319
427 16
214 627
393 557
95 616
435 393
172 427
728 172
138 627
476 616
360 16
237 484
412 360
488 412
17 237
522 728
689 393
687 689
185 412
439 172
335 603 94 146 776 156 382 
776 382
335 603
335 156
94 146
156 382
335 94
100 682 500 490 608 79 367 432 
367 432
100 500
682 432
608 432
100 367
500 490
79 367
62 161 46 98 
62 161
62 98
62 46
436 532 159 560 147 300 340 90 389 465 
436 532
159 532
560 436
147 159
300 436
340 159
90 300
389 90
465 147
327 572 61 
572 61
327 572
678 
555 579 473 32 234 273 709 
555 273
579 473
555 579
32 273
234 273
579 709
642 
638 
460 718 
460 718
49 684 19 
684 19
49 684
299 339 64 552 479 781 418 3 296 568 76 742 794 644 24 33 318 379 317 80 221 
299 339
64 339
552 339
479 299
781 552
418 781
3 299
296 3
568 552
76 552
742 64
794 3
644 568
24 76
33 742
318 781
379 318
317 76
80 296
221 296
233 617 34 402 371 
233 402
233 617
34 371
402 371
549 
51 712 135 292 626 280 
712 280
135 280
712 626
292 280
51 712
117 358 477 428 
117 358
477 428
117 477
26 267 109 186 365 670 504 359 82 501 563 10 
26 267
109 26
186 267
365 109
670 186
504 267
359 186
82 109
501 109
563 26
10 359
75 313 
75 313
207 253 277 472 77 493 592 
472 77
253 472
207 253
207 277
277 592
277 493
407 542 238 168 
407 542
407 238
238 168
442 675 554 537 366 545 13 232 
537 545
554 545
675 537
442 675
675 13
554 366
545 232
55 311 130 732 85 364 607 679 2 131 352 43 139 693 
55 311
130 55
732 311
85 130
364 55
607 732
679 732
2 130
131 2
352 679
43 352
139 607
693 131
547 
145 452 518 206 9 284 193 212 453 
9 212
206 284
145 518
284 193
9 453
518 212
193 212
452 518
475 674 600 
475 600
475 674
116 459 530 
116 459
116 530
290 301 187 523 588 539 
290 301
301 187
523 588
187 539
301 523
540 
487 
480 665 
480 665
658 696 285 698 593 662 403 726 256 677 400 386 
658 696
285 696
698 696
593 658
662 285
403 662
726 662
256 593
677 726
400 256
386 698
47 796 52 590 668 163 596 104 639 
47 52
52 668
47 796
590 668
590 596
596 639
796 163
796 104
471 
53 228 529 656 736 654 
228 529
53 529
53 656
656 736
656 654
132 211 278 695 509 686 
132 509
278 686
132 211
211 686
695 509
8 111 685 438 312 740 449 546 230 
740 230
111 685
438 312
8 685
685 312
449 230
312 546
8 740
567 729 124 767 494 632 417 
567 494
767 494
632 417
567 124
767 632
567 729
30 517 699 562 272 773 581 441 268 469 
30 517
699 30
562 517
272 562
773 30
581 699
441 773
268 581
469 268
114 445 757 148 204 394 369 259 0 622 621 321 743 587 531 247 721 597 594 
114 445
757 445
148 445
204 445
394 757
369 445
259 757
0 394
622 114
621 622
321 621
743 321
587 321
531 204
247 743
721 587
597 204
594 531
700 738 424 448 229 774 22 48 610 
700 448
738 774
738 424
700 774
424 48
229 610
448 229
424 22
195 388 310 526 63 91 
195 526
388 91
195 388
63 91
195 310
220 486 11 177 390 440 113 345 160 680 599 661 690 
220 486
11 220
177 220
390 220
440 486
113 11
345 220
160 486
680 177
599 390
661 345
690 113
164 544 641 368 205 201 574 92 
164 544
544 641
201 574
544 368
641 92
574 92
164 205
464 
84 149 750 108 314 763 102 385 
750 108
84 763
750 763
314 102
149 385
84 314
149 763
40 628 766 534 165 270 
766 270
534 165
40 534
40 628
40 766
137 353 
137 353
585 645 548 770 245 295 433 377 250 
433 250
585 645
585 245
770 245
548 295
245 250
585 548
645 377
451 
20 242 
20 242
217 629 624 325 136 519 630 673 606 329 
217 629
624 629
325 629
136 624
519 325
630 325
673 630
606 325
329 136
649 788 420 762 406 580 262 437 293 434 431 
649 788
420 649
762 649
406 788
580 649
262 649
437 420
293 262
434 762
431 406
162 659 602 
162 659
659 602
87 510 785 219 73 
785 219
87 510
510 219
87 73
346 
315 570 
315 570
309 332 612 157 
332 157
309 332
612 157
239 640 735 
239 735
239 640
56 355 688 758 
56 355
355 688
688 758
152 502 169 287 672 175 747 559 569 
152 175
502 169
287 747
152 672
175 747
169 672
287 559
559 569
408 516 482 331 409 513 274 188 18 392 
408 516
482 408
331 482
409 331
513 409
274 516
188 274
18 513
392 18
151 717 
151 717
447 583 623 723 395 789 196 422 578 
583 623
623 196
723 395
196 422
447 623
447 395
395 578
789 196
72 671 81 786 14 553 244 66 
72 244
786 14
786 553
671 244
72 81
14 244
14 66
241 381 378 478 257 266 720 258 58 380 6 
241 381
378 381
478 378
257 478
266 241
720 257
258 266
58 720
380 58
6 241
288 
255 354 
255 354
468 527 511 374 492 275 425 302 213 240 
468 527
511 527
374 527
492 527
275 374
425 275
302 275
213 468
240 302
341 375 707 
341 375
341 707
112 506 183 83 461 657 497 
112 83
506 83
461 657
112 183
461 497
506 497
67 305 
67 305
413 533 573 281 655 748 
413 748
533 655
413 533
281 748
533 573
181 777 118 426 119 376 564 620 
118 119
426 376
777 426
181 376
119 564
777 564
564 620
203 289 508 189 702 308 
189 702
203 702
289 189
203 308
289 508
336 499 184 660 363 643 751 269 115 
499 184
336 499
363 269
660 115
643 115
336 363
660 363
336 751
37 586 791 419 4 343 
37 791
37 419
586 791
419 343
791 4
744 752 760 410 565 
744 565
744 410
752 760
752 565
1 304 27 759 496 
1 496
1 759
304 496
27 759
264 
495 714 755 515 754 505 306 761 404 783 42 
495 714
755 714
515 714
754 755
505 754
306 515
761 755
404 505
783 306
42 783
126 350 246 
350 246
126 350
324 507 276 249 466 50 722 556 216 154 351 
324 507
276 324
249 324
466 324
50 276
722 276
556 249
216 556
154 507
351 249
7 618 362 456 338 208 391 652 65 784 444 414 5 691 571 
7 618
362 7
456 7
338 7
208 7
391 338
652 208
65 652
784 618
444 784
414 65
5 784
691 362
571 391
218 
215 
210 347 125 
347 125
210 347
69 342 725 307 209 286 708 
342 307
725 708
69 307
342 209
69 286
725 307
97 411 
97 411
96 
322 633 110 429 575 543 38 334 550 598 566 415 
322 633
110 322
429 633
575 110
543 322
38 110
334 633
550 633
598 575
566 429
415 322
99 294 715 198 
99 715
715 198
99 294
120 589 
120 589
778 797 
778 797
416 769 
416 769
357 609 222 333 706 202 635 619 792 191 
357 609
222 609
333 222
706 357
202 222
635 357
619 202
792 706
191 619
349 370 604 591 625 71 337 
71 337
349 591
604 591
349 370
591 625
349 71
88 
70 180 669 
70 180
180 669
481 541 248 746 
481 541
541 746
481 248
121 666 485 
121 666
666 485
23 
155 528 634 582 396 727 57 483 
155 528
727 57
582 396
155 634
528 582
634 727
727 483
458 705 387 45 223 361 39 60 430 297 664 739 731 
458 705
387 458
45 387
223 387
361 223
39 223
60 223
430 39
297 60
664 39
739 45
731 739
89 423 29 771 41 681 
89 423
771 681
89 771
41 681
29 41
176 491 
176 491
226 323 421 734 719 
323 421
226 421
323 719
421 734
68 179 
68 179
