? 9 71 337 215 349 370 150 162 213 595 
? 9 468 527 275 511 374 302 19 240 96 
? 9 447 583 723 623 789 395 196 578 422 
? 9 442 675 366 537 232 554 226 545 13 
? 9 194 704 467 326 636 536 44 171 125 
? 9 119 346 118 564 793 128 313 777 10 
? 9 84 149 108 763 750 314 549 385 305 
? 9 248 269 481 75 735 642 541 295 88 
? 9 25 291 106 158 263 745 779 676 428 
? 9 47 796 590 52 668 163 596 459 639 
? 8 4 791 656 329 419 37 586 529 
? 8 203 289 508 176 281 688 702 758 
? 8 207 253 277 472 77 592 510 126 
? 8 367 608 413 79 682 464 491 242 
? 8 8 685 111 740 438 312 449 230 
? 8 303 584 473 133 21 273 579 234 
? 8 102 661 686 211 278 599 540 132 
? 7 700 738 448 774 229 178 610 
? 7 433 770 239 250 245 640 548 
? 7 152 502 287 672 747 175 169 
? 7 112 506 183 83 461 268 497 
? 7 72 671 786 81 14 553 244 
? 7 34 233 402 617 371 600 475 
? 7 59 614 399 631 521 591 620 
? 7 225 798 123 358 117 477 236 
? 6 155 634 528 727 582 288 
? 6 173 756 356 41 681 778 
? 6 164 544 641 92 205 69 
? 6 193 212 518 139 206 284 
? 6 647 749 637 15 694 221 
? 6 216 324 276 249 556 722 
? 6 27 752 760 496 1 744 
? 6 309 332 666 328 157 741 
? 6 342 725 209 307 179 286 
? 6 53 154 228 343 466 351 
? 5 89 771 423 29 66 
? 5 483 574 480 160 57 
? 5 567 729 124 494 767 
? 5 62 161 509 396 695 
? 5 279 721 651 369 538 
? 4 99 615 294 715 
? 4 144 219 785 87 
? 4 80 264 659 602 
? 4 9 453 301 145 
? 4 238 542 168 407 
? 4 490 500 100 20 
? 4 417 632 565 693 
? 4 628 766 165 654 
? 4 246 350 73 120 
? 3 210 252 218 
? 3 255 734 354 
? 3 568 731 739 
? 3 51 712 135 
? 3 61 454 717 
? 3 32 377 137 
? 3 523 746 588 
? 3 533 655 573 
? 3 559 569 198 
? 3 181 426 376 
? 3 140 650 692 
? 3 12 577 455 
? 3 247 621 743 
? 3 54 443 411 
? 3 410 759 304 
!
401 451 
401 451
197 243 105 235 520 470 265 35 127 224 189 398 
197 243
105 243
235 105
520 197
470 197
265 243
35 243
127 520
224 105
189 224
398 105
7 618 362 456 338 691 784 5 444 571 780 742 765 33 
7 618
362 7
456 618
338 7
691 7
784 362
5 784
444 784
571 338
780 444
742 5
765 780
33 742
322 633 110 429 575 543 38 566 550 415 334 386 598 507 469 272 50 
322 633
110 322
429 633
575 110
543 322
38 110
566 429
550 110
415 322
334 566
386 38
598 110
507 415
469 598
272 386
50 507
707 
30 517 699 562 6 441 266 773 134 581 97 
30 517
699 30
562 30
6 30
441 30
266 441
773 441
134 773
581 699
97 773
225 798 123 358 117 477 236 
123 117
225 123
117 236
798 358
358 236
225 477
246 350 73 120 
246 350
246 73
246 120
421 719 
421 719
697 
410 759 304 
410 304
410 759
54 443 411 
54 443
443 411
47 796 590 52 668 163 596 459 639 
47 52
52 668
47 796
590 668
590 596
596 639
796 163
668 459
26 267 109 365 186 359 670 82 563 501 116 504 
26 267
109 267
365 26
186 267
359 186
670 359
82 109
563 26
501 109
116 563
504 359
613 782 561 663 397 388 601 372 195 498 790 730 535 63 526 56 355 74 611 91 709 462 93 231 101 344 259 446 308 
613 782
561 782
663 613
397 782
388 782
601 613
372 782
195 388
498 663
790 397
730 601
535 790
63 372
526 195
56 372
355 56
74 535
611 730
91 56
709 56
462 790
93 462
231 535
101 611
344 462
259 101
446 344
308 526
121 463 
121 463
247 621 743 
621 743
247 621
493 638 
493 638
25 291 106 158 263 745 779 676 428 
158 263
25 291
158 745
106 158
676 428
291 263
291 779
25 428
684 
220 486 177 440 11 390 113 690 98 345 680 
220 486
177 220
440 486
11 220
390 177
113 11
690 220
98 440
345 220
680 440
12 577 455 
12 577
12 455
628 766 165 654 
628 766
628 165
628 654
271 557 616 319 648 627 457 503 775 512 214 16 31 484 476 728 138 95 172 237 427 360 435 393 412 17 488 522 185 439 689 687 
271 557
616 557
319 557
648 616
627 616
457 271
503 319
775 627
512 648
214 627
16 319
31 616
484 775
476 775
728 271
138 476
95 616
172 728
237 775
427 16
360 16
435 616
393 627
412 360
17 138
488 360
522 728
185 412
439 412
689 435
687 689
59 614 399 631 521 591 620 
59 620
399 620
59 614
59 631
614 521
631 591
102 661 686 211 278 599 540 132 
686 278
661 686
211 132
102 599
686 211
102 540
661 599
417 632 565 693 
565 693
417 632
632 693
94 603 382 156 146 270 40 534 776 335 
94 603
382 603
156 94
146 156
270 94
40 94
534 40
776 382
335 156
140 650 692 
140 650
650 692
657 
34 233 402 617 371 600 475 
34 600
233 402
233 617
34 371
402 371
600 475
626 
589 
400 514 
400 514
181 426 376 
426 376
181 376
524 716 646 28 254 283 701 330 383 605 799 711 316 576 489 174 683 392 737 182 23 
524 716
646 716
28 524
254 716
283 716
701 28
330 254
383 524
605 330
799 716
711 799
316 711
576 283
489 605
174 711
683 174
392 489
737 392
182 701
23 711
279 721 651 369 538 
721 538
721 651
279 369
651 369
555 
53 154 228 343 466 351 
53 343
53 154
154 466
466 351
228 343
490 500 100 20 
500 100
490 500
100 20
658 696 285 593 662 726 403 698 256 677 736 323 
658 696
285 658
593 658
662 285
726 662
403 662
698 593
256 593
677 658
736 677
323 256
594 597 
594 597
72 671 786 81 14 553 244 
72 244
786 14
786 553
671 244
72 81
14 244
238 542 168 407 
542 407
238 407
238 168
303 584 473 133 21 273 579 234 
303 584
473 579
133 21
584 21
273 579
303 473
273 234
458 705 223 387 652 414 45 65 361 39 391 430 208 60 
458 705
223 458
387 705
652 705
414 652
45 387
65 652
361 223
39 361
391 65
430 39
208 65
60 39
551 
248 269 481 75 735 642 541 295 88 
735 642
248 269
75 295
481 541
269 295
642 295
248 481
541 88
559 569 198 
559 569
559 198
533 655 573 
533 655
533 573
342 725 209 307 179 286 
342 307
725 179
342 209
725 307
725 286
547 
487 
416 769 
416 769
299 339 64 552 418 479 781 296 644 3 318 794 
299 339
64 339
552 339
418 339
479 339
781 552
296 299
644 299
3 296
318 781
794 296
84 149 108 763 750 314 549 385 305 
108 750
84 763
549 305
763 750
149 385
84 314
149 763
108 305
437 
309 332 666 328 157 741 
332 157
309 666
666 328
309 332
666 741
27 752 760 496 1 744 
27 752
27 760
496 1
496 744
760 1
119 346 118 564 793 128 313 777 10 
793 128
119 118
119 346
564 793
346 313
346 564
564 777
119 10
112 506 183 83 461 268 497 
112 83
506 83
112 183
461 497
506 497
183 268
436 532 159 560 300 147 340 90 465 389 
436 532
159 532
560 532
300 436
147 159
340 159
90 560
465 159
389 300
107 166 703 405 787 24 103 317 379 492 76 49 22 764 190 558 425 282 298 
107 166
703 166
405 166
787 703
24 703
103 166
317 703
379 103
492 166
76 379
49 107
22 49
764 703
190 49
558 22
425 103
282 49
298 190
194 704 467 326 636 536 44 171 125 
194 704
467 44
704 44
636 44
636 171
326 636
326 536
467 125
216 324 276 249 556 722 
324 276
276 556
324 249
276 722
216 249
649 788 420 580 762 406 293 431 645 792 262 434 585 
649 788
420 788
580 788
762 788
406 762
293 788
431 406
645 420
792 406
262 649
434 762
585 645
8 685 111 740 438 312 449 230 
740 230
685 111
438 312
8 685
685 312
449 230
8 740
353 
367 608 413 79 682 464 491 242 
608 413
367 682
367 608
79 491
367 79
413 464
682 242
647 749 637 15 694 221 
647 694
749 637
647 637
749 15
15 221
368 665 
368 665
442 675 366 537 232 554 226 545 13 
537 545
366 226
554 545
675 537
442 675
675 13
366 554
232 545
310 
292 375 
292 375
180 664 70 460 297 327 572 718 48 424 
180 664
70 180
460 664
297 180
327 664
572 327
718 572
48 327
424 718
733 768 227 474 167 86 710 384 653 708 143 
733 768
227 733
474 733
167 733
86 474
710 86
384 86
653 710
708 733
143 384
523 746 588 
746 588
523 588
62 161 509 396 695 
509 695
62 161
161 509
62 396
290 
315 570 
315 570
9 453 301 145 
9 453
453 301
9 145
32 377 137 
32 377
32 137
80 264 659 602 
80 602
80 264
659 602
447 583 723 623 789 395 196 578 422 
583 623
623 196
723 395
196 422
447 623
447 395
395 578
789 196
408 516 482 331 513 409 188 18 187 274 
408 516
482 408
331 482
513 408
409 331
188 408
18 513
187 516
274 188
104 530 
104 530
468 527 275 511 374 302 19 240 96 
468 275
374 19
468 527
302 240
468 302
527 374
275 511
240 96
207 253 277 472 77 592 510 126 
472 77
253 472
207 253
207 277
277 592
277 510
77 126
357 609 333 202 635 706 191 222 36 619 795 
357 609
333 609
202 333
635 357
706 609
191 357
222 202
36 706
619 202
795 357
260 
604 625 
604 625
336 499 184 352 660 643 115 751 363 452 
336 499
184 336
352 336
660 336
643 499
115 660
751 336
363 660
452 643
61 454 717 
61 717
61 454
152 502 287 672 747 175 169 
152 175
502 169
287 747
152 672
747 175
672 169
321 531 
321 531
193 212 518 139 206 284 
206 284
139 284
193 284
212 518
518 139
203 289 508 176 281 688 702 758 
688 702
203 688
281 758
203 176
203 758
289 758
289 508
164 544 641 92 205 69 
164 544
544 641
641 92
164 205
544 69
71 337 215 349 370 150 162 213 595 
150 162
71 337
337 215
349 370
337 595
162 595
213 595
71 349
173 756 356 41 681 778 
173 756
356 41
756 356
356 681
41 778
567 729 124 494 767 
567 494
494 767
567 124
567 729
483 574 480 160 57 
480 57
483 574
574 160
483 480
251 
55 311 130 2 732 607 364 679 131 85 43 
55 311
130 55
2 130
732 311
607 732
364 732
679 732
131 2
85 130
43 679
51 712 135 
712 135
51 712
495 714 755 515 754 761 404 505 306 783 485 
495 714
755 714
515 495
754 714
761 714
404 761
505 404
306 515
783 306
485 306
713 753 667 450 373 129 153 170 192 122 525 142 78 320 772 
713 753
667 713
450 713
373 667
129 667
153 753
170 667
192 753
122 129
525 129
142 192
78 373
320 192
772 192
201 
68 
568 731 739 
568 731
568 739
433 770 239 250 245 640 548 
433 239
239 250
770 245
770 640
250 245
250 548
539 674 
539 674
67 
217 629 624 325 136 630 519 673 606 151 678 669 
217 629
624 629
325 629
136 325
630 217
519 630
673 630
606 325
151 325
678 325
669 630
144 219 785 87 
144 219
219 785
785 87
347 471 
347 471
42 546 
42 546
280 341 
280 341
241 381 378 257 478 797 720 258 380 58 
241 381
378 381
257 381
478 378
797 381
720 257
258 797
380 797
58 720
700 738 448 774 229 178 610 
700 448
738 774
700 774
229 178
229 610
448 229
46 
255 734 354 
734 354
255 734
99 615 294 715 
99 615
99 715
99 294
210 252 218 
210 218
252 218
0 
4 791 656 329 419 37 586 529 
329 586
791 37
656 37
791 329
419 529
419 37
4 791
114 445 261 757 148 204 394 348 141 724 587 200 622 
114 445
261 445
757 445
148 445
204 114
394 757
348 394
141 261
724 141
587 204
200 141
622 724
155 634 528 727 582 288 
155 528
582 288
155 634
528 582
634 727
432 748 
432 748
89 771 423 29 66 
89 423
89 771
29 66
89 66
199 612 
199 612
